0 0.6224600512921681 0.999267578125 0.0022686920497139475 0.00146484375
0 0.6700532649437759 0.998291015625 0.003748273821266522 0.00341796875
0 0.666058394160584 0.998291015625 0.002663247188794634 0.00341796875
0 0.48002564608404025 0.998291015625 0.0016768593410929177 0.00341796875
0 0.47391004142828963 0.998291015625 0.00542513316235944 0.00341796875
0 0.2378674294732689 0.998046875 0.005030578023278753 0.00390625
0 0.22958177155257448 0.997314453125 0.002071414480173604 0.00537109375
0 0.32802327875320575 0.995849609375 0.004044190175577037 0.00341796875
0 0.3219569934898402 0.9970703125 0.007496547642533044 0.005859375
0 0.2509863878477017 0.9970703125 0.002465969619254291 0.005859375
0 0.1547642533043993 0.9970703125 0.0051292168080489245 0.005859375
0 0.14633063720654962 0.9970703125 0.005030578023278753 0.005859375
0 0.10317616886959953 0.9970703125 0.002959163543105149 0.005859375
0 0.27875320576050505 0.996337890625 0.002959163543105149 0.00537109375
0 0.1415466561451963 0.995361328125 0.002959163543105149 0.00341796875
0 0.1390313671335569 0.996826171875 0.003452357466956007 0.00634765625
0 0.14785953837048726 0.993408203125 0.001578220556322746 0.00341796875
0 0.366097849674492 0.992431640625 0.0012823042020122311 0.00244140625
0 0.24008680213059774 0.99267578125 0.0013809429867824028 0.0029296875
0 0.2155750641152101 0.995361328125 0.00483330045373841 0.00927734375
0 0.21375024659696193 0.992919921875 0.0025646084040244622 0.00439453125
0 0.18613138686131386 0.995361328125 0.005523771947129611 0.00927734375
0 0.37250937068455314 0.99169921875 0.0028605247583349774 0.0029296875
0 0.3471592029986191 0.99169921875 0.002071414480173604 0.00390625
0 0.3567271651213257 0.992431640625 0.0028605247583349774 0.00830078125
0 0.26124482146379957 0.9892578125 0.0014795817715525744 0.0029296875
0 0.10199250345235747 0.9892578125 0.0011836654172420597 0.0029296875
0 0.4022489642927599 0.99169921875 0.004734661668968239 0.0087890625
0 0.2381633458275794 0.9892578125 0.002663247188794634 0.005859375
0 0.1494870783191951 0.990234375 0.006806076149141842 0.0078125
0 0.18800552377194713 0.987060546875 0.0025646084040244622 0.00341796875
0 0.33621029788913 0.98779296875 0.002663247188794634 0.005859375
0 0.3232886170842375 0.984375 0.0022686920497139475 0.0029296875
0 0.33127835865062144 0.984130859375 0.0014795817715525744 0.00341796875
0 0.3528309331229039 0.983642578125 0.006707437364371671 0.00537109375
0 0.19244426908660486 0.98486328125 0.004340106529887552 0.0078125
0 0.22514302623791674 0.982421875 0.0038469126060366936 0.00390625
0 0.21158019333201816 0.982666015625 0.0013809429867824028 0.00439453125
0 0.3581081081081081 0.982666015625 0.00424146774511738 0.00634765625
0 0.33320181495363976 0.981689453125 0.003550996251726179 0.00537109375
0 0.22124679423949498 0.980224609375 0.001578220556322746 0.00341796875
0 0.19323337936476623 0.979248046875 0.002959163543105149 0.00341796875
0 0.35455711185638195 0.97900390625 0.0016768593410929177 0.00390625
0 0.2269678437561649 0.97802734375 0.0019727756954034327 0.00390625
0 0.14199053067666206 0.97802734375 0.0036496350364963502 0.00390625
0 0.09952653383310317 0.977294921875 0.0011836654172420597 0.00244140625
0 0.36604853028210693 0.98046875 0.0061156046557506415 0.009765625
0 0.36136318800552375 0.97900390625 0.003255079897415664 0.0068359375
0 0.17685934109291773 0.9765625 0.003748273821266522 0.0029296875
0 0.1738508581574275 0.97705078125 0.0022686920497139475 0.00390625
0 0.3445452752022095 0.974609375 0.0013809429867824028 0.001953125
0 0.18632866443085422 0.976318359375 0.0025646084040244622 0.00537109375
0 0.13049911225093708 0.972900390625 0.0011836654172420597 0.00244140625
0 0.12285460643124876 0.972900390625 0.001874136910633261 0.00244140625
0 0.40634247386072203 0.97412109375 0.008581574275004932 0.005859375
0 0.2535016768593411 0.97412109375 0.004537384099427895 0.0068359375
0 0.16250739790885776 0.9716796875 0.0022686920497139475 0.00390625
0 0.21641349378575656 0.970458984375 0.003156441112645492 0.00341796875
0 0.38365555336358254 0.97021484375 0.0036496350364963502 0.0048828125
0 0.20018741369106333 0.97021484375 0.0028605247583349774 0.0048828125
0 0.11422371276385875 0.968505859375 0.0009863878477017164 0.00244140625
0 0.4210889721838627 0.969482421875 0.0072992700729927005 0.00634765625
0 0.1842079305582955 0.970458984375 0.004636022884198066 0.00830078125
0 0.12073387255869007 0.968505859375 0.003550996251726179 0.00439453125
0 0.404024462418623 0.96826171875 0.003748273821266522 0.0048828125
0 0.3884395344249359 0.96826171875 0.005523771947129611 0.0048828125
0 0.240234760307753 0.967529296875 0.001085026632471888 0.00341796875
0 0.22075360031564412 0.9697265625 0.0039455513908068654 0.0078125
0 0.24526533833103176 0.966552734375 0.0016768593410929177 0.00341796875
0 0.40772341684750446 0.966796875 0.005030578023278753 0.0048828125
0 0.21241862300256462 0.966552734375 0.0036496350364963502 0.00439453125
0 0.3292069441704478 0.965087890625 0.0022686920497139475 0.00341796875
0 0.254586703491813 0.96533203125 0.0072992700729927005 0.0048828125
0 0.1892385085815743 0.965576171875 0.005030578023278753 0.00537109375
0 0.15589859932925626 0.964111328125 0.0016768593410929177 0.00244140625
0 0.3439041231012034 0.96630859375 0.00424146774511738 0.0078125
0 0.271848490826593 0.965087890625 0.005918327086210298 0.00537109375
0 0.22573485894653778 0.96630859375 0.0036496350364963502 0.0087890625
0 0.1937265732886171 0.962890625 0.002170053264943776 0.001953125
0 0.35731899782994675 0.962646484375 0.0014795817715525744 0.00244140625
0 0.20945945945945946 0.96240234375 0.0028605247583349774 0.0048828125
0 0.14450581968830145 0.961181640625 0.0011836654172420597 0.00244140625
0 0.38069638982047743 0.9599609375 0.0014795817715525744 0.001953125
0 0.3625468534227658 0.9609375 0.002465969619254291 0.00390625
0 0.21779443677253896 0.961181640625 0.003748273821266522 0.00439453125
0 0.34015584927993686 0.958984375 0.001085026632471888 0.001953125
0 0.11782402840797002 0.958984375 0.0014795817715525744 0.001953125
0 0.09380548431643322 0.957275390625 0.0011836654172420597 0.00439453125
0 0.24210889721838627 0.956298828125 0.0016768593410929177 0.00341796875
0 0.41477608995857174 0.9580078125 0.008877490629315447 0.0078125
0 0.24398303412901953 0.955322265625 0.001874136910633261 0.00341796875
0 0.18327086210297888 0.955322265625 0.0013809429867824028 0.00341796875
0 0.33680213059775105 0.957275390625 0.00483330045373841 0.00830078125
0 0.32037877293351746 0.955078125 0.005721049516669955 0.00390625
0 0.3949496942197672 0.955322265625 0.004340106529887552 0.00537109375
0 0.3446439139869797 0.95703125 0.004734661668968239 0.0087890625
0 0.3249654764253304 0.95361328125 0.0012823042020122311 0.001953125
0 0.28486881041625567 0.953369140625 0.002170053264943776 0.00244140625
0 0.20151903728546064 0.95361328125 0.0019727756954034327 0.0029296875
0 0.13745314657723418 0.954345703125 0.006214243440520813 0.00634765625
0 0.2183369500887749 0.953369140625 0.0022686920497139475 0.00537109375
0 0.19343065693430658 0.954345703125 0.0027618859735648055 0.00732421875
0 0.15210100611560465 0.95361328125 0.0017754981258630894 0.005859375
0 0.3667390017754981 0.95361328125 0.005326494377589268 0.0068359375
0 0.3977608995857171 0.951416015625 0.002465969619254291 0.00341796875
0 0.17611955020714146 0.951904296875 0.0030578023278753207 0.00439453125
0 0.4433813375419215 0.951904296875 0.008680213059775104 0.00537109375
0 0.22326888932728348 0.950439453125 0.0012823042020122311 0.00244140625
0 0.15609587689879661 0.95166015625 0.0030578023278753207 0.0048828125
0 0.2822548826198461 0.94921875 0.0016768593410929177 0.001953125
0 0.21616689682383114 0.949951171875 0.001085026632471888 0.00341796875
0 0.18174196093904124 0.95068359375 0.002465969619254291 0.0048828125
0 0.14386466758729533 0.95166015625 0.0030578023278753207 0.0068359375
0 0.38301440126257646 0.949951171875 0.004931939238508582 0.00439453125
0 0.40525744722825013 0.951416015625 0.0044387453146577235 0.00830078125
0 0.2079305582955218 0.949462890625 0.002959163543105149 0.00439453125
0 0.16211284276977708 0.94970703125 0.00542513316235944 0.0048828125
0 0.14593608206746894 0.94921875 0.0016768593410929177 0.00390625
0 0.37231209311501284 0.94775390625 0.002465969619254291 0.001953125
0 0.34025448806470704 0.94921875 0.0066087985796014995 0.0048828125
0 0.14795817715525744 0.948486328125 0.001578220556322746 0.00341796875
0 0.41083053856776486 0.947509765625 0.003156441112645492 0.00244140625
0 0.2214440718090353 0.94921875 0.002170053264943776 0.0068359375
0 0.1974748471098836 0.947998046875 0.0027618859735648055 0.00439453125
0 0.1940224896429276 0.94677734375 0.0019727756954034327 0.00390625
0 0.3209706056421385 0.947509765625 0.003748273821266522 0.00634765625
0 0.2033438548037088 0.9482421875 0.006016965870980469 0.0087890625
0 0.15570132175971593 0.947265625 0.004636022884198066 0.0068359375
0 0.26469717893075556 0.9462890625 0.004636022884198066 0.005859375
0 0.3981061353324127 0.9443359375 0.0013809429867824028 0.0029296875
0 0.26094890510948904 0.943359375 0.0016768593410929177 0.001953125
0 0.2474847109883606 0.943603515625 0.0009863878477017164 0.00244140625
0 0.23165318603274807 0.94384765625 0.0022686920497139475 0.0029296875
0 0.27382126652199645 0.947021484375 0.006707437364371671 0.01025390625
0 0.34336160978496744 0.942626953125 0.0009863878477017164 0.00244140625
0 0.33571710396527915 0.943359375 0.0016768593410929177 0.00390625
0 0.24590649043203788 0.942626953125 0.0013809429867824028 0.00244140625
0 0.345975537581377 0.9423828125 0.001085026632471888 0.0029296875
0 0.1478102189781022 0.943359375 0.0022686920497139475 0.0048828125
0 0.34064904320378775 0.94287109375 0.003255079897415664 0.0048828125
0 0.26696587098046953 0.942138671875 0.0022686920497139475 0.00341796875
0 0.33823239297691854 0.942138671875 0.0017754981258630894 0.00439453125
0 0.20433024265141053 0.941162109375 0.001874136910633261 0.00244140625
0 0.16630499112250938 0.94140625 0.0011836654172420597 0.0029296875
0 0.41418425724995067 0.942138671875 0.002959163543105149 0.00537109375
0 0.18164332215427106 0.943359375 0.00483330045373841 0.0078125
0 0.16378970211087 0.94287109375 0.006411521010061156 0.0078125
0 0.27036890905504046 0.941162109375 0.0023673308344841193 0.00537109375
0 0.19855987374235548 0.941162109375 0.0027618859735648055 0.00537109375
0 0.2640067074373644 0.9404296875 0.003255079897415664 0.0048828125
0 0.23974156638390215 0.940673828125 0.005227855592819097 0.00537109375
0 0.13469126060366937 0.939697265625 0.002663247188794634 0.00341796875
0 0.3848392187808246 0.940185546875 0.006411521010061156 0.00537109375
0 0.17439337147366343 0.938720703125 0.0011836654172420597 0.00244140625
0 0.16684750443874533 0.9375 0.001085026632471888 0.001953125
0 0.24763266916551588 0.9375 0.002465969619254291 0.0029296875
0 0.19382521207338727 0.939208984375 0.004142828960347208 0.00634765625
0 0.12911816926415468 0.9375 0.002959163543105149 0.0029296875
0 0.18484908265930164 0.93603515625 0.0013809429867824028 0.001953125
0 0.2777174985204182 0.9375 0.0030578023278753207 0.005859375
0 0.22829946735056225 0.936767578125 0.0038469126060366936 0.00439453125
0 0.1678832116788321 0.9345703125 0.001578220556322746 0.0029296875
0 0.3915466561451963 0.9345703125 0.002663247188794634 0.00390625
0 0.41847504438745314 0.933349609375 0.003452357466956007 0.00244140625
0 0.23515486289208917 0.932861328125 0.0009863878477017164 0.00244140625
0 0.40323535214046163 0.93212890625 0.0017754981258630894 0.001953125
0 0.09099427895048333 0.9326171875 0.0012823042020122311 0.0029296875
0 0.4072302229236536 0.935302734375 0.006411521010061156 0.00927734375
0 0.3344347997632669 0.93701171875 0.006411521010061156 0.0126953125
0 0.3296508187019136 0.936279296875 0.004537384099427895 0.01220703125
0 0.3783290589859933 0.931640625 0.005227855592819097 0.00390625
0 0.1446537778654567 0.9375 0.009962517261787335 0.0166015625
0 0.18026237916748866 0.9296875 0.002465969619254291 0.001953125
0 0.11022884198066679 0.929931640625 0.0012823042020122311 0.00244140625
0 0.1911619648845926 0.9296875 0.002170053264943776 0.0029296875
0 0.39026435194318404 0.929931640625 0.005030578023278753 0.00439453125
0 0.34124087591240876 0.9296875 0.0022686920497139475 0.00390625
0 0.23949496942197673 0.93212890625 0.005326494377589268 0.0087890625
0 0.09686328664430854 0.932373046875 0.003156441112645492 0.00927734375
0 0.12260800946932333 0.931884765625 0.005721049516669955 0.00927734375
0 0.3386762675083843 0.928955078125 0.002465969619254291 0.00439453125
0 0.09025448806470704 0.927978515625 0.001578220556322746 0.00244140625
0 0.20142039850069046 0.927734375 0.0017754981258630894 0.0029296875
0 0.11343460248569738 0.927978515625 0.0023673308344841193 0.00341796875
0 0.19530479384493982 0.927001953125 0.0011836654172420597 0.00244140625
0 0.3255573091339515 0.92724609375 0.00424146774511738 0.00390625
0 0.14075754586703493 0.931884765625 0.00848293549023476 0.01318359375
0 0.33675281120536593 0.92626953125 0.0013809429867824028 0.00390625
0 0.18894259222726376 0.92578125 0.0014795817715525744 0.0029296875
0 0.24940816729137896 0.928466796875 0.005622410731899783 0.00927734375
0 0.09883606233971197 0.92529296875 0.0011836654172420597 0.0029296875
0 0.09479187216413494 0.92578125 0.002170053264943776 0.00390625
0 0.4211876109686329 0.924560546875 0.004537384099427895 0.00244140625
0 0.3830637206549615 0.925537109375 0.007397908857762872 0.00439453125
0 0.2455119352929572 0.92822265625 0.003748273821266522 0.009765625
0 0.19288814361807063 0.925048828125 0.001874136910633261 0.00341796875
0 0.1846024856973762 0.92529296875 0.0044387453146577235 0.0048828125
0 0.09193134740579996 0.9248046875 0.0017754981258630894 0.0048828125
0 0.10830538567764846 0.923095703125 0.0013809429867824028 0.00244140625
0 0.10386664036299073 0.923828125 0.0013809429867824028 0.00390625
0 0.21483527322943383 0.92626953125 0.006904714933912014 0.009765625
0 0.15579996054448608 0.92333984375 0.002663247188794634 0.00390625
0 0.3979088577628724 0.922119140625 0.0019727756954034327 0.00244140625
0 0.19742552771749852 0.92236328125 0.0008877490629315447 0.0029296875
0 0.3285657920694417 0.92138671875 0.000789110278161373 0.0029296875
0 0.17296310909449594 0.92431640625 0.006016965870980469 0.0087890625
0 0.10164726770566186 0.923095703125 0.0022686920497139475 0.00634765625
0 0.4085618465180509 0.9228515625 0.0023673308344841193 0.0068359375
0 0.4041231012033932 0.921875 0.006707437364371671 0.0048828125
0 0.41512132570526733 0.9228515625 0.00542513316235944 0.0087890625
0 0.32422568553955416 0.921142578125 0.004142828960347208 0.00634765625
0 0.19860919313474057 0.919189453125 0.001085026632471888 0.00244140625
0 0.19486091931347405 0.919677734375 0.002465969619254291 0.00341796875
0 0.20457683961333598 0.91796875 0.0039455513908068654 0.0048828125
0 0.16808048924837246 0.915771484375 0.0019727756954034327 0.00244140625
0 0.09957585322548826 0.918701171875 0.00424146774511738 0.00830078125
0 0.18036101795225884 0.9150390625 0.0012823042020122311 0.001953125
0 0.15530676662063522 0.916748046875 0.008187019135924246 0.00537109375
0 0.3960347208522391 0.915283203125 0.003156441112645492 0.00341796875
0 0.34306569343065696 0.9189453125 0.004340106529887552 0.0107421875
0 0.20280134148747286 0.9150390625 0.0025646084040244622 0.00390625
0 0.19698165318603275 0.913818359375 0.0017754981258630894 0.00244140625
0 0.11836654172420595 0.9140625 0.001578220556322746 0.0029296875
0 0.10307753008482935 0.913818359375 0.0025646084040244622 0.00341796875
0 0.09582757940422174 0.917724609375 0.007200631288222529 0.01123046875
0 0.1989051094890511 0.912353515625 0.001874136910633261 0.00244140625
0 0.18933714736634444 0.91259765625 0.0028605247583349774 0.0029296875
0 0.15101597948313278 0.912109375 0.0019727756954034327 0.0029296875
0 0.1292661274413099 0.91162109375 0.0008877490629315447 0.001953125
0 0.10731899782994674 0.911865234375 0.0017754981258630894 0.00244140625
0 0.14233576642335766 0.912353515625 0.0025646084040244622 0.00439453125
0 0.09291773525350168 0.913818359375 0.0027618859735648055 0.00732421875
0 0.09133951469717894 0.911376953125 0.0009863878477017164 0.00244140625
0 0.1960939041231012 0.91064453125 0.0009863878477017164 0.001953125
0 0.21794239494969422 0.911376953125 0.0044387453146577235 0.00439453125
0 0.1456401657131584 0.912109375 0.0038469126060366936 0.005859375
0 0.3381830735845334 0.912841796875 0.0036496350364963502 0.00830078125
0 0.2238607220359045 0.909423828125 0.005227855592819097 0.00341796875
0 0.1766620635233774 0.908935546875 0.0017754981258630894 0.00244140625
0 0.39687315052278554 0.909912109375 0.005622410731899783 0.00537109375
0 0.3347800355099625 0.912353515625 0.003156441112645492 0.01025390625
0 0.1328171236930361 0.908935546875 0.0036496350364963502 0.00341796875
0 0.4006707437364372 0.907958984375 0.0011836654172420597 0.00244140625
0 0.3715229828368514 0.907958984375 0.0036496350364963502 0.00341796875
0 0.33226474649832316 0.907470703125 0.0028605247583349774 0.00244140625
0 0.1661570329453541 0.90771484375 0.0016768593410929177 0.0029296875
0 0.17523180114420991 0.907470703125 0.0014795817715525744 0.00341796875
0 0.14342079305582955 0.90673828125 0.0017754981258630894 0.0029296875
0 0.3859242454132965 0.906982421875 0.0012823042020122311 0.00439453125
0 0.34306569343065696 0.90966796875 0.004931939238508582 0.009765625
0 0.18761096863286644 0.906005859375 0.0017754981258630894 0.00244140625
0 0.32945354113237324 0.90625 0.0019727756954034327 0.00390625
0 0.22090155849279938 0.905517578125 0.0012823042020122311 0.00244140625
0 0.21912606036693627 0.90625 0.0014795817715525744 0.00390625
0 0.33985993292562633 0.9052734375 0.0014795817715525744 0.0029296875
0 0.1974748471098836 0.904296875 0.0009863878477017164 0.001953125
0 0.13291576247780626 0.904541015625 0.002071414480173604 0.00244140625
0 0.10746695600710199 0.904296875 0.002071414480173604 0.00390625
0 0.2406293154468337 0.9033203125 0.0016768593410929177 0.00390625
0 0.12852633655553364 0.90380859375 0.004340106529887552 0.0048828125
0 0.18090353126849476 0.902099609375 0.000789110278161373 0.00244140625
0 0.11964884592621819 0.9033203125 0.006904714933912014 0.005859375
0 0.40663839021503256 0.902099609375 0.003255079897415664 0.00439453125
0 0.40072006312882225 0.901123046875 0.002465969619254291 0.00341796875
0 0.3497238114026435 0.904052734375 0.0038469126060366936 0.00927734375
0 0.33078516472677055 0.902099609375 0.0036496350364963502 0.00634765625
0 0.22751035707240086 0.900390625 0.001085026632471888 0.0029296875
0 0.4139869796804103 0.903564453125 0.008877490629315447 0.01025390625
0 0.36067271651213256 0.902099609375 0.005622410731899783 0.00732421875
0 0.17296310909449594 0.90234375 0.00897612941408562 0.0078125
0 0.11062339711974749 0.9013671875 0.00424146774511738 0.0068359375
0 0.32703689090550403 0.899658203125 0.0022686920497139475 0.00439453125
0 0.1648254093509568 0.901611328125 0.007101992503452358 0.00830078125
0 0.09543302426514105 0.89990234375 0.002663247188794634 0.0087890625
0 0.1766620635233774 0.896240234375 0.0013809429867824028 0.00244140625
0 0.10071019925034523 0.896240234375 0.0011836654172420597 0.00244140625
0 0.41359242454132966 0.896484375 0.004734661668968239 0.00390625
0 0.19777076346419412 0.89599609375 0.0019727756954034327 0.0029296875
0 0.18721641349378576 0.89599609375 0.002170053264943776 0.0029296875
0 0.11826790293943579 0.89599609375 0.0023673308344841193 0.0029296875
0 0.32624778062734267 0.89501953125 0.0008877490629315447 0.001953125
0 0.2872361412507398 0.896240234375 0.005918327086210298 0.00439453125
0 0.13794634050108504 0.895263671875 0.0012823042020122311 0.00244140625
0 0.1898303412901953 0.89794921875 0.0028605247583349774 0.0087890625
0 0.1154566975734859 0.894775390625 0.0012823042020122311 0.00244140625
0 0.16102781613730519 0.897216796875 0.010357072400868021 0.00830078125
0 0.38784770171631483 0.89501953125 0.003550996251726179 0.0048828125
0 0.20763464194121128 0.89404296875 0.003550996251726179 0.0029296875
0 0.4037778654566976 0.894287109375 0.0038469126060366936 0.00439453125
0 0.1335075951864273 0.89404296875 0.003255079897415664 0.00390625
0 0.0987374235549418 0.89404296875 0.0013809429867824028 0.00390625
0 0.3345827579404222 0.8974609375 0.0051292168080489245 0.01171875
0 0.33083448411915567 0.89306640625 0.0023673308344841193 0.00390625
0 0.2030479384493983 0.8935546875 0.005227855592819097 0.005859375
0 0.16472677056618662 0.891357421875 0.0011836654172420597 0.00146484375
0 0.4085618465180509 0.893310546875 0.004931939238508582 0.00634765625
0 0.2622312093115013 0.894287109375 0.002071414480173604 0.00830078125
0 0.20664825409350956 0.891357421875 0.0005918327086210298 0.00244140625
0 0.10322548826198462 0.8916015625 0.002663247188794634 0.00390625
0 0.12803314263168278 0.892333984375 0.0039455513908068654 0.00634765625
0 0.3185046360228842 0.89013671875 0.002170053264943776 0.0029296875
0 0.12532057605050306 0.891357421875 0.002663247188794634 0.00537109375
0 0.1317814164529493 0.8896484375 0.0033537186821858355 0.00390625
0 0.09484119155652003 0.888671875 0.0006904714933912014 0.001953125
0 0.4066877096074176 0.888671875 0.0019727756954034327 0.0029296875
0 0.4015091734069836 0.88916015625 0.003452357466956007 0.00390625
0 0.2966561451962912 0.889404296875 0.004044190175577037 0.00439453125
0 0.24871769579798778 0.89013671875 0.00424146774511738 0.005859375
0 0.23303412901953047 0.88916015625 0.0014795817715525744 0.00390625
0 0.37265732886170844 0.888671875 0.0039455513908068654 0.00390625
0 0.33704872755967646 0.89013671875 0.004340106529887552 0.0068359375
0 0.12211481554547247 0.89013671875 0.003748273821266522 0.0068359375
0 0.22297297297297297 0.889892578125 0.0044387453146577235 0.00732421875
0 0.4221739988163346 0.88671875 0.003156441112645492 0.001953125
0 0.37576445058196883 0.88720703125 0.0022686920497139475 0.0029296875
0 0.1018445452752022 0.887939453125 0.0014795817715525744 0.00439453125
0 0.09686328664430854 0.88916015625 0.0023673308344841193 0.0068359375
0 0.16364174393371472 0.88671875 0.0013809429867824028 0.0029296875
0 0.4092523180114421 0.88623046875 0.004142828960347208 0.0029296875
0 0.38577628723614127 0.886962890625 0.0027618859735648055 0.00439453125
0 0.315496153087394 0.88720703125 0.003452357466956007 0.0048828125
0 0.18415861116591042 0.8857421875 0.0013809429867824028 0.0029296875
0 0.4145788123890314 0.88427734375 0.0013809429867824028 0.001953125
0 0.14899388439534425 0.884521484375 0.002465969619254291 0.00244140625
0 0.18623002564608404 0.8857421875 0.0019727756954034327 0.005859375
0 0.2834385480370882 0.885498046875 0.005622410731899783 0.00732421875
0 0.1085026632471888 0.883056640625 0.0011836654172420597 0.00244140625
0 0.3400078911027816 0.8857421875 0.006510159794831328 0.0087890625
0 0.10332412704675478 0.8828125 0.0012823042020122311 0.00390625
0 0.3441507200631288 0.884033203125 0.004340106529887552 0.00732421875
0 0.2454626159005721 0.88330078125 0.005030578023278753 0.005859375
0 0.16714342079305583 0.88232421875 0.007595186427303216 0.00390625
0 0.39618267902939436 0.882568359375 0.004636022884198066 0.00537109375
0 0.11308936673900177 0.881103515625 0.0006904714933912014 0.00244140625
0 0.18657526139277963 0.880126953125 0.0014795817715525744 0.00244140625
0 0.12472874334188203 0.8798828125 0.0006904714933912014 0.001953125
0 0.3798086407575459 0.8798828125 0.0022686920497139475 0.0029296875
0 0.13617084237522195 0.879150390625 0.002465969619254291 0.00244140625
0 0.11866245807851647 0.884033203125 0.0033537186821858355 0.01220703125
0 0.4017557703689091 0.8798828125 0.0027618859735648055 0.005859375
0 0.3905109489051095 0.878173828125 0.0061156046557506415 0.00341796875
0 0.3128822252909844 0.8798828125 0.007891102781613731 0.0068359375
0 0.16521996449003748 0.8779296875 0.0023673308344841193 0.0029296875
0 0.16083053856776486 0.877685546875 0.0030578023278753207 0.00341796875
0 0.27105938054843165 0.876708984375 0.003550996251726179 0.00244140625
0 0.3337443282698757 0.876220703125 0.0038469126060366936 0.00244140625
0 0.41561451962911816 0.876953125 0.003255079897415664 0.0048828125
0 0.31820871966857367 0.876953125 0.0025646084040244622 0.0068359375
0 0.1964884592621819 0.87353515625 0.0011836654172420597 0.001953125
0 0.15496153087393963 0.87451171875 0.0023673308344841193 0.00390625
0 0.3115506016965871 0.8740234375 0.0036496350364963502 0.00390625
0 0.10648056815940028 0.873046875 0.0008877490629315447 0.001953125
0 0.12606036693627934 0.873291015625 0.001578220556322746 0.00439453125
0 0.411471690668771 0.875244140625 0.003255079897415664 0.00927734375
0 0.15185440915367923 0.87255859375 0.002663247188794634 0.00390625
0 0.13612152298283686 0.873779296875 0.002959163543105149 0.00634765625
0 0.11738015387650425 0.87109375 0.0013809429867824028 0.001953125
0 0.42814164529493 0.87158203125 0.002663247188794634 0.00390625
0 0.42163148550009866 0.870849609375 0.0012823042020122311 0.00244140625
0 0.3748273821266522 0.875 0.007891102781613731 0.0107421875
0 0.2788025251528901 0.871337890625 0.003255079897415664 0.00341796875
0 0.3274807654369698 0.873046875 0.006312882225290984 0.0078125
0 0.14785953837048726 0.870361328125 0.002170053264943776 0.00244140625
0 0.11525942000394555 0.87060546875 0.001874136910633261 0.0029296875
0 0.4073781811008088 0.869873046875 0.0009863878477017164 0.00244140625
0 0.4019530479384494 0.86962890625 0.0009863878477017164 0.001953125
0 0.31416452949299667 0.87158203125 0.0051292168080489245 0.005859375
0 0.3707831919510752 0.87353515625 0.005918327086210298 0.0107421875
0 0.10583941605839416 0.869384765625 0.0023673308344841193 0.00244140625
0 0.3824718879463405 0.86962890625 0.003452357466956007 0.00390625
0 0.4183270862102979 0.868896484375 0.004340106529887552 0.00341796875
0 0.17340698362596174 0.869140625 0.0023673308344841193 0.005859375
0 0.16886959952653383 0.86865234375 0.006707437364371671 0.0048828125
0 0.33606233971197474 0.867431640625 0.003156441112645492 0.00341796875
0 0.159202998619057 0.866943359375 0.001578220556322746 0.00244140625
0 0.35169658709804696 0.866455078125 0.002071414480173604 0.00244140625
0 0.34927993687117775 0.86669921875 0.0017754981258630894 0.0029296875
0 0.20600710199250344 0.867431640625 0.0030578023278753207 0.00537109375
0 0.15343262971000196 0.86572265625 0.0030578023278753207 0.0048828125
0 0.41921483527322945 0.864013671875 0.0019727756954034327 0.00244140625
0 0.3093805484316433 0.86474609375 0.0036496350364963502 0.00390625
0 0.4102880252515289 0.86328125 0.0022686920497139475 0.001953125
0 0.35440915367922665 0.863525390625 0.002959163543105149 0.00341796875
0 0.36964884592621816 0.86181640625 0.001874136910633261 0.001953125
0 0.33502663247188796 0.86376953125 0.005819688301440126 0.0068359375
0 0.42404813572696787 0.861572265625 0.0019727756954034327 0.00341796875
0 0.13686131386861314 0.86376953125 0.004044190175577037 0.0078125
0 0.19283882422568555 0.860595703125 0.0013809429867824028 0.00341796875
0 0.4008187019135924 0.85986328125 0.002071414480173604 0.0029296875
0 0.3658019333201815 0.860107421875 0.0022686920497139475 0.00341796875
0 0.14790885776287235 0.860595703125 0.002663247188794634 0.00439453125
0 0.41526928388242257 0.861328125 0.004340106529887552 0.0068359375
0 0.3963799565989347 0.86181640625 0.0044387453146577235 0.0078125
0 0.3729532452160189 0.863525390625 0.008088380351154074 0.01123046875
0 0.116097849674492 0.85986328125 0.002170053264943776 0.00390625
0 0.2590254488064707 0.8583984375 0.000789110278161373 0.0029296875
0 0.16946143223515486 0.858642578125 0.0017754981258630894 0.00341796875
0 0.09932925626356283 0.85888671875 0.0009863878477017164 0.00390625
0 0.34858946537778657 0.857666015625 0.000789110278161373 0.00244140625
0 0.17182876306963898 0.857666015625 0.0023673308344841193 0.00244140625
0 0.16660090747681988 0.85888671875 0.003156441112645492 0.0048828125
0 0.12270664825409351 0.857421875 0.000789110278161373 0.001953125
0 0.32550798974156636 0.857177734375 0.003156441112645492 0.00244140625
0 0.22405799960544487 0.857666015625 0.002071414480173604 0.00439453125
0 0.36989544288814363 0.85693359375 0.003550996251726179 0.00390625
0 0.3671828763069639 0.8564453125 0.0014795817715525744 0.0029296875
0 0.4029394357861511 0.85546875 0.0025646084040244622 0.001953125
0 0.27456105740777276 0.85693359375 0.0036496350364963502 0.0048828125
0 0.16004142828960347 0.856689453125 0.002071414480173604 0.00439453125
0 0.378723614125074 0.85693359375 0.004044190175577037 0.005859375
0 0.37615900572104954 0.856201171875 0.001874136910633261 0.00439453125
0 0.34434799763266916 0.8564453125 0.0017754981258630894 0.0048828125
0 0.315496153087394 0.8564453125 0.002071414480173604 0.0048828125
0 0.34893470112448216 0.8583984375 0.0077924639968435586 0.009765625
0 0.11866245807851647 0.85498046875 0.002959163543105149 0.0029296875
0 0.31939238508581574 0.85693359375 0.004931939238508582 0.0078125
0 0.14282896034720852 0.853759765625 0.0009863878477017164 0.00244140625
0 0.2110869994081673 0.853271484375 0.0009863878477017164 0.00244140625
0 0.4048628920891695 0.85302734375 0.0008877490629315447 0.0029296875
0 0.19106332609982246 0.85595703125 0.0033537186821858355 0.0087890625
0 0.3101203393174196 0.8525390625 0.0013809429867824028 0.0029296875
0 0.170102584336161 0.852294921875 0.0014795817715525744 0.00244140625
0 0.15274215821661077 0.854248046875 0.0022686920497139475 0.00634765625
0 0.42158216610771354 0.85595703125 0.0039455513908068654 0.0107421875
0 0.1554547247977905 0.8515625 0.0025646084040244622 0.0029296875
0 0.13676267508384296 0.85107421875 0.001874136910633261 0.001953125
0 0.34888538173209704 0.85205078125 0.002959163543105149 0.0048828125
0 0.3414874728743342 0.853271484375 0.004142828960347208 0.00830078125
0 0.37088183073584535 0.85205078125 0.0061156046557506415 0.0068359375
0 0.17306174787926612 0.849853515625 0.002465969619254291 0.00244140625
0 0.3452357466956007 0.849853515625 0.002170053264943776 0.00341796875
0 0.16822844742552773 0.849365234375 0.0014795817715525744 0.00244140625
0 0.4151706450976524 0.848876953125 0.001578220556322746 0.00439453125
0 0.37458078516472676 0.85009765625 0.00483330045373841 0.0068359375
0 0.3152988755178536 0.848388671875 0.004044190175577037 0.00341796875
0 0.1794239494969422 0.849609375 0.002959163543105149 0.005859375
0 0.36545669757348587 0.8515625 0.006904714933912014 0.0107421875
0 0.3421779443677254 0.847412109375 0.0009863878477017164 0.00244140625
0 0.14667587295324522 0.84912109375 0.003748273821266522 0.005859375
0 0.10840402446241862 0.849365234375 0.004340106529887552 0.00732421875
0 0.4228151509173407 0.84619140625 0.0022686920497139475 0.0029296875
0 0.17676070230814755 0.845947265625 0.0023673308344841193 0.00244140625
0 0.15579996054448608 0.84619140625 0.002465969619254291 0.0029296875
0 0.4130499112250937 0.845703125 0.0014795817715525744 0.0029296875
0 0.33473071611757743 0.8466796875 0.003452357466956007 0.0048828125
0 0.3292069441704478 0.846435546875 0.0014795817715525744 0.00439453125
0 0.1710889721838627 0.846435546875 0.002663247188794634 0.00439453125
0 0.1213750246596962 0.84521484375 0.0012823042020122311 0.001953125
0 0.37892089169461435 0.844970703125 0.0012823042020122311 0.00244140625
0 0.16428289603472085 0.845947265625 0.0016768593410929177 0.00439453125
0 0.36974748471098834 0.84375 0.0014795817715525744 0.001953125
0 0.15940027618859737 0.845947265625 0.0025646084040244622 0.00634765625
0 0.10924245413296509 0.843994140625 0.001085026632471888 0.00244140625
0 0.572450187413691 0.84521484375 0.005819688301440126 0.005859375
0 0.1744920102584336 0.84326171875 0.003748273821266522 0.00390625
0 0.18751232984809627 0.846435546875 0.004734661668968239 0.01123046875
0 0.5992799368711778 0.84130859375 0.001874136910633261 0.001953125
0 0.38311304004734664 0.841552734375 0.0027618859735648055 0.00244140625
0 0.41329650818701913 0.84130859375 0.002170053264943776 0.0029296875
0 0.3292562635628329 0.843017578125 0.006904714933912014 0.00634765625
0 0.32323929769185245 0.84130859375 0.0013809429867824028 0.0029296875
0 0.430459656737029 0.84423828125 0.006510159794831328 0.009765625
0 0.2643026237916749 0.84228515625 0.002071414480173604 0.005859375
0 0.19915170645097652 0.841064453125 0.0025646084040244622 0.00341796875
0 0.4108798579601499 0.83984375 0.0012823042020122311 0.001953125
0 0.25281120536594986 0.841064453125 0.004142828960347208 0.00439453125
0 0.15012823042020124 0.8408203125 0.0017754981258630894 0.00390625
0 0.4165515880844348 0.839599609375 0.0019727756954034327 0.00244140625
0 0.2016669954626159 0.84130859375 0.0022686920497139475 0.005859375
0 0.5794535411323732 0.838134765625 0.003255079897415664 0.00244140625
0 0.39544288814361805 0.83837890625 0.003156441112645492 0.0029296875
0 0.34888538173209704 0.838134765625 0.001578220556322746 0.00244140625
0 0.18731505227855594 0.83837890625 0.000789110278161373 0.0029296875
0 0.4026928388242257 0.837646484375 0.0028605247583349774 0.00244140625
0 0.4207437364371671 0.8369140625 0.001085026632471888 0.001953125
0 0.36402643519431843 0.838623046875 0.004636022884198066 0.00634765625
0 0.1636910633260998 0.838134765625 0.002663247188794634 0.00537109375
0 0.3713257052673111 0.837890625 0.0036496350364963502 0.0078125
0 0.3577135529690274 0.8359375 0.0012823042020122311 0.00390625
0 0.32935490234760306 0.8359375 0.002170053264943776 0.00390625
0 0.16817912803314264 0.839111328125 0.004734661668968239 0.01025390625
0 0.37803314263168275 0.834716796875 0.0038469126060366936 0.00244140625
0 0.4301144209903334 0.834228515625 0.0016768593410929177 0.00341796875
0 0.35983428684158614 0.837158203125 0.004734661668968239 0.00927734375
0 0.14652791477608995 0.835693359375 0.0022686920497139475 0.00634765625
0 0.42434405208127834 0.833984375 0.003156441112645492 0.0048828125
0 0.1293647662260801 0.833251953125 0.002465969619254291 0.00341796875
0 0.18544091536792268 0.834716796875 0.003748273821266522 0.00830078125
0 0.3374432826987572 0.8330078125 0.005523771947129611 0.0068359375
0 0.33162359439731703 0.83154296875 0.0039455513908068654 0.00390625
0 0.13478989938843952 0.83056640625 0.0008877490629315447 0.001953125
0 0.6004636022884198 0.830322265625 0.0036496350364963502 0.00341796875
0 0.35371868218583546 0.83056640625 0.0023673308344841193 0.00390625
0 0.407476819885579 0.829345703125 0.0013809429867824028 0.00244140625
0 0.3681692641546656 0.83056640625 0.0022686920497139475 0.0048828125
0 0.31756756756756754 0.831298828125 0.00424146774511738 0.00634765625
0 0.5416748865653975 0.82861328125 0.0030578023278753207 0.001953125
0 0.1426316827776682 0.829345703125 0.0011836654172420597 0.00341796875
0 0.1310909449595581 0.828857421875 0.0011836654172420597 0.00244140625
0 0.3782304202012231 0.829345703125 0.002071414480173604 0.00439453125
0 0.6042611955020715 0.827392578125 0.0039455513908068654 0.00244140625
0 0.3637305188400079 0.83251953125 0.010948905109489052 0.0126953125
0 0.3136713355691458 0.828369140625 0.0019727756954034327 0.00439453125
0 0.2391497336752811 0.8310546875 0.003255079897415664 0.009765625
0 0.1881041625567173 0.828857421875 0.004734661668968239 0.00634765625
0 0.4249358847898994 0.826904296875 0.003156441112645492 0.00341796875
0 0.35623397119747485 0.828369140625 0.002071414480173604 0.00634765625
0 0.3309824422963109 0.82861328125 0.005819688301440126 0.0068359375
0 0.6009567962122707 0.825927734375 0.002465969619254291 0.00244140625
0 0.41635431051489447 0.82666015625 0.002170053264943776 0.00390625
0 0.14687315052278557 0.8251953125 0.0013809429867824028 0.001953125
0 0.2020615506016966 0.826171875 0.0022686920497139475 0.0048828125
0 0.18835075951864272 0.824951171875 0.0014795817715525744 0.00244140625
0 0.3623988952456106 0.825439453125 0.0051292168080489245 0.00439453125
0 0.3255573091339515 0.82470703125 0.0036496350364963502 0.0029296875
0 0.36668968238311306 0.824462890625 0.0036496350364963502 0.00341796875
0 0.21271453935687512 0.824462890625 0.001085026632471888 0.00341796875
0 0.372410731899783 0.823486328125 0.001085026632471888 0.00244140625
0 0.3581574275004932 0.82373046875 0.0013809429867824028 0.00390625
0 0.1436180706253699 0.82373046875 0.0017754981258630894 0.0048828125
0 0.14130005918327085 0.8232421875 0.002465969619254291 0.00390625
0 0.13163345827579404 0.823974609375 0.0022686920497139475 0.00634765625
0 0.34686328664430854 0.822265625 0.003452357466956007 0.00390625
0 0.11624580785164727 0.821044921875 0.0012823042020122311 0.00244140625
0 0.3423752219372657 0.82080078125 0.0025646084040244622 0.0029296875
0 0.3247681988557901 0.82080078125 0.0016768593410929177 0.0029296875
0 0.5861609784967449 0.821044921875 0.0038469126060366936 0.00439453125
0 0.21320773328072598 0.819580078125 0.0008877490629315447 0.00244140625
0 0.2451173801538765 0.8203125 0.0025646084040244622 0.0048828125
0 0.2423554941803117 0.8212890625 0.0025646084040244622 0.0068359375
0 0.5654468336950089 0.817626953125 0.0028605247583349774 0.00439453125
0 0.3222035904517656 0.818603515625 0.002663247188794634 0.00634765625
0 0.41502268692049715 0.81591796875 0.001085026632471888 0.001953125
0 0.2990234760307753 0.8173828125 0.0012823042020122311 0.0048828125
0 0.290787137502466 0.81591796875 0.0017754981258630894 0.0029296875
0 0.09854014598540146 0.815673828125 0.0009863878477017164 0.00244140625
0 0.5837443282698758 0.8154296875 0.002959163543105149 0.00390625
0 0.43410929177352536 0.815673828125 0.003156441112645492 0.00439453125
0 0.39559084632077335 0.814697265625 0.0012823042020122311 0.00341796875
0 0.17463996843558888 0.816162109375 0.0036496350364963502 0.00634765625
0 0.24102387058591437 0.816162109375 0.00424146774511738 0.00732421875
0 0.1501775498125863 0.815673828125 0.002465969619254291 0.00634765625
0 0.6161964884592622 0.81298828125 0.002170053264943776 0.001953125
0 0.30070033537186824 0.813232421875 0.0044387453146577235 0.00244140625
0 0.13695995265338332 0.814453125 0.004636022884198066 0.0048828125
0 0.2946340501085027 0.81396484375 0.007101992503452358 0.0048828125
0 0.28812389031367136 0.814453125 0.0019727756954034327 0.005859375
0 0.30538567764845137 0.813232421875 0.004142828960347208 0.00439453125
0 0.24630104557111857 0.812744140625 0.0025646084040244622 0.00341796875
0 0.1553560860130203 0.817138671875 0.005326494377589268 0.01220703125
0 0.12980864075754586 0.8125 0.0011836654172420597 0.0029296875
0 0.31460840402446244 0.8125 0.0014795817715525744 0.00390625
0 0.4092523180114421 0.81201171875 0.003748273821266522 0.00390625
0 0.24112250937068455 0.811279296875 0.0012823042020122311 0.00244140625
0 0.21271453935687512 0.811279296875 0.0016768593410929177 0.00244140625
0 0.3355198263957388 0.810791015625 0.004044190175577037 0.00341796875
0 0.12285460643124876 0.810546875 0.0016768593410929177 0.0029296875
0 0.24921088972183864 0.809326171875 0.0008877490629315447 0.00244140625
0 0.2350069047149339 0.8125 0.003255079897415664 0.0087890625
0 0.42498520418228447 0.8095703125 0.0036496350364963502 0.00390625
0 0.32935490234760306 0.81005859375 0.002959163543105149 0.0048828125
0 0.3233872558690077 0.808349609375 0.0016768593410929177 0.00244140625
0 0.43396133359637007 0.807861328125 0.0006904714933912014 0.00244140625
0 0.2509863878477017 0.8076171875 0.001085026632471888 0.001953125
0 0.25547445255474455 0.809814453125 0.005918327086210298 0.00732421875
0 0.5283093312290392 0.80810546875 0.0051292168080489245 0.0048828125
0 0.24763266916551588 0.8076171875 0.001085026632471888 0.00390625
0 0.23934701124482147 0.80810546875 0.0028605247583349774 0.005859375
0 0.5552870388636812 0.8076171875 0.007200631288222529 0.005859375
0 0.14347011244821464 0.805908203125 0.0012823042020122311 0.00244140625
0 0.14933912014203984 0.807861328125 0.0061156046557506415 0.00732421875
0 0.13163345827579404 0.805908203125 0.001874136910633261 0.00341796875
0 0.5485796014993095 0.805908203125 0.006016965870980469 0.00439453125
0 0.6153087393963307 0.806884765625 0.004931939238508582 0.00732421875
0 0.3369994081672914 0.805908203125 0.001874136910633261 0.00537109375
0 0.30725981455908463 0.806640625 0.0039455513908068654 0.0068359375
0 0.26479581771552574 0.805419921875 0.0012823042020122311 0.00439453125
0 0.11550601696587098 0.804443359375 0.0009863878477017164 0.00244140625
0 0.5866048530282106 0.804443359375 0.0017754981258630894 0.00341796875
0 0.2702702702702703 0.803955078125 0.0017754981258630894 0.00244140625
0 0.24595580982442297 0.804931640625 0.0030578023278753207 0.00439453125
0 0.23061747879266128 0.810302734375 0.004142828960347208 0.01513671875
0 0.6122016176760702 0.803955078125 0.0012823042020122311 0.00341796875
0 0.2969027421582166 0.806396484375 0.006904714933912014 0.00830078125
0 0.23426711382915763 0.80322265625 0.0009863878477017164 0.001953125
0 0.21153087393963307 0.804443359375 0.001874136910633261 0.00439453125
0 0.544831327678043 0.802978515625 0.0014795817715525744 0.00244140625
0 0.5731899782994674 0.80224609375 0.0013809429867824028 0.001953125
0 0.20950877885184455 0.802490234375 0.000789110278161373 0.00244140625
0 0.20802919708029197 0.802978515625 0.0013809429867824028 0.00341796875
0 0.5980962714539357 0.8017578125 0.0022686920497139475 0.0029296875
0 0.5374334188202802 0.801025390625 0.0038469126060366936 0.00244140625
0 0.5748668376405602 0.80029296875 0.002170053264943776 0.001953125
0 0.2550305780232788 0.802001953125 0.0014795817715525744 0.00537109375
0 0.24245413296508186 0.80029296875 0.0009863878477017164 0.001953125
0 0.585618465180509 0.80029296875 0.002959163543105149 0.0029296875
0 0.5644111264549221 0.801513671875 0.003156441112645492 0.00537109375
0 0.550601696587098 0.801025390625 0.004537384099427895 0.00439453125
0 0.30341290195304793 0.800537109375 0.0033537186821858355 0.00439453125
0 0.24684355888735451 0.80029296875 0.0014795817715525744 0.00390625
0 0.23791674886565398 0.799560546875 0.0009863878477017164 0.00244140625
0 0.5803906095876898 0.801025390625 0.003748273821266522 0.00634765625
0 0.3674787926612744 0.79931640625 0.001874136910633261 0.0029296875
0 0.32037877293351746 0.799072265625 0.0023673308344841193 0.00244140625
0 0.31233971197474847 0.800048828125 0.002465969619254291 0.00439453125
0 0.21547642533043992 0.80078125 0.001874136910633261 0.005859375
0 0.42819096468731505 0.79833984375 0.0019727756954034327 0.001953125
0 0.7199151706450977 0.798828125 0.0038469126060366936 0.00390625
0 0.5954330242651411 0.7978515625 0.0008877490629315447 0.001953125
0 0.5463602288419807 0.798828125 0.002170053264943776 0.00390625
0 0.5397514302623792 0.7978515625 0.0009863878477017164 0.001953125
0 0.4304103373446439 0.7998046875 0.0036496350364963502 0.005859375
0 0.5284079700138095 0.800048828125 0.009272045768396133 0.00732421875
0 0.2173505622410732 0.79736328125 0.0008877490629315447 0.001953125
0 0.14751430262379167 0.798095703125 0.0022686920497139475 0.00341796875
0 0.5374334188202802 0.796875 0.0030578023278753207 0.001953125
0 0.25991319786940226 0.797607421875 0.005721049516669955 0.00341796875
0 0.7257348589465378 0.797607421875 0.0030578023278753207 0.00439453125
0 0.6035214046162951 0.797607421875 0.00424146774511738 0.00439453125
0 0.5577530084829355 0.79931640625 0.007200631288222529 0.0078125
0 0.18677253896232 0.801025390625 0.006806076149141842 0.01220703125
0 0.20314657723416849 0.797607421875 0.0030578023278753207 0.00634765625
0 0.5217498520418229 0.795166015625 0.0014795817715525744 0.00244140625
0 0.7179423949496943 0.79443359375 0.0012823042020122311 0.001953125
0 0.7081771552574472 0.794921875 0.0022686920497139475 0.0029296875
0 0.5903038074570921 0.796875 0.00483330045373841 0.0068359375
0 0.5842375221937266 0.795166015625 0.004931939238508582 0.00341796875
0 0.3316729137897021 0.7939453125 0.001085026632471888 0.0029296875
0 0.2882225290984415 0.79541015625 0.0023673308344841193 0.005859375
0 0.7207536003156441 0.79345703125 0.002959163543105149 0.0029296875
0 0.5946932333793647 0.793212890625 0.004340106529887552 0.00244140625
0 0.5273229433813376 0.793701171875 0.002170053264943776 0.00341796875
0 0.5192345630301834 0.79345703125 0.0019727756954034327 0.0029296875
0 0.2291872164134938 0.797119140625 0.00424146774511738 0.01025390625
0 0.543647662260801 0.79541015625 0.002465969619254291 0.0078125
0 0.23569737620832512 0.79150390625 0.0008877490629315447 0.001953125
0 0.28146577234168474 0.791259765625 0.001874136910633261 0.00244140625
0 0.26237916748865653 0.79150390625 0.0027618859735648055 0.0029296875
0 0.1578220556322746 0.795166015625 0.003156441112645492 0.01025390625
0 0.5509469323337937 0.791015625 0.001874136910633261 0.0029296875
0 0.5170645097652397 0.791259765625 0.0025646084040244622 0.00341796875
0 0.47484710988360623 0.79052734375 0.002959163543105149 0.001953125
0 0.22060564213848885 0.793212890625 0.004636022884198066 0.00732421875
0 0.7043302426514105 0.790283203125 0.0030578023278753207 0.00244140625
0 0.553462221345433 0.792236328125 0.0017754981258630894 0.00732421875
0 0.43277766817912805 0.790283203125 0.002071414480173604 0.00341796875
0 0.72701716314855 0.7890625 0.002465969619254291 0.001953125
0 0.5320576050503057 0.789794921875 0.003156441112645492 0.00341796875
0 0.2909350956796212 0.7890625 0.0012823042020122311 0.001953125
0 0.2719471296113632 0.7890625 0.001578220556322746 0.001953125
0 0.26435194318405997 0.789306640625 0.000789110278161373 0.00244140625
0 0.2162655356086013 0.789794921875 0.002071414480173604 0.00341796875
0 0.15905504044190175 0.7900390625 0.0012823042020122311 0.00390625
0 0.10815742750049319 0.78955078125 0.0014795817715525744 0.0029296875
0 0.7228743341882028 0.79248046875 0.0038469126060366936 0.009765625
0 0.6276879068849872 0.7890625 0.002071414480173604 0.0029296875
0 0.33009469323337937 0.78857421875 0.0006904714933912014 0.001953125
0 0.5877885184454528 0.78857421875 0.0033537186821858355 0.0029296875
0 0.5792562635628329 0.791748046875 0.005819688301440126 0.00927734375
0 0.5364963503649635 0.79052734375 0.004931939238508582 0.0068359375
0 0.5245117380153876 0.7890625 0.0028605247583349774 0.00390625
0 0.7308147563622016 0.7900390625 0.004340106529887552 0.0068359375
0 0.6456401657131584 0.788818359375 0.007595186427303216 0.00537109375
0 0.6375517853620043 0.787353515625 0.0022686920497139475 0.00244140625
0 0.15042414677451174 0.787353515625 0.001578220556322746 0.00244140625
0 0.6734069836259617 0.787841796875 0.005721049516669955 0.00439453125
0 0.25399487078319194 0.787109375 0.0017754981258630894 0.0029296875
0 0.24699151706450975 0.789306640625 0.0039455513908068654 0.00732421875
0 0.20240678634839218 0.787353515625 0.0019727756954034327 0.00341796875
0 0.23875517853620043 0.786376953125 0.0014795817715525744 0.00244140625
0 0.22450187413691064 0.78662109375 0.0019727756954034327 0.0029296875
0 0.5931643322154271 0.787353515625 0.008581574275004932 0.00537109375
0 0.42784572894061945 0.78564453125 0.0022686920497139475 0.001953125
0 0.2773722627737226 0.78564453125 0.0013809429867824028 0.001953125
0 0.5445847307161176 0.78515625 0.003156441112645492 0.001953125
0 0.44318405997238114 0.78515625 0.0027618859735648055 0.001953125
0 0.21320773328072598 0.7861328125 0.001874136910633261 0.00390625
0 0.5123791674886565 0.78466796875 0.0028605247583349774 0.001953125
0 0.25226869204971397 0.785400390625 0.0014795817715525744 0.00341796875
0 0.6445058196883015 0.78466796875 0.0017754981258630894 0.0029296875
0 0.2221838626948116 0.78515625 0.0014795817715525744 0.00390625
0 0.7193233379364766 0.786865234375 0.007003353718682186 0.00830078125
0 0.5843361609784967 0.784912109375 0.005721049516669955 0.00439453125
0 0.5515387650424147 0.78515625 0.00424146774511738 0.0048828125
0 0.5363483921878083 0.783935546875 0.001874136910633261 0.00244140625
0 0.2987275596764648 0.78369140625 0.001874136910633261 0.001953125
0 0.4490037482738213 0.7841796875 0.0027618859735648055 0.00390625
0 0.42449201025843364 0.78369140625 0.0028605247583349774 0.0029296875
0 0.6100808838035116 0.783203125 0.001578220556322746 0.0029296875
0 0.4634543302426514 0.783203125 0.0030578023278753207 0.0029296875
0 0.6423850858157427 0.783203125 0.002465969619254291 0.00390625
0 0.6191063326099823 0.782470703125 0.0028605247583349774 0.00244140625
0 0.4360820674689288 0.783203125 0.006312882225290984 0.00390625
0 0.648254093509568 0.7841796875 0.008285657920694417 0.0068359375
0 0.5647070428092326 0.7822265625 0.001578220556322746 0.0029296875
0 0.556322746103768 0.78173828125 0.002170053264943776 0.001953125
0 0.43997829946735056 0.781982421875 0.001874136910633261 0.00244140625
0 0.1784375616492405 0.785888671875 0.006510159794831328 0.01025390625
0 0.6657624778062734 0.78125 0.0016768593410929177 0.0029296875
0 0.5425626356283291 0.78076171875 0.001085026632471888 0.001953125
0 0.45817715525744723 0.782470703125 0.003550996251726179 0.00537109375
0 0.1473663444466364 0.781982421875 0.0025646084040244622 0.00439453125
0 0.29645886762675083 0.780517578125 0.0022686920497139475 0.00244140625
0 0.2575458670349181 0.780517578125 0.002170053264943776 0.00244140625
0 0.14943775892681002 0.781005859375 0.0017754981258630894 0.00341796875
0 0.7245018741369106 0.77978515625 0.002170053264943776 0.001953125
0 0.6515584927993687 0.781494140625 0.0044387453146577235 0.00537109375
0 0.6245807851647268 0.780029296875 0.0039455513908068654 0.00244140625
0 0.45245610574077727 0.78125 0.0027618859735648055 0.0048828125
0 0.29384493983034127 0.77978515625 0.0017754981258630894 0.001953125
0 0.23510554349970408 0.780517578125 0.001874136910633261 0.00341796875
0 0.7108404024462419 0.77880859375 0.001874136910633261 0.001953125
0 0.7303215624383508 0.778564453125 0.0011836654172420597 0.00244140625
0 0.21345433024265142 0.77880859375 0.0025646084040244622 0.0029296875
0 0.5272243045965673 0.7783203125 0.004142828960347208 0.0029296875
0 0.2902939435786151 0.779541015625 0.004931939238508582 0.00537109375
0 0.19382521207338727 0.779052734375 0.0023673308344841193 0.00439453125
0 0.6095876898796607 0.77734375 0.0013809429867824028 0.001953125
0 0.6991023870585914 0.77880859375 0.002465969619254291 0.005859375
0 0.6607318997829946 0.777099609375 0.0028605247583349774 0.00341796875
0 0.5908463207733281 0.7763671875 0.0013809429867824028 0.001953125
0 0.5489741566383902 0.7763671875 0.001085026632471888 0.001953125
0 0.5463109094495956 0.778076171875 0.0022686920497139475 0.00537109375
0 0.5090254488064707 0.7763671875 0.001085026632471888 0.001953125
0 0.6951568356677845 0.7763671875 0.0028605247583349774 0.0029296875
0 0.6433714736634445 0.77685546875 0.002071414480173604 0.00390625
0 0.6364174393371473 0.77685546875 0.004142828960347208 0.00390625
0 0.6197474847109884 0.77685546875 0.0027618859735648055 0.00390625
0 0.572450187413691 0.77587890625 0.0012823042020122311 0.001953125
0 0.521256658117972 0.77685546875 0.0038469126060366936 0.00390625
0 0.517212467942395 0.777587890625 0.003255079897415664 0.00537109375
0 0.20768396133359637 0.777099609375 0.001874136910633261 0.00537109375
0 0.1487966068258039 0.775390625 0.0008877490629315447 0.0029296875
0 0.7104951666995463 0.774658203125 0.0009863878477017164 0.00244140625
0 0.6184158611165911 0.774658203125 0.001874136910633261 0.00244140625
0 0.5567666206352337 0.775390625 0.004044190175577037 0.00390625
0 0.5391595975537581 0.7763671875 0.004537384099427895 0.005859375
0 0.2940422173998816 0.774658203125 0.000789110278161373 0.00244140625
0 0.27559676464785954 0.774658203125 0.0017754981258630894 0.00244140625
0 0.5183468139672519 0.77392578125 0.0025646084040244622 0.001953125
0 0.4809133951469718 0.774169921875 0.002663247188794634 0.00244140625
0 0.6406589070822647 0.775146484375 0.003748273821266522 0.00537109375
0 0.6241862300256461 0.77392578125 0.0019727756954034327 0.0029296875
0 0.28496744920102585 0.7744140625 0.004340106529887552 0.00390625
0 0.16610771355296902 0.7744140625 0.0027618859735648055 0.00390625
0 0.7144407180903531 0.773193359375 0.0033537186821858355 0.00244140625
0 0.6906687709607418 0.7734375 0.004142828960347208 0.0029296875
0 0.4900374827382127 0.77294921875 0.0027618859735648055 0.001953125
0 0.46956993489840204 0.773681640625 0.0022686920497139475 0.00341796875
0 0.7239100414282896 0.77294921875 0.0023673308344841193 0.0029296875
0 0.6325705267311107 0.77685546875 0.004340106529887552 0.0107421875
0 0.6628033142631683 0.774169921875 0.008778851844545275 0.00634765625
0 0.5795028605247583 0.773681640625 0.0025646084040244622 0.00634765625
0 0.21010061156046558 0.771728515625 0.0039455513908068654 0.00244140625
0 0.516127441309923 0.771240234375 0.0022686920497139475 0.00244140625
0 0.48579601499309527 0.773681640625 0.003156441112645492 0.00732421875
0 0.5380745709212863 0.77197265625 0.0039455513908068654 0.0048828125
0 0.2058591438153482 0.77099609375 0.001578220556322746 0.0029296875
0 0.15205168672321956 0.7744140625 0.00483330045373841 0.009765625
0 0.535066087985796 0.77001953125 0.0022686920497139475 0.001953125
0 0.7101992503452358 0.76953125 0.0019727756954034327 0.001953125
0 0.7058098244229631 0.769775390625 0.0022686920497139475 0.00244140625
0 0.7004340106529887 0.771240234375 0.0061156046557506415 0.00537109375
0 0.5917833892286447 0.769775390625 0.001085026632471888 0.00244140625
0 0.6346912606036693 0.76904296875 0.0038469126060366936 0.001953125
0 0.6273919905306766 0.770263671875 0.003452357466956007 0.00439453125
0 0.6487966068258039 0.7685546875 0.002071414480173604 0.001953125
0 0.6387354507792464 0.7685546875 0.002465969619254291 0.001953125
0 0.6302031958966265 0.76904296875 0.0013809429867824028 0.0029296875
0 0.4985697376208325 0.768798828125 0.002465969619254291 0.00244140625
0 0.4743045965673703 0.768798828125 0.001085026632471888 0.00244140625
0 0.585667784572894 0.7685546875 0.0008877490629315447 0.0029296875
0 0.45216018938646674 0.769775390625 0.002959163543105149 0.00537109375
0 0.44653777865456695 0.76904296875 0.002170053264943776 0.00390625
0 0.43539159597553756 0.768310546875 0.0017754981258630894 0.00244140625
0 0.2805780232787532 0.769287109375 0.001874136910633261 0.00537109375
0 0.10539554152692839 0.768798828125 0.0016768593410929177 0.00537109375
0 0.4579798776879069 0.767822265625 0.004931939238508582 0.00439453125
0 0.6176760702308147 0.767333984375 0.003550996251726179 0.00439453125
0 0.6108699940816729 0.76611328125 0.002170053264943776 0.001953125
0 0.6801637403827185 0.765625 0.0008877490629315447 0.001953125
0 0.7094594594594594 0.765380859375 0.003452357466956007 0.00244140625
0 0.1926415466561452 0.765869140625 0.0013809429867824028 0.00439453125
0 0.6562438350759519 0.76513671875 0.003748273821266522 0.00390625
0 0.18105148944565003 0.767333984375 0.002465969619254291 0.00830078125
0 0.689090550404419 0.765869140625 0.0039455513908068654 0.00634765625
0 0.5084829354902347 0.763671875 0.0025646084040244622 0.001953125
0 0.4385480370881831 0.763671875 0.0017754981258630894 0.001953125
0 0.10105543499704084 0.764404296875 0.001085026632471888 0.00341796875
0 0.6782896034720852 0.763916015625 0.002071414480173604 0.00341796875
0 0.47030972578417835 0.76318359375 0.0013809429867824028 0.0029296875
0 0.7233675281120536 0.762451171875 0.0012823042020122311 0.00244140625
0 0.09868810416255672 0.762451171875 0.0014795817715525744 0.00341796875
0 0.6864273032156244 0.764404296875 0.004142828960347208 0.00830078125
0 0.1470704280923259 0.762939453125 0.002170053264943776 0.00537109375
0 0.6831229039258236 0.761962890625 0.004044190175577037 0.00439453125
0 0.6357762872361412 0.76171875 0.0038469126060366936 0.00390625
0 0.5119846123495758 0.760986328125 0.0014795817715525744 0.00244140625
0 0.44599526533833106 0.761474609375 0.001874136910633261 0.00341796875
0 0.16704478200828565 0.761962890625 0.0036496350364963502 0.00439453125
0 0.7114815545472479 0.76025390625 0.0011836654172420597 0.001953125
0 0.7040836456894851 0.762451171875 0.005523771947129611 0.00634765625
0 0.6642335766423357 0.763916015625 0.006312882225290984 0.00927734375
0 0.14356875123298482 0.760986328125 0.0014795817715525744 0.00341796875
0 0.6792266719274018 0.759765625 0.0025646084040244622 0.001953125
0 0.11165910435983428 0.76123046875 0.0023673308344841193 0.0048828125
0 0.639623199842178 0.760986328125 0.002465969619254291 0.00537109375
0 0.5025152890116393 0.76171875 0.0077924639968435586 0.0068359375
0 0.7168080489248373 0.759033203125 0.004734661668968239 0.00439453125
0 0.659794831327678 0.759521484375 0.004734661668968239 0.00537109375
0 0.15002959163543106 0.760498046875 0.004734661668968239 0.00732421875
0 0.6920003945551391 0.759521484375 0.0066087985796014995 0.00634765625
0 0.65234760307753 0.75732421875 0.0016768593410929177 0.001953125
0 0.5502564608404025 0.757568359375 0.0014795817715525744 0.00244140625
0 0.7103965279147761 0.7568359375 0.0009863878477017164 0.001953125
0 0.6563917932531071 0.7587890625 0.0022686920497139475 0.005859375
0 0.6231012033931742 0.7568359375 0.001578220556322746 0.001953125
0 0.46404616295127243 0.757568359375 0.0022686920497139475 0.00341796875
0 0.4589662655356086 0.756591796875 0.0013809429867824028 0.00244140625
0 0.6856875123298481 0.755859375 0.001085026632471888 0.001953125
0 0.5113927796409549 0.755859375 0.0008877490629315447 0.0029296875
0 0.4769678437561649 0.755859375 0.0008877490629315447 0.0029296875
0 0.683320181495364 0.75537109375 0.002663247188794634 0.0029296875
0 0.48313276780430064 0.755126953125 0.0019727756954034327 0.00244140625
0 0.7044782008285658 0.7548828125 0.004340106529887552 0.0029296875
0 0.6895344249358848 0.754638671875 0.003452357466956007 0.00244140625
0 0.17163148550009863 0.76123046875 0.006312882225290984 0.015625
0 0.6982146379956599 0.75537109375 0.002071414480173604 0.0048828125
0 0.5005918327086211 0.75439453125 0.006707437364371671 0.00390625
0 0.10381732097060564 0.753662109375 0.0014795817715525744 0.00341796875
0 0.6720260406391794 0.755615234375 0.005721049516669955 0.00830078125
0 0.1147662260800947 0.753662109375 0.0016768593410929177 0.00537109375
0 0.5997731307950286 0.751708984375 0.001085026632471888 0.00244140625
0 0.09982245018741369 0.75341796875 0.005326494377589268 0.005859375
0 0.693677253896232 0.751953125 0.002071414480173604 0.00390625
0 0.6573288617084238 0.753662109375 0.0061156046557506415 0.00732421875
0 0.6485006904714934 0.7509765625 0.0022686920497139475 0.001953125
0 0.5269283882422569 0.7509765625 0.000789110278161373 0.001953125
0 0.5256460840402446 0.75146484375 0.0011836654172420597 0.0029296875
0 0.5944466364174393 0.750732421875 0.0008877490629315447 0.00244140625
0 0.5301341487472875 0.751220703125 0.0008877490629315447 0.00341796875
0 0.4705070033537187 0.753173828125 0.0039455513908068654 0.00830078125
0 0.664332215427106 0.753662109375 0.004142828960347208 0.01025390625
0 0.4628131781416453 0.748779296875 0.003156441112645492 0.00244140625
0 0.7296804103373447 0.751953125 0.007989741566383901 0.009765625
0 0.7038370487275597 0.748779296875 0.003452357466956007 0.00341796875
0 0.5006904714933912 0.749267578125 0.0033537186821858355 0.00439453125
0 0.09587689879660682 0.7490234375 0.0009863878477017164 0.00390625
0 0.7248964292759913 0.748046875 0.0023673308344841193 0.0029296875
0 0.7009272045768397 0.74951171875 0.0033537186821858355 0.005859375
0 0.6885973564805682 0.749267578125 0.004340106529887552 0.00537109375
0 0.6842079305582955 0.74755859375 0.0028605247583349774 0.001953125
0 0.4554645886762675 0.748046875 0.003255079897415664 0.0029296875
0 0.6925429078713751 0.74755859375 0.003550996251726179 0.0029296875
0 0.6791773525350168 0.749267578125 0.0066087985796014995 0.00634765625
0 0.46685736831722235 0.747314453125 0.0023673308344841193 0.00244140625
0 0.5663839021503255 0.74658203125 0.0011836654172420597 0.001953125
0 0.4590155849279937 0.74853515625 0.003452357466956007 0.005859375
0 0.4440224896429276 0.74951171875 0.002465969619254291 0.0078125
0 0.7137009272045768 0.74609375 0.0022686920497139475 0.001953125
0 0.49565989347011247 0.746826171875 0.002170053264943776 0.00439453125
0 0.4734661668968238 0.746826171875 0.0017754981258630894 0.00439453125
0 0.526385874926021 0.745361328125 0.001085026632471888 0.00244140625
0 0.4520122312093115 0.745849609375 0.0030578023278753207 0.00341796875
0 0.48239297691852434 0.74658203125 0.002465969619254291 0.005859375
0 0.51726178733478 0.744140625 0.002959163543105149 0.001953125
0 0.47514302623791677 0.745361328125 0.0017754981258630894 0.00439453125
0 0.6595482343657526 0.745849609375 0.003452357466956007 0.00634765625
0 0.10302821069244426 0.746826171875 0.002465969619254291 0.00830078125
0 0.7210988360623397 0.745361328125 0.0028605247583349774 0.00634765625
0 0.6681791280331426 0.7451171875 0.004142828960347208 0.0068359375
0 0.4923061747879266 0.74267578125 0.0017754981258630894 0.001953125
0 0.5928684158611166 0.743408203125 0.002465969619254291 0.00439453125
0 0.49773130795028603 0.7421875 0.0023673308344841193 0.0029296875
0 0.2914282896034721 0.74267578125 0.0012823042020122311 0.00390625
0 0.10815742750049319 0.743408203125 0.001874136910633261 0.00537109375
0 0.09888538173209706 0.741455078125 0.001085026632471888 0.00244140625
0 0.4537877293351746 0.7412109375 0.002071414480173604 0.0029296875
0 0.4996547642533044 0.740234375 0.001085026632471888 0.001953125
0 0.7162162162162162 0.7412109375 0.0017754981258630894 0.0048828125
0 0.6858847898993884 0.739501953125 0.001874136910633261 0.00244140625
0 0.5066087985796015 0.739013671875 0.0011836654172420597 0.00244140625
0 0.4978299467350562 0.73876953125 0.000789110278161373 0.001953125
0 0.28186032748076545 0.73876953125 0.0012823042020122311 0.001953125
0 0.5093706845531663 0.738525390625 0.0013809429867824028 0.00244140625
0 0.6933813375419214 0.7373046875 0.001085026632471888 0.001953125
0 0.6894357861511147 0.73876953125 0.0022686920497139475 0.0048828125
0 0.6780430065101598 0.74169921875 0.0072992700729927005 0.0107421875
0 0.719520615506017 0.7373046875 0.003452357466956007 0.0048828125
0 0.7150818701913593 0.73583984375 0.001085026632471888 0.001953125
0 0.4951666995462616 0.736083984375 0.0013809429867824028 0.00341796875
0 0.7076839613335963 0.73681640625 0.002663247188794634 0.005859375
0 0.7261294140856185 0.73583984375 0.0014795817715525744 0.0048828125
0 0.11373051884000789 0.7353515625 0.003550996251726179 0.0048828125
0 0.7049713947524167 0.733642578125 0.0011836654172420597 0.00244140625
0 0.6742454132965082 0.734619140625 0.0044387453146577235 0.00927734375
0 0.5740777273623989 0.73046875 0.0009863878477017164 0.001953125
0 0.7217893075557309 0.73095703125 0.0022686920497139475 0.00390625
0 0.5827086210297889 0.730224609375 0.0022686920497139475 0.00244140625
0 0.4882619846123496 0.732421875 0.003748273821266522 0.0068359375
0 0.452850660879858 0.730224609375 0.000789110278161373 0.00244140625
0 0.7268198855790097 0.729736328125 0.002465969619254291 0.00341796875
0 0.7075853225488262 0.728759765625 0.0016768593410929177 0.00244140625
0 0.7180410337344644 0.728759765625 0.001085026632471888 0.00341796875
0 0.6923949496942198 0.730224609375 0.00483330045373841 0.00634765625
0 0.6857368317222332 0.72900390625 0.003156441112645492 0.0048828125
0 0.5021700532649438 0.727783203125 0.0013809429867824028 0.00244140625
0 0.7020615506016966 0.7275390625 0.0008877490629315447 0.0029296875
0 0.6929867824028408 0.72607421875 0.001085026632471888 0.001953125
0 0.4725290984415072 0.72705078125 0.0030578023278753207 0.00390625
0 0.6806569343065694 0.724853515625 0.0022686920497139475 0.00341796875
0 0.46370092720457684 0.72265625 0.001578220556322746 0.0029296875
0 0.4906293154468337 0.72216796875 0.001578220556322746 0.0029296875
0 0.7049713947524167 0.72265625 0.0013809429867824028 0.0048828125
0 0.7194219767212467 0.720458984375 0.00483330045373841 0.00341796875
0 0.7094101400670744 0.719970703125 0.0017754981258630894 0.00244140625
0 0.6734563030183468 0.720947265625 0.001874136910633261 0.00439453125
0 0.629315446833695 0.7197265625 0.0009863878477017164 0.001953125
0 0.49945748668376405 0.720947265625 0.001874136910633261 0.00439453125
0 0.45807851647267706 0.71875 0.001578220556322746 0.001953125
0 0.4822943381337542 0.71875 0.001085026632471888 0.0029296875
0 0.6258137699743539 0.716552734375 0.0014795817715525744 0.00244140625
0 0.5013316235943973 0.717041015625 0.0022686920497139475 0.00341796875
0 0.679867824028408 0.716796875 0.0022686920497139475 0.0048828125
0 0.674689287827974 0.71533203125 0.0013809429867824028 0.001953125
0 0.4962517261787335 0.71484375 0.0011836654172420597 0.001953125
0 0.47953245216018936 0.71484375 0.0012823042020122311 0.001953125
0 0.4479187216413494 0.715087890625 0.0011836654172420597 0.00244140625
0 0.704576839613336 0.71337890625 0.0013809429867824028 0.00390625
0 0.6884493983034129 0.709228515625 0.0012823042020122311 0.00244140625
0 0.6937758926810021 0.7080078125 0.003255079897415664 0.0029296875
0 0.6428782797395937 0.70703125 0.0016768593410929177 0.001953125
0 0.6185144999013612 0.707275390625 0.0008877490629315447 0.00244140625
0 0.7221838626948116 0.708984375 0.01213257052673111 0.0068359375
0 0.6865752613927797 0.704833984375 0.0008877490629315447 0.00244140625
0 0.6601893864667587 0.702880859375 0.0017754981258630894 0.00244140625
0 0.6484513710791083 0.703125 0.003748273821266522 0.0029296875
0 0.7211974748471098 0.70263671875 0.001085026632471888 0.0029296875
0 0.6575261392779641 0.69189453125 0.000789110278161373 0.001953125
