0 0.3567271651213257 0.998779296875 0.0028605247583349774 0.00244140625
0 0.5987867429473269 0.99853515625 0.001874136910633261 0.0029296875
0 0.4297691852436378 0.99853515625 0.0023673308344841193 0.0029296875
0 0.2951272440323535 0.99853515625 0.0011836654172420597 0.0029296875
0 0.2726376011047544 0.99853515625 0.0019727756954034327 0.0029296875
0 0.6056421384888538 0.998291015625 0.0023673308344841193 0.00341796875
0 0.6014499901361215 0.998291015625 0.0028605247583349774 0.00341796875
0 0.4877687906884987 0.998291015625 0.0017754981258630894 0.00341796875
0 0.4581278358650621 0.998291015625 0.002071414480173604 0.00341796875
0 0.308048924837246 0.998291015625 0.001578220556322746 0.00341796875
0 0.13464194121128428 0.9970703125 0.0009863878477017164 0.001953125
0 0.608601302031959 0.997314453125 0.001578220556322746 0.00341796875
0 0.2812684947721444 0.997802734375 0.0022686920497139475 0.00439453125
0 0.5146478595383704 0.996826171875 0.001085026632471888 0.00341796875
0 0.4839711974748471 0.99755859375 0.005227855592819097 0.0048828125
0 0.11466758729532452 0.996826171875 0.002663247188794634 0.00341796875
0 0.5644111264549221 0.995849609375 0.0009863878477017164 0.00244140625
0 0.5907970013809429 0.9970703125 0.002071414480173604 0.005859375
0 0.5159794831327678 0.9970703125 0.0019727756954034327 0.005859375
0 0.6216709410140067 0.994873046875 0.0008877490629315447 0.00244140625
0 0.4272045768396133 0.99609375 0.002959163543105149 0.0048828125
0 0.33078516472677055 0.996826171875 0.004636022884198066 0.00634765625
0 0.6186131386861314 0.995361328125 0.001085026632471888 0.00439453125
0 0.44510751627539946 0.996337890625 0.004044190175577037 0.00732421875
0 0.6164924048135727 0.994873046875 0.001578220556322746 0.00634765625
0 0.5663839021503255 0.99267578125 0.0017754981258630894 0.001953125
0 0.45748668376405605 0.993896484375 0.002959163543105149 0.00537109375
0 0.5785657920694417 0.991943359375 0.0012823042020122311 0.00244140625
0 0.48688104162556717 0.992431640625 0.0019727756954034327 0.00341796875
0 0.473564805681594 0.9931640625 0.005721049516669955 0.0048828125
0 0.33566778457289403 0.995361328125 0.002959163543105149 0.00927734375
0 0.2855099625172618 0.99365234375 0.002465969619254291 0.005859375
0 0.33093312290392585 0.991943359375 0.0025646084040244622 0.00341796875
0 0.3026731110672716 0.993896484375 0.00542513316235944 0.00732421875
0 0.6438153481949103 0.994873046875 0.005523771947129611 0.01025390625
0 0.437364371670941 0.993896484375 0.007101992503452358 0.00830078125
0 0.3136220161767607 0.994140625 0.0028605247583349774 0.0087890625
0 0.6111165910435984 0.991943359375 0.0028605247583349774 0.00537109375
0 0.3173209706056421 0.99462890625 0.004931939238508582 0.0107421875
0 0.6472677056618662 0.99169921875 0.0017754981258630894 0.0068359375
0 0.5947425527717498 0.991943359375 0.00483330045373841 0.00732421875
0 0.4874235549418031 0.98974609375 0.0008877490629315447 0.0029296875
0 0.4673998816334583 0.994140625 0.005819688301440126 0.01171875
0 0.5616985598737424 0.98876953125 0.0014795817715525744 0.001953125
0 0.10435983428684159 0.98779296875 0.004734661668968239 0.0029296875
0 0.35273229433813375 0.989501953125 0.003748273821266522 0.00732421875
0 0.33547050700335374 0.989013671875 0.0051292168080489245 0.00634765625
0 0.6147169066877096 0.988525390625 0.0027618859735648055 0.00634765625
0 0.3125863089366739 0.98876953125 0.005326494377589268 0.0068359375
0 0.5234760307753008 0.986083984375 0.0013809429867824028 0.00244140625
0 0.4691753797593214 0.987548828125 0.001874136910633261 0.00537109375
0 0.29226671927401854 0.988037109375 0.0039455513908068654 0.00634765625
0 0.26302031958966265 0.986572265625 0.003452357466956007 0.00341796875
0 0.6512625764450582 0.98681640625 0.0014795817715525744 0.0048828125
0 0.2685934109291774 0.989501953125 0.005523771947129611 0.01025390625
0 0.17863483921878082 0.98583984375 0.005721049516669955 0.0029296875
0 0.12857565594791873 0.98486328125 0.0008877490629315447 0.001953125
0 0.33364568948510553 0.98486328125 0.001085026632471888 0.0029296875
0 0.14169461432235156 0.98486328125 0.001085026632471888 0.0029296875
0 0.13883408956401658 0.986083984375 0.0044387453146577235 0.00537109375
0 0.0948905109489051 0.985107421875 0.002959163543105149 0.00341796875
0 0.5964194121128428 0.98583984375 0.0016768593410929177 0.005859375
0 0.3004044190175577 0.986572265625 0.00542513316235944 0.00732421875
0 0.16324718879463404 0.985107421875 0.005326494377589268 0.00439453125
0 0.4436279345038469 0.985595703125 0.0030578023278753207 0.00732421875
0 0.12393963306372066 0.984619140625 0.00424146774511738 0.00537109375
0 0.36412507397908855 0.984375 0.003255079897415664 0.005859375
0 0.3607220359045177 0.983642578125 0.0033537186821858355 0.00439453125
0 0.33113040047346615 0.984375 0.0023673308344841193 0.005859375
0 0.4656737028999803 0.982421875 0.0011836654172420597 0.0029296875
0 0.3129808640757546 0.983154296875 0.001578220556322746 0.00439453125
0 0.23441507200631287 0.982666015625 0.006411521010061156 0.00537109375
0 0.12083251134346025 0.9814453125 0.0023673308344841193 0.0029296875
0 0.6491418425724995 0.984130859375 0.0039455513908068654 0.01025390625
0 0.6003156441112646 0.978515625 0.0011836654172420597 0.001953125
0 0.30543499704083643 0.980712890625 0.0038469126060366936 0.00634765625
0 0.33813375419214836 0.98046875 0.0039455513908068654 0.0068359375
0 0.30237719471296115 0.978271484375 0.001874136910633261 0.00341796875
0 0.4416058394160584 0.98046875 0.006904714933912014 0.009765625
0 0.35682580390609586 0.979736328125 0.003255079897415664 0.00830078125
0 0.11190570132175971 0.978271484375 0.00542513316235944 0.00537109375
0 0.2429966462813178 0.977294921875 0.0022686920497139475 0.00439453125
0 0.4629118169264155 0.980224609375 0.004734661668968239 0.01123046875
0 0.14657723416847504 0.976806640625 0.005523771947129611 0.00439453125
0 0.11659104359834287 0.976318359375 0.0025646084040244622 0.00439453125
0 0.42700729927007297 0.97412109375 0.0009863878477017164 0.0029296875
0 0.2894555139080687 0.977294921875 0.00542513316235944 0.01025390625
0 0.46744920102584336 0.974365234375 0.003156441112645492 0.00634765625
0 0.3608206746892878 0.973388671875 0.0039455513908068654 0.00537109375
0 0.26553560860130204 0.973388671875 0.003156441112645492 0.00537109375
0 0.37527125665811795 0.9716796875 0.001085026632471888 0.0029296875
0 0.2832412704675478 0.972412109375 0.004636022884198066 0.00439453125
0 0.35480370881830736 0.97265625 0.004537384099427895 0.0068359375
0 0.6014006707437365 0.97314453125 0.002959163543105149 0.0087890625
0 0.43539159597553756 0.971435546875 0.0013809429867824028 0.00537109375
0 0.5490727954231603 0.97021484375 0.001874136910633261 0.00390625
0 0.3046952061550602 0.970947265625 0.002959163543105149 0.00537109375
0 0.429325310712172 0.968994140625 0.001085026632471888 0.00341796875
0 0.38237324916157034 0.96923828125 0.002071414480173604 0.00390625
0 0.28161373051884003 0.968017578125 0.001578220556322746 0.00244140625
0 0.527569540343263 0.967529296875 0.0008877490629315447 0.00244140625
0 0.4315446833695009 0.9677734375 0.000789110278161373 0.0029296875
0 0.3595383704872756 0.967529296875 0.0023673308344841193 0.00244140625
0 0.35095679621227066 0.96826171875 0.002959163543105149 0.00390625
0 0.28486881041625567 0.96826171875 0.0011836654172420597 0.00390625
0 0.2793943578615111 0.968017578125 0.0016768593410929177 0.00341796875
0 0.3709311501282304 0.968994140625 0.00542513316235944 0.00732421875
0 0.3447918721641349 0.970703125 0.0036496350364963502 0.0107421875
0 0.1713848885381732 0.96728515625 0.0022686920497139475 0.00390625
0 0.49694219767212466 0.966064453125 0.0009863878477017164 0.00244140625
0 0.3675281120536595 0.96630859375 0.001578220556322746 0.00390625
0 0.11348392187808246 0.966064453125 0.0028605247583349774 0.00341796875
0 0.10332412704675478 0.967529296875 0.004636022884198066 0.00634765625
0 0.36328664430854213 0.966796875 0.005523771947129611 0.005859375
0 0.30790096666009076 0.966796875 0.002465969619254291 0.0078125
0 0.3317715525744723 0.9638671875 0.0028605247583349774 0.00390625
0 0.4356875123298481 0.96435546875 0.003748273821266522 0.005859375
0 0.2770763464194121 0.963134765625 0.002170053264943776 0.00439453125
0 0.4510258433616098 0.9638671875 0.004636022884198066 0.0068359375
0 0.5593312290392582 0.96142578125 0.001874136910633261 0.0029296875
0 0.15289011639376604 0.96142578125 0.0033537186821858355 0.00390625
0 0.42710593805484315 0.962158203125 0.003748273821266522 0.00634765625
0 0.561501282304202 0.9619140625 0.0022686920497139475 0.0068359375
0 0.3699940816729138 0.96044921875 0.0025646084040244622 0.00390625
0 0.34602485697376206 0.961181640625 0.003748273821266522 0.00537109375
0 0.3335963700927205 0.960205078125 0.0023673308344841193 0.00341796875
0 0.5279147760899586 0.95947265625 0.0013809429867824028 0.0029296875
0 0.35036496350364965 0.9609375 0.004931939238508582 0.005859375
0 0.2812684947721444 0.959228515625 0.0012823042020122311 0.00244140625
0 0.20595778260011838 0.96044921875 0.0019727756954034327 0.005859375
0 0.29636022884198066 0.962646484375 0.004636022884198066 0.01123046875
0 0.2963109094495956 0.9580078125 0.0009863878477017164 0.001953125
0 0.37640560268297496 0.9580078125 0.0019727756954034327 0.00390625
0 0.45635233773919903 0.959228515625 0.00424146774511738 0.00732421875
0 0.28629907279542316 0.958740234375 0.0077924639968435586 0.00732421875
0 0.27347603077530086 0.95654296875 0.001085026632471888 0.0029296875
0 0.10741763661471691 0.956298828125 0.0009863878477017164 0.00244140625
0 0.3594890510948905 0.95947265625 0.005819688301440126 0.009765625
0 0.27515289011639377 0.9580078125 0.002663247188794634 0.0068359375
0 0.13612152298283686 0.956787109375 0.0023673308344841193 0.00439453125
0 0.4349477214440718 0.95654296875 0.0028605247583349774 0.0048828125
0 0.1317320970605642 0.955810546875 0.0030578023278753207 0.00439453125
0 0.4405701321759716 0.95556640625 0.003452357466956007 0.0048828125
0 0.38296508187019135 0.954833984375 0.0012823042020122311 0.00341796875
0 0.11811994476228053 0.9560546875 0.007595186427303216 0.005859375
0 0.3470605642138489 0.956298828125 0.00542513316235944 0.00830078125
0 0.16250739790885776 0.954833984375 0.005622410731899783 0.00537109375
0 0.3842473860722036 0.953125 0.001085026632471888 0.0029296875
0 0.3727066482540935 0.952880859375 0.0012823042020122311 0.00244140625
0 0.5872953245216019 0.954833984375 0.003550996251726179 0.00830078125
0 0.3134740579996054 0.953857421875 0.003748273821266522 0.00634765625
0 0.45807851647267706 0.951904296875 0.0027618859735648055 0.00341796875
0 0.43623002564608404 0.951904296875 0.0022686920497139475 0.00341796875
0 0.37625764450581967 0.951171875 0.002663247188794634 0.0029296875
0 0.4894456500295916 0.95068359375 0.0013809429867824028 0.0029296875
0 0.5546952061550602 0.95263671875 0.006214243440520813 0.0078125
0 0.3404517656342474 0.95166015625 0.005030578023278753 0.005859375
0 0.5742256855395541 0.949951171875 0.001874136910633261 0.00341796875
0 0.4941309923061748 0.9501953125 0.001874136910633261 0.00390625
0 0.3348293549023476 0.952392578125 0.0036496350364963502 0.00927734375
0 0.3059775103570724 0.953125 0.011639376602880253 0.0107421875
0 0.10090747681988559 0.951416015625 0.00907476819885579 0.00732421875
0 0.4485105543499704 0.951904296875 0.002959163543105149 0.00927734375
0 0.431594002761886 0.951904296875 0.006806076149141842 0.00927734375
0 0.5590353126849478 0.950439453125 0.0028605247583349774 0.00732421875
0 0.345383704872756 0.94970703125 0.001874136910633261 0.005859375
0 0.4923554941803117 0.94873046875 0.001874136910633261 0.0048828125
0 0.3198362596172815 0.947998046875 0.004044190175577037 0.00341796875
0 0.5681100808838035 0.946533203125 0.002071414480173604 0.00244140625
0 0.14583744328269876 0.946533203125 0.002071414480173604 0.00244140625
0 0.14174393371473665 0.947509765625 0.005721049516669955 0.00439453125
0 0.521256658117972 0.94580078125 0.002071414480173604 0.001953125
0 0.38202801341487475 0.946044921875 0.0019727756954034327 0.00341796875
0 0.3306372065496153 0.953125 0.004340106529887552 0.017578125
0 0.4276484513710791 0.945556640625 0.0008877490629315447 0.00341796875
0 0.5256954034326297 0.944580078125 0.0022686920497139475 0.00341796875
0 0.5921286249753404 0.945556640625 0.005721049516669955 0.00634765625
0 0.554004734661669 0.9443359375 0.002663247188794634 0.00390625
0 0.4290787137502466 0.9443359375 0.001578220556322746 0.00390625
0 0.3399585717103965 0.94384765625 0.002663247188794634 0.0029296875
0 0.3520911422371276 0.9462890625 0.006806076149141842 0.009765625
0 0.34257249950680607 0.94287109375 0.0013809429867824028 0.0029296875
0 0.12058591438153482 0.9443359375 0.008384296705464589 0.005859375
0 0.5571118563819294 0.9443359375 0.0019727756954034327 0.0068359375
0 0.28363582560662853 0.945556640625 0.0022686920497139475 0.00927734375
0 0.5221937265732887 0.941162109375 0.000789110278161373 0.00244140625
0 0.3877490629315447 0.94140625 0.0017754981258630894 0.0029296875
0 0.36486486486486486 0.9423828125 0.002170053264943776 0.0048828125
0 0.30765436969816534 0.94189453125 0.0017754981258630894 0.0048828125
0 0.2875813769974354 0.941650390625 0.0022686920497139475 0.00439453125
0 0.1720260406391793 0.94287109375 0.00907476819885579 0.0068359375
0 0.5591339514697179 0.94091796875 0.0016768593410929177 0.0048828125
0 0.5500591832708621 0.94091796875 0.0022686920497139475 0.0048828125
0 0.3861708423752219 0.9404296875 0.0011836654172420597 0.00390625
0 0.15308739396330637 0.93994140625 0.004537384099427895 0.0029296875
0 0.4318405997238114 0.94189453125 0.0033537186821858355 0.0078125
0 0.36358256066285266 0.939697265625 0.001578220556322746 0.00341796875
0 0.32156243835075954 0.940673828125 0.0033537186821858355 0.00537109375
0 0.13335963700927206 0.939697265625 0.002170053264943776 0.00341796875
0 0.5233773919905307 0.9384765625 0.001578220556322746 0.001953125
0 0.5574077727362399 0.938720703125 0.0013809429867824028 0.00341796875
0 0.520664825409351 0.938720703125 0.0016768593410929177 0.00341796875
0 0.30247583349773133 0.9384765625 0.003255079897415664 0.00390625
0 0.5662359439731702 0.9375 0.002071414480173604 0.0029296875
0 0.43553955415269285 0.941162109375 0.003255079897415664 0.01025390625
0 0.1374038271848491 0.93798828125 0.004340106529887552 0.00390625
0 0.5687019135924245 0.937255859375 0.001874136910633261 0.00341796875
0 0.5458177155257448 0.9365234375 0.0006904714933912014 0.001953125
0 0.4722825014795818 0.937255859375 0.0011836654172420597 0.00341796875
0 0.42473860722035905 0.93701171875 0.0023673308344841193 0.0029296875
0 0.27885184454527523 0.9375 0.0027618859735648055 0.00390625
0 0.5548431643322155 0.936767578125 0.002170053264943776 0.00341796875
0 0.43026237916748866 0.93701171875 0.004734661668968239 0.00390625
0 0.2986782402840797 0.9365234375 0.002959163543105149 0.0029296875
0 0.34267113829157625 0.93701171875 0.0019727756954034327 0.0048828125
0 0.3372460051292168 0.936279296875 0.0019727756954034327 0.00341796875
0 0.33951469717893074 0.93701171875 0.002959163543105149 0.005859375
0 0.29527520220950876 0.935302734375 0.0008877490629315447 0.00244140625
0 0.19569934898402053 0.935302734375 0.0025646084040244622 0.00341796875
0 0.36077135529690274 0.93701171875 0.0036496350364963502 0.0078125
0 0.28689090550404417 0.935791015625 0.0014795817715525744 0.00537109375
0 0.47608009469323337 0.935791015625 0.003452357466956007 0.00634765625
0 0.35061156046557507 0.93359375 0.001085026632471888 0.001953125
0 0.3283191951075163 0.935546875 0.0066087985796014995 0.005859375
0 0.14090550404419017 0.934814453125 0.001874136910633261 0.00439453125
0 0.2823535214046163 0.93408203125 0.0014795817715525744 0.00390625
0 0.5474945748668376 0.934326171875 0.0028605247583349774 0.00732421875
0 0.40969619254290784 0.93212890625 0.0008877490629315447 0.0029296875
0 0.5667291378970211 0.931640625 0.0014795817715525744 0.0029296875
0 0.3596370092720458 0.93212890625 0.0011836654172420597 0.00390625
0 0.5508482935490234 0.931396484375 0.001874136910633261 0.00341796875
0 0.42927599131978694 0.93212890625 0.0019727756954034327 0.0048828125
0 0.3862694811599921 0.93115234375 0.0033537186821858355 0.0029296875
0 0.3740382718484908 0.931884765625 0.0019727756954034327 0.00439453125
0 0.3411915565200237 0.931396484375 0.0019727756954034327 0.00341796875
0 0.3147563622016177 0.93212890625 0.0027618859735648055 0.0048828125
0 0.15698362596172816 0.932373046875 0.005819688301440126 0.00537109375
0 0.1265535608601302 0.932861328125 0.005918327086210298 0.00634765625
0 0.5244624186230026 0.932861328125 0.005721049516669955 0.00830078125
0 0.32452160189386464 0.93017578125 0.0017754981258630894 0.0029296875
0 0.5267311106727165 0.929443359375 0.0009863878477017164 0.00244140625
0 0.37014203985006905 0.931640625 0.0030578023278753207 0.0068359375
0 0.33404024462418624 0.932861328125 0.004044190175577037 0.00927734375
0 0.5532649437758926 0.930908203125 0.0019727756954034327 0.00634765625
0 0.367232195699349 0.93017578125 0.001578220556322746 0.005859375
0 0.33655553363582563 0.928955078125 0.0025646084040244622 0.00341796875
0 0.18026237916748866 0.92822265625 0.0014795817715525744 0.001953125
0 0.5553856776484514 0.927978515625 0.0006904714933912014 0.00244140625
0 0.4880153876504241 0.9306640625 0.006214243440520813 0.0078125
0 0.28531268494772144 0.929443359375 0.001874136910633261 0.00537109375
0 0.300009863878477 0.92822265625 0.0036496350364963502 0.00390625
0 0.3933221542710594 0.92822265625 0.002071414480173604 0.0048828125
0 0.13015387650424146 0.927978515625 0.002663247188794634 0.00439453125
0 0.5051292168080489 0.9306640625 0.003156441112645492 0.0107421875
0 0.4769678437561649 0.92724609375 0.0012823042020122311 0.00390625
0 0.35583941605839414 0.927490234375 0.00424146774511738 0.00439453125
0 0.14445650029591636 0.92724609375 0.005819688301440126 0.00390625
0 0.5202209508778852 0.930419921875 0.004537384099427895 0.01123046875
0 0.43889327283487867 0.927490234375 0.001874136910633261 0.00537109375
0 0.4168968238311304 0.926513671875 0.001085026632471888 0.00341796875
0 0.3623002564608404 0.92626953125 0.0019727756954034327 0.0029296875
0 0.44101400670743734 0.92626953125 0.0011836654172420597 0.00390625
0 0.2954724797790491 0.925537109375 0.0014795817715525744 0.00341796875
0 0.4422963109094496 0.92431640625 0.000789110278161373 0.001953125
0 0.31243835075951865 0.9267578125 0.002663247188794634 0.0068359375
0 0.1404616295127244 0.923583984375 0.002170053264943776 0.00244140625
0 0.13469126060366937 0.924072265625 0.002071414480173604 0.00341796875
0 0.36451962911816926 0.923583984375 0.003255079897415664 0.00341796875
0 0.4363286644308542 0.92578125 0.00424146774511738 0.0087890625
0 0.36116591043598345 0.923095703125 0.0012823042020122311 0.00341796875
0 0.3473071611757743 0.923828125 0.002170053264943776 0.0048828125
0 0.5239692246991517 0.922119140625 0.0013809429867824028 0.00244140625
0 0.4913197869402249 0.921875 0.0009863878477017164 0.001953125
0 0.48890313671335567 0.92333984375 0.0016768593410929177 0.005859375
0 0.35169658709804696 0.922607421875 0.002071414480173604 0.00439453125
0 0.5594791872164135 0.92333984375 0.002170053264943776 0.0068359375
0 0.5387650424146775 0.92138671875 0.0013809429867824028 0.0029296875
0 0.32743144604458474 0.923095703125 0.0016768593410929177 0.00634765625
0 0.5159301637403827 0.922607421875 0.00424146774511738 0.00634765625
0 0.3576149141842572 0.9208984375 0.002465969619254291 0.0029296875
0 0.35001972775695406 0.9208984375 0.0012823042020122311 0.0029296875
0 0.37675083842967055 0.920166015625 0.001085026632471888 0.00244140625
0 0.5340797001380942 0.921142578125 0.0016768593410929177 0.00537109375
0 0.35968632866443084 0.919921875 0.0008877490629315447 0.0029296875
0 0.44836259617281515 0.919921875 0.0014795817715525744 0.00390625
0 0.32531071217202606 0.919921875 0.0019727756954034327 0.00390625
0 0.18479976326691655 0.92041015625 0.006806076149141842 0.0048828125
0 0.4501874136910633 0.919189453125 0.0017754981258630894 0.00341796875
0 0.31687709607417636 0.9189453125 0.001874136910633261 0.0029296875
0 0.21434207930558297 0.91845703125 0.0013809429867824028 0.0029296875
0 0.10406391793253107 0.918212890625 0.003156441112645492 0.00244140625
0 0.367232195699349 0.91845703125 0.002170053264943776 0.00390625
0 0.17720457683961333 0.91796875 0.00483330045373841 0.0029296875
0 0.1279345038469126 0.919189453125 0.001578220556322746 0.00537109375
0 0.5661373051884001 0.9169921875 0.001085026632471888 0.001953125
0 0.5377786545669757 0.917724609375 0.0011836654172420597 0.00341796875
0 0.4641448017360426 0.9189453125 0.00424146774511738 0.005859375
0 0.4214342079305583 0.920654296875 0.0044387453146577235 0.00927734375
0 0.3751232984809627 0.9169921875 0.0033537186821858355 0.0029296875
0 0.14085618465180508 0.918212890625 0.004931939238508582 0.00537109375
0 0.11831722233182088 0.918212890625 0.005030578023278753 0.00537109375
0 0.4068356677845729 0.916259765625 0.0012823042020122311 0.00244140625
0 0.12300256460840403 0.916259765625 0.0009863878477017164 0.00244140625
0 0.10993292562635629 0.918212890625 0.007200631288222529 0.00634765625
0 0.5211580193332018 0.919677734375 0.0044387453146577235 0.01025390625
0 0.3717695797987769 0.915771484375 0.0009863878477017164 0.00244140625
0 0.1738508581574275 0.9150390625 0.001085026632471888 0.001953125
0 0.33537186821858356 0.917236328125 0.0033537186821858355 0.00732421875
0 0.12492602091142237 0.91455078125 0.0014795817715525744 0.001953125
0 0.34503846912606034 0.915771484375 0.0025646084040244622 0.00537109375
0 0.5384198066679818 0.913818359375 0.0014795817715525744 0.00244140625
0 0.1304004734661669 0.91455078125 0.003748273821266522 0.0048828125
0 0.09992108897218387 0.91357421875 0.002959163543105149 0.0029296875
0 0.34365752613927797 0.9130859375 0.0009863878477017164 0.0029296875
0 0.35342276583152493 0.9130859375 0.0019727756954034327 0.00390625
0 0.33921878082462026 0.9130859375 0.0011836654172420597 0.00390625
0 0.31416452949299667 0.912841796875 0.0009863878477017164 0.00341796875
0 0.1634444663641744 0.913330078125 0.006904714933912014 0.00537109375
0 0.7244525547445255 0.915283203125 0.005030578023278753 0.01025390625
0 0.5572598145590847 0.91162109375 0.0008877490629315447 0.0029296875
0 0.3205760505030578 0.911865234375 0.006312882225290984 0.00439453125
0 0.2974945748668376 0.911376953125 0.001578220556322746 0.00341796875
0 0.15111461826790293 0.911865234375 0.0023673308344841193 0.00439453125
0 0.3497731307950286 0.91064453125 0.0023673308344841193 0.0029296875
0 0.5251528901163938 0.90966796875 0.003156441112645492 0.0029296875
0 0.19436772538962319 0.909423828125 0.007397908857762872 0.00439453125
0 0.35312684947721446 0.908203125 0.0011836654172420597 0.0029296875
0 0.1276385874926021 0.908203125 0.002959163543105149 0.0029296875
0 0.5565693430656934 0.90771484375 0.0008877490629315447 0.0029296875
0 0.14406194515683568 0.9091796875 0.010159794831327678 0.005859375
0 0.11072203590451765 0.908203125 0.006411521010061156 0.00390625
0 0.32733280725981456 0.9072265625 0.0038469126060366936 0.0029296875
0 0.5420694417044782 0.906494140625 0.0028605247583349774 0.00341796875
0 0.12196685736831722 0.907958984375 0.006411521010061156 0.00634765625
0 0.5429571907674098 0.91162109375 0.005030578023278753 0.0146484375
0 0.4253797593213652 0.904296875 0.0014795817715525744 0.0029296875
0 0.31233971197474847 0.90380859375 0.0008877490629315447 0.001953125
0 0.1064312487670152 0.906982421875 0.010455711185638194 0.00830078125
0 0.568356677845729 0.90869140625 0.006312882225290984 0.0126953125
0 0.5588873545077925 0.9033203125 0.0009863878477017164 0.001953125
0 0.5208621029788914 0.90283203125 0.001085026632471888 0.0029296875
0 0.40131189583744326 0.902587890625 0.0016768593410929177 0.00244140625
0 0.342523180114421 0.90478515625 0.0028605247583349774 0.0078125
0 0.12857565594791873 0.902587890625 0.0022686920497139475 0.00341796875
0 0.5360031564411126 0.90087890625 0.001578220556322746 0.001953125
0 0.33117971986585126 0.89990234375 0.0008877490629315447 0.0029296875
0 0.5156342473860722 0.89990234375 0.0016768593410929177 0.0048828125
0 0.43440520812783584 0.898681640625 0.0009863878477017164 0.00244140625
0 0.3387749062931545 0.8994140625 0.0012823042020122311 0.00390625
0 0.3567271651213257 0.8994140625 0.0044387453146577235 0.0048828125
0 0.10095679621227066 0.8984375 0.001874136910633261 0.0029296875
0 0.5677155257447228 0.8984375 0.002465969619254291 0.00390625
0 0.5049319392385085 0.89990234375 0.0025646084040244622 0.0068359375
0 0.39292759913197867 0.897705078125 0.001085026632471888 0.00244140625
0 0.3415367922667193 0.8974609375 0.001085026632471888 0.001953125
0 0.20502071414480175 0.897705078125 0.0036496350364963502 0.00244140625
0 0.5064115210100611 0.89794921875 0.0019727756954034327 0.00390625
0 0.4272045768396133 0.898681640625 0.002959163543105149 0.00537109375
0 0.5018248175182481 0.897705078125 0.002071414480173604 0.00634765625
0 0.3345334385480371 0.89599609375 0.002071414480173604 0.0029296875
0 0.5492207536003156 0.89501953125 0.0023673308344841193 0.0029296875
0 0.3921384888538173 0.894775390625 0.0012823042020122311 0.00244140625
0 0.33640757545867034 0.89501953125 0.0014795817715525744 0.0029296875
0 0.41216216216216217 0.8955078125 0.001874136910633261 0.0048828125
0 0.5288025251528902 0.899169921875 0.006510159794831328 0.01318359375
0 0.49156638390215035 0.893798828125 0.0008877490629315447 0.00244140625
0 0.5184454527520221 0.893310546875 0.0011836654172420597 0.00244140625
0 0.5761491418425725 0.894775390625 0.003156441112645492 0.00634765625
0 0.5049812586308937 0.892822265625 0.0030578023278753207 0.00244140625
0 0.4389425922272638 0.893798828125 0.0011836654172420597 0.00439453125
0 0.5217005326494377 0.894287109375 0.004734661668968239 0.00732421875
0 0.7306174787926613 0.893798828125 0.006707437364371671 0.00732421875
0 0.5166206352337739 0.8916015625 0.0016768593410929177 0.0029296875
0 0.5080390609587689 0.8916015625 0.0028605247583349774 0.0029296875
0 0.4318405997238114 0.890869140625 0.000789110278161373 0.00244140625
0 0.36037680015782203 0.8916015625 0.0012823042020122311 0.00390625
0 0.5259913197869402 0.891845703125 0.003452357466956007 0.00537109375
0 0.5867528112053659 0.890869140625 0.0014795817715525744 0.00439453125
0 0.3210199250345236 0.890380859375 0.0014795817715525744 0.00341796875
0 0.3496744920102584 0.889892578125 0.0019727756954034327 0.00341796875
0 0.5481850463602288 0.88916015625 0.001085026632471888 0.0029296875
0 0.5232787532057604 0.889404296875 0.002959163543105149 0.00341796875
0 0.3397612941408562 0.889404296875 0.002071414480173604 0.00341796875
0 0.32693825212073385 0.88916015625 0.003255079897415664 0.0029296875
0 0.4877687906884987 0.88916015625 0.0009863878477017164 0.00390625
0 0.4266127441309923 0.889404296875 0.005326494377589268 0.00439453125
0 0.4184257249950681 0.888427734375 0.001578220556322746 0.00244140625
0 0.41117577431446045 0.88916015625 0.0036496350364963502 0.00390625
0 0.4340106529887552 0.887939453125 0.001578220556322746 0.00244140625
0 0.3354211876109686 0.888671875 0.0016768593410929177 0.00390625
0 0.5005918327086211 0.88818359375 0.001578220556322746 0.00390625
0 0.5328467153284672 0.8876953125 0.0019727756954034327 0.00390625
0 0.5500098638784771 0.888427734375 0.002170053264943776 0.00634765625
0 0.3869106332609982 0.885986328125 0.001874136910633261 0.00341796875
0 0.7204083645689485 0.886962890625 0.0044387453146577235 0.00634765625
0 0.5052771749852042 0.885009765625 0.0038469126060366936 0.00537109375
0 0.4836752811205366 0.88623046875 0.00542513316235944 0.0078125
0 0.5542513316235944 0.8837890625 0.0013809429867824028 0.00390625
0 0.5510455711185638 0.88330078125 0.0014795817715525744 0.0029296875
0 0.4422963109094496 0.884765625 0.003156441112645492 0.005859375
0 0.31184651805089764 0.882568359375 0.0014795817715525744 0.00244140625
0 0.5257940422173999 0.882568359375 0.0016768593410929177 0.00341796875
0 0.3876011047543894 0.8828125 0.0030578023278753207 0.00390625
0 0.5053758137699743 0.880859375 0.0008877490629315447 0.001953125
0 0.4193134740579996 0.882568359375 0.004931939238508582 0.00634765625
0 0.42567567567567566 0.883056640625 0.003255079897415664 0.00830078125
0 0.42064509765239694 0.87939453125 0.0006904714933912014 0.001953125
0 0.5163740382718485 0.8798828125 0.001578220556322746 0.00390625
0 0.36496350364963503 0.878662109375 0.0009863878477017164 0.00244140625
0 0.3330045373840994 0.879638671875 0.0025646084040244622 0.00439453125
0 0.3355691457881239 0.87841796875 0.000789110278161373 0.0029296875
0 0.7167094101400671 0.878173828125 0.003748273821266522 0.00439453125
0 0.4232097060564214 0.87939453125 0.003452357466956007 0.0078125
0 0.34760307753008485 0.87744140625 0.0011836654172420597 0.00390625
0 0.48387255869007695 0.87744140625 0.006411521010061156 0.0078125
0 0.34508778851844546 0.874755859375 0.0014795817715525744 0.00244140625
0 0.5490727954231603 0.874755859375 0.001085026632471888 0.00341796875
0 0.4962517261787335 0.875732421875 0.0033537186821858355 0.00537109375
0 0.5083349773130795 0.876953125 0.00424146774511738 0.0087890625
0 0.35939041231012037 0.875244140625 0.0014795817715525744 0.00537109375
0 0.5428092325902545 0.873779296875 0.0019727756954034327 0.00341796875
0 0.5123298480962715 0.8740234375 0.0017754981258630894 0.00390625
0 0.7231209311501282 0.87646484375 0.004931939238508582 0.009765625
0 0.7160189386466759 0.872802734375 0.0009863878477017164 0.00341796875
0 0.5466068258039061 0.875 0.00424146774511738 0.0087890625
0 0.520664825409351 0.878173828125 0.006411521010061156 0.01513671875
0 0.5072499506806076 0.872314453125 0.0012823042020122311 0.00341796875
0 0.4818997829946735 0.871337890625 0.0008877490629315447 0.00244140625
0 0.5375320576050503 0.872314453125 0.005622410731899783 0.00732421875
0 0.4785460643124877 0.870361328125 0.001085026632471888 0.00341796875
0 0.351745906490432 0.8701171875 0.0025646084040244622 0.0029296875
0 0.5418228447425528 0.869873046875 0.001578220556322746 0.00341796875
0 0.7190274215821661 0.868896484375 0.0006904714933912014 0.00244140625
0 0.7172026040639179 0.869873046875 0.001578220556322746 0.00439453125
0 0.5491714342079306 0.869873046875 0.0014795817715525744 0.00439453125
0 0.5177056618662458 0.869140625 0.0012823042020122311 0.0029296875
0 0.7202604063917932 0.868896484375 0.0011836654172420597 0.00341796875
0 0.527569540343263 0.8701171875 0.0014795817715525744 0.005859375
0 0.5527717498520418 0.87353515625 0.004734661668968239 0.013671875
0 0.48890313671335567 0.86865234375 0.0028605247583349774 0.00390625
0 0.42064509765239694 0.870361328125 0.0036496350364963502 0.00732421875
0 0.5146478595383704 0.870361328125 0.003255079897415664 0.00830078125
0 0.5085815742750049 0.86767578125 0.0013809429867824028 0.0029296875
0 0.4428881436180706 0.867431640625 0.001578220556322746 0.00244140625
0 0.5339810613533241 0.868896484375 0.001874136910633261 0.00634765625
0 0.5241665022686921 0.867919921875 0.0017754981258630894 0.00537109375
0 0.5462122706648254 0.866943359375 0.0036496350364963502 0.00439453125
0 0.4227658315249556 0.86669921875 0.002959163543105149 0.00390625
0 0.7269185243637798 0.865478515625 0.001085026632471888 0.00244140625
0 0.572450187413691 0.866455078125 0.0014795817715525744 0.00537109375
0 0.5111955020714145 0.867919921875 0.003255079897415664 0.00830078125
0 0.5296902742158217 0.867431640625 0.003156441112645492 0.00830078125
0 0.5165713158413888 0.864501953125 0.0005918327086210298 0.00244140625
0 0.41295127244032354 0.865478515625 0.001874136910633261 0.00439453125
0 0.5151903728546064 0.86376953125 0.0009863878477017164 0.001953125
0 0.34350956796212273 0.864501953125 0.003452357466956007 0.00341796875
0 0.718978102189781 0.8642578125 0.0033537186821858355 0.00390625
0 0.5398007496547642 0.8642578125 0.001874136910633261 0.0048828125
0 0.3232886170842375 0.862548828125 0.0008877490629315447 0.00244140625
0 0.424146774511738 0.8623046875 0.0017754981258630894 0.0029296875
0 0.7090155849279937 0.86328125 0.004931939238508582 0.005859375
0 0.7288913000591832 0.86181640625 0.003255079897415664 0.00390625
0 0.5209114223712764 0.861083984375 0.000789110278161373 0.00244140625
0 0.4788913000591833 0.86279296875 0.003550996251726179 0.005859375
0 0.7052673111067271 0.8623046875 0.0025646084040244622 0.005859375
0 0.541970802919708 0.86279296875 0.0022686920497139475 0.0078125
0 0.5240678634839219 0.860107421875 0.0017754981258630894 0.00341796875
0 0.4176859341092918 0.860107421875 0.0014795817715525744 0.00439453125
0 0.7143913986979681 0.863037109375 0.005227855592819097 0.01220703125
0 0.5229335174590649 0.858642578125 0.0012823042020122311 0.00341796875
0 0.540787137502466 0.857666015625 0.002465969619254291 0.00244140625
0 0.510307753008483 0.8564453125 0.0006904714933912014 0.001953125
0 0.41433221542710597 0.858154296875 0.0044387453146577235 0.00537109375
0 0.5138587492602091 0.858642578125 0.0036496350364963502 0.00732421875
0 0.4969915170645098 0.861328125 0.00483330045373841 0.0126953125
0 0.5601696587098047 0.8564453125 0.0013809429867824028 0.0048828125
0 0.4113237324916157 0.856689453125 0.002170053264943776 0.00537109375
0 0.42750049319392386 0.856201171875 0.002959163543105149 0.00634765625
0 0.7232688893272835 0.856201171875 0.006411521010061156 0.00732421875
0 0.5257940422173999 0.855224609375 0.003255079897415664 0.00537109375
0 0.44525547445255476 0.8544921875 0.003550996251726179 0.0048828125
0 0.4320871966857368 0.85498046875 0.00483330045373841 0.005859375
0 0.33916946143223514 0.852783203125 0.0008877490629315447 0.00244140625
0 0.728151509173407 0.853271484375 0.0025646084040244622 0.00439453125
0 0.5223910041428289 0.85302734375 0.001578220556322746 0.0048828125
0 0.43060761491418426 0.851318359375 0.0022686920497139475 0.00244140625
0 0.4072302229236536 0.85107421875 0.001085026632471888 0.001953125
0 0.18558887354507791 0.851318359375 0.001085026632471888 0.00244140625
0 0.5685539554152693 0.851806640625 0.0019727756954034327 0.00439453125
0 0.5038962319984218 0.85400390625 0.004044190175577037 0.0087890625
0 0.7119254290787137 0.850830078125 0.0012823042020122311 0.00439453125
0 0.34360820674689285 0.8505859375 0.0012823042020122311 0.00390625
0 0.4085125271256658 0.848388671875 0.0008877490629315447 0.00244140625
0 0.715525744722825 0.851318359375 0.004142828960347208 0.00927734375
0 0.5166699546261591 0.851806640625 0.003550996251726179 0.01123046875
0 0.5076938252120734 0.85009765625 0.004931939238508582 0.0078125
0 0.5138094298678241 0.849365234375 0.004142828960347208 0.00732421875
0 0.44836259617281515 0.848388671875 0.0036496350364963502 0.00537109375
0 0.7057605050305781 0.84619140625 0.0017754981258630894 0.001953125
0 0.41250739790885776 0.846923828125 0.002170053264943776 0.00439453125
0 0.34232590254488066 0.845947265625 0.0008877490629315447 0.00244140625
0 0.5208621029788914 0.84619140625 0.0014795817715525744 0.00390625
0 0.5704280923259025 0.84521484375 0.0009863878477017164 0.0029296875
0 0.5073485894653778 0.84521484375 0.0016768593410929177 0.0029296875
0 0.7296310909449596 0.844482421875 0.0009863878477017164 0.00244140625
0 0.719520615506017 0.845947265625 0.00483330045373841 0.00537109375
0 0.5019234563030184 0.844482421875 0.0008877490629315447 0.00244140625
0 0.5190866048530283 0.8447265625 0.0014795817715525744 0.00390625
0 0.7126652199644901 0.843017578125 0.0011836654172420597 0.00244140625
0 0.7246005129216808 0.843505859375 0.0033537186821858355 0.00439453125
0 0.5060662852633655 0.842529296875 0.0016768593410929177 0.00341796875
0 0.42547839810613536 0.841796875 0.001085026632471888 0.0029296875
0 0.40239692246991515 0.841796875 0.0016768593410929177 0.0029296875
0 0.44599526533833106 0.84423828125 0.002663247188794634 0.009765625
0 0.5168672321956993 0.841796875 0.0019727756954034327 0.005859375
0 0.5121325705267311 0.83984375 0.0013809429867824028 0.0029296875
0 0.7269185243637798 0.841552734375 0.002663247188794634 0.00732421875
0 0.4665614519629118 0.841552734375 0.004142828960347208 0.00732421875
0 0.46049516669954627 0.84033203125 0.001874136910633261 0.0048828125
0 0.28689090550404417 0.83984375 0.003452357466956007 0.0048828125
0 0.44910238705859146 0.840087890625 0.0017754981258630894 0.00634765625
0 0.5310712172026041 0.8369140625 0.0009863878477017164 0.001953125
0 0.424146774511738 0.83837890625 0.0013809429867824028 0.0048828125
0 0.7221345433024265 0.838134765625 0.0061156046557506415 0.00634765625
0 0.415515880844348 0.83642578125 0.0012823042020122311 0.0029296875
0 0.44653777865456695 0.835693359375 0.0027618859735648055 0.00341796875
0 0.2503945551390807 0.835205078125 0.0022686920497139475 0.00341796875
0 0.701716314855001 0.83544921875 0.005918327086210298 0.005859375
0 0.5 0.835693359375 0.003748273821266522 0.00732421875
0 0.48806470704280924 0.832763671875 0.0011836654172420597 0.00341796875
0 0.4213848885381732 0.833740234375 0.0013809429867824028 0.00537109375
0 0.3497731307950286 0.83203125 0.000789110278161373 0.001953125
0 0.5332905898599329 0.8330078125 0.0022686920497139475 0.0048828125
0 0.4182777668179128 0.832763671875 0.0022686920497139475 0.00439453125
0 0.5041428289603472 0.83349609375 0.005523771947129611 0.0068359375
0 0.48840994278950484 0.8369140625 0.0066087985796014995 0.013671875
0 0.4021010061156047 0.83251953125 0.0016768593410929177 0.0048828125
0 0.520664825409351 0.834228515625 0.006806076149141842 0.01025390625
0 0.4279936871177747 0.83447265625 0.005326494377589268 0.0107421875
0 0.27801341487472875 0.830810546875 0.002071414480173604 0.00341796875
0 0.4659202998619057 0.83251953125 0.0028605247583349774 0.0078125
0 0.4195107516275399 0.830322265625 0.0019727756954034327 0.00439453125
0 0.7105444860919313 0.83251953125 0.004636022884198066 0.009765625
0 0.42271651213257055 0.828125 0.0030578023278753207 0.00390625
0 0.7256855395541527 0.829345703125 0.0072992700729927005 0.00830078125
0 0.5193332018149537 0.825439453125 0.0011836654172420597 0.00244140625
0 0.48722627737226276 0.826171875 0.002465969619254291 0.00390625
0 0.48042020122312096 0.828125 0.00542513316235944 0.0078125
0 0.7128131781416452 0.826904296875 0.001874136910633261 0.00634765625
0 0.5097159202998619 0.82470703125 0.001085026632471888 0.001953125
0 0.275300848293549 0.8251953125 0.0009863878477017164 0.0029296875
0 0.5175577036890906 0.825439453125 0.0017754981258630894 0.00439453125
0 0.4078713750246597 0.824951171875 0.001578220556322746 0.00341796875
0 0.4623693036101795 0.826904296875 0.002663247188794634 0.00830078125
0 0.38094298678240285 0.823974609375 0.0011836654172420597 0.00244140625
0 0.255178536200434 0.82373046875 0.0011836654172420597 0.0029296875
0 0.43169264154665615 0.824462890625 0.001874136910633261 0.00634765625
0 0.41324718879463407 0.8232421875 0.0014795817715525744 0.00390625
0 0.27668179128033143 0.822509765625 0.0005918327086210298 0.00244140625
0 0.7312093115012823 0.821533203125 0.0009863878477017164 0.00244140625
0 0.4275498125863089 0.82275390625 0.002465969619254291 0.005859375
0 0.33187019135924245 0.821533203125 0.002071414480173604 0.00341796875
0 0.26903728546064315 0.822021484375 0.001085026632471888 0.00439453125
0 0.08961333596370093 0.821044921875 0.0008877490629315447 0.00244140625
0 0.42888143618070623 0.823486328125 0.002170053264943776 0.00830078125
0 0.5401953047938449 0.820556640625 0.0008877490629315447 0.00341796875
0 0.47928585519826394 0.820556640625 0.0019727756954034327 0.00341796875
0 0.45842375221937265 0.822265625 0.004044190175577037 0.0078125
0 0.46838626948115997 0.819580078125 0.0014795817715525744 0.00341796875
0 0.5169165515880845 0.8193359375 0.001085026632471888 0.00390625
0 0.7268198855790097 0.8193359375 0.005819688301440126 0.0048828125
0 0.49353915959755373 0.818603515625 0.001874136910633261 0.00341796875
0 0.4215328467153285 0.818603515625 0.003255079897415664 0.00341796875
0 0.5139573880449793 0.82177734375 0.002663247188794634 0.0107421875
0 0.30918327086210295 0.817626953125 0.001874136910633261 0.00244140625
0 0.2819096468731505 0.818115234375 0.0011836654172420597 0.00341796875
0 0.2781120536594989 0.81787109375 0.0014795817715525744 0.0029296875
0 0.7135529690274216 0.817138671875 0.002170053264943776 0.00244140625
0 0.2729335174590649 0.81689453125 0.003748273821266522 0.0029296875
0 0.26711382915762477 0.81982421875 0.003156441112645492 0.0087890625
0 0.49585717103965277 0.81591796875 0.000789110278161373 0.001953125
0 0.4088577628723614 0.816650390625 0.0013809429867824028 0.00341796875
0 0.4179818504636023 0.816162109375 0.001874136910633261 0.00341796875
0 0.7326395738804498 0.815673828125 0.0008877490629315447 0.00341796875
0 0.540836456894851 0.8154296875 0.0013809429867824028 0.0029296875
0 0.7210001972775696 0.81494140625 0.001085026632471888 0.0029296875
0 0.4340106529887552 0.815185546875 0.0027618859735648055 0.00634765625
0 0.426464785953837 0.815673828125 0.005227855592819097 0.00732421875
0 0.3381830735845334 0.8134765625 0.0008877490629315447 0.0029296875
0 0.31002170053264944 0.813232421875 0.0017754981258630894 0.00244140625
0 0.2644012625764451 0.8134765625 0.0008877490629315447 0.0029296875
0 0.26780430065101596 0.812744140625 0.000789110278161373 0.00244140625
0 0.24906293154468337 0.81298828125 0.0019727756954034327 0.0029296875
0 0.7200138094298678 0.8125 0.001085026632471888 0.0029296875
0 0.31450976523969226 0.811767578125 0.001085026632471888 0.00341796875
0 0.4707536003156441 0.810546875 0.0008877490629315447 0.001953125
0 0.5420201223120931 0.8115234375 0.0011836654172420597 0.0048828125
0 0.44032353521404616 0.814208984375 0.006904714933912014 0.01025390625
0 0.4372657328861708 0.810791015625 0.002170053264943776 0.00341796875
0 0.41946143223515486 0.811767578125 0.007200631288222529 0.00537109375
0 0.27608995857171037 0.810546875 0.0011836654172420597 0.0029296875
0 0.1686723219569935 0.810302734375 0.0009863878477017164 0.00244140625
0 0.5007891102781614 0.81298828125 0.0027618859735648055 0.0087890625
0 0.475290984415072 0.810546875 0.0014795817715525744 0.005859375
0 0.2540935095679621 0.809326171875 0.0027618859735648055 0.00439453125
0 0.42917735253501677 0.81103515625 0.0033537186821858355 0.0087890625
0 0.42330834484119156 0.80810546875 0.0014795817715525744 0.0029296875
0 0.3455809824422963 0.807861328125 0.0006904714933912014 0.00244140625
0 0.28161373051884003 0.80810546875 0.0013809429867824028 0.0029296875
0 0.5178536200434011 0.810546875 0.0039455513908068654 0.0087890625
0 0.5371868218583548 0.808837890625 0.002170053264943776 0.00634765625
0 0.5262379167488657 0.80810546875 0.004340106529887552 0.0048828125
0 0.2378674294732689 0.806884765625 0.001085026632471888 0.00244140625
0 0.5339810613533241 0.8076171875 0.0038469126060366936 0.005859375
0 0.4315446833695009 0.806640625 0.0013809429867824028 0.00390625
0 0.3041033734464391 0.805908203125 0.0011836654172420597 0.00244140625
0 0.5210100611560465 0.80615234375 0.0017754981258630894 0.00390625
0 0.49048135726967845 0.80517578125 0.0006904714933912014 0.001953125
0 0.4585223910041428 0.8076171875 0.002663247188794634 0.0068359375
0 0.4262181889919116 0.80517578125 0.0009863878477017164 0.001953125
0 0.710347208522391 0.804931640625 0.001874136910633261 0.00244140625
0 0.4403728546064313 0.80615234375 0.0038469126060366936 0.0048828125
0 0.43549023476030774 0.805419921875 0.0013809429867824028 0.00341796875
0 0.2855099625172618 0.804931640625 0.002071414480173604 0.00341796875
0 0.25922272637601107 0.8046875 0.0019727756954034327 0.00390625
0 0.5000493193923851 0.8037109375 0.0008877490629315447 0.0029296875
0 0.5652495561254686 0.8056640625 0.002663247188794634 0.0078125
0 0.562635628329059 0.802734375 0.000789110278161373 0.0029296875
0 0.5531169855987375 0.803466796875 0.0012823042020122311 0.00439453125
0 0.27248964292759914 0.802978515625 0.001085026632471888 0.00341796875
0 0.41536792266719275 0.8017578125 0.000789110278161373 0.001953125
0 0.17912803314263168 0.802001953125 0.0013809429867824028 0.00244140625
0 0.45625369895442885 0.803466796875 0.001874136910633261 0.00732421875
0 0.3325113434602486 0.8017578125 0.002170053264943776 0.0048828125
0 0.4209410140067074 0.8037109375 0.0044387453146577235 0.009765625
0 0.4123594397317025 0.80078125 0.004636022884198066 0.00390625
0 0.26208325113434605 0.80224609375 0.0027618859735648055 0.0068359375
0 0.4090550404419018 0.79931640625 0.000789110278161373 0.001953125
0 0.5473466166896824 0.798828125 0.0011836654172420597 0.001953125
0 0.47247977904912214 0.799072265625 0.000789110278161373 0.00244140625
0 0.3372953245216019 0.798828125 0.0008877490629315447 0.001953125
0 0.5543992898007497 0.79833984375 0.002465969619254291 0.0029296875
0 0.5197277569540343 0.7998046875 0.002170053264943776 0.005859375
0 0.5101104754389426 0.79833984375 0.0012823042020122311 0.0029296875
0 0.32388044979285857 0.7978515625 0.0012823042020122311 0.001953125
0 0.180459656737029 0.797607421875 0.0014795817715525744 0.00244140625
0 0.17533043992898006 0.79736328125 0.001085026632471888 0.001953125
0 0.7233675281120536 0.799072265625 0.004636022884198066 0.00634765625
0 0.2700236733083448 0.7978515625 0.0014795817715525744 0.00390625
0 0.4929473268889327 0.796875 0.0030578023278753207 0.0029296875
0 0.4355888735450779 0.797607421875 0.0013809429867824028 0.00439453125
0 0.49492010258433616 0.8017578125 0.00424146774511738 0.013671875
0 0.4803215624383508 0.796875 0.002071414480173604 0.00390625
0 0.3149043203787729 0.798095703125 0.0022686920497139475 0.00634765625
0 0.2676563424738607 0.797119140625 0.002663247188794634 0.00439453125
0 0.40540540540540543 0.796630859375 0.001578220556322746 0.00439453125
0 0.7335766423357665 0.795654296875 0.001578220556322746 0.00341796875
0 0.5238212665219965 0.797607421875 0.004636022884198066 0.00732421875
0 0.5053758137699743 0.799560546875 0.0028605247583349774 0.01123046875
0 0.42710593805484315 0.7958984375 0.002170053264943776 0.00390625
0 0.27584336160978495 0.795166015625 0.0016768593410929177 0.00244140625
0 0.24990136121522982 0.795166015625 0.0006904714933912014 0.00244140625
0 0.7174492010258433 0.798583984375 0.006806076149141842 0.01025390625
0 0.3071118563819294 0.795166015625 0.0012823042020122311 0.00341796875
0 0.5265831524955612 0.792724609375 0.0014795817715525744 0.00244140625
0 0.433320181495364 0.794189453125 0.005918327086210298 0.00537109375
0 0.553462221345433 0.792236328125 0.000789110278161373 0.00244140625
0 0.5302327875320576 0.792724609375 0.0012823042020122311 0.00341796875
0 0.2924639968435589 0.79248046875 0.001578220556322746 0.0029296875
0 0.4855000986387848 0.792724609375 0.002170053264943776 0.00537109375
0 0.3240284079700138 0.79248046875 0.0011836654172420597 0.0048828125
0 0.2489149733675281 0.791259765625 0.0012823042020122311 0.00341796875
0 0.497139475241665 0.791015625 0.002170053264943776 0.00390625
0 0.5156342473860722 0.789794921875 0.001874136910633261 0.00244140625
0 0.5058690076938253 0.789306640625 0.0012823042020122311 0.00244140625
0 0.33882422568553955 0.7900390625 0.0011836654172420597 0.00390625
0 0.5234267113829157 0.7900390625 0.002663247188794634 0.0048828125
0 0.21853422765831526 0.788818359375 0.001085026632471888 0.00244140625
0 0.3422272637601105 0.788818359375 0.0014795817715525744 0.00341796875
0 0.7315052278555928 0.787841796875 0.002170053264943776 0.00244140625
0 0.44491023870585916 0.78955078125 0.0044387453146577235 0.005859375
0 0.3278753205760505 0.789306640625 0.001578220556322746 0.00537109375
0 0.5512921680804892 0.791259765625 0.0025646084040244622 0.01025390625
0 0.48722627737226276 0.787353515625 0.0008877490629315447 0.00341796875
0 0.45985401459854014 0.78759765625 0.001578220556322746 0.00390625
0 0.4564509765239692 0.791748046875 0.004044190175577037 0.01220703125
0 0.4892976918524364 0.7880859375 0.002071414480173604 0.005859375
0 0.27791477608995857 0.788330078125 0.0038469126060366936 0.00634765625
0 0.46227066482540935 0.78662109375 0.0028605247583349774 0.00390625
0 0.4262181889919116 0.787109375 0.0025646084040244622 0.0048828125
0 0.22612941408561846 0.78564453125 0.0008877490629315447 0.001953125
0 0.11693627934503847 0.785888671875 0.0014795817715525744 0.00244140625
0 0.7266226080094693 0.787109375 0.002465969619254291 0.005859375
0 0.1105740777273624 0.78564453125 0.004537384099427895 0.0029296875
0 0.49191161964884594 0.78662109375 0.0025646084040244622 0.005859375
0 0.32008285657920693 0.785400390625 0.001578220556322746 0.00341796875
0 0.4997534030380746 0.784423828125 0.002465969619254291 0.00244140625
0 0.4331722233182087 0.785888671875 0.0028605247583349774 0.00537109375
0 0.25749654764253305 0.785888671875 0.002663247188794634 0.00537109375
0 0.4530972578417834 0.784912109375 0.002071414480173604 0.00439453125
0 0.325853225488262 0.783935546875 0.0008877490629315447 0.00244140625
0 0.33956401657131585 0.78369140625 0.001085026632471888 0.0029296875
0 0.2200631288222529 0.783203125 0.003748273821266522 0.0029296875
0 0.4883606233971198 0.78125 0.000789110278161373 0.001953125
0 0.3215131189583744 0.781494140625 0.0012823042020122311 0.00244140625
0 0.7258828171236931 0.781494140625 0.0019727756954034327 0.00439453125
0 0.3091339514697179 0.781005859375 0.0033537186821858355 0.00439453125
0 0.4582757940422174 0.780517578125 0.0013809429867824028 0.00439453125
0 0.49945748668376405 0.779296875 0.0028605247583349774 0.0029296875
0 0.48239297691852434 0.778076171875 0.0006904714933912014 0.00244140625
0 0.2780627342671138 0.778076171875 0.001578220556322746 0.00244140625
0 0.4607417636614717 0.7783203125 0.002959163543105149 0.00390625
0 0.3296508187019136 0.77783203125 0.0009863878477017164 0.0029296875
0 0.4851055434997041 0.77978515625 0.0025646084040244622 0.0078125
0 0.4443184059972381 0.780029296875 0.00542513316235944 0.00830078125
0 0.43933714736634444 0.7783203125 0.0019727756954034327 0.0048828125
0 0.30933122903925825 0.777099609375 0.0025646084040244622 0.00244140625
0 0.7326395738804498 0.7763671875 0.0014795817715525744 0.001953125
0 0.501726178733478 0.776611328125 0.0014795817715525744 0.00244140625
0 0.3454823436575261 0.7763671875 0.001085026632471888 0.001953125
0 0.3142631682777668 0.77685546875 0.0009863878477017164 0.0029296875
0 0.5608108108108109 0.77734375 0.003255079897415664 0.0048828125
0 0.515535608601302 0.77587890625 0.001085026632471888 0.0029296875
0 0.45245610574077727 0.775634765625 0.000789110278161373 0.00244140625
0 0.43662458078516475 0.775390625 0.0008877490629315447 0.001953125
0 0.34099427895048334 0.775634765625 0.0011836654172420597 0.00244140625
0 0.45916354310514895 0.775146484375 0.0011836654172420597 0.00341796875
0 0.33571710396527915 0.7744140625 0.0016768593410929177 0.0029296875
0 0.3264943775892681 0.774658203125 0.0009863878477017164 0.00341796875
0 0.5291477608995857 0.77587890625 0.002663247188794634 0.0068359375
0 0.25986387847701714 0.77490234375 0.002663247188794634 0.0048828125
0 0.28698954428881435 0.773193359375 0.001085026632471888 0.00244140625
0 0.27826001183665416 0.7734375 0.0017754981258630894 0.0029296875
0 0.2761392779640955 0.7734375 0.0008877490629315447 0.0029296875
0 0.5262379167488657 0.772216796875 0.0019727756954034327 0.00341796875
0 0.5732392976918524 0.770751953125 0.0012823042020122311 0.00244140625
0 0.4764746498323141 0.77099609375 0.0008877490629315447 0.0029296875
0 0.4719372657328862 0.770751953125 0.001085026632471888 0.00244140625
0 0.7279049122114816 0.77099609375 0.0012823042020122311 0.0048828125
0 0.5399980272243046 0.7705078125 0.002071414480173604 0.00390625
0 0.4909252318011442 0.76953125 0.0009863878477017164 0.001953125
0 0.4735154862892089 0.77001953125 0.0014795817715525744 0.0029296875
0 0.3432136516078122 0.77001953125 0.0014795817715525744 0.0029296875
0 0.3146577234168475 0.77001953125 0.000789110278161373 0.0029296875
0 0.716660090747682 0.77001953125 0.0030578023278753207 0.00390625
0 0.5297395936082068 0.77001953125 0.003452357466956007 0.00390625
0 0.4991615703294535 0.772216796875 0.0036496350364963502 0.00927734375
0 0.4698658512527126 0.769287109375 0.001874136910633261 0.00341796875
0 0.4394851055434997 0.771240234375 0.0036496350364963502 0.00732421875
0 0.5055237719471296 0.770263671875 0.002959163543105149 0.00634765625
0 0.4924541329650819 0.76904296875 0.0014795817715525744 0.00390625
0 0.4486585125271257 0.77197265625 0.005030578023278753 0.009765625
0 0.2801341487472874 0.768310546875 0.001578220556322746 0.00341796875
0 0.5537581376997436 0.768310546875 0.0017754981258630894 0.00537109375
0 0.5024166502268692 0.76708984375 0.0016768593410929177 0.0029296875
0 0.4659202998619057 0.766845703125 0.001085026632471888 0.00244140625
0 0.42296310909449597 0.7666015625 0.0009863878477017164 0.001953125
0 0.7057111856381929 0.768798828125 0.0022686920497139475 0.00732421875
0 0.5230814756362202 0.765869140625 0.0005918327086210298 0.00244140625
0 0.509814559084632 0.76708984375 0.0014795817715525744 0.0048828125
0 0.48732491615703294 0.7685546875 0.0036496350364963502 0.0078125
0 0.30153876504241467 0.765869140625 0.0011836654172420597 0.00244140625
0 0.2541921483527323 0.76611328125 0.0023673308344841193 0.0029296875
0 0.7215427105938055 0.76513671875 0.001578220556322746 0.001953125
0 0.5642631682777668 0.765380859375 0.001085026632471888 0.00244140625
0 0.5198757151311896 0.768798828125 0.004636022884198066 0.00927734375
0 0.4348490826593016 0.76904296875 0.002663247188794634 0.009765625
0 0.5678634839218781 0.76513671875 0.0025646084040244622 0.0029296875
0 0.5599230617478793 0.764892578125 0.0008877490629315447 0.00244140625
0 0.7182383113040047 0.7646484375 0.001085026632471888 0.0029296875
0 0.5282106924442691 0.76416015625 0.002170053264943776 0.001953125
0 0.7011738015387651 0.767333984375 0.0038469126060366936 0.00927734375
0 0.5177549812586308 0.7646484375 0.002959163543105149 0.00390625
0 0.49151706450976523 0.763671875 0.0011836654172420597 0.001953125
0 0.31559479187216416 0.7646484375 0.0012823042020122311 0.00390625
0 0.26627539948707835 0.76416015625 0.002071414480173604 0.0029296875
0 0.2587295324521602 0.763671875 0.0013809429867824028 0.001953125
0 0.5717597159202998 0.764404296875 0.0036496350364963502 0.00439453125
0 0.4669560071019925 0.76318359375 0.0011836654172420597 0.001953125
0 0.45571118563819296 0.7646484375 0.0013809429867824028 0.0048828125
0 0.4541822844742553 0.763916015625 0.0012823042020122311 0.00341796875
0 0.5052278555928191 0.764404296875 0.0033537186821858355 0.00537109375
0 0.4436279345038469 0.76513671875 0.003452357466956007 0.0068359375
0 0.44106332609982246 0.762939453125 0.0008877490629315447 0.00244140625
0 0.3052870388636812 0.762939453125 0.0011836654172420597 0.00244140625
0 0.7294338133754192 0.763916015625 0.0013809429867824028 0.00537109375
0 0.7199151706450977 0.762451171875 0.001085026632471888 0.00244140625
0 0.5001972775695404 0.76416015625 0.002170053264943776 0.005859375
0 0.5390116393766029 0.761474609375 0.001085026632471888 0.00244140625
0 0.4716906687709607 0.761474609375 0.0013809429867824028 0.00244140625
0 0.45077924639968436 0.76416015625 0.0033537186821858355 0.0078125
0 0.2548826198461235 0.76171875 0.001578220556322746 0.0029296875
0 0.7167587295324521 0.762451171875 0.001874136910633261 0.00634765625
0 0.5107516275399487 0.7607421875 0.0013809429867824028 0.00390625
0 0.48880449792858555 0.760986328125 0.001085026632471888 0.00439453125
0 0.3510061156046558 0.760009765625 0.0012823042020122311 0.00244140625
0 0.5671236930361018 0.760009765625 0.001874136910633261 0.00341796875
0 0.49600512921680806 0.759765625 0.0008877490629315447 0.0029296875
0 0.4763266916551588 0.761474609375 0.003156441112645492 0.00634765625
0 0.2876306963898205 0.760498046875 0.0011836654172420597 0.00439453125
0 0.7145393568751233 0.760498046875 0.0017754981258630894 0.00537109375
0 0.3272341684750444 0.759033203125 0.0008877490629315447 0.00244140625
0 0.6480568159400276 0.7587890625 0.0013809429867824028 0.0029296875
0 0.5762971000197278 0.76123046875 0.003452357466956007 0.0087890625
0 0.5224403235352141 0.759033203125 0.0028605247583349774 0.00439453125
0 0.5067567567567568 0.75830078125 0.0012823042020122311 0.0029296875
0 0.43514499901361214 0.75927734375 0.002663247188794634 0.0048828125
0 0.5576543696981653 0.757568359375 0.002071414480173604 0.00244140625
0 0.5121818899191162 0.7578125 0.003452357466956007 0.0029296875
0 0.4917143420793056 0.75732421875 0.0009863878477017164 0.001953125
0 0.4544288814361807 0.7578125 0.0013809429867824028 0.0029296875
0 0.23101203393174197 0.75732421875 0.0009863878477017164 0.001953125
0 0.5514894456500296 0.7568359375 0.000789110278161373 0.001953125
0 0.4569441704478201 0.757568359375 0.002071414480173604 0.00341796875
0 0.5696883014401263 0.757568359375 0.001874136910633261 0.00439453125
0 0.5410337344643914 0.7578125 0.001578220556322746 0.0048828125
0 0.518396133359637 0.7578125 0.0014795817715525744 0.0048828125
0 0.48791674886565395 0.75634765625 0.001085026632471888 0.0029296875
0 0.4731702505425133 0.7578125 0.005523771947129611 0.005859375
0 0.32802327875320575 0.756103515625 0.001085026632471888 0.00244140625
0 0.3025744722825015 0.756103515625 0.0006904714933912014 0.00244140625
0 0.5031071217202604 0.7578125 0.0028605247583349774 0.0068359375
0 0.4679423949496942 0.758056640625 0.002959163543105149 0.00732421875
0 0.342523180114421 0.757080078125 0.0016768593410929177 0.00537109375
0 0.2552278555928191 0.755615234375 0.0006904714933912014 0.00244140625
0 0.7215427105938055 0.7578125 0.0019727756954034327 0.0078125
0 0.5663839021503255 0.755615234375 0.0011836654172420597 0.00341796875
0 0.5313178141645295 0.7548828125 0.001085026632471888 0.001953125
0 0.5273722627737226 0.756591796875 0.001874136910633261 0.00537109375
0 0.4797297297297297 0.755126953125 0.001085026632471888 0.00244140625
0 0.555139080686526 0.754638671875 0.002170053264943776 0.00244140625
0 0.7332314065890708 0.75439453125 0.002465969619254291 0.0029296875
0 0.4449595580982442 0.756103515625 0.0025646084040244622 0.00634765625
0 0.5010357072400868 0.754150390625 0.0022686920497139475 0.00341796875
0 0.4871769579798777 0.754150390625 0.0017754981258630894 0.00341796875
0 0.7122213454330243 0.756591796875 0.006016965870980469 0.00927734375
0 0.5056224107318997 0.75390625 0.0023673308344841193 0.00390625
0 0.4568455316630499 0.75341796875 0.0008877490629315447 0.0029296875
0 0.7174492010258433 0.755126953125 0.00424146774511738 0.00732421875
0 0.5369895442888144 0.75634765625 0.004142828960347208 0.009765625
0 0.5348194910238706 0.75390625 0.001578220556322746 0.0048828125
0 0.2558690076938252 0.752685546875 0.0011836654172420597 0.00244140625
0 0.5221937265732887 0.75244140625 0.0013809429867824028 0.0029296875
0 0.4905306766620635 0.753173828125 0.004142828960347208 0.00439453125
0 0.4715427105938055 0.7529296875 0.0022686920497139475 0.00390625
0 0.46059380548431644 0.7529296875 0.002071414480173604 0.00390625
0 0.5518346813967252 0.75244140625 0.0014795817715525744 0.00390625
0 0.46991517064509764 0.75146484375 0.000789110278161373 0.001953125
0 0.46227066482540935 0.75634765625 0.003255079897415664 0.01171875
0 0.33320181495363976 0.754638671875 0.002170053264943776 0.00830078125
0 0.27835865062142434 0.75146484375 0.000789110278161373 0.001953125
0 0.4325310712172026 0.753173828125 0.001578220556322746 0.00634765625
0 0.4960544486091931 0.751953125 0.0033537186821858355 0.0048828125
0 0.4575853225488262 0.75048828125 0.0009863878477017164 0.001953125
0 0.32397908857762875 0.751220703125 0.0008877490629315447 0.00341796875
0 0.2444762280528704 0.750732421875 0.0012823042020122311 0.00244140625
0 0.5195797987768791 0.751953125 0.002465969619254291 0.005859375
0 0.33009469323337937 0.75048828125 0.0008877490629315447 0.0029296875
0 0.33882422568553955 0.750732421875 0.0013809429867824028 0.00439453125
0 0.2924639968435589 0.74951171875 0.0011836654172420597 0.001953125
0 0.7167587295324521 0.7490234375 0.001085026632471888 0.001953125
0 0.5704774117182876 0.751220703125 0.0030578023278753207 0.00634765625
0 0.4388439534424936 0.75 0.0011836654172420597 0.00390625
0 0.37507397908857765 0.749267578125 0.0006904714933912014 0.00244140625
0 0.7249950680607615 0.7490234375 0.001578220556322746 0.0029296875
0 0.5314164529492996 0.75 0.002071414480173604 0.0048828125
0 0.44244426908660484 0.748779296875 0.0028605247583349774 0.00341796875
0 0.5623890313671336 0.747802734375 0.0006904714933912014 0.00244140625
0 0.4771158019333202 0.748779296875 0.0025646084040244622 0.00439453125
0 0.5160288025251529 0.748046875 0.001874136910633261 0.00390625
0 0.4690274215821661 0.7470703125 0.0013809429867824028 0.001953125
0 0.44752416650226867 0.748779296875 0.0019727756954034327 0.00537109375
0 0.4401262576445058 0.747802734375 0.001578220556322746 0.00341796875
0 0.7276089958571711 0.74755859375 0.0014795817715525744 0.00390625
0 0.4905306766620635 0.746826171875 0.0017754981258630894 0.00244140625
0 0.7299270072992701 0.751220703125 0.005326494377589268 0.01220703125
0 0.547691852436378 0.746826171875 0.001874136910633261 0.00341796875
0 0.3362596172815151 0.74609375 0.000789110278161373 0.001953125
0 0.5693430656934306 0.745849609375 0.0013809429867824028 0.00341796875
0 0.5029591635431051 0.74609375 0.0017754981258630894 0.00390625
0 0.24186230025646083 0.74560546875 0.0025646084040244622 0.0029296875
0 0.5290491221148156 0.74609375 0.002071414480173604 0.0048828125
0 0.5224896429275991 0.74658203125 0.0019727756954034327 0.005859375
0 0.7140461629512724 0.746826171875 0.003156441112645492 0.00732421875
0 0.5336358256066285 0.744384765625 0.0011836654172420597 0.00244140625
0 0.49753403038074573 0.7451171875 0.0023673308344841193 0.00390625
0 0.724156638390215 0.745361328125 0.0022686920497139475 0.00537109375
0 0.4596074176366147 0.743896484375 0.001874136910633261 0.00244140625
0 0.4540836456894851 0.743896484375 0.0008877490629315447 0.00341796875
0 0.3389721838626948 0.743408203125 0.0008877490629315447 0.00244140625
0 0.48589465377786545 0.742919921875 0.0011836654172420597 0.00244140625
0 0.572943381337542 0.74609375 0.002465969619254291 0.009765625
0 0.5526237916748865 0.742431640625 0.001874136910633261 0.00244140625
0 0.5370388636811995 0.745361328125 0.005622410731899783 0.00830078125
0 0.48382323929769183 0.74462890625 0.0023673308344841193 0.0068359375
0 0.46143223515486287 0.7421875 0.000789110278161373 0.001953125
0 0.5543499704083645 0.74169921875 0.0013809429867824028 0.001953125
0 0.5136614716906688 0.744873046875 0.003255079897415664 0.00830078125
0 0.46705464588676265 0.7421875 0.0013809429867824028 0.0029296875
0 0.1348392187808246 0.74267578125 0.003550996251726179 0.00390625
0 0.7281021897810219 0.7431640625 0.002663247188794634 0.005859375
0 0.7259321365160781 0.7412109375 0.001085026632471888 0.001953125
0 0.5402939435786152 0.740966796875 0.001085026632471888 0.00146484375
0 0.7174492010258433 0.740966796875 0.0012823042020122311 0.00244140625
0 0.4402742158216611 0.740966796875 0.0014795817715525744 0.00244140625
0 0.5182481751824818 0.740478515625 0.0027618859735648055 0.00244140625
0 0.271848490826593 0.74072265625 0.0017754981258630894 0.0029296875
0 0.7315052278555928 0.7421875 0.0019727756954034327 0.0068359375
0 0.7200138094298678 0.744140625 0.005819688301440126 0.0107421875
0 0.5214046162951272 0.73974609375 0.0013809429867824028 0.001953125
0 0.49299664628131784 0.739990234375 0.0013809429867824028 0.00244140625
0 0.448855790096666 0.739501953125 0.0014795817715525744 0.00244140625
0 0.48865653975143025 0.74072265625 0.001578220556322746 0.005859375
0 0.565545472479779 0.742919921875 0.005622410731899783 0.01123046875
0 0.13365555336358256 0.7392578125 0.0051292168080489245 0.00390625
0 0.5509469323337937 0.73828125 0.0016768593410929177 0.0029296875
0 0.5088281712369304 0.738525390625 0.0014795817715525744 0.00341796875
0 0.46991517064509764 0.73876953125 0.0017754981258630894 0.00390625
0 0.311501282304202 0.739990234375 0.004142828960347208 0.00634765625
0 0.7160682580390609 0.7373046875 0.0006904714933912014 0.001953125
0 0.5471000197277569 0.7392578125 0.0014795817715525744 0.005859375
0 0.5104557111856382 0.7373046875 0.0009863878477017164 0.001953125
0 0.4347504438745315 0.7373046875 0.001085026632471888 0.001953125
0 0.6654172420595779 0.737548828125 0.0011836654172420597 0.00341796875
0 0.5328960347208522 0.738525390625 0.0028605247583349774 0.00537109375
0 0.5412803314263168 0.73681640625 0.0012823042020122311 0.0029296875
0 0.4405208127835865 0.736572265625 0.0019727756954034327 0.00244140625
0 0.7277076346419412 0.736328125 0.0012823042020122311 0.0029296875
0 0.7004340106529887 0.7373046875 0.0025646084040244622 0.0048828125
0 0.5392582363385283 0.736083984375 0.002170053264943776 0.00244140625
0 0.52589268100217 0.73583984375 0.0016768593410929177 0.001953125
0 0.47484710988360623 0.73779296875 0.002170053264943776 0.005859375
0 0.4318899191161965 0.73583984375 0.0008877490629315447 0.001953125
0 0.3271355296902742 0.73486328125 0.0016768593410929177 0.001953125
0 0.5624383507595186 0.73486328125 0.0011836654172420597 0.0029296875
0 0.4785460643124877 0.73583984375 0.002465969619254291 0.0048828125
0 0.09331229039258236 0.7333984375 0.001578220556322746 0.001953125
0 0.4221246794239495 0.733642578125 0.001085026632471888 0.00341796875
0 0.31554547247977904 0.732421875 0.000789110278161373 0.001953125
0 0.3124876701519037 0.732666015625 0.0009863878477017164 0.00244140625
0 0.717843756164924 0.733642578125 0.001874136910633261 0.00537109375
0 0.5142533043992898 0.732177734375 0.002465969619254291 0.00244140625
0 0.49191161964884594 0.732177734375 0.0017754981258630894 0.00244140625
0 0.48515486289208914 0.73193359375 0.0016768593410929177 0.001953125
0 0.545423160386664 0.731689453125 0.002071414480173604 0.00244140625
0 0.5416748865653975 0.732666015625 0.003452357466956007 0.00537109375
0 0.4553659498914973 0.7314453125 0.001085026632471888 0.0029296875
0 0.7250937068455316 0.73291015625 0.002959163543105149 0.0068359375
0 0.7217399881633458 0.73388671875 0.003156441112645492 0.0087890625
0 0.503452357466956 0.732421875 0.0027618859735648055 0.0068359375
0 0.4961530873939633 0.733154296875 0.0051292168080489245 0.00830078125
0 0.5496646281317814 0.729736328125 0.0012823042020122311 0.00244140625
0 0.548283685144999 0.73046875 0.0012823042020122311 0.00390625
0 0.5361511146182679 0.73046875 0.0012823042020122311 0.00390625
0 0.6904714933912014 0.73095703125 0.0027618859735648055 0.005859375
0 0.6657624778062734 0.731689453125 0.004044190175577037 0.00732421875
0 0.4510258433616098 0.729736328125 0.004044190175577037 0.00341796875
0 0.44209903333990924 0.7294921875 0.0013809429867824028 0.0029296875
0 0.32871375024659694 0.72900390625 0.0008877490629315447 0.001953125
0 0.4587196685736832 0.729248046875 0.001874136910633261 0.00341796875
0 0.6504734661668968 0.729736328125 0.001874136910633261 0.00537109375
0 0.526385874926021 0.729248046875 0.002071414480173604 0.00439453125
0 0.48638784770171634 0.72802734375 0.0009863878477017164 0.001953125
0 0.6641842572499507 0.72802734375 0.0014795817715525744 0.0029296875
0 0.44663641743933713 0.728515625 0.0013809429867824028 0.00390625
0 0.42296310909449597 0.728515625 0.0013809429867824028 0.00390625
0 0.5621917537975932 0.72705078125 0.0006904714933912014 0.001953125
0 0.46636417439337147 0.7275390625 0.0023673308344841193 0.0029296875
0 0.5507003353718682 0.726806640625 0.000789110278161373 0.00244140625
0 0.6614223712763859 0.726318359375 0.0008877490629315447 0.00244140625
0 0.5381732097060564 0.728271484375 0.0023673308344841193 0.00634765625
0 0.5087788518445453 0.726318359375 0.001578220556322746 0.00244140625
0 0.5002959163543105 0.727783203125 0.003550996251726179 0.00634765625
0 0.494821463799566 0.725830078125 0.0008877490629315447 0.00244140625
0 0.48288617084237523 0.726318359375 0.0008877490629315447 0.00341796875
0 0.4251331623594397 0.7255859375 0.002170053264943776 0.001953125
0 0.7186328664430854 0.725830078125 0.002071414480173604 0.00341796875
0 0.47795423160386663 0.7275390625 0.0030578023278753207 0.0068359375
0 0.452850660879858 0.7255859375 0.0011836654172420597 0.0029296875
0 0.28881436180706255 0.725341796875 0.0011836654172420597 0.00244140625
0 0.5047346616689682 0.724609375 0.0017754981258630894 0.001953125
0 0.49151706450976523 0.7255859375 0.0013809429867824028 0.00390625
0 0.2644012625764451 0.724853515625 0.0008877490629315447 0.00244140625
0 0.5193825212073387 0.724609375 0.001085026632471888 0.0029296875
0 0.6895344249358848 0.724853515625 0.0014795817715525744 0.00439453125
0 0.5167192740185441 0.7236328125 0.0016768593410929177 0.001953125
0 0.7322943381337542 0.723388671875 0.0013809429867824028 0.00244140625
0 0.5489741566383902 0.724365234375 0.0014795817715525744 0.00439453125
0 0.5601696587098047 0.725830078125 0.0033537186821858355 0.00830078125
0 0.5291477608995857 0.72412109375 0.0014795817715525744 0.0048828125
0 0.43677253896232 0.7236328125 0.0025646084040244622 0.00390625
0 0.685638192937463 0.726318359375 0.005326494377589268 0.01025390625
0 0.5279147760899586 0.72265625 0.001578220556322746 0.0029296875
0 0.5185440915367923 0.72314453125 0.0009863878477017164 0.00390625
0 0.5141053462221346 0.721923828125 0.0011836654172420597 0.00244140625
0 0.5104557111856382 0.721923828125 0.0011836654172420597 0.00244140625
0 0.4863385283093312 0.7216796875 0.0008877490629315447 0.001953125
0 0.4202505425133162 0.7216796875 0.001085026632471888 0.001953125
0 0.5681594002761886 0.7216796875 0.0009863878477017164 0.0029296875
0 0.5340303807457092 0.722412109375 0.0023673308344841193 0.00439453125
0 0.5208127835865062 0.72119140625 0.000789110278161373 0.001953125
0 0.4536890905504044 0.7216796875 0.0014795817715525744 0.0029296875
0 0.4286348392187808 0.721435546875 0.001085026632471888 0.00244140625
0 0.3147070428092326 0.720703125 0.0006904714933912014 0.001953125
0 0.3032156243835076 0.720947265625 0.000789110278161373 0.00244140625
0 0.5059676464785954 0.72021484375 0.001874136910633261 0.0029296875
0 0.3260998224501874 0.720458984375 0.0019727756954034327 0.00341796875
0 0.7098540145985401 0.720458984375 0.0016768593410929177 0.00439453125
0 0.4847603077530085 0.72021484375 0.0012823042020122311 0.00390625
0 0.4822450187413691 0.7197265625 0.0009863878477017164 0.0029296875
0 0.47114815545472477 0.71923828125 0.0014795817715525744 0.001953125
0 0.4596567370289998 0.72265625 0.003550996251726179 0.0087890625
0 0.45196291181692644 0.71923828125 0.0013809429867824028 0.0029296875
0 0.6733576642335767 0.72021484375 0.002465969619254291 0.005859375
0 0.4429867824028408 0.71826171875 0.001578220556322746 0.0029296875
0 0.5012823042020123 0.7177734375 0.0009863878477017164 0.0029296875
0 0.5832018149536398 0.717041015625 0.0008877490629315447 0.00244140625
0 0.4659202998619057 0.716796875 0.0012823042020122311 0.001953125
0 0.5919313474058 0.716796875 0.0011836654172420597 0.0029296875
0 0.5255474452554745 0.716796875 0.0013809429867824028 0.0029296875
0 0.6341980666798185 0.71728515625 0.0014795817715525744 0.0048828125
0 0.5043894259222726 0.71630859375 0.0008877490629315447 0.0029296875
0 0.48377391990530677 0.71728515625 0.0014795817715525744 0.0048828125
0 0.5026632471887946 0.716064453125 0.0013809429867824028 0.00341796875
0 0.43563819293746303 0.71630859375 0.0022686920497139475 0.00390625
0 0.7246498323140659 0.71533203125 0.001085026632471888 0.0029296875
0 0.5886762675083843 0.716064453125 0.0017754981258630894 0.00439453125
0 0.49462418623002563 0.715576171875 0.0012823042020122311 0.00341796875
0 0.43973170250542515 0.715087890625 0.0009863878477017164 0.00244140625
0 0.5471986585125271 0.71875 0.004636022884198066 0.0107421875
0 0.5133162359439731 0.716064453125 0.004537384099427895 0.00537109375
0 0.601745906490432 0.71533203125 0.002071414480173604 0.0048828125
0 0.46059380548431644 0.714599609375 0.001085026632471888 0.00341796875
0 0.44520615506016964 0.71435546875 0.0012823042020122311 0.0029296875
0 0.7124186230025646 0.713623046875 0.003255079897415664 0.00244140625
0 0.7090155849279937 0.71435546875 0.0011836654172420597 0.00390625
0 0.6960939041231012 0.714111328125 0.0033537186821858355 0.00341796875
0 0.6869204971394752 0.713623046875 0.000789110278161373 0.00244140625
0 0.6912112842769778 0.714599609375 0.003255079897415664 0.00537109375
0 0.6071217202604063 0.714111328125 0.001578220556322746 0.00439453125
0 0.43238311304004734 0.712646484375 0.0012823042020122311 0.00244140625
0 0.6991517064509766 0.715087890625 0.0025646084040244622 0.00830078125
0 0.5351647267705661 0.71337890625 0.0016768593410929177 0.0048828125
0 0.4774610376800158 0.71484375 0.0036496350364963502 0.0078125
0 0.5087295324521602 0.71533203125 0.002465969619254291 0.009765625
0 0.4991615703294535 0.714599609375 0.002465969619254291 0.00830078125
0 0.4722825014795818 0.711669921875 0.000789110278161373 0.00244140625
0 0.47484710988360623 0.7109375 0.002170053264943776 0.0029296875
0 0.4895442888143618 0.711181640625 0.001578220556322746 0.00439453125
0 0.6897317025054251 0.71044921875 0.0012823042020122311 0.00390625
0 0.46093904123101204 0.70947265625 0.001578220556322746 0.001953125
0 0.44140856184651805 0.7099609375 0.0009863878477017164 0.0029296875
0 0.6435194318405997 0.709228515625 0.0011836654172420597 0.00341796875
0 0.5051292168080489 0.70947265625 0.0013809429867824028 0.00390625
0 0.4875221937265733 0.709716796875 0.001874136910633261 0.00439453125
0 0.7066482540935096 0.71044921875 0.0027618859735648055 0.0068359375
0 0.606332609982245 0.708984375 0.0019727756954034327 0.00390625
0 0.6007101992503452 0.709228515625 0.002959163543105149 0.00439453125
0 0.45605642138488856 0.70849609375 0.001085026632471888 0.0029296875
0 0.45053264943775895 0.708251953125 0.0006904714933912014 0.00244140625
0 0.7119747484710989 0.707763671875 0.0011836654172420597 0.00244140625
0 0.5395541526928388 0.708740234375 0.0013809429867824028 0.00439453125
0 0.4506806076149142 0.713134765625 0.004734661668968239 0.01318359375
0 0.7135036496350365 0.70751953125 0.0012823042020122311 0.0029296875
0 0.48111067271651214 0.708984375 0.002071414480173604 0.0068359375
0 0.4360327480765437 0.70849609375 0.0014795817715525744 0.005859375
0 0.7158216610771355 0.706787109375 0.0017754981258630894 0.00341796875
0 0.5219471296113631 0.70703125 0.0016768593410929177 0.00390625
0 0.47968041033734465 0.706298828125 0.000789110278161373 0.00244140625
0 0.4488064707042809 0.70849609375 0.0023673308344841193 0.0068359375
0 0.674689287827974 0.71044921875 0.0051292168080489245 0.01171875
0 0.604557111856382 0.710205078125 0.0033537186821858355 0.01123046875
0 0.5328960347208522 0.710205078125 0.0036496350364963502 0.01123046875
0 0.4692740185440915 0.70947265625 0.00542513316235944 0.009765625
0 0.6991023870585914 0.705810546875 0.001085026632471888 0.00341796875
0 0.6772538962319984 0.70654296875 0.0023673308344841193 0.0048828125
0 0.6718780824620241 0.70703125 0.0014795817715525744 0.005859375
0 0.549418031169856 0.705078125 0.0011836654172420597 0.001953125
0 0.49501874136910634 0.705078125 0.0014795817715525744 0.001953125
0 0.46429275991319785 0.70849609375 0.0025646084040244622 0.0087890625
0 0.4265634247386072 0.70556640625 0.0008877490629315447 0.0029296875
0 0.5288518445452752 0.705078125 0.0012823042020122311 0.0029296875
0 0.48377391990530677 0.705810546875 0.0012823042020122311 0.00439453125
0 0.632225290984415 0.70849609375 0.003255079897415664 0.0107421875
0 0.5565200236733083 0.70458984375 0.0013809429867824028 0.0029296875
0 0.5075951864273032 0.705078125 0.0027618859735648055 0.00390625
0 0.7325409350956796 0.704345703125 0.0008877490629315447 0.00341796875
0 0.6626060366936279 0.704833984375 0.0016768593410929177 0.00439453125
0 0.5039455513908069 0.70751953125 0.002959163543105149 0.01171875
0 0.6956500295916355 0.703125 0.0022686920497139475 0.00390625
0 0.6493391201420399 0.70751953125 0.004931939238508582 0.0126953125
0 0.7240086802130598 0.70361328125 0.002959163543105149 0.0068359375
0 0.7133063720654962 0.701904296875 0.0016768593410929177 0.00341796875
0 0.7036397711580193 0.703369140625 0.004636022884198066 0.00634765625
0 0.32560662852633654 0.70166015625 0.000789110278161373 0.0029296875
0 0.5331426316827776 0.701904296875 0.003550996251726179 0.00439453125
0 0.7159696192542908 0.7001953125 0.0012823042020122311 0.001953125
0 0.4969915170645098 0.70166015625 0.002071414480173604 0.0048828125
0 0.6419905306766621 0.701416015625 0.0016768593410929177 0.00537109375
0 0.6284276977707635 0.705810546875 0.004734661668968239 0.01416015625
0 0.5696389820477412 0.7001953125 0.0009863878477017164 0.00390625
0 0.4596567370289998 0.69921875 0.0009863878477017164 0.001953125
0 0.4277470901558493 0.701171875 0.002071414480173604 0.005859375
0 0.6042118761096863 0.7001953125 0.003452357466956007 0.0048828125
0 0.6114125073979089 0.69873046875 0.002071414480173604 0.0029296875
0 0.6496350364963503 0.699462890625 0.0027618859735648055 0.00537109375
0 0.5249556125468534 0.700927734375 0.003156441112645492 0.00830078125
0 0.5198757151311896 0.6982421875 0.001085026632471888 0.0029296875
0 0.5149930952850661 0.69873046875 0.0023673308344841193 0.00390625
0 0.4569441704478201 0.69873046875 0.0016768593410929177 0.00390625
0 0.44786940224896427 0.69775390625 0.0008877490629315447 0.001953125
0 0.702308147563622 0.69775390625 0.000789110278161373 0.0029296875
0 0.517804300651016 0.697509765625 0.0016768593410929177 0.00244140625
0 0.4855987374235549 0.697998046875 0.003156441112645492 0.00341796875
0 0.6308443479976327 0.698486328125 0.002465969619254291 0.00537109375
0 0.5210100611560465 0.697265625 0.0011836654172420597 0.0029296875
0 0.49072795423160387 0.699462890625 0.003748273821266522 0.00732421875
0 0.6086999408167292 0.697021484375 0.0009863878477017164 0.00341796875
0 0.44377589268100215 0.6962890625 0.0017754981258630894 0.001953125
0 0.4733675281120537 0.695556640625 0.0023673308344841193 0.00244140625
0 0.6914578812389032 0.695556640625 0.0013809429867824028 0.00341796875
0 0.6453442493588479 0.695068359375 0.0014795817715525744 0.00244140625
0 0.5630795028605248 0.698486328125 0.006016965870980469 0.00927734375
0 0.4952160189386467 0.6962890625 0.0044387453146577235 0.0048828125
0 0.6203393174196093 0.695556640625 0.001578220556322746 0.00439453125
0 0.6349378575655948 0.698974609375 0.003748273821266522 0.01220703125
0 0.5771355296902743 0.695068359375 0.0011836654172420597 0.00439453125
0 0.571217202604064 0.697265625 0.003550996251726179 0.0087890625
0 0.6641842572499507 0.694091796875 0.0008877490629315447 0.00341796875
0 0.6577727362398895 0.6962890625 0.002071414480173604 0.0078125
0 0.6148648648648649 0.694580078125 0.002071414480173604 0.00439453125
0 0.5324521601893865 0.6953125 0.002959163543105149 0.005859375
0 0.478743341882028 0.6953125 0.0022686920497139475 0.005859375
0 0.5289504833300454 0.695556640625 0.0030578023278753207 0.00830078125
0 0.43657526139277963 0.693359375 0.0009863878477017164 0.00390625
0 0.7172026040639179 0.692138671875 0.003156441112645492 0.00439453125
0 0.48239297691852434 0.69287109375 0.00424146774511738 0.005859375
0 0.46286249753403036 0.69091796875 0.0012823042020122311 0.001953125
0 0.6382915762477807 0.692626953125 0.0023673308344841193 0.00634765625
0 0.6286742947326889 0.690673828125 0.0006904714933912014 0.00244140625
0 0.6220161767607023 0.6923828125 0.0017754981258630894 0.005859375
0 0.576987571513119 0.6904296875 0.0014795817715525744 0.0029296875
0 0.5668770960741764 0.69140625 0.0017754981258630894 0.0048828125
0 0.7142434405208128 0.693115234375 0.002959163543105149 0.00927734375
0 0.5682580390609587 0.68994140625 0.0009863878477017164 0.0029296875
0 0.5199743539159598 0.68994140625 0.0008877490629315447 0.0029296875
0 0.5137107910830538 0.69091796875 0.001578220556322746 0.0048828125
0 0.5046360228841981 0.6904296875 0.0025646084040244622 0.00390625
0 0.4923554941803117 0.68994140625 0.0014795817715525744 0.0029296875
0 0.5409844150720063 0.691650390625 0.002071414480173604 0.00732421875
0 0.48697968041033735 0.68896484375 0.0011836654172420597 0.001953125
0 0.674738607220359 0.6904296875 0.001874136910633261 0.005859375
0 0.5868514499901362 0.690185546875 0.001874136910633261 0.00537109375
0 0.5636220161767607 0.689453125 0.0023673308344841193 0.00390625
0 0.5349674492010258 0.691162109375 0.003255079897415664 0.00732421875
0 0.5276681791280331 0.689697265625 0.0014795817715525744 0.00439453125
0 0.6418918918918919 0.688720703125 0.002071414480173604 0.00341796875
0 0.475290984415072 0.689453125 0.0022686920497139475 0.0048828125
0 0.6866739001775498 0.68798828125 0.001085026632471888 0.0029296875
0 0.6616689682383113 0.691162109375 0.0023673308344841193 0.00927734375
0 0.5587887157230222 0.691162109375 0.0039455513908068654 0.00927734375
0 0.5473466166896824 0.688720703125 0.0019727756954034327 0.00439453125
0 0.6499309528506608 0.6875 0.0019727756954034327 0.0029296875
0 0.5307259814559084 0.687255859375 0.001085026632471888 0.00244140625
0 0.4898895245610574 0.688232421875 0.0012823042020122311 0.00439453125
0 0.7003353718682186 0.686767578125 0.003156441112645492 0.00341796875
0 0.6581179719865852 0.68701171875 0.0009863878477017164 0.00390625
0 0.6549122114815545 0.69140625 0.0036496350364963502 0.0126953125
0 0.5589366739001775 0.68603515625 0.0008877490629315447 0.001953125
0 0.6532846715328468 0.68701171875 0.0011836654172420597 0.0048828125
0 0.6297593213651608 0.686279296875 0.002465969619254291 0.00341796875
0 0.5150424146774512 0.68603515625 0.0014795817715525744 0.0029296875
0 0.64080686525942 0.685302734375 0.001085026632471888 0.00244140625
0 0.4847109883606234 0.6865234375 0.0027618859735648055 0.0048828125
0 0.7111856381929375 0.6845703125 0.000789110278161373 0.001953125
0 0.5536594989149733 0.684814453125 0.0011836654172420597 0.00244140625
0 0.4948707831919511 0.684814453125 0.0011836654172420597 0.00244140625
0 0.693627934503847 0.684326171875 0.0011836654172420597 0.00244140625
0 0.5359538370487276 0.6845703125 0.0012823042020122311 0.00390625
0 0.4552179917143421 0.68359375 0.0009863878477017164 0.001953125
0 0.6474156638390215 0.68408203125 0.0036496350364963502 0.00390625
0 0.4910238705859144 0.683349609375 0.0019727756954034327 0.00244140625
0 0.6665515880844348 0.685791015625 0.0066087985796014995 0.00830078125
0 0.5599723811402644 0.682861328125 0.0011836654172420597 0.00341796875
0 0.5409844150720063 0.684326171875 0.0028605247583349774 0.00634765625
0 0.6620142039850069 0.682861328125 0.0022686920497139475 0.00537109375
0 0.49659696192542907 0.681884765625 0.002071414480173604 0.00341796875
0 0.6918031169855987 0.683837890625 0.002465969619254291 0.00830078125
0 0.6561945156835668 0.682373046875 0.002465969619254291 0.00537109375
0 0.6377490629315447 0.68212890625 0.0016768593410929177 0.0048828125
0 0.5745709212862498 0.684814453125 0.005721049516669955 0.01025390625
0 0.5050798974156638 0.680419921875 0.0008877490629315447 0.00244140625
0 0.5022193726573289 0.680419921875 0.001085026632471888 0.00244140625
0 0.506312882225291 0.679443359375 0.0009863878477017164 0.00244140625
0 0.5113927796409549 0.678955078125 0.0006904714933912014 0.00244140625
0 0.5652988755178536 0.67822265625 0.0009863878477017164 0.001953125
0 0.6789800749654764 0.67822265625 0.001085026632471888 0.0029296875
0 0.5421187610968633 0.678466796875 0.0011836654172420597 0.00341796875
0 0.6253698954428881 0.677734375 0.002170053264943776 0.0029296875
0 0.5832511343460248 0.679443359375 0.005721049516669955 0.00732421875
0 0.59484119155652 0.676513671875 0.0006904714933912014 0.00244140625
0 0.6831722233182087 0.6767578125 0.001578220556322746 0.00390625
0 0.5792069441704478 0.6767578125 0.0019727756954034327 0.00390625
0 0.6456401657131584 0.67578125 0.001085026632471888 0.0029296875
0 0.6105247583349773 0.676025390625 0.0008877490629315447 0.00341796875
0 0.5840895640165713 0.676025390625 0.002663247188794634 0.00341796875
0 0.5702801341487473 0.676025390625 0.0014795817715525744 0.00341796875
0 0.560909449595581 0.673095703125 0.0014795817715525744 0.00341796875
0 0.6037680015782205 0.67138671875 0.001578220556322746 0.0029296875
0 0.5894653777865456 0.66650390625 0.0017754981258630894 0.0029296875
0 0.6394752416650227 0.6650390625 0.001578220556322746 0.001953125
0 0.6357762872361412 0.667724609375 0.0030578023278753207 0.00732421875
0 0.5603669362793451 0.665283203125 0.0013809429867824028 0.00244140625
0 0.6077628723614125 0.6640625 0.002465969619254291 0.00390625
