0 0.4583744328269876 0.99853515625 0.0011836654172420597 0.0029296875
0 0.10722035904517656 0.99853515625 0.000789110278161373 0.0029296875
0 0.36989544288814363 0.998291015625 0.0023673308344841193 0.00341796875
0 0.16551588084434798 0.998291015625 0.0017754981258630894 0.00341796875
0 0.7028013414874729 0.998046875 0.0033537186821858355 0.00390625
0 0.3459262181889919 0.998046875 0.0023673308344841193 0.00390625
0 0.1786841586111659 0.998046875 0.0038469126060366936 0.00390625
0 0.1529394357861511 0.997802734375 0.002071414480173604 0.00439453125
0 0.6650226869204972 0.99755859375 0.0027618859735648055 0.0048828125
0 0.21103768001578221 0.9970703125 0.0077924639968435586 0.005859375
0 0.4325310712172026 0.9951171875 0.0011836654172420597 0.00390625
0 0.18820280134148748 0.995361328125 0.004340106529887552 0.00927734375
0 0.13054843164332217 0.993408203125 0.0036496350364963502 0.00732421875
0 0.18401065298875519 0.994140625 0.006016965870980469 0.01171875
0 0.6605839416058394 0.988037109375 0.006312882225290984 0.00439453125
0 0.7329354902347603 0.99267578125 0.004044190175577037 0.0146484375
0 0.10830538567764846 0.98486328125 0.000789110278161373 0.001953125
0 0.1335075951864273 0.98388671875 0.004636022884198066 0.0048828125
0 0.1634444663641744 0.981689453125 0.003156441112645492 0.00341796875
0 0.1978694022489643 0.980224609375 0.003550996251726179 0.00537109375
0 0.19565002959163544 0.9775390625 0.0012823042020122311 0.001953125
0 0.12645492207536002 0.979248046875 0.002959163543105149 0.00634765625
0 0.1501775498125863 0.976806640625 0.006214243440520813 0.00830078125
0 0.1290688498717696 0.974853515625 0.002071414480173604 0.00439453125
0 0.13932728348786744 0.9755859375 0.0028605247583349774 0.0078125
0 0.16911619648845927 0.973876953125 0.003452357466956007 0.00732421875
0 0.1440126257644506 0.969970703125 0.005721049516669955 0.00830078125
0 0.15432037877293353 0.9697265625 0.006214243440520813 0.01171875
0 0.1053462221345433 0.96533203125 0.003748273821266522 0.0029296875
0 0.14771158019333203 0.962890625 0.002663247188794634 0.005859375
0 0.1564904320378773 0.96044921875 0.002663247188794634 0.0029296875
0 0.13814361807062536 0.958984375 0.002465969619254291 0.0029296875
0 0.1168376405602683 0.960205078125 0.002071414480173604 0.00634765625
0 0.14090550404419017 0.9541015625 0.0030578023278753207 0.005859375
0 0.12270664825409351 0.950927734375 0.004142828960347208 0.00732421875
0 0.13760110475438941 0.947509765625 0.001578220556322746 0.00341796875
0 0.14578812389031368 0.94775390625 0.0027618859735648055 0.005859375
0 0.15111461826790293 0.94482421875 0.01085026632471888 0.005859375
0 0.10766423357664233 0.941162109375 0.0012823042020122311 0.00439453125
0 0.14203985006904715 0.93994140625 0.002959163543105149 0.0078125
0 0.15200236733083447 0.936279296875 0.010258433616097849 0.00634765625
0 0.1443085421187611 0.9365234375 0.006312882225290984 0.0078125
0 0.17355494180311698 0.933837890625 0.0014795817715525744 0.00439453125
0 0.14633063720654962 0.930908203125 0.001085026632471888 0.00341796875
0 0.12231209311501283 0.933837890625 0.003748273821266522 0.01513671875
0 0.15826593016374038 0.927734375 0.003255079897415664 0.0068359375
0 0.13972183862694812 0.927734375 0.005819688301440126 0.0078125
0 0.14904320378772934 0.926025390625 0.005326494377589268 0.00732421875
0 0.17049713947524167 0.923095703125 0.0030578023278753207 0.00537109375
0 0.1495857171039653 0.9208984375 0.002071414480173604 0.00390625
0 0.1564411126454922 0.9208984375 0.005721049516669955 0.0048828125
0 0.11590057210495167 0.921142578125 0.0025646084040244622 0.00634765625
0 0.1700039455513908 0.917236328125 0.0012823042020122311 0.00244140625
0 0.13133754192148353 0.91796875 0.0022686920497139475 0.0048828125
0 0.17261787334780035 0.916748046875 0.0033537186821858355 0.00439453125
0 0.15801933320181497 0.915771484375 0.0019727756954034327 0.00341796875
0 0.1356776484513711 0.918212890625 0.006214243440520813 0.01318359375
0 0.159202998619057 0.9111328125 0.002170053264943776 0.00390625
0 0.14351943184059973 0.908935546875 0.0019727756954034327 0.00244140625
0 0.1456894851055435 0.912841796875 0.003550996251726179 0.01123046875
0 0.13922864470309726 0.910888671875 0.00483330045373841 0.00732421875
0 0.12941408561846518 0.908935546875 0.003550996251726179 0.00537109375
0 0.14238508581574275 0.904296875 0.0028605247583349774 0.00390625
0 0.1585618465180509 0.902099609375 0.0028605247583349774 0.00439453125
0 0.12428486881041625 0.901123046875 0.0013809429867824028 0.00244140625
0 0.14233576642335766 0.8974609375 0.0011836654172420597 0.001953125
0 0.10820674689287828 0.899169921875 0.005326494377589268 0.00634765625
0 0.13538173209706056 0.8984375 0.004636022884198066 0.005859375
0 0.12502465969619253 0.89697265625 0.0066087985796014995 0.00390625
0 0.14830341290195304 0.894287109375 0.0016768593410929177 0.00244140625
0 0.11328664430854211 0.8916015625 0.004636022884198066 0.0048828125
0 0.1550601696587098 0.88916015625 0.004734661668968239 0.0068359375
0 0.14776089958571711 0.88427734375 0.003550996251726179 0.0029296875
0 0.16186624580785164 0.884033203125 0.001578220556322746 0.00439453125
0 0.16038666403629906 0.882568359375 0.000789110278161373 0.00244140625
0 0.15224896429275991 0.884521484375 0.00483330045373841 0.01025390625
0 0.13163345827579404 0.8818359375 0.003255079897415664 0.0048828125
0 0.36008088380351155 0.880126953125 0.0008877490629315447 0.00244140625
0 0.15762477806273426 0.88037109375 0.0023673308344841193 0.00390625
0 0.16497336752811206 0.877197265625 0.0022686920497139475 0.00537109375
0 0.15007891102781615 0.87109375 0.0016768593410929177 0.0029296875
0 0.1453442493588479 0.8701171875 0.0012823042020122311 0.0029296875
0 0.14169461432235156 0.868896484375 0.0012823042020122311 0.00244140625
0 0.1484020516867232 0.8671875 0.002663247188794634 0.0029296875
0 0.13651607812191754 0.8720703125 0.007496547642533044 0.0126953125
0 0.11994476228052871 0.869384765625 0.0023673308344841193 0.00830078125
0 0.358058788715723 0.869873046875 0.004734661668968239 0.01025390625
0 0.14578812389031368 0.865234375 0.002170053264943776 0.0029296875
0 0.14889524561057407 0.863525390625 0.00424146774511738 0.00537109375
0 0.14060958768987966 0.859375 0.0044387453146577235 0.005859375
0 0.13755178536200435 0.86181640625 0.0036496350364963502 0.01171875
0 0.12699743539159597 0.853271484375 0.004636022884198066 0.00439453125
0 0.12315052278555928 0.8525390625 0.002465969619254291 0.0029296875
0 0.14440718090353127 0.853271484375 0.007496547642533044 0.00732421875
0 0.13962319984217794 0.85205078125 0.001874136910633261 0.0048828125
0 0.15392582363385282 0.850341796875 0.0014795817715525744 0.00244140625
0 0.36220161767607023 0.847900390625 0.0025646084040244622 0.00244140625
0 0.34819491023870586 0.8486328125 0.0017754981258630894 0.00390625
0 0.3462221345433024 0.848876953125 0.0017754981258630894 0.00732421875
0 0.1484020516867232 0.847412109375 0.0022686920497139475 0.00439453125
0 0.14514697178930755 0.8447265625 0.0028605247583349774 0.0029296875
0 0.3438548037088183 0.8447265625 0.0025646084040244622 0.0048828125
0 0.14273032156243834 0.843994140625 0.0017754981258630894 0.00341796875
0 0.14968435588873544 0.843505859375 0.001874136910633261 0.00341796875
0 0.1334582757940422 0.842041015625 0.0019727756954034327 0.00341796875
0 0.1286742947326889 0.8408203125 0.001085026632471888 0.001953125
0 0.3563819293746301 0.840576171875 0.0017754981258630894 0.00244140625
0 0.1487966068258039 0.83935546875 0.002071414480173604 0.0029296875
0 0.3705859143815348 0.838623046875 0.0023673308344841193 0.00244140625
0 0.1387847701716315 0.838134765625 0.004734661668968239 0.00634765625
0 0.11525942000394555 0.8349609375 0.0016768593410929177 0.001953125
0 0.1324718879463405 0.83544921875 0.002170053264943776 0.00390625
0 0.36940224896429275 0.834228515625 0.0023673308344841193 0.00244140625
0 0.16221148155454726 0.837158203125 0.006214243440520813 0.00927734375
0 0.12832905898599328 0.833984375 0.002170053264943776 0.00390625
0 0.1690175577036891 0.833251953125 0.0030578023278753207 0.00341796875
0 0.15190372854606432 0.833251953125 0.0011836654172420597 0.00341796875
0 0.17227263760110476 0.833740234375 0.0028605247583349774 0.00537109375
0 0.14445650029591636 0.836669921875 0.006214243440520813 0.01123046875
0 0.3818307358453344 0.832275390625 0.0019727756954034327 0.00341796875
0 0.12048727559676464 0.83203125 0.0012823042020122311 0.0029296875
0 0.3644703097257842 0.83154296875 0.001578220556322746 0.0029296875
0 0.1554547247977905 0.833984375 0.0039455513908068654 0.0087890625
0 0.36797198658512525 0.830810546875 0.0012823042020122311 0.00341796875
0 0.35204182284474256 0.831298828125 0.0017754981258630894 0.00439453125
0 0.3832609982245019 0.8291015625 0.0008877490629315447 0.0029296875
0 0.37650424146774514 0.82958984375 0.001578220556322746 0.0048828125
0 0.15718090353126848 0.82958984375 0.0044387453146577235 0.005859375
0 0.38069638982047743 0.827880859375 0.0038469126060366936 0.00341796875
0 0.35021700532649436 0.82666015625 0.0014795817715525744 0.001953125
0 0.36521010061156045 0.826171875 0.001874136910633261 0.0029296875
0 0.16398697968041034 0.827880859375 0.0036496350364963502 0.00634765625
0 0.14376602880252515 0.825927734375 0.0022686920497139475 0.00244140625
0 0.13784770171631486 0.827392578125 0.00424146774511738 0.00634765625
0 0.10815742750049319 0.82666015625 0.007003353718682186 0.0048828125
0 0.12768790688498718 0.82568359375 0.001874136910633261 0.00390625
0 0.3804991122509371 0.823486328125 0.0012823042020122311 0.00244140625
0 0.1706450976523969 0.824951171875 0.0027618859735648055 0.00537109375
0 0.14021503255079898 0.823486328125 0.002465969619254291 0.00341796875
0 0.15979483132767805 0.82275390625 0.0027618859735648055 0.005859375
0 0.13577628723614124 0.8203125 0.0008877490629315447 0.001953125
0 0.11116591043598342 0.821533203125 0.004142828960347208 0.00439453125
0 0.1631485500098639 0.820556640625 0.002959163543105149 0.00537109375
0 0.1293647662260801 0.820556640625 0.003255079897415664 0.00537109375
0 0.3566778457289406 0.818359375 0.0009863878477017164 0.001953125
0 0.0987374235549418 0.81884765625 0.0011836654172420597 0.0029296875
0 0.3707831919510752 0.8173828125 0.000789110278161373 0.0029296875
0 0.1717301242848688 0.819091796875 0.006904714933912014 0.00634765625
0 0.11308936673900177 0.814697265625 0.0030578023278753207 0.00341796875
0 0.16161964884592622 0.815185546875 0.0022686920497139475 0.00537109375
0 0.1551094890510949 0.81689453125 0.006411521010061156 0.0087890625
0 0.3727066482540935 0.8154296875 0.005622410731899783 0.0068359375
0 0.17676070230814755 0.814453125 0.002170053264943776 0.0048828125
0 0.1703985006904715 0.81298828125 0.0016768593410929177 0.001953125
0 0.37778654566975733 0.81640625 0.004340106529887552 0.009765625
0 0.16566383902150325 0.81591796875 0.003452357466956007 0.009765625
0 0.3523377391990531 0.81201171875 0.0011836654172420597 0.00390625
0 0.14228644703097257 0.81103515625 0.001874136910633261 0.0029296875
0 0.15076938252120733 0.81103515625 0.0028605247583349774 0.0048828125
0 0.12995659893470113 0.81005859375 0.002465969619254291 0.0029296875
0 0.1345433024265141 0.8134765625 0.004537384099427895 0.0107421875
0 0.35850266324718877 0.812744140625 0.00424146774511738 0.01025390625
0 0.3625468534227658 0.808349609375 0.003255079897415664 0.00439453125
0 0.16941211284276977 0.80810546875 0.0028605247583349774 0.0048828125
0 0.178733478003551 0.80908203125 0.004142828960347208 0.0078125
0 0.15525744722825016 0.807861328125 0.002170053264943776 0.00634765625
0 0.11619648845926218 0.805908203125 0.0009863878477017164 0.00244140625
0 0.3550503057802328 0.806396484375 0.002663247188794634 0.00439453125
0 0.1436180706253699 0.805419921875 0.0013809429867824028 0.00244140625
0 0.1578220556322746 0.807861328125 0.003156441112645492 0.00927734375
0 0.1265535608601302 0.804443359375 0.0017754981258630894 0.00341796875
0 0.15002959163543106 0.80419921875 0.006904714933912014 0.005859375
0 0.13779838232392977 0.803955078125 0.004537384099427895 0.00634765625
0 0.12132570526731111 0.801025390625 0.0009863878477017164 0.00244140625
0 0.13054843164332217 0.800048828125 0.001874136910633261 0.00244140625
0 0.14070822647464984 0.799560546875 0.0016768593410929177 0.00244140625
0 0.1637403827184849 0.803955078125 0.007891102781613731 0.01220703125
0 0.1439139869796804 0.7998046875 0.002959163543105149 0.005859375
0 0.13666403629907278 0.7978515625 0.0016768593410929177 0.0029296875
0 0.1481061353324127 0.797607421875 0.0036496350364963502 0.00439453125
0 0.35899585717103966 0.797119140625 0.004636022884198066 0.00634765625
0 0.3699940816729138 0.79638671875 0.0019727756954034327 0.005859375
0 0.18065693430656934 0.794677734375 0.0008877490629315447 0.00244140625
0 0.35307753008482934 0.79736328125 0.002663247188794634 0.009765625
0 0.15456697573485895 0.79541015625 0.003156441112645492 0.0078125
0 0.13972183862694812 0.7939453125 0.0030578023278753207 0.005859375
0 0.1470704280923259 0.79052734375 0.0033537186821858355 0.00390625
0 0.13449398303412902 0.788818359375 0.002663247188794634 0.00341796875
0 0.15989347011244823 0.787353515625 0.0009863878477017164 0.00244140625
0 0.13750246596961926 0.786376953125 0.0013809429867824028 0.00244140625
0 0.36846518050897614 0.788330078125 0.002663247188794634 0.00927734375
0 0.1547149339120142 0.78564453125 0.001874136910633261 0.0048828125
0 0.129315446833695 0.7841796875 0.0011836654172420597 0.0029296875
0 0.15969619254290787 0.782958984375 0.001578220556322746 0.00244140625
0 0.34962517261787335 0.783203125 0.0028605247583349774 0.005859375
0 0.3578615111461827 0.78125 0.002959163543105149 0.00390625
0 0.11550601696587098 0.7802734375 0.0013809429867824028 0.00390625
0 0.13695995265338332 0.777587890625 0.0016768593410929177 0.00341796875
0 0.3716709410140067 0.778076171875 0.0019727756954034327 0.00537109375
0 0.3587985796014993 0.77685546875 0.0016768593410929177 0.00390625
0 0.15377786545669758 0.774658203125 0.0033537186821858355 0.00537109375
0 0.3598836062339712 0.772705078125 0.0028605247583349774 0.00439453125
0 0.17819096468731505 0.773193359375 0.001874136910633261 0.00537109375
0 0.17256855395541526 0.7734375 0.005030578023278753 0.0078125
0 0.36974748471098834 0.7734375 0.00483330045373841 0.009765625
0 0.1523476030775301 0.769287109375 0.0006904714933912014 0.00244140625
0 0.16004142828960347 0.770263671875 0.005030578023278753 0.00634765625
0 0.15693430656934307 0.7685546875 0.001578220556322746 0.0029296875
0 0.16822844742552773 0.769287109375 0.003452357466956007 0.00537109375
0 0.36249753403038076 0.76611328125 0.003156441112645492 0.0029296875
0 0.16674886565397515 0.766357421875 0.0008877490629315447 0.00341796875
0 0.3772933517459065 0.76611328125 0.0025646084040244622 0.005859375
0 0.35199250345235744 0.76416015625 0.001874136910633261 0.00390625
0 0.21779443677253896 0.760986328125 0.001578220556322746 0.00244140625
0 0.37734267113829156 0.7607421875 0.0014795817715525744 0.0029296875
0 0.17123693036101795 0.76025390625 0.0009863878477017164 0.001953125
0 0.36594989149733675 0.759033203125 0.0009863878477017164 0.00244140625
0 0.34903333990925234 0.7587890625 0.001085026632471888 0.001953125
0 0.3549516669954626 0.76025390625 0.0022686920497139475 0.005859375
0 0.1686723219569935 0.7607421875 0.003156441112645492 0.0078125
0 0.19594594594594594 0.75732421875 0.0016768593410929177 0.001953125
0 0.36249753403038076 0.759765625 0.0027618859735648055 0.0078125
0 0.22341684750443874 0.757568359375 0.001578220556322746 0.00537109375
0 0.17498520418228447 0.755615234375 0.0011836654172420597 0.00341796875
0 0.21917537975932136 0.755126953125 0.0019727756954034327 0.00341796875
0 0.16408561846518052 0.7578125 0.00424146774511738 0.0087890625
0 0.10613533241270467 0.75390625 0.000789110278161373 0.001953125
0 0.16669954626159006 0.753662109375 0.0023673308344841193 0.00244140625
0 0.3588478989938844 0.75439453125 0.0011836654172420597 0.0048828125
0 0.36451962911816926 0.754150390625 0.0036496350364963502 0.00634765625
0 0.1995955809824423 0.7529296875 0.001085026632471888 0.00390625
0 0.21616689682383114 0.751708984375 0.002663247188794634 0.00244140625
0 0.18494772144407182 0.754638671875 0.003156441112645492 0.00830078125
0 0.16936279345038469 0.751708984375 0.0009863878477017164 0.00244140625
0 0.1939731702505425 0.750732421875 0.0016768593410929177 0.00244140625
0 0.17932531071217203 0.75146484375 0.0019727756954034327 0.00390625
0 0.35800946932333794 0.749267578125 0.0008877490629315447 0.00244140625
0 0.177007299270073 0.750732421875 0.002071414480173604 0.00537109375
0 0.3431643322154271 0.750244140625 0.002170053264943776 0.00634765625
0 0.1713848885381732 0.749267578125 0.001874136910633261 0.00439453125
0 0.3645689485105543 0.7470703125 0.000789110278161373 0.001953125
0 0.3525350167685934 0.7490234375 0.0039455513908068654 0.005859375
0 0.1864273032156244 0.7470703125 0.000789110278161373 0.0029296875
0 0.3685638192937463 0.74755859375 0.0016768593410929177 0.0048828125
0 0.25014795817715524 0.746337890625 0.001578220556322746 0.00244140625
0 0.23263957388044978 0.749755859375 0.0036496350364963502 0.00927734375
0 0.2263760110475439 0.7470703125 0.0011836654172420597 0.0048828125
0 0.1745413296508187 0.745361328125 0.002663247188794634 0.00439453125
0 0.3380351154073782 0.746826171875 0.004931939238508582 0.00830078125
0 0.3400078911027816 0.744140625 0.002959163543105149 0.00390625
0 0.3855790096666009 0.742431640625 0.0009863878477017164 0.00244140625
0 0.34242454132965083 0.744384765625 0.0016768593410929177 0.00634765625
0 0.3748273821266522 0.741943359375 0.0011836654172420597 0.00244140625
0 0.36244821463799565 0.742431640625 0.0012823042020122311 0.00341796875
0 0.1922963109094496 0.743408203125 0.0028605247583349774 0.00537109375
0 0.18065693430656934 0.743896484375 0.004044190175577037 0.00634765625
0 0.1658611165910436 0.74267578125 0.003452357466956007 0.0048828125
0 0.21937265732886171 0.740478515625 0.002959163543105149 0.00830078125
0 0.18958374432826988 0.739990234375 0.0025646084040244622 0.00732421875
0 0.3608206746892878 0.7373046875 0.002170053264943776 0.00390625
0 0.16877096074176365 0.73681640625 0.0025646084040244622 0.0048828125
0 0.37073387255869006 0.7353515625 0.0012823042020122311 0.0029296875
0 0.18874531465772343 0.734619140625 0.0012823042020122311 0.00244140625
0 0.3410929177352535 0.73583984375 0.004142828960347208 0.005859375
0 0.3493292562635628 0.739501953125 0.0077924639968435586 0.01416015625
0 0.3370980469520615 0.736572265625 0.0036496350364963502 0.00830078125
0 0.25187413691063326 0.7353515625 0.002465969619254291 0.005859375
0 0.16502268692049715 0.7333984375 0.000789110278161373 0.0029296875
0 0.21049516669954627 0.7333984375 0.0009863878477017164 0.00390625
0 0.3531761688695995 0.73486328125 0.0038469126060366936 0.0078125
0 0.20142039850069046 0.732177734375 0.001578220556322746 0.00244140625
0 0.3383803511540738 0.731689453125 0.001874136910633261 0.00244140625
0 0.3733478003550996 0.732666015625 0.0019727756954034327 0.00537109375
0 0.24847109883606233 0.731201171875 0.0011836654172420597 0.00244140625
0 0.38128822252909844 0.7314453125 0.001085026632471888 0.00390625
0 0.36594989149733675 0.732177734375 0.0017754981258630894 0.00537109375
0 0.1717794436772539 0.73193359375 0.001874136910633261 0.0048828125
0 0.21789307555730913 0.733154296875 0.0027618859735648055 0.00830078125
0 0.20349181298086408 0.7314453125 0.002170053264943776 0.0048828125
0 0.16916551588084436 0.730712890625 0.0013809429867824028 0.00341796875
0 0.37157230222923654 0.730712890625 0.0013809429867824028 0.00439453125
0 0.24122114815545473 0.7314453125 0.0022686920497139475 0.0078125
0 0.2197672124679424 0.7294921875 0.0023673308344841193 0.00390625
0 0.21162951272440322 0.72900390625 0.0012823042020122311 0.0029296875
0 0.3856776484513711 0.728271484375 0.0017754981258630894 0.00244140625
0 0.35968632866443084 0.728759765625 0.0012823042020122311 0.00341796875
0 0.20852239100414283 0.731689453125 0.0027618859735648055 0.00927734375
0 0.15076938252120733 0.728271484375 0.0006904714933912014 0.00244140625
0 0.19668573683172225 0.72802734375 0.0009863878477017164 0.0029296875
0 0.37749062931544686 0.7314453125 0.005721049516669955 0.0107421875
0 0.26341487472874336 0.728271484375 0.0014795817715525744 0.00439453125
0 0.21010061156046558 0.728515625 0.0011836654172420597 0.0048828125
0 0.3502663247188795 0.72705078125 0.0011836654172420597 0.0029296875
0 0.1822351548628921 0.727294921875 0.0012823042020122311 0.00341796875
0 0.3555928190964687 0.72607421875 0.000789110278161373 0.001953125
0 0.33704872755967646 0.727783203125 0.0025646084040244622 0.00537109375
0 0.24003748273821265 0.7265625 0.0008877490629315447 0.0029296875
0 0.2322943381337542 0.72705078125 0.0027618859735648055 0.005859375
0 0.25187413691063326 0.727294921875 0.001874136910633261 0.00732421875
0 0.20659893470112448 0.726806640625 0.001874136910633261 0.00634765625
0 0.23806470704280924 0.72509765625 0.0022686920497139475 0.00390625
0 0.37004340106529887 0.723876953125 0.0008877490629315447 0.00244140625
0 0.26519037285460645 0.724609375 0.0012823042020122311 0.00390625
0 0.2607516275399487 0.72412109375 0.0012823042020122311 0.0029296875
0 0.3520911422371276 0.724365234375 0.002465969619254291 0.00439453125
0 0.21537778654566975 0.7265625 0.002663247188794634 0.0087890625
0 0.3746301045571119 0.723388671875 0.0013809429867824028 0.00341796875
0 0.20886762675083842 0.723876953125 0.0012823042020122311 0.00439453125
0 0.19934898402051687 0.72314453125 0.0011836654172420597 0.0029296875
0 0.24398303412901953 0.722900390625 0.002465969619254291 0.00439453125
0 0.3421286249753403 0.721435546875 0.0014795817715525744 0.00244140625
0 0.22677056618662458 0.72216796875 0.0009863878477017164 0.00390625
0 0.24837246005129215 0.72265625 0.0027618859735648055 0.005859375
0 0.20146971789307555 0.720947265625 0.0012823042020122311 0.00341796875
0 0.3671828763069639 0.7197265625 0.001085026632471888 0.001953125
0 0.24048135726967843 0.720947265625 0.001578220556322746 0.00439453125
0 0.20433024265141053 0.720703125 0.003255079897415664 0.0048828125
0 0.35450779246399683 0.72119140625 0.0017754981258630894 0.0068359375
0 0.35835470507003353 0.721435546875 0.0023673308344841193 0.00830078125
0 0.19165515880844347 0.719970703125 0.0023673308344841193 0.00537109375
0 0.15875912408759124 0.718017578125 0.0014795817715525744 0.00244140625
0 0.34854014598540145 0.71728515625 0.0008877490629315447 0.0029296875
0 0.3729532452160189 0.71875 0.003156441112645492 0.0068359375
0 0.21222134543302426 0.719482421875 0.005030578023278753 0.00927734375
0 0.2587295324521602 0.72021484375 0.004537384099427895 0.01171875
0 0.25271256658117974 0.71728515625 0.002170053264943776 0.005859375
0 0.2430459656737029 0.7158203125 0.0009863878477017164 0.0029296875
0 0.17745117380153877 0.71630859375 0.0013809429867824028 0.00390625
0 0.358058788715723 0.71484375 0.000789110278161373 0.001953125
0 0.3538666403629907 0.715087890625 0.0008877490629315447 0.00244140625
0 0.24038271848490828 0.716064453125 0.003156441112645492 0.00439453125
0 0.38188005523771945 0.715087890625 0.001874136910633261 0.00341796875
0 0.37507397908857765 0.71533203125 0.003255079897415664 0.00390625
0 0.3400572104951667 0.717041015625 0.00424146774511738 0.00927734375
0 0.25616492404813573 0.716064453125 0.004931939238508582 0.00732421875
0 0.17848688104162558 0.713623046875 0.001085026632471888 0.00244140625
0 0.15658907082264747 0.713623046875 0.0014795817715525744 0.00244140625
0 0.35001972775695406 0.71337890625 0.0022686920497139475 0.0029296875
0 0.25044387453146577 0.71484375 0.0017754981258630894 0.005859375
0 0.20314657723416849 0.712646484375 0.0016768593410929177 0.00244140625
0 0.3628920891694614 0.711669921875 0.000789110278161373 0.00244140625
0 0.2517754981258631 0.711669921875 0.0012823042020122311 0.00341796875
0 0.2277569540343263 0.7119140625 0.0011836654172420597 0.00390625
0 0.23076543696981652 0.7119140625 0.001874136910633261 0.0048828125
0 0.37324916157032945 0.709716796875 0.0009863878477017164 0.00244140625
0 0.23910041428289602 0.7109375 0.001578220556322746 0.0048828125
0 0.34484119155652004 0.710693359375 0.0025646084040244622 0.00537109375
0 0.2598145590846321 0.71044921875 0.0013809429867824028 0.0048828125
0 0.21054448609193135 0.710693359375 0.002465969619254291 0.00537109375
0 0.37181889919116196 0.711181640625 0.0030578023278753207 0.00830078125
0 0.20778260011836655 0.710205078125 0.0016768593410929177 0.00634765625
0 0.19905306766620634 0.71044921875 0.0019727756954034327 0.0068359375
0 0.2138488853817321 0.710693359375 0.003748273821266522 0.00830078125
0 0.19101400670743737 0.711669921875 0.004636022884198066 0.01025390625
0 0.18307358453343855 0.711669921875 0.002959163543105149 0.01123046875
0 0.36067271651213256 0.707763671875 0.0012823042020122311 0.00439453125
0 0.35307753008482934 0.706787109375 0.0006904714933912014 0.00244140625
0 0.343115012823042 0.70654296875 0.002071414480173604 0.0029296875
0 0.25399487078319194 0.706787109375 0.0017754981258630894 0.00439453125
0 0.240234760307753 0.705810546875 0.002071414480173604 0.00244140625
0 0.22070428092325903 0.7060546875 0.001085026632471888 0.0029296875
0 0.3335963700927205 0.7080078125 0.0027618859735648055 0.0078125
0 0.3813868613138686 0.70703125 0.0038469126060366936 0.0068359375
0 0.2263266916551588 0.704833984375 0.0016768593410929177 0.00341796875
0 0.36279345038469124 0.7041015625 0.001578220556322746 0.00390625
0 0.3063720654961531 0.7041015625 0.0009863878477017164 0.00390625
0 0.22400868021305978 0.704833984375 0.001578220556322746 0.00537109375
0 0.19209903333990924 0.703369140625 0.0016768593410929177 0.00244140625
0 0.3468139672519235 0.703857421875 0.0025646084040244622 0.00537109375
0 0.21641349378575656 0.70263671875 0.0013809429867824028 0.0029296875
0 0.37778654566975733 0.70458984375 0.0025646084040244622 0.0078125
0 0.26686723219569936 0.703369140625 0.0030578023278753207 0.00732421875
0 0.2142434405208128 0.701171875 0.001578220556322746 0.0029296875
0 0.36668968238311306 0.701904296875 0.0014795817715525744 0.00537109375
0 0.22188794634050107 0.701416015625 0.003255079897415664 0.00439453125
0 0.3414874728743342 0.69970703125 0.0027618859735648055 0.0029296875
0 0.19569934898402053 0.699951171875 0.001578220556322746 0.00341796875
0 0.25680607614914186 0.698974609375 0.0006904714933912014 0.00244140625
0 0.1894851055434997 0.701416015625 0.002959163543105149 0.00830078125
0 0.2583842967054646 0.69921875 0.001874136910633261 0.0048828125
0 0.3389721838626948 0.699462890625 0.002465969619254291 0.00634765625
0 0.3111560465575064 0.6962890625 0.0006904714933912014 0.001953125
0 0.3728546064312488 0.69580078125 0.0025646084040244622 0.0048828125
0 0.3358650621424344 0.69580078125 0.0025646084040244622 0.005859375
0 0.20945945945945946 0.69384765625 0.001085026632471888 0.0029296875
0 0.19663641743933716 0.69482421875 0.0016768593410929177 0.0048828125
0 0.1842079305582955 0.693359375 0.001085026632471888 0.001953125
0 0.2533537186821858 0.693359375 0.001085026632471888 0.0029296875
0 0.2214933912014204 0.69384765625 0.0012823042020122311 0.00390625
0 0.3261984612349576 0.693359375 0.0011836654172420597 0.00390625
0 0.37393963306372063 0.692138671875 0.0011836654172420597 0.00341796875
0 0.2629710001972776 0.693359375 0.0039455513908068654 0.005859375
0 0.34370684553166303 0.693115234375 0.002465969619254291 0.00634765625
0 0.23964292759913197 0.693359375 0.002071414480173604 0.0068359375
0 0.3134740579996054 0.693603515625 0.003156441112645492 0.00830078125
0 0.2587295324521602 0.692138671875 0.0017754981258630894 0.00537109375
0 0.24215821661077136 0.691162109375 0.0013809429867824028 0.00341796875
0 0.2987275596764648 0.690185546875 0.0012823042020122311 0.00244140625
0 0.21360228841980666 0.690185546875 0.001874136910633261 0.00537109375
0 0.18440520812783587 0.688720703125 0.002663247188794634 0.00244140625
0 0.3389228644703097 0.688720703125 0.0019727756954034327 0.00341796875
0 0.32693825212073385 0.6884765625 0.0016768593410929177 0.00390625
0 0.3184553166304991 0.686767578125 0.003255079897415664 0.00341796875
0 0.27801341487472875 0.686767578125 0.0016768593410929177 0.00341796875
0 0.27584336160978495 0.687255859375 0.002071414480173604 0.00439453125
0 0.3102189781021898 0.6865234375 0.001578220556322746 0.00390625
0 0.30834484119155653 0.6865234375 0.0017754981258630894 0.0048828125
0 0.2593706845531663 0.687255859375 0.003255079897415664 0.00634765625
0 0.3403531268494772 0.685546875 0.0014795817715525744 0.0048828125
0 0.2722430459656737 0.68505859375 0.0017754981258630894 0.00390625
0 0.3782797395936082 0.683837890625 0.0013809429867824028 0.00341796875
0 0.37221345433024267 0.683349609375 0.0008877490629315447 0.00244140625
0 0.252860524758335 0.685546875 0.0022686920497139475 0.0068359375
0 0.2454626159005721 0.6845703125 0.0014795817715525744 0.0048828125
0 0.32466956007101994 0.68505859375 0.0022686920497139475 0.0068359375
0 0.24797790491221147 0.687744140625 0.003550996251726179 0.01220703125
0 0.2433912014203985 0.682861328125 0.0008877490629315447 0.00244140625
0 0.3226474649832314 0.682373046875 0.0005918327086210298 0.00244140625
0 0.3643223515486289 0.682861328125 0.001085026632471888 0.00439453125
0 0.23604261195502071 0.682373046875 0.0017754981258630894 0.00341796875
0 0.2591240875912409 0.681396484375 0.0009863878477017164 0.00341796875
0 0.21828763069638982 0.67919921875 0.0027618859735648055 0.0029296875
0 0.19283882422568555 0.678466796875 0.0009863878477017164 0.00244140625
0 0.302278555928191 0.6787109375 0.0014795817715525744 0.00390625
0 0.2930558295521799 0.679931640625 0.0025646084040244622 0.00634765625
0 0.18884395344249358 0.68017578125 0.001874136910633261 0.0068359375
0 0.24985204182284473 0.677490234375 0.0009863878477017164 0.00341796875
0 0.30691457881238904 0.67724609375 0.0012823042020122311 0.00390625
0 0.30508976129414084 0.677490234375 0.001578220556322746 0.00439453125
0 0.3006510159794831 0.67578125 0.0009863878477017164 0.0029296875
0 0.2524166502268692 0.67529296875 0.0017754981258630894 0.0048828125
0 0.26228052870388635 0.673583984375 0.0009863878477017164 0.00244140625
0 0.19106332609982246 0.67431640625 0.0027618859735648055 0.00390625
0 0.3127342671138292 0.67578125 0.002465969619254291 0.0078125
0 0.2097060564213849 0.673583984375 0.0011836654172420597 0.00341796875
0 0.20270270270270271 0.672607421875 0.0011836654172420597 0.00244140625
0 0.38153481949102386 0.67578125 0.0023673308344841193 0.009765625
0 0.2917735253501677 0.671142578125 0.0009863878477017164 0.00244140625
0 0.3869599526533833 0.669677734375 0.000789110278161373 0.00244140625
0 0.38321167883211676 0.66845703125 0.0009863878477017164 0.001953125
0 0.3809923061747879 0.66796875 0.002071414480173604 0.0048828125
