0 0.37684947721444073 0.9970703125 0.0012823042020122311 0.001953125
0 0.29887551785362004 0.997802734375 0.004142828960347208 0.00439453125
0 0.3743835075951864 0.996337890625 0.0028605247583349774 0.00244140625
0 0.2630696389820477 0.997314453125 0.006312882225290984 0.00537109375
0 0.24122114815545473 0.99609375 0.002663247188794634 0.0029296875
0 0.22489642927599132 0.99658203125 0.003156441112645492 0.0048828125
0 0.37117774709015583 0.99560546875 0.002959163543105149 0.00390625
0 0.27416650226869205 0.995849609375 0.005227855592819097 0.00537109375
0 0.2540935095679621 0.994873046875 0.003156441112645492 0.00439453125
0 0.3030183468139673 0.9931640625 0.004142828960347208 0.00390625
0 0.3659005721049517 0.99462890625 0.008581574275004932 0.0107421875
0 0.2325902544880647 0.990478515625 0.007101992503452358 0.00439453125
0 0.2055139080686526 0.989990234375 0.003452357466956007 0.00341796875
0 0.27204576839613337 0.9921875 0.006904714933912014 0.0087890625
0 0.1783389228644703 0.989990234375 0.003156441112645492 0.00439453125
0 0.28422765831524954 0.98681640625 0.007003353718682186 0.00390625
0 0.32318997829946733 0.989013671875 0.016472677056618663 0.01123046875
0 0.27668179128033143 0.9833984375 0.0033537186821858355 0.00390625
0 0.37926612744130994 0.98291015625 0.0061156046557506415 0.00390625
0 0.4332708621029789 0.981201171875 0.0022686920497139475 0.00341796875
0 0.29848096271453933 0.981201171875 0.008680213059775104 0.00537109375
0 0.19851055434997042 0.984619140625 0.012527125665811796 0.01318359375
0 0.43874531465772343 0.9775390625 0.002170053264943776 0.00390625
0 0.36525942000394557 0.9794921875 0.006904714933912014 0.0087890625
0 0.19357861511146182 0.977294921875 0.011935292957190768 0.00830078125
0 0.3656539751430262 0.974609375 0.006312882225290984 0.00390625
0 0.37813178141645293 0.97314453125 0.002071414480173604 0.0029296875
0 0.32190767409745513 0.973388671875 0.004044190175577037 0.00439453125
0 0.31894851055435 0.971435546875 0.002465969619254291 0.00244140625
0 0.2613927796409548 0.97314453125 0.0051292168080489245 0.005859375
0 0.09730716117577431 0.968994140625 0.002663247188794634 0.00244140625
0 0.2649930952850661 0.968017578125 0.0022686920497139475 0.00244140625
0 0.17794436772538963 0.967041015625 0.007693825212073387 0.00439453125
0 0.15175577036890905 0.966064453125 0.0022686920497139475 0.00244140625
0 0.18746301045571118 0.96435546875 0.0038469126060366936 0.0029296875
0 0.27382126652199645 0.96240234375 0.0025646084040244622 0.0029296875
0 0.37916748865653976 0.96240234375 0.0019727756954034327 0.00390625
0 0.3205267311106727 0.962890625 0.009567962122706648 0.005859375
0 0.18756164924048135 0.95947265625 0.002071414480173604 0.001953125
0 0.3769481159992109 0.9599609375 0.0044387453146577235 0.005859375
0 0.37250937068455314 0.95849609375 0.002663247188794634 0.0029296875
0 0.31623594397317023 0.959228515625 0.004340106529887552 0.00537109375
0 0.3105642138488854 0.957275390625 0.006214243440520813 0.00341796875
0 0.10993292562635629 0.956787109375 0.0028605247583349774 0.00244140625
0 0.18238311304004734 0.957763671875 0.01144209903333991 0.00634765625
0 0.3674787926612744 0.957275390625 0.007397908857762872 0.00634765625
0 0.13370487275596765 0.955078125 0.002465969619254291 0.001953125
0 0.13158413888340895 0.955078125 0.000789110278161373 0.001953125
0 0.17631682777668178 0.953125 0.0012823042020122311 0.001953125
0 0.14208916946143224 0.953125 0.0012823042020122311 0.0029296875
0 0.39953639771158017 0.953369140625 0.003452357466956007 0.00439453125
0 0.38503649635036497 0.95263671875 0.005030578023278753 0.0029296875
0 0.3063720654961531 0.954833984375 0.007891102781613731 0.00927734375
0 0.11747879266127441 0.95068359375 0.001578220556322746 0.001953125
0 0.32185835470507 0.9482421875 0.0027618859735648055 0.0029296875
0 0.3301440126257644 0.94921875 0.005721049516669955 0.005859375
0 0.14435786151114618 0.947265625 0.0008877490629315447 0.001953125
0 0.14884592621818898 0.9462890625 0.0011836654172420597 0.001953125
0 0.11294140856184652 0.946044921875 0.002959163543105149 0.00244140625
0 0.3818307358453344 0.947021484375 0.0027618859735648055 0.00537109375
0 0.4451568356677846 0.9453125 0.0013809429867824028 0.0029296875
0 0.31697573485894653 0.947265625 0.0077924639968435586 0.0068359375
0 0.10667784572894062 0.944091796875 0.001874136910633261 0.00244140625
0 0.17020122312093114 0.943603515625 0.0028605247583349774 0.00244140625
0 0.1373051884000789 0.9423828125 0.0019727756954034327 0.001953125
0 0.11091931347405799 0.943115234375 0.0028605247583349774 0.00439453125
0 0.12532057605050306 0.941650390625 0.0030578023278753207 0.00244140625
0 0.32274610376800156 0.94140625 0.0023673308344841193 0.0029296875
0 0.14716906687709608 0.939453125 0.001578220556322746 0.001953125
0 0.39351943184059973 0.940673828125 0.008384296705464589 0.00537109375
0 0.3525843361609785 0.936279296875 0.003452357466956007 0.00244140625
0 0.10307753008482935 0.937255859375 0.003156441112645492 0.00537109375
0 0.19717893075557308 0.935546875 0.004340106529887552 0.00390625
0 0.11866245807851647 0.93359375 0.002170053264943776 0.001953125
0 0.1445551390806865 0.9326171875 0.002663247188794634 0.001953125
0 0.12694811599921088 0.932373046875 0.000789110278161373 0.00244140625
0 0.09163543105148944 0.931396484375 0.004340106529887552 0.00244140625
0 0.3716709410140067 0.9306640625 0.0013809429867824028 0.001953125
0 0.11289208916946143 0.9306640625 0.0028605247583349774 0.001953125
0 0.10963700927204577 0.930908203125 0.0014795817715525744 0.00244140625
0 0.09538370487275596 0.93115234375 0.0025646084040244622 0.0029296875
0 0.14144801736042611 0.930908203125 0.0033537186821858355 0.00341796875
0 0.3139179325310712 0.9326171875 0.008581574275004932 0.0078125
0 0.39820477411718286 0.9296875 0.0011836654172420597 0.0029296875
0 0.37458078516472676 0.930419921875 0.003452357466956007 0.00439453125
0 0.39233576642335766 0.928466796875 0.002465969619254291 0.00341796875
0 0.10066087985796016 0.928466796875 0.0044387453146577235 0.00341796875
0 0.1223614125073979 0.927490234375 0.0016768593410929177 0.00244140625
0 0.11816926415466561 0.92724609375 0.001578220556322746 0.0029296875
0 0.2036890905504044 0.927490234375 0.0039455513908068654 0.00439453125
0 0.12892089169461432 0.926025390625 0.0017754981258630894 0.00244140625
0 0.12063523377391991 0.92578125 0.000789110278161373 0.001953125
0 0.33285657920694417 0.92333984375 0.0016768593410929177 0.001953125
0 0.1925922272637601 0.923095703125 0.002465969619254291 0.00341796875
0 0.39149733675281123 0.92236328125 0.002959163543105149 0.0029296875
0 0.1501775498125863 0.923583984375 0.002465969619254291 0.00634765625
0 0.11836654172420595 0.921875 0.0072992700729927005 0.00390625
0 0.17335766423357665 0.92138671875 0.0030578023278753207 0.00390625
0 0.34962517261787335 0.92041015625 0.002465969619254291 0.0029296875
0 0.36234957585322547 0.920166015625 0.005227855592819097 0.00341796875
0 0.14144801736042611 0.919677734375 0.0019727756954034327 0.00244140625
0 0.34055040441901757 0.919189453125 0.0022686920497139475 0.00244140625
0 0.16630499112250938 0.919189453125 0.001578220556322746 0.00341796875
0 0.11239889524561057 0.91748046875 0.002071414480173604 0.001953125
0 0.11047543894259222 0.91748046875 0.0011836654172420597 0.001953125
0 0.18134740579996053 0.9169921875 0.001085026632471888 0.001953125
0 0.09691260603669363 0.91796875 0.0044387453146577235 0.0048828125
0 0.10100611560465575 0.91650390625 0.003550996251726179 0.0029296875
0 0.1056914578812389 0.916015625 0.001874136910633261 0.0029296875
0 0.12852633655553364 0.9150390625 0.0019727756954034327 0.001953125
0 0.38503649635036497 0.914794921875 0.001874136910633261 0.00244140625
0 0.14347011244821464 0.914794921875 0.0030578023278753207 0.00244140625
0 0.3958867626750838 0.9150390625 0.0066087985796014995 0.00390625
0 0.1561451962911817 0.91455078125 0.0023673308344841193 0.0029296875
0 0.11728151509173407 0.91455078125 0.003156441112645492 0.0029296875
0 0.13252120733872558 0.913818359375 0.001874136910633261 0.00244140625
0 0.4015584927993687 0.9140625 0.004142828960347208 0.00390625
0 0.36422371276385873 0.9130859375 0.001085026632471888 0.001953125
0 0.20847307161175774 0.91357421875 0.0038469126060366936 0.0029296875
0 0.1533833103176169 0.9130859375 0.002170053264943776 0.0029296875
0 0.14031367133556916 0.912353515625 0.001874136910633261 0.00244140625
0 0.10411323732491616 0.912353515625 0.003452357466956007 0.00244140625
0 0.13030183468139672 0.91162109375 0.0013809429867824028 0.001953125
0 0.20433024265141053 0.911865234375 0.0038469126060366936 0.00341796875
0 0.16260603669362794 0.9111328125 0.0016768593410929177 0.001953125
0 0.3587985796014993 0.911376953125 0.006411521010061156 0.00439453125
0 0.1593016374038272 0.90966796875 0.0011836654172420597 0.001953125
0 0.12892089169461432 0.9091796875 0.002170053264943776 0.0029296875
0 0.4057013217597159 0.908935546875 0.0025646084040244622 0.00341796875
0 0.16526928388242257 0.909423828125 0.0012823042020122311 0.00439453125
0 0.23106135332412706 0.9072265625 0.001874136910633261 0.001953125
0 0.3531761688695995 0.9072265625 0.0016768593410929177 0.0029296875
0 0.2972479779049122 0.90771484375 0.007003353718682186 0.00390625
0 0.15348194910238705 0.9072265625 0.004931939238508582 0.00390625
0 0.14228644703097257 0.907470703125 0.005622410731899783 0.00439453125
0 0.2131090944959558 0.90673828125 0.007595186427303216 0.00390625
0 0.12216413493785756 0.905517578125 0.0014795817715525744 0.00244140625
0 0.1272440323535214 0.905029296875 0.003550996251726179 0.00244140625
0 0.3886861313868613 0.906005859375 0.004044190175577037 0.00537109375
0 0.24353915959755376 0.903564453125 0.004142828960347208 0.00341796875
0 0.18869599526533834 0.90380859375 0.003748273821266522 0.00390625
0 0.14134937857565594 0.90234375 0.001578220556322746 0.001953125
0 0.15836456894851056 0.9013671875 0.0016768593410929177 0.001953125
0 0.15274215821661077 0.901123046875 0.0022686920497139475 0.00244140625
0 0.22647464983231408 0.90087890625 0.0013809429867824028 0.0029296875
0 0.13602288419806668 0.900146484375 0.003156441112645492 0.00244140625
0 0.12364371670941014 0.900634765625 0.006411521010061156 0.00341796875
0 0.412063523377392 0.8994140625 0.002465969619254291 0.001953125
0 0.11427303215624383 0.90087890625 0.007397908857762872 0.0048828125
0 0.34627145393568753 0.8994140625 0.0036496350364963502 0.0029296875
0 0.2548333004537384 0.89990234375 0.006214243440520813 0.00390625
0 0.17394949694219766 0.89892578125 0.002465969619254291 0.001953125
0 0.1686723219569935 0.899658203125 0.002959163543105149 0.00341796875
0 0.1484513710791083 0.899658203125 0.004931939238508582 0.00341796875
0 0.13326099822450188 0.899169921875 0.0017754981258630894 0.00244140625
0 0.30543499704083643 0.899169921875 0.0030578023278753207 0.00341796875
0 0.21010061156046558 0.900634765625 0.0061156046557506415 0.00634765625
0 0.1293647662260801 0.898681640625 0.0038469126060366936 0.00244140625
0 0.2999112250937068 0.899169921875 0.006806076149141842 0.00537109375
0 0.1920003945551391 0.8974609375 0.002663247188794634 0.001953125
0 0.17947326888932727 0.897705078125 0.00424146774511738 0.00244140625
0 0.34198066679818506 0.8974609375 0.002170053264943776 0.0029296875
0 0.24733675281120537 0.897705078125 0.0044387453146577235 0.00341796875
0 0.202308147563622 0.898193359375 0.0033537186821858355 0.00537109375
0 0.14312487670151905 0.89697265625 0.003156441112645492 0.0029296875
0 0.21912606036693627 0.898681640625 0.007989741566383901 0.00927734375
0 0.3202308147563622 0.8955078125 0.0038469126060366936 0.00390625
0 0.30928190964687313 0.8955078125 0.003452357466956007 0.0048828125
0 0.15708226474649833 0.896240234375 0.0044387453146577235 0.00634765625
0 0.14021503255079898 0.894287109375 0.0028605247583349774 0.00244140625
0 0.25690471493391204 0.89306640625 0.0028605247583349774 0.0029296875
0 0.2082757940422174 0.893798828125 0.005819688301440126 0.00439453125
0 0.1348392187808246 0.89306640625 0.003156441112645492 0.0029296875
0 0.10209114223712763 0.892822265625 0.0039455513908068654 0.00341796875
0 0.3511047543894259 0.892333984375 0.0036496350364963502 0.00341796875
0 0.24600512921680806 0.89208984375 0.002170053264943776 0.0029296875
0 0.22898993884395344 0.891845703125 0.001874136910633261 0.00244140625
0 0.1296606825803906 0.8935546875 0.0036496350364963502 0.005859375
0 0.2763858749260209 0.892333984375 0.005326494377589268 0.00439453125
0 0.26898796606825803 0.891357421875 0.003550996251726179 0.00244140625
0 0.25044387453146577 0.891845703125 0.005721049516669955 0.00341796875
0 0.2360919313474058 0.891357421875 0.005030578023278753 0.00341796875
0 0.24215821661077136 0.890625 0.002170053264943776 0.0029296875
0 0.16265535608601303 0.890380859375 0.004340106529887552 0.00244140625
0 0.26385874926020914 0.889892578125 0.004931939238508582 0.00439453125
0 0.14692246991517063 0.888916015625 0.0030578023278753207 0.00244140625
0 0.1964391398697968 0.888427734375 0.0028605247583349774 0.00244140625
0 0.32185835470507 0.8896484375 0.006312882225290984 0.0068359375
0 0.25882817123693036 0.8876953125 0.003748273821266522 0.0029296875
0 0.25424146774511736 0.88720703125 0.0030578023278753207 0.001953125
0 0.24506806076149143 0.8876953125 0.002465969619254291 0.0029296875
0 0.23303412901953047 0.887939453125 0.00542513316235944 0.00341796875
0 0.34686328664430854 0.88671875 0.0014795817715525744 0.001953125
0 0.2250443874531466 0.888671875 0.004636022884198066 0.005859375
0 0.12882225290984414 0.887451171875 0.0033537186821858355 0.00341796875
0 0.2699250345235747 0.885498046875 0.002071414480173604 0.00244140625
0 0.25019727756954036 0.884765625 0.003255079897415664 0.0029296875
0 0.13158413888340895 0.884521484375 0.002959163543105149 0.00244140625
0 0.22815150917340699 0.884033203125 0.0013809429867824028 0.00244140625
0 0.203442493588479 0.884033203125 0.001874136910633261 0.00244140625
0 0.16808048924837246 0.884521484375 0.002959163543105149 0.00341796875
0 0.16438153481949103 0.8837890625 0.0008877490629315447 0.001953125
0 0.160929177352535 0.8837890625 0.0012823042020122311 0.001953125
0 0.31317814164529495 0.883544921875 0.0019727756954034327 0.00244140625
0 0.24122114815545473 0.884765625 0.009370684553166305 0.0048828125
0 0.35140067074373643 0.88330078125 0.003452357466956007 0.0029296875
0 0.300009863878477 0.882568359375 0.0036496350364963502 0.00244140625
0 0.18613138686131386 0.8828125 0.002959163543105149 0.0029296875
0 0.3369500887749063 0.882568359375 0.003156441112645492 0.00341796875
0 0.32910830538567765 0.882080078125 0.0022686920497139475 0.00244140625
0 0.26612744130992305 0.88232421875 0.002170053264943776 0.0029296875
0 0.2603077530084829 0.88232421875 0.005523771947129611 0.00390625
0 0.21345433024265142 0.88134765625 0.0027618859735648055 0.001953125
0 0.27174985204182284 0.881103515625 0.0023673308344841193 0.00244140625
0 0.15520812783586507 0.8828125 0.003255079897415664 0.005859375
0 0.332166107713553 0.8798828125 0.0028605247583349774 0.001953125
0 0.22731307950286053 0.880859375 0.0028605247583349774 0.00390625
0 0.19540343262971 0.880126953125 0.0013809429867824028 0.00244140625
0 0.3240284079700138 0.8798828125 0.003550996251726179 0.0029296875
0 0.27732294338133756 0.880859375 0.006806076149141842 0.0048828125
0 0.20881830735845333 0.881591796875 0.0051292168080489245 0.00634765625
0 0.22376208325113434 0.878662109375 0.0028605247583349774 0.00244140625
0 0.18016374038271848 0.878662109375 0.00483330045373841 0.00244140625
0 0.2357960149930953 0.880615234375 0.007397908857762872 0.00732421875
0 0.3585519826395739 0.87744140625 0.003550996251726179 0.001953125
0 0.31978694022489645 0.877685546875 0.0025646084040244622 0.00244140625
0 0.29364766226080097 0.877197265625 0.003748273821266522 0.00341796875
0 0.26203393174196093 0.876220703125 0.005030578023278753 0.00341796875
0 0.17789504833300454 0.87548828125 0.001874136910633261 0.001953125
0 0.34567962122706647 0.875732421875 0.0030578023278753207 0.00341796875
0 0.3515979483132768 0.875732421875 0.00483330045373841 0.00537109375
0 0.28003550996251725 0.874267578125 0.004931939238508582 0.00244140625
0 0.29152692838824223 0.87353515625 0.0030578023278753207 0.0029296875
0 0.21961925429078713 0.87451171875 0.007200631288222529 0.005859375
0 0.13967251923456303 0.873779296875 0.002959163543105149 0.00439453125
0 0.2854113237324916 0.872314453125 0.0030578023278753207 0.00244140625
0 0.24053067666206351 0.87255859375 0.001874136910633261 0.0029296875
0 0.17572499506806077 0.8720703125 0.005030578023278753 0.0029296875
0 0.16877096074176365 0.8720703125 0.0025646084040244622 0.0029296875
0 0.27214440718090355 0.871337890625 0.004340106529887552 0.00244140625
0 0.21710396527914777 0.871826171875 0.0025646084040244622 0.00341796875
0 0.18307358453343855 0.87109375 0.0009863878477017164 0.001953125
0 0.13538173209706056 0.873046875 0.0044387453146577235 0.0068359375
0 0.34444663641743933 0.8701171875 0.000789110278161373 0.001953125
0 0.26445058196883015 0.8701171875 0.0017754981258630894 0.0029296875
0 0.17079305582955218 0.86962890625 0.0008877490629315447 0.001953125
0 0.3414874728743342 0.869873046875 0.004340106529887552 0.00341796875
0 0.16970802919708028 0.8681640625 0.0008877490629315447 0.001953125
0 0.23702899980272243 0.868896484375 0.003748273821266522 0.00537109375
0 0.22938449398303412 0.8671875 0.0012823042020122311 0.001953125
0 0.22469915170645097 0.871337890625 0.005721049516669955 0.01025390625
0 0.18267902939435787 0.866943359375 0.002959163543105149 0.00244140625
0 0.17434405208127837 0.8662109375 0.0016768593410929177 0.001953125
0 0.1967350562241073 0.86669921875 0.004044190175577037 0.00390625
0 0.1880548431643322 0.86669921875 0.002663247188794634 0.00390625
0 0.18001578220556322 0.86572265625 0.0019727756954034327 0.001953125
0 0.26538765042414675 0.865478515625 0.00424146774511738 0.00341796875
0 0.17182876306963898 0.86572265625 0.0017754981258630894 0.0048828125
0 0.1846024856973762 0.863037109375 0.001874136910633261 0.00244140625
0 0.33606233971197474 0.863525390625 0.0033537186821858355 0.00439453125
0 0.22963109094495956 0.86279296875 0.0027618859735648055 0.0029296875
0 0.19831327678043006 0.86279296875 0.00483330045373841 0.0029296875
0 0.3722627737226277 0.862060546875 0.0027618859735648055 0.00244140625
0 0.4016571315841389 0.86181640625 0.0023673308344841193 0.0029296875
0 0.22336752811205365 0.862060546875 0.0028605247583349774 0.00341796875
0 0.2771256658117972 0.8603515625 0.0014795817715525744 0.001953125
0 0.21439139869796803 0.86181640625 0.003255079897415664 0.0048828125
0 0.2823042020122312 0.86328125 0.005918327086210298 0.0087890625
0 0.24797790491221147 0.860107421875 0.002170053264943776 0.00244140625
0 0.17133556914578812 0.85986328125 0.002959163543105149 0.001953125
0 0.34503846912606034 0.861083984375 0.004734661668968239 0.00537109375
0 0.24427895048333004 0.86083984375 0.003255079897415664 0.0048828125
0 0.37324916157032945 0.85888671875 0.0023673308344841193 0.001953125
0 0.1800651015979483 0.859130859375 0.002071414480173604 0.00244140625
0 0.3771947129611363 0.860107421875 0.004537384099427895 0.00537109375
0 0.37038863681199446 0.85888671875 0.0019727756954034327 0.0029296875
0 0.24768198855790097 0.85693359375 0.001578220556322746 0.001953125
0 0.3519431840599724 0.857177734375 0.0027618859735648055 0.00341796875
0 0.38054843164332214 0.856689453125 0.0019727756954034327 0.00341796875
0 0.25424146774511736 0.860107421875 0.002663247188794634 0.01025390625
0 0.21266521996449003 0.856201171875 0.004734661668968239 0.00244140625
0 0.22933517459064903 0.857177734375 0.002959163543105149 0.00634765625
0 0.17710593805484318 0.8564453125 0.003255079897415664 0.0048828125
0 0.17330834484119156 0.85498046875 0.004931939238508582 0.0029296875
0 0.33778851844545277 0.853515625 0.002071414480173604 0.001953125
0 0.2729335174590649 0.853759765625 0.001578220556322746 0.00244140625
0 0.23737423554941803 0.853759765625 0.0038469126060366936 0.00439453125
0 0.33369500887749065 0.852294921875 0.0027618859735648055 0.00244140625
0 0.24250345235746695 0.851806640625 0.002465969619254291 0.00244140625
0 0.23530282106924444 0.851806640625 0.002663247188794634 0.00244140625
0 0.21473663444466365 0.851806640625 0.002170053264943776 0.00244140625
0 0.2713552969027422 0.85107421875 0.0013809429867824028 0.001953125
0 0.17720457683961333 0.851318359375 0.002663247188794634 0.00244140625
0 0.3818307358453344 0.850341796875 0.005523771947129611 0.00439453125
0 0.24590649043203788 0.849365234375 0.002170053264943776 0.00244140625
0 0.21853422765831526 0.8505859375 0.0044387453146577235 0.0078125
0 0.2726376011047544 0.847412109375 0.0017754981258630894 0.00244140625
0 0.1866739001775498 0.847412109375 0.0016768593410929177 0.00244140625
0 0.23870585914381534 0.84716796875 0.0019727756954034327 0.0029296875
0 0.2444269086604853 0.8447265625 0.002170053264943776 0.0029296875
0 0.22701716314855 0.844482421875 0.00542513316235944 0.00341796875
0 0.21616689682383114 0.843017578125 0.005622410731899783 0.00439453125
0 0.2659301637403827 0.84130859375 0.002170053264943776 0.001953125
0 0.23155454724797792 0.843994140625 0.004636022884198066 0.00732421875
0 0.22228250147958178 0.83935546875 0.004044190175577037 0.0029296875
0 0.2687413691063326 0.838623046875 0.002465969619254291 0.00244140625
0 0.3415367922667193 0.838134765625 0.0044387453146577235 0.00244140625
0 0.24709015584927993 0.838134765625 0.0027618859735648055 0.00244140625
0 0.21897810218978103 0.837646484375 0.002959163543105149 0.00244140625
0 0.2821562438350759 0.837158203125 0.0016768593410929177 0.00341796875
0 0.22854606431248767 0.83642578125 0.0027618859735648055 0.001953125
0 0.25019727756954036 0.83544921875 0.0012823042020122311 0.001953125
0 0.3817320970605642 0.837158203125 0.008088380351154074 0.00732421875
0 0.34720852239100414 0.837646484375 0.0061156046557506415 0.00830078125
0 0.23929769185243638 0.8349609375 0.006707437364371671 0.00390625
0 0.18682185835470508 0.8349609375 0.004142828960347208 0.00390625
0 0.248273821266522 0.8330078125 0.001578220556322746 0.001953125
0 0.2250443874531466 0.83447265625 0.0016768593410929177 0.0048828125
0 0.27668179128033143 0.83203125 0.0039455513908068654 0.0029296875
0 0.2660288025251529 0.83154296875 0.002170053264943776 0.001953125
0 0.22859538370487276 0.83154296875 0.001874136910633261 0.0029296875
0 0.2371769579798777 0.829345703125 0.0030578023278753207 0.00244140625
0 0.23101203393174197 0.829345703125 0.0023673308344841193 0.00244140625
0 0.25942000394555137 0.828125 0.0027618859735648055 0.001953125
0 0.24649832314065892 0.829345703125 0.0019727756954034327 0.00439453125
0 0.22800355099625172 0.826904296875 0.0036496350364963502 0.00244140625
0 0.2680015782205563 0.826416015625 0.007891102781613731 0.00537109375
0 0.24565989347011244 0.82470703125 0.002465969619254291 0.001953125
0 0.23426711382915763 0.82421875 0.0023673308344841193 0.001953125
0 0.2654862892089169 0.821533203125 0.00424146774511738 0.00244140625
0 0.22800355099625172 0.821044921875 0.006806076149141842 0.00634765625
0 0.25389623199842176 0.818603515625 0.002170053264943776 0.00244140625
0 0.2329848096271454 0.818359375 0.0017754981258630894 0.001953125
0 0.2576938252120734 0.81689453125 0.002071414480173604 0.0029296875
0 0.2238607220359045 0.8193359375 0.005622410731899783 0.0078125
0 0.35731899782994675 0.817138671875 0.005819688301440126 0.00537109375
0 0.23845926218188992 0.815185546875 0.0022686920497139475 0.00244140625
0 0.24812586308936674 0.814453125 0.0008877490629315447 0.001953125
0 0.23382323929769186 0.8134765625 0.00424146774511738 0.00390625
0 0.24930952850660879 0.811279296875 0.0030578023278753207 0.00244140625
0 0.241960939041231 0.809814453125 0.003156441112645492 0.00244140625
0 0.22874334188202802 0.81103515625 0.0051292168080489245 0.0068359375
0 0.2486683764056027 0.80712890625 0.0017754981258630894 0.001953125
0 0.26099822450187415 0.80615234375 0.001578220556322746 0.001953125
0 0.2687413691063326 0.802001953125 0.001874136910633261 0.00244140625
0 0.35450779246399683 0.796875 0.0023673308344841193 0.001953125
0 0.2569540343262971 0.7978515625 0.0039455513908068654 0.009765625
0 0.24127046754783982 0.793701171875 0.0013809429867824028 0.00341796875
0 0.2520220950877885 0.791748046875 0.003156441112645492 0.00244140625
0 0.24575853225488262 0.79150390625 0.0044387453146577235 0.00390625
0 0.22302229236535806 0.788818359375 0.0017754981258630894 0.00341796875
0 0.26134346024856975 0.779296875 0.003255079897415664 0.001953125
0 0.24541329650818702 0.77685546875 0.003748273821266522 0.0048828125
0 0.22825014795817716 0.776123046875 0.0061156046557506415 0.00341796875
0 0.09834286841586112 0.7724609375 0.004931939238508582 0.0048828125
0 0.2274117182876307 0.7646484375 0.002663247188794634 0.00390625
0 0.22474847109883606 0.7626953125 0.001874136910633261 0.0029296875
0 0.11392779640954824 0.76025390625 0.000789110278161373 0.0029296875
0 0.1463799565989347 0.7548828125 0.0039455513908068654 0.0029296875
0 0.116097849674492 0.755126953125 0.004142828960347208 0.00439453125
0 0.10120339317419609 0.75341796875 0.0009863878477017164 0.001953125
0 0.09730716117577431 0.75439453125 0.0014795817715525744 0.00390625
0 0.23589465377786545 0.753173828125 0.0028605247583349774 0.00244140625
0 0.15076938252120733 0.75390625 0.003452357466956007 0.00390625
0 0.10924245413296509 0.751708984375 0.0014795817715525744 0.00244140625
0 0.10253501676859342 0.750732421875 0.0014795817715525744 0.00146484375
0 0.11244821463799566 0.75244140625 0.005326494377589268 0.0087890625
0 0.14692246991517063 0.74951171875 0.003255079897415664 0.005859375
0 0.23767015190372853 0.746337890625 0.0014795817715525744 0.00244140625
0 0.10692444269086605 0.748291015625 0.0033537186821858355 0.00634765625
0 0.23964292759913197 0.74462890625 0.0012823042020122311 0.001953125
0 0.12882225290984414 0.744873046875 0.0017754981258630894 0.00341796875
0 0.11841586111659104 0.74560546875 0.001874136910633261 0.0048828125
0 0.15215032550798974 0.74658203125 0.007003353718682186 0.0087890625
0 0.11570329453541132 0.743896484375 0.0013809429867824028 0.00537109375
0 0.11022884198066679 0.74365234375 0.003255079897415664 0.0048828125
0 0.14559084632077332 0.741455078125 0.0011836654172420597 0.00244140625
0 0.1060366936279345 0.741455078125 0.001578220556322746 0.00244140625
0 0.12458078516472677 0.74169921875 0.0033537186821858355 0.00390625
0 0.10006904714933912 0.74072265625 0.001085026632471888 0.001953125
0 0.15703294535411325 0.7412109375 0.0025646084040244622 0.0048828125
0 0.19989149733675282 0.7392578125 0.001874136910633261 0.001953125
0 0.22538962319984218 0.744140625 0.006707437364371671 0.0126953125
0 0.22662260800946932 0.73779296875 0.0008877490629315447 0.001953125
0 0.11945156835667785 0.73779296875 0.0011836654172420597 0.001953125
0 0.15027618859735647 0.73828125 0.003255079897415664 0.00390625
0 0.11146182679029394 0.73779296875 0.001578220556322746 0.00390625
0 0.13612152298283686 0.737548828125 0.004537384099427895 0.00439453125
0 0.13025251528901163 0.740478515625 0.0036496350364963502 0.01025390625
0 0.11550601696587098 0.73779296875 0.0027618859735648055 0.0068359375
0 0.24151706450976523 0.739990234375 0.005819688301440126 0.01220703125
0 0.2197672124679424 0.73486328125 0.0017754981258630894 0.0048828125
0 0.12324916157032946 0.736328125 0.0028605247583349774 0.0078125
0 0.1318307358453344 0.734130859375 0.002663247188794634 0.00537109375
0 0.12680015782205564 0.732177734375 0.0012823042020122311 0.00244140625
0 0.1387354507792464 0.732177734375 0.003452357466956007 0.00341796875
0 0.15481357269678436 0.733642578125 0.006214243440520813 0.00732421875
0 0.12241073189978299 0.731201171875 0.0009863878477017164 0.00244140625
0 0.10519826395738804 0.728759765625 0.0008877490629315447 0.00244140625
0 0.24319392385085817 0.729248046875 0.003452357466956007 0.00439453125
0 0.22829946735056225 0.728515625 0.0014795817715525744 0.0029296875
0 0.23732491615703294 0.728759765625 0.0072992700729927005 0.00634765625
0 0.2698263957388045 0.725341796875 0.0014795817715525744 0.00244140625
0 0.1501775498125863 0.728515625 0.002663247188794634 0.0087890625
0 0.23145590846320774 0.728271484375 0.005030578023278753 0.00927734375
0 0.1567370289998027 0.724853515625 0.0011836654172420597 0.00244140625
0 0.2377687906884987 0.723876953125 0.0016768593410929177 0.00439453125
0 0.1348392187808246 0.721923828125 0.0013809429867824028 0.00244140625
0 0.12862497534030382 0.720947265625 0.0011836654172420597 0.00244140625
0 0.11382915762477806 0.72265625 0.0019727756954034327 0.005859375
0 0.13888340895640167 0.720947265625 0.001578220556322746 0.00341796875
0 0.12019135924245414 0.720947265625 0.001874136910633261 0.00439453125
0 0.10968632866443086 0.71923828125 0.001578220556322746 0.001953125
0 0.13513513513513514 0.71728515625 0.001578220556322746 0.001953125
0 0.22060564213848885 0.71826171875 0.003452357466956007 0.005859375
0 0.21320773328072598 0.71875 0.002663247188794634 0.0068359375
0 0.18657526139277963 0.716796875 0.0022686920497139475 0.0029296875
0 0.14973367528112053 0.717041015625 0.0017754981258630894 0.00341796875
0 0.21093904123101204 0.716552734375 0.002663247188794634 0.00341796875
0 0.23323140658907082 0.71826171875 0.004044190175577037 0.0078125
0 0.2471887946340501 0.719482421875 0.006707437364371671 0.01123046875
0 0.17276583152495562 0.714599609375 0.002465969619254291 0.00244140625
0 0.23969224699151706 0.7158203125 0.003156441112645492 0.005859375
0 0.22538962319984218 0.715087890625 0.0025646084040244622 0.00634765625
0 0.2520714144801736 0.712890625 0.001874136910633261 0.00390625
0 0.23633852830933122 0.7119140625 0.002170053264943776 0.0029296875
0 0.16551588084434798 0.712646484375 0.003550996251726179 0.00439453125
0 0.20945945945945946 0.71142578125 0.001085026632471888 0.0029296875
0 0.20472479779049121 0.71142578125 0.001874136910633261 0.0029296875
0 0.11432235154862892 0.711181640625 0.001578220556322746 0.00244140625
0 0.23204774117182878 0.71044921875 0.001085026632471888 0.001953125
0 0.20102584336160978 0.71142578125 0.0023673308344841193 0.00390625
0 0.23372460051292168 0.711669921875 0.002663247188794634 0.00537109375
0 0.18465180508976128 0.711181640625 0.0019727756954034327 0.00439453125
0 0.2714539356875123 0.708984375 0.001578220556322746 0.001953125
0 0.30055237719471295 0.70849609375 0.000789110278161373 0.001953125
0 0.2391497336752811 0.709228515625 0.002663247188794634 0.00634765625
0 0.21429275991319788 0.706298828125 0.0006904714933912014 0.00244140625
0 0.21296113631880056 0.70654296875 0.001578220556322746 0.0029296875
0 0.17878279739593608 0.70849609375 0.00483330045373841 0.0087890625
0 0.15358058788715723 0.704833984375 0.001578220556322746 0.00244140625
0 0.18248175182481752 0.705078125 0.001578220556322746 0.00390625
0 0.2591240875912409 0.703125 0.0023673308344841193 0.0048828125
0 0.18272834878674293 0.699951171875 0.001874136910633261 0.00341796875
0 0.17611955020714146 0.700439453125 0.0038469126060366936 0.00439453125
0 0.2455119352929572 0.69970703125 0.0013809429867824028 0.00390625
0 0.24122114815545473 0.698974609375 0.002465969619254291 0.00732421875
0 0.18603274807654369 0.6982421875 0.004734661668968239 0.0068359375
0 0.24644900374827383 0.6962890625 0.001874136910633261 0.00390625
0 0.2509370684553166 0.695556640625 0.0025646084040244622 0.00537109375
0 0.17991714342079307 0.69775390625 0.0033537186821858355 0.0107421875
0 0.19806667981850465 0.6923828125 0.0011836654172420597 0.0029296875
0 0.23096271453935688 0.696044921875 0.0038469126060366936 0.01123046875
0 0.20265338331031763 0.69091796875 0.001085026632471888 0.0029296875
0 0.1443085421187611 0.69091796875 0.007693825212073387 0.00390625
0 0.20112448214637996 0.68505859375 0.0025646084040244622 0.001953125
0 0.21434207930558297 0.684814453125 0.0009863878477017164 0.00244140625
0 0.18756164924048135 0.68798828125 0.009370684553166305 0.0146484375
0 0.23485894653777867 0.67822265625 0.000789110278161373 0.0029296875
0 0.1783882422568554 0.676513671875 0.0036496350364963502 0.00732421875
0 0.24699151706450975 0.672607421875 0.003156441112645492 0.00439453125
0 0.2764845137107911 0.67041015625 0.0027618859735648055 0.0029296875
0 0.19722825014795817 0.671875 0.002465969619254291 0.0068359375
0 0.19426908660485304 0.66943359375 0.001085026632471888 0.00390625
