0 0.4266127441309923 0.99365234375 0.006904714933912014 0.00390625
0 0.6475636220161768 0.99365234375 0.008877490629315447 0.0048828125
0 0.5929177352535017 0.9931640625 0.004340106529887552 0.00390625
0 0.4854507792463997 0.99267578125 0.005030578023278753 0.0029296875
0 0.5754093509567962 0.99267578125 0.00542513316235944 0.00390625
0 0.5379759321365161 0.99072265625 0.0039455513908068654 0.0029296875
0 0.6052475833497731 0.989990234375 0.009469323337936477 0.00537109375
0 0.5588380351154074 0.98583984375 0.008384296705464589 0.0048828125
0 0.5678634839218781 0.98486328125 0.007496547642533044 0.00390625
0 0.6530873939633064 0.984375 0.005918327086210298 0.0068359375
0 0.15658907082264747 0.982666015625 0.0038469126060366936 0.00341796875
0 0.670151903728546 0.9833984375 0.00848293549023476 0.005859375
0 0.4680410337344644 0.982666015625 0.0061156046557506415 0.00439453125
0 0.4255277174985204 0.982177734375 0.005523771947129611 0.00439453125
0 0.6116591043598343 0.9814453125 0.007693825212073387 0.0048828125
0 0.5849773130795028 0.982421875 0.012921680804892484 0.0078125
0 0.6607318997829946 0.9794921875 0.0028605247583349774 0.0029296875
0 0.3110574077727362 0.9775390625 0.007003353718682186 0.00390625
0 0.49284868810416255 0.9775390625 0.00897612941408562 0.0048828125
0 0.2870881830735845 0.97705078125 0.00424146774511738 0.0048828125
0 0.5265831524955612 0.97607421875 0.006806076149141842 0.00390625
0 0.37359439731702504 0.975341796875 0.006214243440520813 0.00341796875
0 0.36392779640954825 0.97412109375 0.0028605247583349774 0.0029296875
0 0.6159992108897219 0.973876953125 0.003748273821266522 0.00341796875
0 0.5677648451371079 0.972412109375 0.002959163543105149 0.00244140625
0 0.5522292365358059 0.97265625 0.0044387453146577235 0.0029296875
0 0.5556322746103768 0.97265625 0.004142828960347208 0.00390625
0 0.5478398106135333 0.9716796875 0.006312882225290984 0.00390625
0 0.4719372657328862 0.97216796875 0.00542513316235944 0.0048828125
0 0.3859242454132965 0.970947265625 0.005622410731899783 0.00341796875
0 0.578763069638982 0.970703125 0.0066087985796014995 0.0048828125
0 0.18031169855987375 0.968994140625 0.001578220556322746 0.00244140625
0 0.1463799565989347 0.97021484375 0.004734661668968239 0.0048828125
0 0.6605839416058394 0.968505859375 0.0061156046557506415 0.00341796875
0 0.46577234168475046 0.967529296875 0.00848293549023476 0.00439453125
0 0.12783586506214242 0.966552734375 0.0017754981258630894 0.00244140625
0 0.09794831327678043 0.966796875 0.003156441112645492 0.0029296875
0 0.17533043992898006 0.966552734375 0.0044387453146577235 0.00341796875
0 0.6721739988163346 0.96728515625 0.014302623791674886 0.0078125
0 0.6014499901361215 0.966064453125 0.010357072400868021 0.00537109375
0 0.3136220161767607 0.965087890625 0.0044387453146577235 0.00341796875
0 0.21024856973762082 0.964111328125 0.004044190175577037 0.00244140625
0 0.28186032748076545 0.966064453125 0.008384296705464589 0.00830078125
0 0.1349378575655948 0.962890625 0.0011836654172420597 0.001953125
0 0.6369599526533833 0.962890625 0.005622410731899783 0.0029296875
0 0.6277372262773723 0.963134765625 0.004142828960347208 0.00341796875
0 0.5435983428684159 0.962890625 0.004142828960347208 0.00390625
0 0.5796508187019136 0.962890625 0.006411521010061156 0.0048828125
0 0.6133852830933123 0.9658203125 0.016669954626159007 0.0126953125
0 0.6116591043598343 0.961669921875 0.008088380351154074 0.00439453125
0 0.46049516669954627 0.9619140625 0.007003353718682186 0.0048828125
0 0.335075951864273 0.96337890625 0.007891102781613731 0.0078125
0 0.40417242059577824 0.960205078125 0.0012823042020122311 0.00244140625
0 0.5901558492799369 0.962158203125 0.013217597159202999 0.00830078125
0 0.35717103965279146 0.96044921875 0.007891102781613731 0.0048828125
0 0.4012625764450582 0.959716796875 0.0039455513908068654 0.00439453125
0 0.36807062536989543 0.9580078125 0.002663247188794634 0.001953125
0 0.6242355494180312 0.958984375 0.004636022884198066 0.0048828125
0 0.6150128230420201 0.957763671875 0.004537384099427895 0.00244140625
0 0.17774709015584927 0.958251953125 0.002170053264943776 0.00341796875
0 0.4270566186624581 0.957763671875 0.006214243440520813 0.00341796875
0 0.722430459656737 0.95703125 0.004931939238508582 0.0029296875
0 0.5958768987966069 0.956298828125 0.005918327086210298 0.00341796875
0 0.15836456894851056 0.955810546875 0.001874136910633261 0.00341796875
0 0.5531169855987375 0.95654296875 0.010554349970408364 0.005859375
0 0.2019629118169264 0.955810546875 0.0036496350364963502 0.00439453125
0 0.5893174196093904 0.955322265625 0.007200631288222529 0.00439453125
0 0.542513316235944 0.95556640625 0.008088380351154074 0.0048828125
0 0.31031761688695997 0.95458984375 0.003156441112645492 0.0029296875
0 0.13222529098441507 0.955078125 0.00542513316235944 0.00390625
0 0.5819195107516275 0.953857421875 0.0030578023278753207 0.00244140625
0 0.09326297100019727 0.95361328125 0.002663247188794634 0.0029296875
0 0.7151311895837443 0.952880859375 0.003550996251726179 0.00244140625
0 0.5685046360228841 0.95263671875 0.007200631288222529 0.00390625
0 0.5215525744722825 0.950927734375 0.002663247188794634 0.00244140625
0 0.5139080686525942 0.951904296875 0.006904714933912014 0.00439453125
0 0.683912014203985 0.95068359375 0.00542513316235944 0.0029296875
0 0.40792069441704476 0.951904296875 0.00424146774511738 0.00537109375
0 0.5990826593016374 0.94970703125 0.008384296705464589 0.0048828125
0 0.16783389228644702 0.948974609375 0.003452357466956007 0.00341796875
0 0.6323239297691853 0.951416015625 0.014894456500295916 0.00927734375
0 0.13804497928585518 0.947998046875 0.002465969619254291 0.00244140625
0 0.40279147760899586 0.94775390625 0.002663247188794634 0.0029296875
0 0.2704182284474255 0.948486328125 0.007003353718682186 0.00439453125
0 0.41709410140067077 0.947998046875 0.007989741566383901 0.00439453125
0 0.212073387255869 0.947021484375 0.0023673308344841193 0.00244140625
0 0.17380153876504242 0.947509765625 0.003550996251726179 0.00341796875
0 0.1582166107713553 0.947509765625 0.005523771947129611 0.00439453125
0 0.6469717893075557 0.94580078125 0.005721049516669955 0.0029296875
0 0.5079897415663839 0.946044921875 0.006510159794831328 0.00341796875
0 0.7077826001183666 0.947021484375 0.010554349970408364 0.00634765625
0 0.1874136910633261 0.945068359375 0.004734661668968239 0.00439453125
0 0.35840402446241865 0.943603515625 0.005030578023278753 0.00341796875
0 0.11318800552377195 0.943359375 0.002465969619254291 0.0029296875
0 0.3332511343460249 0.94384765625 0.006214243440520813 0.0048828125
0 0.6436180706253699 0.943603515625 0.00848293549023476 0.00537109375
0 0.28008482935490236 0.94384765625 0.004044190175577037 0.0078125
0 0.6644308542118761 0.943603515625 0.016571315841388833 0.00830078125
0 0.5204182284474256 0.943603515625 0.006707437364371671 0.00830078125
0 0.37961136318800554 0.941162109375 0.003452357466956007 0.00341796875
0 0.16526928388242257 0.94140625 0.002071414480173604 0.00390625
0 0.5921286249753404 0.941162109375 0.005326494377589268 0.00439453125
0 0.5877885184454528 0.9404296875 0.0025646084040244622 0.0029296875
0 0.512083251134346 0.94189453125 0.010159794831327678 0.005859375
0 0.5309232590254488 0.943115234375 0.01213257052673111 0.00927734375
0 0.37532057605050306 0.939453125 0.004340106529887552 0.00390625
0 0.4567962122706648 0.939208984375 0.008285657920694417 0.00439453125
0 0.3963799565989347 0.939208984375 0.0036496350364963502 0.00439453125
0 0.5471000197277569 0.938232421875 0.006016965870980469 0.00341796875
0 0.7110869994081673 0.940673828125 0.017360426119550208 0.00927734375
0 0.41186624580785164 0.939697265625 0.00976523969224699 0.00732421875
0 0.18198855790096666 0.93701171875 0.004931939238508582 0.0029296875
0 0.1575261392779641 0.937255859375 0.0039455513908068654 0.00341796875
0 0.5636220161767607 0.9365234375 0.004340106529887552 0.0029296875
0 0.6185638192937463 0.93701171875 0.0061156046557506415 0.0048828125
0 0.17153284671532848 0.935302734375 0.0023673308344841193 0.00244140625
0 0.6761688695995265 0.93505859375 0.002959163543105149 0.0029296875
0 0.5531169855987375 0.939697265625 0.013118958374432827 0.01220703125
0 0.12719471296113632 0.9345703125 0.001874136910633261 0.0029296875
0 0.5871473663444466 0.933837890625 0.004044190175577037 0.00244140625
0 0.5365456697573486 0.93408203125 0.004044190175577037 0.0029296875
0 0.3559380548431643 0.934326171875 0.006806076149141842 0.00439453125
0 0.3699447622805287 0.932373046875 0.003452357466956007 0.00341796875
0 0.6876602880252515 0.936279296875 0.017656342473860723 0.01220703125
0 0.39657723416847507 0.931396484375 0.004044190175577037 0.00244140625
0 0.6820871966857368 0.931884765625 0.006510159794831328 0.00439453125
0 0.5420201223120931 0.931396484375 0.005918327086210298 0.00341796875
0 0.36328664430854213 0.931884765625 0.0033537186821858355 0.00537109375
0 0.09503846912606037 0.93212890625 0.0028605247583349774 0.005859375
0 0.3029197080291971 0.93115234375 0.007496547642533044 0.0048828125
0 0.18938646675872953 0.93017578125 0.002959163543105149 0.0029296875
0 0.44214835273229436 0.93017578125 0.008384296705464589 0.0048828125
0 0.13257052673111067 0.928955078125 0.0017754981258630894 0.00341796875
0 0.3668376405602683 0.928466796875 0.0025646084040244622 0.00341796875
0 0.44629118169264154 0.927734375 0.0038469126060366936 0.0029296875
0 0.2541921483527323 0.928466796875 0.006510159794831328 0.00537109375
0 0.47820082856579205 0.927978515625 0.004537384099427895 0.00537109375
0 0.6231012033931742 0.926513671875 0.004340106529887552 0.00341796875
0 0.5811797198658513 0.926513671875 0.0051292168080489245 0.00341796875
0 0.19599526533833103 0.92578125 0.002959163543105149 0.0029296875
0 0.11343460248569738 0.92529296875 0.0025646084040244622 0.001953125
0 0.4899388439534425 0.927490234375 0.00848293549023476 0.00732421875
0 0.6899782994673506 0.92724609375 0.010061156046557506 0.0078125
0 0.30642138488853815 0.925048828125 0.0038469126060366936 0.00341796875
0 0.0994772144407181 0.92529296875 0.00424146774511738 0.00390625
0 0.35800946932333794 0.924560546875 0.005622410731899783 0.00439453125
0 0.532205563227461 0.924560546875 0.009567962122706648 0.00537109375
0 0.39342079305582955 0.9228515625 0.001874136910633261 0.001953125
0 0.3704379562043796 0.92236328125 0.0014795817715525744 0.001953125
0 0.5867528112053659 0.9228515625 0.003452357466956007 0.00390625
0 0.5168672321956993 0.923583984375 0.007693825212073387 0.00537109375
0 0.4077727362398895 0.92236328125 0.0033537186821858355 0.0029296875
0 0.5819688301440126 0.922119140625 0.004931939238508582 0.00341796875
0 0.35179522588281714 0.92138671875 0.0016768593410929177 0.001953125
0 0.19426908660485304 0.92236328125 0.003255079897415664 0.00390625
0 0.4414578812389031 0.92236328125 0.009567962122706648 0.005859375
0 0.09129019530479385 0.920654296875 0.00424146774511738 0.00244140625
0 0.6416452949299665 0.924560546875 0.014401262576445058 0.01123046875
0 0.5239199053067666 0.9208984375 0.00542513316235944 0.00390625
0 0.4698658512527126 0.922607421875 0.007200631288222529 0.00732421875
0 0.4605444860919313 0.921630859375 0.01144209903333991 0.00634765625
0 0.37329848096271456 0.919677734375 0.0044387453146577235 0.00244140625
0 0.46508187019135927 0.91943359375 0.005523771947129611 0.0029296875
0 0.4500887749062932 0.922119140625 0.005523771947129611 0.00830078125
0 0.340797001380943 0.919189453125 0.005918327086210298 0.00341796875
0 0.7114322351548629 0.91943359375 0.005622410731899783 0.0048828125
0 0.6585125271256658 0.92041015625 0.008877490629315447 0.0068359375
0 0.3648155454724798 0.92041015625 0.005622410731899783 0.0078125
0 0.4002268692049714 0.9169921875 0.003255079897415664 0.001953125
0 0.403432629710002 0.918212890625 0.005523771947129611 0.00537109375
0 0.35756559479187217 0.916748046875 0.0033537186821858355 0.00341796875
0 0.12719471296113632 0.91650390625 0.0036496350364963502 0.0029296875
0 0.11220161767607023 0.916015625 0.0014795817715525744 0.001953125
0 0.34617281515091736 0.915771484375 0.002663247188794634 0.00244140625
0 0.2805780232787532 0.916259765625 0.003255079897415664 0.00341796875
0 0.19170447820082856 0.916015625 0.0036496350364963502 0.0029296875
0 0.14697178930755572 0.91552734375 0.0023673308344841193 0.0029296875
0 0.49275004931939237 0.915283203125 0.0066087985796014995 0.00634765625
0 0.17789504833300454 0.913330078125 0.0038469126060366936 0.00341796875
0 0.15964687315052278 0.91259765625 0.0012823042020122311 0.001953125
0 0.09400276188597356 0.91357421875 0.004340106529887552 0.00390625
0 0.4053560860130203 0.9130859375 0.00483330045373841 0.00390625
0 0.1529394357861511 0.9130859375 0.0038469126060366936 0.00390625
0 0.48347800355099624 0.91357421875 0.009370684553166305 0.0068359375
0 0.42690866048530285 0.910888671875 0.0025646084040244622 0.00244140625
0 0.27209508778851843 0.91259765625 0.007595186427303216 0.005859375
0 0.4359341092917735 0.913818359375 0.014697178930755573 0.00927734375
0 0.14682383113040048 0.91015625 0.00483330045373841 0.0029296875
0 0.13301440126257644 0.910400390625 0.005622410731899783 0.00439453125
0 0.6988064707042809 0.90966796875 0.007397908857762872 0.0048828125
0 0.33191951075162757 0.911376953125 0.005721049516669955 0.00927734375
0 0.15215032550798974 0.908447265625 0.0036496350364963502 0.00341796875
0 0.572450187413691 0.907958984375 0.00542513316235944 0.00341796875
0 0.18405997238114027 0.91015625 0.007101992503452358 0.0087890625
0 0.0963207733280726 0.906005859375 0.0014795817715525744 0.00244140625
0 0.43682185835470505 0.904541015625 0.0028605247583349774 0.00244140625
0 0.4040737818110081 0.904541015625 0.00424146774511738 0.00244140625
0 0.1551094890510949 0.904052734375 0.0022686920497139475 0.00244140625
0 0.14633063720654962 0.90478515625 0.0077924639968435586 0.0048828125
0 0.7067468928782797 0.905517578125 0.007693825212073387 0.00732421875
0 0.4144801736042612 0.90283203125 0.003156441112645492 0.001953125
0 0.3964785953837049 0.903564453125 0.0044387453146577235 0.00439453125
0 0.22923653580587888 0.90478515625 0.0061156046557506415 0.0068359375
0 0.6404616295127245 0.902099609375 0.002959163543105149 0.00244140625
0 0.3509074768198856 0.902099609375 0.0028605247583349774 0.00244140625
0 0.26997435391595975 0.902587890625 0.003748273821266522 0.00341796875
0 0.23683172223318208 0.902099609375 0.006707437364371671 0.00341796875
0 0.12630696389820478 0.901123046875 0.0022686920497139475 0.00146484375
0 0.11387847701716315 0.901611328125 0.0016768593410929177 0.00244140625
0 0.2200138094298678 0.9033203125 0.008187019135924246 0.0068359375
0 0.19486091931347405 0.902099609375 0.0038469126060366936 0.00439453125
0 0.4029887551785362 0.900390625 0.0022686920497139475 0.001953125
0 0.384493983034129 0.9013671875 0.004734661668968239 0.00390625
0 0.7166107713552969 0.900634765625 0.006904714933912014 0.00439453125
0 0.1905701321759716 0.900634765625 0.008680213059775104 0.00439453125
0 0.30933122903925825 0.899658203125 0.0061156046557506415 0.00341796875
0 0.14075754586703493 0.89990234375 0.002959163543105149 0.0048828125
0 0.3904616295127244 0.898193359375 0.002465969619254291 0.00341796875
0 0.3490826593016374 0.897705078125 0.004340106529887552 0.00244140625
0 0.16640362990727955 0.898193359375 0.007693825212073387 0.00537109375
0 0.1494870783191951 0.897216796875 0.001874136910633261 0.00341796875
0 0.11160978496744921 0.89697265625 0.001874136910633261 0.0029296875
0 0.6346419412112843 0.8974609375 0.005326494377589268 0.0048828125
0 0.401163937660288 0.897705078125 0.006904714933912014 0.00537109375
0 0.3949990136121523 0.896484375 0.00424146774511738 0.0029296875
0 0.6467251923456303 0.89501953125 0.003255079897415664 0.0029296875
0 0.28220556322746104 0.89501953125 0.0051292168080489245 0.0029296875
0 0.13498717695797988 0.89599609375 0.008384296705464589 0.0048828125
0 0.12699743539159597 0.89453125 0.002071414480173604 0.001953125
0 0.2756954034326297 0.89453125 0.0033537186821858355 0.00390625
0 0.3317715525744723 0.8955078125 0.007397908857762872 0.0068359375
0 0.1470704280923259 0.896484375 0.00907476819885579 0.0087890625
0 0.4186723219569935 0.892578125 0.0036496350364963502 0.0029296875
0 0.3375419214835273 0.891845703125 0.002959163543105149 0.00341796875
0 0.31697573485894653 0.892822265625 0.00976523969224699 0.00537109375
0 0.21014993095285067 0.89208984375 0.005819688301440126 0.00390625
0 0.09883606233971197 0.8916015625 0.003550996251726179 0.0029296875
0 0.3484908265930164 0.890869140625 0.002959163543105149 0.00244140625
0 0.16226080094693232 0.8916015625 0.003748273821266522 0.0048828125
0 0.40974551193529296 0.8896484375 0.0019727756954034327 0.001953125
0 0.6797198658512527 0.89013671875 0.006707437364371671 0.00390625
0 0.40432037877293353 0.890380859375 0.007693825212073387 0.00537109375
0 0.20383704872755967 0.889892578125 0.0038469126060366936 0.00439453125
0 0.35371868218583546 0.889892578125 0.0051292168080489245 0.00537109375
0 0.4124580785164727 0.8857421875 0.002663247188794634 0.0029296875
0 0.3094791872164135 0.88525390625 0.002663247188794634 0.0029296875
0 0.40215032550798974 0.88427734375 0.001578220556322746 0.001953125
0 0.5686032748076544 0.884765625 0.004044190175577037 0.00390625
0 0.34577826001183665 0.885498046875 0.006016965870980469 0.00537109375
0 0.2934997040836457 0.884521484375 0.006016965870980469 0.00341796875
0 0.10322548826198462 0.8837890625 0.0030578023278753207 0.00390625
0 0.26913592424541327 0.88427734375 0.011738015387650425 0.005859375
0 0.13079502860524758 0.8837890625 0.0025646084040244622 0.0048828125
0 0.1199940816729138 0.8828125 0.0012823042020122311 0.0029296875
0 0.49250345235746695 0.8828125 0.005326494377589268 0.00390625
0 0.4004241467745117 0.882080078125 0.001874136910633261 0.00244140625
0 0.12334780035509962 0.882568359375 0.001874136910633261 0.00439453125
0 0.3491319786940225 0.881591796875 0.002465969619254291 0.00341796875
0 0.34089564016571317 0.881591796875 0.003748273821266522 0.00341796875
0 0.11299072795423161 0.8818359375 0.00542513316235944 0.00390625
0 0.10796014993095285 0.8828125 0.0036496350364963502 0.005859375
0 0.20763464194121128 0.881103515625 0.008285657920694417 0.00439453125
0 0.36328664430854213 0.8798828125 0.0025646084040244622 0.0029296875
0 0.475290984415072 0.88037109375 0.006806076149141842 0.0048828125
0 0.3312290392582363 0.8798828125 0.0051292168080489245 0.0048828125
0 0.6980173604261195 0.880615234375 0.00976523969224699 0.00732421875
0 0.6135332412704676 0.879150390625 0.0072992700729927005 0.00439453125
0 0.35539554152692837 0.878173828125 0.001578220556322746 0.00244140625
0 0.19012625764450583 0.879638671875 0.0038469126060366936 0.00537109375
0 0.13932728348786744 0.879150390625 0.009173406983625962 0.00537109375
0 0.12680015782205564 0.877685546875 0.002465969619254291 0.00244140625
0 0.11506214243440521 0.878173828125 0.00424146774511738 0.00439453125
0 0.3393667390017755 0.876220703125 0.0028605247583349774 0.00244140625
0 0.1633951469717893 0.878173828125 0.010159794831327678 0.00634765625
0 0.13232392976918525 0.8759765625 0.002071414480173604 0.001953125
0 0.6294634050108503 0.875732421875 0.003255079897415664 0.00244140625
0 0.344249358847899 0.876220703125 0.006707437364371671 0.00341796875
0 0.14583744328269876 0.875244140625 0.002071414480173604 0.00341796875
0 0.12369303610179523 0.87451171875 0.003156441112645492 0.0029296875
0 0.1029295719076741 0.8740234375 0.0012823042020122311 0.001953125
0 0.6214243440520812 0.8759765625 0.006510159794831328 0.0068359375
0 0.4659202998619057 0.8759765625 0.010948905109489052 0.0068359375
0 0.334484119155652 0.875732421875 0.004142828960347208 0.00634765625
0 0.2892089169461432 0.876953125 0.012625764450581969 0.0087890625
0 0.3592917735253502 0.875732421875 0.0044387453146577235 0.00732421875
0 0.3372953245216019 0.8720703125 0.0030578023278753207 0.001953125
0 0.3236338528309331 0.8720703125 0.0027618859735648055 0.0029296875
0 0.22055632274610376 0.8720703125 0.0039455513908068654 0.0029296875
0 0.6194022489642927 0.871337890625 0.004044190175577037 0.00244140625
0 0.6388834089564016 0.871337890625 0.004142828960347208 0.00341796875
0 0.47686920497139473 0.87158203125 0.006214243440520813 0.00390625
0 0.21049516669954627 0.873291015625 0.008285657920694417 0.00732421875
0 0.0955809824422963 0.87158203125 0.003550996251726179 0.00390625
0 0.10075951864273032 0.870361328125 0.0022686920497139475 0.00244140625
0 0.2665713158413888 0.870361328125 0.005030578023278753 0.00341796875
0 0.16388834089564017 0.872314453125 0.007989741566383901 0.00830078125
0 0.12990727954231604 0.87060546875 0.004537384099427895 0.0048828125
0 0.10623397119747485 0.869384765625 0.002170053264943776 0.00244140625
0 0.31865259420003944 0.869140625 0.004044190175577037 0.0029296875
0 0.5147958177155257 0.869384765625 0.007101992503452358 0.00439453125
0 0.34829354902347603 0.866943359375 0.0019727756954034327 0.00244140625
0 0.3446439139869797 0.867431640625 0.0023673308344841193 0.00341796875
0 0.20516867232195699 0.868408203125 0.004142828960347208 0.00634765625
0 0.12246005129216808 0.86669921875 0.00424146774511738 0.0029296875
0 0.11205365949891498 0.86669921875 0.0023673308344841193 0.0029296875
0 0.2016669954626159 0.866455078125 0.003255079897415664 0.00341796875
0 0.14475241665022687 0.86669921875 0.0038469126060366936 0.0048828125
0 0.13952456105740776 0.869384765625 0.009173406983625962 0.01123046875
0 0.13276780430065102 0.864990234375 0.002170053264943776 0.00244140625
0 0.48096271453935685 0.865478515625 0.012231209311501283 0.00634765625
0 0.11866245807851647 0.862060546875 0.001578220556322746 0.00146484375
0 0.10401459854014598 0.864013671875 0.0038469126060366936 0.00634765625
0 0.5353126849477214 0.861328125 0.0051292168080489245 0.00390625
0 0.41048530282106926 0.862548828125 0.009173406983625962 0.00634765625
0 0.40348194910238705 0.860595703125 0.0038469126060366936 0.00341796875
0 0.3997336752811205 0.86181640625 0.00424146774511738 0.005859375
0 0.14218780824620242 0.860107421875 0.0014795817715525744 0.00244140625
0 0.13089366739001776 0.85986328125 0.002170053264943776 0.001953125
0 0.1290688498717696 0.860107421875 0.001085026632471888 0.00244140625
0 0.3428190964687315 0.86083984375 0.004636022884198066 0.0048828125
0 0.14914184257249952 0.86279296875 0.007693825212073387 0.0087890625
0 0.2840303807457092 0.859130859375 0.002071414480173604 0.00244140625
0 0.21596961925429078 0.862060546875 0.009370684553166305 0.00927734375
0 0.1262576445058197 0.861083984375 0.004537384099427895 0.00732421875
0 0.6332116788321168 0.8583984375 0.0038469126060366936 0.0029296875
0 0.2683468139672519 0.8583984375 0.0044387453146577235 0.0029296875
0 0.13745314657723418 0.861083984375 0.005227855592819097 0.00830078125
0 0.3484415072006313 0.859619140625 0.006411521010061156 0.00634765625
0 0.10860130203195896 0.859375 0.00966660090747682 0.005859375
0 0.49467350562241075 0.858154296875 0.006312882225290984 0.00439453125
0 0.48377391990530677 0.857421875 0.004636022884198066 0.0029296875
0 0.14485105543499704 0.857177734375 0.002465969619254291 0.00244140625
0 0.2878279739593608 0.857421875 0.004142828960347208 0.00390625
0 0.35874926020911424 0.857421875 0.0051292168080489245 0.005859375
0 0.12265732886170842 0.85693359375 0.004044190175577037 0.0068359375
0 0.5034030380745709 0.854736328125 0.005819688301440126 0.00341796875
0 0.35036496350364965 0.854248046875 0.002170053264943776 0.00244140625
0 0.24077727362398896 0.854736328125 0.003156441112645492 0.00341796875
0 0.1202899980272243 0.8544921875 0.0022686920497139475 0.0029296875
0 0.6766127441309923 0.853759765625 0.004636022884198066 0.00244140625
0 0.3651114618267903 0.854248046875 0.0036496350364963502 0.00341796875
0 0.11234957585322548 0.85400390625 0.002959163543105149 0.0029296875
0 0.12990727954231604 0.854248046875 0.0051292168080489245 0.00439453125
0 0.4613829157624778 0.853271484375 0.00424146774511738 0.00439453125
0 0.6420398500690472 0.852294921875 0.004734661668968239 0.00341796875
0 0.28940619451568356 0.851806640625 0.004142828960347208 0.00341796875
0 0.1259124087591241 0.85107421875 0.002663247188794634 0.001953125
0 0.7275103570724009 0.85302734375 0.007595186427303216 0.0068359375
0 0.6173801538765042 0.85107421875 0.005523771947129611 0.0029296875
0 0.5204182284474256 0.852294921875 0.009469323337936477 0.00537109375
0 0.35248569737620833 0.8515625 0.0038469126060366936 0.00390625
0 0.6954527520220951 0.85205078125 0.006806076149141842 0.005859375
0 0.4665121325705267 0.85009765625 0.0022686920497139475 0.001953125
0 0.6704971394752417 0.84814453125 0.0028605247583349774 0.001953125
0 0.2625271256658118 0.848388671875 0.003255079897415664 0.00244140625
0 0.7089662655356086 0.84814453125 0.00542513316235944 0.0048828125
0 0.5137601104754389 0.84619140625 0.002465969619254291 0.001953125
0 0.23554941803116985 0.8466796875 0.0039455513908068654 0.00390625
0 0.4645393568751233 0.846435546875 0.006806076149141842 0.00439453125
0 0.5429571907674098 0.8447265625 0.0028605247583349774 0.001953125
0 0.21444071809035312 0.84716796875 0.00848293549023476 0.0068359375
0 0.5961728151509174 0.8466796875 0.008680213059775104 0.0068359375
0 0.44619254290787136 0.844482421875 0.00424146774511738 0.00244140625
0 0.1897810218978102 0.844482421875 0.002170053264943776 0.00244140625
0 0.1856875123298481 0.84423828125 0.003452357466956007 0.0029296875
0 0.7153284671532847 0.84375 0.006510159794831328 0.00390625
0 0.6052969027421582 0.84423828125 0.007989741566383901 0.0048828125
0 0.598885381732097 0.843017578125 0.0044387453146577235 0.00244140625
0 0.4391891891891892 0.843017578125 0.003255079897415664 0.00244140625
0 0.22450187413691064 0.84326171875 0.007101992503452358 0.00390625
0 0.6745906490432038 0.841796875 0.003156441112645492 0.001953125
0 0.4749457486683764 0.84326171875 0.005326494377589268 0.005859375
0 0.2037384099427895 0.84130859375 0.0036496350364963502 0.0029296875
0 0.4823436575261393 0.841064453125 0.004142828960347208 0.00341796875
0 0.2575458670349181 0.840576171875 0.0027618859735648055 0.00244140625
0 0.23032156243835075 0.84033203125 0.002959163543105149 0.0029296875
0 0.5970112448214638 0.8388671875 0.003452357466956007 0.0029296875
0 0.5276681791280331 0.838623046875 0.002465969619254291 0.00244140625
0 0.6963898204774117 0.840087890625 0.008680213059775104 0.00634765625
0 0.21991517064509766 0.838623046875 0.00424146774511738 0.00341796875
0 0.7279542316038666 0.83935546875 0.007891102781613731 0.005859375
0 0.6745906490432038 0.837646484375 0.0023673308344841193 0.00244140625
0 0.5213552969027422 0.837890625 0.005819688301440126 0.0029296875
0 0.23900177549812587 0.838134765625 0.005918327086210298 0.00341796875
0 0.7053166304991122 0.83740234375 0.0044387453146577235 0.00390625
0 0.5513908068652594 0.8369140625 0.003748273821266522 0.0029296875
0 0.4432826987571513 0.83642578125 0.005918327086210298 0.00390625
0 0.2332807259814559 0.835693359375 0.0033537186821858355 0.00244140625
0 0.5123298480962715 0.835205078125 0.003550996251726179 0.00244140625
0 0.43899191161964884 0.83544921875 0.002663247188794634 0.0029296875
0 0.22326888932728348 0.8359375 0.0030578023278753207 0.00390625
0 0.4805188400078911 0.834716796875 0.005227855592819097 0.00341796875
0 0.4509765239692247 0.83447265625 0.004734661668968239 0.0029296875
0 0.42365358058788716 0.8359375 0.005721049516669955 0.0068359375
0 0.19831327678043006 0.835205078125 0.0030578023278753207 0.00537109375
0 0.6010061156046558 0.83349609375 0.003156441112645492 0.0029296875
0 0.7258828171236931 0.83349609375 0.006510159794831328 0.00390625
0 0.5484316433221542 0.832763671875 0.0039455513908068654 0.00341796875
0 0.42952258828171236 0.83203125 0.003255079897415664 0.0029296875
0 0.183912014203985 0.8310546875 0.002071414480173604 0.001953125
0 0.6297593213651608 0.83154296875 0.007200631288222529 0.00390625
0 0.5537088183073584 0.830078125 0.006016965870980469 0.00390625
0 0.549467350562241 0.82861328125 0.002663247188794634 0.001953125
0 0.4467350562241073 0.82861328125 0.0027618859735648055 0.001953125
0 0.6953047938449398 0.828857421875 0.0025646084040244622 0.00341796875
0 0.177007299270073 0.828369140625 0.0044387453146577235 0.00244140625
0 0.7191753797593213 0.827880859375 0.004537384099427895 0.00244140625
0 0.580439928980075 0.827880859375 0.00483330045373841 0.00244140625
0 0.27796409548234363 0.827880859375 0.0023673308344841193 0.00244140625
0 0.5065101597948314 0.82861328125 0.007891102781613731 0.0048828125
0 0.44140856184651805 0.8291015625 0.007101992503452358 0.005859375
0 0.21503255079897415 0.82763671875 0.005918327086210298 0.00390625
0 0.1978200828565792 0.82861328125 0.0030578023278753207 0.005859375
0 0.4880153876504241 0.826171875 0.002465969619254291 0.001953125
0 0.6601893864667587 0.825439453125 0.0033537186821858355 0.00244140625
0 0.20516867232195699 0.825439453125 0.0023673308344841193 0.00244140625
0 0.44786940224896427 0.82470703125 0.0028605247583349774 0.001953125
0 0.7185342276583152 0.82421875 0.003255079897415664 0.001953125
0 0.5211580193332018 0.82470703125 0.004044190175577037 0.0029296875
0 0.5314657723416848 0.823974609375 0.003550996251726179 0.00244140625
0 0.5999704083645689 0.82373046875 0.00483330045373841 0.0029296875
0 0.5924245413296508 0.8232421875 0.002959163543105149 0.0029296875
0 0.5654468336950089 0.82568359375 0.006411521010061156 0.0078125
0 0.49950680607614917 0.822998046875 0.0023673308344841193 0.00244140625
0 0.4732688893272835 0.822998046875 0.002959163543105149 0.00244140625
0 0.18134740579996053 0.822998046875 0.0044387453146577235 0.00244140625
0 0.6389820477411718 0.82373046875 0.0051292168080489245 0.0048828125
0 0.39307555730913396 0.822021484375 0.0017754981258630894 0.00244140625
0 0.6908660485302821 0.823974609375 0.004142828960347208 0.00732421875
0 0.6070724008680213 0.82177734375 0.00483330045373841 0.0029296875
0 0.18884395344249358 0.82470703125 0.006016965870980469 0.0087890625
0 0.666107713552969 0.82080078125 0.0027618859735648055 0.001953125
0 0.19569934898402053 0.821533203125 0.005523771947129611 0.00341796875
0 0.6703985006904715 0.820068359375 0.004636022884198066 0.00244140625
0 0.5826099822450187 0.82080078125 0.005819688301440126 0.00390625
0 0.657476819885579 0.81982421875 0.006016965870980469 0.00390625
0 0.6162951272440323 0.8203125 0.007496547642533044 0.0048828125
0 0.5916847504438746 0.819091796875 0.00483330045373841 0.00244140625
0 0.5039948707831919 0.820556640625 0.007397908857762872 0.00537109375
0 0.5526731110672717 0.821044921875 0.007496547642533044 0.00732421875
0 0.5138094298678241 0.818603515625 0.002170053264943776 0.00244140625
0 0.4922075360031564 0.818603515625 0.0023673308344841193 0.00244140625
0 0.6302525152890116 0.818115234375 0.00483330045373841 0.00244140625
0 0.7277569540343263 0.81787109375 0.005523771947129611 0.0029296875
0 0.17853620043401067 0.81787109375 0.0027618859735648055 0.0029296875
0 0.6346419412112843 0.8173828125 0.0023673308344841193 0.0029296875
0 0.2036890905504044 0.81787109375 0.0061156046557506415 0.00390625
0 0.4774610376800158 0.81640625 0.002071414480173604 0.001953125
0 0.5387157230222923 0.81640625 0.004636022884198066 0.0029296875
0 0.6625567173012429 0.815673828125 0.0039455513908068654 0.00244140625
0 0.1843065693430657 0.815673828125 0.0038469126060366936 0.00244140625
0 0.45714144801736045 0.81494140625 0.0028605247583349774 0.001953125
0 0.2162655356086013 0.818115234375 0.005030578023278753 0.00830078125
0 0.198855790096666 0.815185546875 0.002959163543105149 0.00244140625
0 0.5496153087393963 0.816650390625 0.008877490629315447 0.00634765625
0 0.6935292957190767 0.814697265625 0.0023673308344841193 0.00341796875
0 0.4990136121522983 0.814208984375 0.0027618859735648055 0.00244140625
0 0.5257447228250148 0.81494140625 0.0051292168080489245 0.0048828125
0 0.5055237719471296 0.815673828125 0.006707437364371671 0.00634765625
0 0.6794239494969422 0.8125 0.0017754981258630894 0.001953125
0 0.6406589070822647 0.81298828125 0.004537384099427895 0.0029296875
0 0.586802130597751 0.812744140625 0.0027618859735648055 0.00244140625
0 0.7065989347011244 0.8115234375 0.002071414480173604 0.001953125
0 0.6099822450187413 0.8115234375 0.003550996251726179 0.001953125
0 0.578220556322746 0.811767578125 0.003156441112645492 0.00244140625
0 0.49585717103965277 0.811767578125 0.003156441112645492 0.00244140625
0 0.32876306963898205 0.811767578125 0.0025646084040244622 0.00244140625
0 0.6774018544091537 0.810791015625 0.003255079897415664 0.00244140625
0 0.6051982639573881 0.810791015625 0.0022686920497139475 0.00244140625
0 0.6162458078516473 0.8125 0.008187019135924246 0.0068359375
0 0.5974057999605444 0.810302734375 0.002663247188794634 0.00244140625
0 0.18800552377194713 0.81005859375 0.003748273821266522 0.001953125
0 0.6872657328861709 0.810302734375 0.005030578023278753 0.00341796875
0 0.655750641152101 0.809814453125 0.002959163543105149 0.00244140625
0 0.5914874728743342 0.8095703125 0.0028605247583349774 0.001953125
0 0.3940619451568357 0.81103515625 0.0051292168080489245 0.0048828125
0 0.5303314263168277 0.8095703125 0.002465969619254291 0.0029296875
0 0.5358058788715723 0.810302734375 0.0039455513908068654 0.00537109375
0 0.4536890905504044 0.809326171875 0.006806076149141842 0.00341796875
0 0.36940224896429275 0.80908203125 0.005523771947129611 0.0029296875
0 0.3232886170842375 0.808349609375 0.0014795817715525744 0.00244140625
0 0.22341684750443874 0.808349609375 0.001578220556322746 0.00244140625
0 0.6624580785164726 0.809326171875 0.006510159794831328 0.00537109375
0 0.6497336752811206 0.807373046875 0.003156441112645492 0.00244140625
0 0.5101597948313277 0.8076171875 0.002170053264943776 0.0029296875
0 0.6135332412704676 0.80712890625 0.005523771947129611 0.0029296875
0 0.5026632471887946 0.806640625 0.004142828960347208 0.0029296875
0 0.4363286644308542 0.808349609375 0.00483330045373841 0.00634765625
0 0.18894259222726376 0.806396484375 0.0028605247583349774 0.00244140625
0 0.3100710199250345 0.806640625 0.0044387453146577235 0.00390625
0 0.7049220753600316 0.8056640625 0.004044190175577037 0.0029296875
0 0.6461333596370092 0.80517578125 0.0036496350364963502 0.001953125
0 0.575310712172026 0.806884765625 0.007397908857762872 0.00537109375
0 0.5612546853422766 0.80517578125 0.002170053264943776 0.001953125
0 0.45985401459854014 0.805419921875 0.002959163543105149 0.00244140625
0 0.5212073387255869 0.806884765625 0.0019727756954034327 0.00634765625
0 0.2020122312093115 0.8046875 0.004142828960347208 0.0029296875
0 0.6730617478792661 0.80419921875 0.002465969619254291 0.0029296875
0 0.5450779246399684 0.8037109375 0.0019727756954034327 0.001953125
0 0.5696389820477412 0.805419921875 0.0039455513908068654 0.00634765625
0 0.3933221542710594 0.80322265625 0.0016768593410929177 0.001953125
0 0.20023673308344841 0.80322265625 0.0025646084040244622 0.001953125
0 0.4864864864864865 0.803466796875 0.0051292168080489245 0.00341796875
0 0.685046360228842 0.802734375 0.0025646084040244622 0.0029296875
0 0.19560071019925035 0.802978515625 0.005326494377589268 0.00341796875
0 0.5565200236733083 0.802001953125 0.0019727756954034327 0.00244140625
0 0.21024856973762082 0.80224609375 0.0030578023278753207 0.0029296875
0 0.36604853028210693 0.8017578125 0.004142828960347208 0.0029296875
0 0.6171335569145788 0.802001953125 0.006214243440520813 0.00537109375
0 0.5317616886959953 0.801513671875 0.002170053264943776 0.00439453125
0 0.39282896034720854 0.798828125 0.0016768593410929177 0.001953125
0 0.3790688498717696 0.799072265625 0.001578220556322746 0.00244140625
0 0.1947622805287039 0.798828125 0.003255079897415664 0.001953125
0 0.5311698559873742 0.798583984375 0.0011836654172420597 0.00244140625
0 0.6529887551785362 0.799072265625 0.006904714933912014 0.00439453125
0 0.18943578615111462 0.7978515625 0.001085026632471888 0.001953125
0 0.5781219175379759 0.79931640625 0.005326494377589268 0.005859375
0 0.5548431643322155 0.797607421875 0.002959163543105149 0.00244140625
0 0.46409548234365755 0.796875 0.0023673308344841193 0.001953125
0 0.6983132767804301 0.79638671875 0.002071414480173604 0.001953125
0 0.5294436772538962 0.79638671875 0.001874136910633261 0.001953125
0 0.5686032748076544 0.798583984375 0.0044387453146577235 0.00732421875
0 0.4924048135726968 0.795654296875 0.0027618859735648055 0.00244140625
0 0.23697968041033735 0.795654296875 0.002071414480173604 0.00244140625
0 0.20521799171434207 0.797607421875 0.004636022884198066 0.00634765625
0 0.6254192148352732 0.794921875 0.0022686920497139475 0.001953125
0 0.36279345038469124 0.794921875 0.001578220556322746 0.001953125
0 0.21335569145788125 0.7958984375 0.0061156046557506415 0.00390625
0 0.5360524758334977 0.79541015625 0.002465969619254291 0.00390625
0 0.5231307950286053 0.794677734375 0.003255079897415664 0.00244140625
0 0.6815446833695009 0.7939453125 0.002071414480173604 0.001953125
0 0.17715525744722824 0.794189453125 0.004142828960347208 0.00244140625
0 0.09385480370881831 0.795166015625 0.0028605247583349774 0.00439453125
0 0.5495166699546261 0.7939453125 0.001578220556322746 0.00390625
0 0.3974649832314066 0.79296875 0.001874136910633261 0.001953125
0 0.6639869796804103 0.792724609375 0.004044190175577037 0.00244140625
0 0.09099427895048333 0.7939453125 0.002663247188794634 0.0048828125
0 0.5899585717103966 0.792236328125 0.0033537186821858355 0.00244140625
0 0.583892286447031 0.794189453125 0.005622410731899783 0.00634765625
0 0.6228052870388637 0.79150390625 0.001578220556322746 0.001953125
0 0.6517557703689091 0.791015625 0.003255079897415664 0.001953125
0 0.3622509370684553 0.791015625 0.0016768593410929177 0.001953125
0 0.5795521799171435 0.791259765625 0.0022686920497139475 0.00341796875
0 0.21468731505227856 0.790771484375 0.0030578023278753207 0.00244140625
0 0.5755079897415664 0.789794921875 0.002465969619254291 0.00244140625
0 0.1978200828565792 0.7900390625 0.003452357466956007 0.0029296875
0 0.5866048530282106 0.788818359375 0.0011836654172420597 0.00146484375
0 0.19096468731505228 0.789306640625 0.006904714933912014 0.00341796875
0 0.5828565792069442 0.7880859375 0.003156441112645492 0.0029296875
0 0.5294929966462814 0.787841796875 0.0009863878477017164 0.00244140625
0 0.39519629118169264 0.78759765625 0.001085026632471888 0.001953125
0 0.6158512527125666 0.786865234375 0.0044387453146577235 0.00244140625
0 0.20645097652396924 0.78759765625 0.004931939238508582 0.00390625
0 0.0966660090747682 0.78662109375 0.0019727756954034327 0.001953125
0 0.3991418425724995 0.785400390625 0.001085026632471888 0.00146484375
0 0.36294140856184653 0.78515625 0.0014795817715525744 0.001953125
0 0.35830538567764847 0.787353515625 0.003255079897415664 0.00634765625
0 0.09262181889919116 0.784423828125 0.004142828960347208 0.00244140625
0 0.6474649832314066 0.78369140625 0.001578220556322746 0.001953125
0 0.556865259420004 0.783447265625 0.002071414480173604 0.00146484375
0 0.5308739396330637 0.7841796875 0.0023673308344841193 0.0029296875
0 0.2041329650818702 0.783935546875 0.006806076149141842 0.00439453125
0 0.4360820674689288 0.78271484375 0.0017754981258630894 0.0029296875
0 0.6960939041231012 0.781982421875 0.003748273821266522 0.00244140625
0 0.5282600118366542 0.781982421875 0.002071414480173604 0.00244140625
0 0.5244130992306175 0.782958984375 0.003255079897415664 0.00439453125
0 0.09355888735450779 0.7802734375 0.002663247188794634 0.001953125
0 0.5515880844347998 0.78076171875 0.006904714933912014 0.0048828125
0 0.4989642927599132 0.779296875 0.0022686920497139475 0.001953125
0 0.569540343262971 0.778564453125 0.0019727756954034327 0.00244140625
0 0.24344052081278358 0.7783203125 0.0033537186821858355 0.001953125
0 0.5443874531465772 0.7802734375 0.006904714933912014 0.0068359375
0 0.5345728940619452 0.77734375 0.0012823042020122311 0.001953125
0 0.532205563227461 0.78076171875 0.006016965870980469 0.0087890625
0 0.4030873939633064 0.777587890625 0.0038469126060366936 0.00244140625
0 0.19737620832511343 0.780029296875 0.004340106529887552 0.00732421875
0 0.6470211086999408 0.77685546875 0.001874136910633261 0.001953125
0 0.5807358453343855 0.777099609375 0.0030578023278753207 0.00341796875
0 0.5550404419017557 0.77685546875 0.0017754981258630894 0.0029296875
0 0.35445847307161177 0.7763671875 0.001874136910633261 0.001953125
0 0.22593213651607813 0.776611328125 0.003452357466956007 0.00244140625
0 0.2096567370289998 0.778076171875 0.0038469126060366936 0.00537109375
0 0.6004636022884198 0.77587890625 0.001874136910633261 0.001953125
0 0.34375616492404815 0.779052734375 0.004931939238508582 0.00830078125
0 0.21537778654566975 0.777099609375 0.005227855592819097 0.00537109375
0 0.5959262181889919 0.77490234375 0.002071414480173604 0.001953125
0 0.35248569737620833 0.775146484375 0.0012823042020122311 0.00244140625
0 0.5263365555336358 0.774658203125 0.006904714933912014 0.00341796875
0 0.5501085026632472 0.775146484375 0.004340106529887552 0.00537109375
0 0.4048628920891695 0.774658203125 0.004636022884198066 0.00537109375
0 0.2266719274018544 0.77294921875 0.002959163543105149 0.001953125
0 0.23111067271651214 0.774169921875 0.005918327086210298 0.00732421875
0 0.298826198461235 0.77294921875 0.006214243440520813 0.005859375
0 0.5572598145590847 0.771484375 0.0044387453146577235 0.0048828125
0 0.5435983428684159 0.771240234375 0.005326494377589268 0.00439453125
0 0.21508187019135924 0.77001953125 0.002071414480173604 0.001953125
0 0.40062142434405207 0.76953125 0.002465969619254291 0.001953125
0 0.583892286447031 0.769287109375 0.005227855592819097 0.00341796875
0 0.5751627539948708 0.771240234375 0.005523771947129611 0.00830078125
0 0.5520812783586506 0.769287109375 0.0039455513908068654 0.00439453125
0 0.34937857565594793 0.771240234375 0.006707437364371671 0.00830078125
0 0.34720852239100414 0.76708984375 0.0013809429867824028 0.001953125
0 0.3502663247188795 0.7666015625 0.001578220556322746 0.001953125
0 0.29576839613335965 0.76806640625 0.0022686920497139475 0.0048828125
0 0.19037285460643125 0.76708984375 0.0017754981258630894 0.0029296875
0 0.10120339317419609 0.766357421875 0.0009863878477017164 0.00146484375
0 0.3935687512329848 0.76611328125 0.0013809429867824028 0.001953125
0 0.5875419214835274 0.765869140625 0.002663247188794634 0.00244140625
0 0.40121325705267313 0.765625 0.0022686920497139475 0.001953125
0 0.2391990530676662 0.7666015625 0.0025646084040244622 0.00390625
0 0.10317616886959953 0.765625 0.002170053264943776 0.00390625
0 0.43938646675872955 0.76416015625 0.002071414480173604 0.0029296875
0 0.4078713750246597 0.766357421875 0.0039455513908068654 0.00732421875
0 0.5813276780430066 0.76318359375 0.0030578023278753207 0.001953125
0 0.24945748668376405 0.763671875 0.004142828960347208 0.00390625
0 0.34868810416255674 0.7626953125 0.002959163543105149 0.00390625
0 0.19722825014795817 0.76220703125 0.002663247188794634 0.0029296875
0 0.5911915565200236 0.761474609375 0.00483330045373841 0.00244140625
0 0.5625863089366739 0.761474609375 0.003255079897415664 0.00244140625
0 0.24260209114223713 0.763427734375 0.003255079897415664 0.00732421875
0 0.5769382521207339 0.7626953125 0.0039455513908068654 0.0068359375
0 0.4041231012033932 0.759765625 0.0009863878477017164 0.001953125
0 0.2461037680015782 0.760498046875 0.0033537186821858355 0.00537109375
0 0.19589662655356085 0.758544921875 0.002170053264943776 0.00244140625
0 0.20837443282698756 0.75830078125 0.00424146774511738 0.00390625
0 0.10342276583152496 0.757568359375 0.0028605247583349774 0.00244140625
0 0.59484119155652 0.7568359375 0.002465969619254291 0.001953125
0 0.21601893864667587 0.757080078125 0.0027618859735648055 0.00244140625
0 0.2711086999408167 0.75634765625 0.0012823042020122311 0.001953125
0 0.10579009666600908 0.756591796875 0.0012823042020122311 0.00244140625
0 0.2877786545669757 0.755859375 0.0008877490629315447 0.001953125
0 0.2644999013612152 0.75537109375 0.0012823042020122311 0.001953125
0 0.2392483724600513 0.755615234375 0.001085026632471888 0.00244140625
0 0.2350069047149339 0.75537109375 0.001874136910633261 0.001953125
0 0.44259222726376013 0.75439453125 0.002170053264943776 0.001953125
0 0.5796014993095285 0.755615234375 0.004537384099427895 0.00537109375
0 0.10652988755178536 0.75341796875 0.0023673308344841193 0.0029296875
0 0.10273229433813376 0.75341796875 0.0014795817715525744 0.0029296875
0 0.24102387058591437 0.753173828125 0.002465969619254291 0.00341796875
0 0.5763957388044979 0.75244140625 0.003255079897415664 0.0029296875
0 0.11284276977707634 0.75341796875 0.0011836654172420597 0.0048828125
0 0.11062339711974749 0.7529296875 0.002663247188794634 0.00390625
0 0.2904419017557704 0.7509765625 0.001085026632471888 0.001953125
0 0.2113829157624778 0.7509765625 0.001578220556322746 0.001953125
0 0.13025251528901163 0.752685546875 0.004044190175577037 0.00537109375
0 0.21789307555730913 0.751708984375 0.0023673308344841193 0.00439453125
0 0.22243045965673702 0.75537109375 0.004537384099427895 0.0126953125
0 0.24822450187413692 0.7490234375 0.0012823042020122311 0.001953125
0 0.5595285066087986 0.749267578125 0.005030578023278753 0.00341796875
0 0.5744229631090945 0.748046875 0.0030578023278753207 0.001953125
0 0.21917537975932136 0.74755859375 0.0025646084040244622 0.001953125
0 0.5862596172815151 0.7470703125 0.001874136910633261 0.001953125
0 0.43677253896232 0.7470703125 0.002170053264943776 0.001953125
0 0.13962319984217794 0.748291015625 0.0028605247583349774 0.00439453125
0 0.1070724008680213 0.74853515625 0.0012823042020122311 0.0048828125
0 0.40875912408759124 0.746826171875 0.0017754981258630894 0.00244140625
0 0.44653777865456695 0.74609375 0.0013809429867824028 0.001953125
0 0.11052475833497731 0.746826171875 0.003255079897415664 0.00439453125
0 0.569540343262971 0.74560546875 0.007101992503452358 0.00390625
0 0.23076543696981652 0.7451171875 0.0030578023278753207 0.0029296875
0 0.21547642533043992 0.745361328125 0.0038469126060366936 0.00341796875
0 0.12566581179719866 0.744873046875 0.0023673308344841193 0.00244140625
0 0.2409252318011442 0.744873046875 0.001085026632471888 0.00341796875
0 0.2375221937265733 0.744873046875 0.0019727756954034327 0.00341796875
0 0.1077628723614125 0.744140625 0.0014795817715525744 0.001953125
0 0.3384296705464589 0.74365234375 0.0011836654172420597 0.001953125
0 0.12985796014993095 0.7451171875 0.0030578023278753207 0.0048828125
0 0.235056224107319 0.746826171875 0.002959163543105149 0.00927734375
0 0.22095087788518444 0.743408203125 0.0013809429867824028 0.00341796875
0 0.5860623397119747 0.7421875 0.001874136910633261 0.001953125
0 0.15106529887551787 0.742431640625 0.0014795817715525744 0.00244140625
0 0.4360820674689288 0.7421875 0.0023673308344841193 0.00390625
0 0.22647464983231408 0.741943359375 0.0011836654172420597 0.00439453125
0 0.4800749654764253 0.739990234375 0.0019727756954034327 0.00244140625
0 0.4389425922272638 0.739013671875 0.003156441112645492 0.00244140625
0 0.23268889327283487 0.7392578125 0.001578220556322746 0.0029296875
0 0.13395146971789307 0.739501953125 0.004142828960347208 0.00341796875
0 0.5665318603274808 0.73876953125 0.002465969619254291 0.0029296875
0 0.23633852830933122 0.739501953125 0.002959163543105149 0.00439453125
0 0.12142434405208127 0.739501953125 0.002170053264943776 0.00439453125
0 0.21305977510357071 0.73779296875 0.0009863878477017164 0.001953125
0 0.10820674689287828 0.73828125 0.0017754981258630894 0.0029296875
0 0.5823140658907082 0.73828125 0.004044190175577037 0.00390625
0 0.2485697376208325 0.73828125 0.004142828960347208 0.0048828125
0 0.5728447425527717 0.736572265625 0.0012823042020122311 0.00244140625
0 0.450581968830144 0.736572265625 0.0013809429867824028 0.00244140625
0 0.12280528703886368 0.736572265625 0.0013809429867824028 0.00341796875
0 0.23046952061550602 0.7373046875 0.0022686920497139475 0.005859375
0 0.1314361807062537 0.73486328125 0.0014795817715525744 0.001953125
0 0.3384296705464589 0.73486328125 0.002959163543105149 0.00390625
0 0.3163839021503255 0.7353515625 0.0016768593410929177 0.0048828125
0 0.22598145590846322 0.737060546875 0.004340106529887552 0.00830078125
0 0.5709706056421385 0.733642578125 0.0022686920497139475 0.00244140625
0 0.21478595383704874 0.734375 0.0030578023278753207 0.0048828125
0 0.13651607812191754 0.734130859375 0.002959163543105149 0.00439453125
0 0.10564213848885382 0.73388671875 0.0019727756954034327 0.00390625
0 0.33260998224501875 0.7333984375 0.001578220556322746 0.00390625
0 0.29369698165318603 0.732666015625 0.0006904714933912014 0.00244140625
0 0.23352732294338133 0.732666015625 0.00424146774511738 0.00439453125
0 0.225290984415072 0.732666015625 0.002959163543105149 0.00439453125
0 0.23905109489051096 0.731201171875 0.0022686920497139475 0.00244140625
0 0.2211974748471099 0.731201171875 0.0012823042020122311 0.00244140625
0 0.15279147760899586 0.730712890625 0.0011836654172420597 0.00244140625
0 0.4169954626159006 0.730712890625 0.0016768593410929177 0.00341796875
0 0.5680114420990333 0.72900390625 0.002071414480173604 0.001953125
0 0.24940816729137896 0.72900390625 0.0014795817715525744 0.001953125
0 0.2417143420793056 0.730712890625 0.002465969619254291 0.00732421875
0 0.20857171039652792 0.728759765625 0.002071414480173604 0.00341796875
0 0.1491911619648846 0.728515625 0.001874136910633261 0.0029296875
0 0.2117774709015585 0.730224609375 0.003156441112645492 0.00732421875
0 0.14450581968830145 0.727783203125 0.0009863878477017164 0.00244140625
0 0.335618465180509 0.7275390625 0.0014795817715525744 0.0029296875
0 0.1585618465180509 0.728271484375 0.0016768593410929177 0.00439453125
0 0.15427105938054844 0.72607421875 0.0009863878477017164 0.001953125
0 0.5337837837837838 0.7255859375 0.001874136910633261 0.001953125
0 0.43790688498717695 0.725830078125 0.0014795817715525744 0.00244140625
0 0.16556520023673307 0.728515625 0.0044387453146577235 0.0078125
0 0.5254488064707042 0.72705078125 0.0019727756954034327 0.005859375
0 0.45349181298086405 0.725830078125 0.002663247188794634 0.00439453125
0 0.4336654172420596 0.72607421875 0.002071414480173604 0.0048828125
0 0.1178733478003551 0.72509765625 0.001578220556322746 0.0029296875
0 0.3267902939435786 0.725341796875 0.0025646084040244622 0.00439453125
0 0.31589070822647464 0.7265625 0.0028605247583349774 0.0078125
0 0.13799565989347012 0.723876953125 0.0011836654172420597 0.00244140625
0 0.5354113237324916 0.723876953125 0.0027618859735648055 0.00341796875
0 0.33088380351154073 0.723388671875 0.0022686920497139475 0.00244140625
0 0.23707831919510752 0.724609375 0.0028605247583349774 0.0048828125
0 0.22045768396133358 0.72412109375 0.0013809429867824028 0.00390625
0 0.41536792266719275 0.723876953125 0.0023673308344841193 0.00439453125
0 0.3232886170842375 0.725830078125 0.004044190175577037 0.00927734375
0 0.22183862694811599 0.721923828125 0.0011836654172420597 0.00146484375
0 0.15703294535411325 0.72216796875 0.002170053264943776 0.00390625
0 0.5518840007891103 0.722412109375 0.004931939238508582 0.00537109375
0 0.43549023476030774 0.721435546875 0.0013809429867824028 0.00341796875
0 0.4325803906095877 0.72265625 0.0028605247583349774 0.005859375
0 0.43825212073387254 0.720703125 0.0013809429867824028 0.0029296875
0 0.3098737423554942 0.72021484375 0.0008877490629315447 0.0029296875
0 0.29290787137502466 0.72119140625 0.0022686920497139475 0.0048828125
0 0.24102387058591437 0.721435546875 0.002663247188794634 0.00537109375
0 0.32575458670349183 0.72021484375 0.002663247188794634 0.00390625
0 0.24699151706450975 0.72509765625 0.005721049516669955 0.013671875
0 0.5428585519826395 0.718994140625 0.0016768593410929177 0.00244140625
0 0.32792463996843557 0.718505859375 0.0016768593410929177 0.00146484375
0 0.3216117577431446 0.718994140625 0.001085026632471888 0.00244140625
0 0.5297395936082068 0.72021484375 0.0030578023278753207 0.005859375
0 0.23446439139869796 0.721435546875 0.0039455513908068654 0.00830078125
0 0.5605148944565003 0.719970703125 0.0028605247583349774 0.00634765625
0 0.16773525350167687 0.720947265625 0.002465969619254291 0.00830078125
0 0.3079502860524758 0.718017578125 0.0027618859735648055 0.00341796875
0 0.30365949891497335 0.7177734375 0.0014795817715525744 0.0029296875
0 0.5325014795817715 0.71826171875 0.0028605247583349774 0.0048828125
0 0.31894851055435 0.71826171875 0.003255079897415664 0.0048828125
0 0.313819293746301 0.718505859375 0.003452357466956007 0.00537109375
0 0.24344052081278358 0.7177734375 0.0023673308344841193 0.00390625
0 0.566679818504636 0.717041015625 0.0017754981258630894 0.00341796875
0 0.5532649437758926 0.71728515625 0.002959163543105149 0.00390625
0 0.4194121128427698 0.7158203125 0.001578220556322746 0.0029296875
0 0.5605642138488853 0.71533203125 0.000789110278161373 0.0029296875
0 0.25567173012428485 0.715087890625 0.0017754981258630894 0.00244140625
0 0.22030972578417835 0.716796875 0.002071414480173604 0.005859375
0 0.15515880844347998 0.715576171875 0.0009863878477017164 0.00341796875
0 0.43963306372065497 0.71484375 0.0025646084040244622 0.0029296875
0 0.5733872558690077 0.71435546875 0.0013809429867824028 0.0029296875
0 0.16413493785756558 0.71533203125 0.0011836654172420597 0.0048828125
0 0.15999210889721838 0.7138671875 0.000789110278161373 0.001953125
0 0.5693923850858157 0.716552734375 0.0036496350364963502 0.00830078125
0 0.2405799960544486 0.71435546875 0.0019727756954034327 0.00390625
0 0.5241665022686921 0.715087890625 0.002170053264943776 0.00634765625
0 0.24605444860919312 0.712646484375 0.0022686920497139475 0.00244140625
0 0.25147958177155255 0.7119140625 0.001085026632471888 0.001953125
0 0.5481850463602288 0.71337890625 0.0030578023278753207 0.005859375
0 0.2927599131978694 0.713134765625 0.003156441112645492 0.00537109375
0 0.2429966462813178 0.712646484375 0.001085026632471888 0.00439453125
0 0.5578516472677056 0.712646484375 0.0030578023278753207 0.00537109375
0 0.5420201223120931 0.713134765625 0.0025646084040244622 0.00732421875
0 0.55459656737029 0.711181640625 0.0028605247583349774 0.00439453125
0 0.3115506016965871 0.71044921875 0.0012823042020122311 0.0029296875
0 0.17365358058788716 0.7099609375 0.0012823042020122311 0.0029296875
0 0.566679818504636 0.708984375 0.0009863878477017164 0.001953125
0 0.23796606825803907 0.711181640625 0.003452357466956007 0.00634765625
0 0.4249358847898994 0.708740234375 0.0019727756954034327 0.00244140625
0 0.5851745906490432 0.708740234375 0.001874136910633261 0.00341796875
0 0.31002170053264944 0.708251953125 0.001578220556322746 0.00244140625
0 0.30400473466166894 0.70849609375 0.002170053264943776 0.0029296875
0 0.19979285855198264 0.70751953125 0.0008877490629315447 0.001953125
0 0.2469421976721247 0.707275390625 0.002465969619254291 0.00341796875
0 0.1981159992108897 0.708251953125 0.001874136910633261 0.00537109375
0 0.5607614914184257 0.70654296875 0.002170053264943776 0.0029296875
0 0.2437364371670941 0.70751953125 0.002959163543105149 0.0048828125
0 0.2294338133754192 0.70947265625 0.004142828960347208 0.0087890625
0 0.19017557703689092 0.706787109375 0.0019727756954034327 0.00341796875
0 0.19574866837640562 0.70703125 0.0012823042020122311 0.0048828125
0 0.5493687117774709 0.707275390625 0.0022686920497139475 0.00732421875
0 0.543105148944565 0.7060546875 0.0023673308344841193 0.0048828125
0 0.5363977115801933 0.70556640625 0.0013809429867824028 0.00390625
0 0.30790096666009076 0.70751953125 0.003452357466956007 0.0087890625
0 0.25567173012428485 0.704345703125 0.0013809429867824028 0.00244140625
0 0.18731505227855594 0.70458984375 0.0009863878477017164 0.0029296875
0 0.5289011639376603 0.704345703125 0.0011836654172420597 0.00341796875
0 0.23791674886565398 0.70361328125 0.0013809429867824028 0.001953125
0 0.22721444071809035 0.704833984375 0.001085026632471888 0.00439453125
0 0.17493588478989938 0.704345703125 0.0012823042020122311 0.00341796875
0 0.30188400078911026 0.703857421875 0.0012823042020122311 0.00341796875
0 0.2540935095679621 0.703125 0.000789110278161373 0.001953125
0 0.4336160978496745 0.703857421875 0.0017754981258630894 0.00439453125
0 0.2503945551390807 0.705322265625 0.0028605247583349774 0.00732421875
0 0.28906095876898796 0.701904296875 0.0008877490629315447 0.00244140625
0 0.3062734267113829 0.701171875 0.0019727756954034327 0.001953125
0 0.5463109094495956 0.70556640625 0.0036496350364963502 0.01171875
0 0.27322943381337544 0.70068359375 0.0011836654172420597 0.001953125
0 0.1967350562241073 0.700927734375 0.0008877490629315447 0.00244140625
0 0.2440816729137897 0.701171875 0.002465969619254291 0.0048828125
0 0.5562241073189979 0.69970703125 0.001578220556322746 0.0029296875
0 0.5526731110672717 0.70166015625 0.004142828960347208 0.0068359375
0 0.185638192937463 0.697998046875 0.001578220556322746 0.00341796875
0 0.5251528901163938 0.699462890625 0.003156441112645492 0.00732421875
0 0.31031761688695997 0.697509765625 0.002959163543105149 0.00341796875
0 0.5297395936082068 0.697509765625 0.0014795817715525744 0.00439453125
0 0.30750641152101005 0.697265625 0.002071414480173604 0.00390625
0 0.23905109489051096 0.698486328125 0.001874136910633261 0.00732421875
0 0.1891891891891892 0.697998046875 0.003550996251726179 0.00634765625
0 0.5355592819096469 0.69580078125 0.0012823042020122311 0.0029296875
0 0.25019727756954036 0.698486328125 0.00424146774511738 0.00830078125
0 0.23693036101795226 0.695556640625 0.001578220556322746 0.00244140625
0 0.2033931741960939 0.6953125 0.0009863878477017164 0.001953125
0 0.24487078319195107 0.695068359375 0.0014795817715525744 0.00244140625
0 0.17636614716906687 0.696044921875 0.0017754981258630894 0.00439453125
0 0.2912803314263168 0.694580078125 0.0005918327086210298 0.00244140625
0 0.5325507989741567 0.697998046875 0.004340106529887552 0.01025390625
0 0.191951075162754 0.696533203125 0.0025646084040244622 0.00732421875
0 0.2510850266324719 0.693603515625 0.0008877490629315447 0.00244140625
0 0.5406391793253107 0.697998046875 0.0039455513908068654 0.01220703125
0 0.17059577826001185 0.692626953125 0.0016768593410929177 0.00244140625
0 0.20630301834681397 0.691650390625 0.0016768593410929177 0.00244140625
0 0.18351745906490433 0.693115234375 0.0028605247583349774 0.00537109375
0 0.24699151706450975 0.696533203125 0.003748273821266522 0.01416015625
0 0.5815249556125468 0.691162109375 0.0012823042020122311 0.00439453125
0 0.29710001972775696 0.691650390625 0.0013809429867824028 0.00537109375
0 0.5447820082856579 0.693115234375 0.0025646084040244622 0.00927734375
0 0.26109686328664433 0.68994140625 0.0009863878477017164 0.0029296875
0 0.534474255277175 0.69091796875 0.002465969619254291 0.005859375
0 0.25128230420201225 0.68798828125 0.001085026632471888 0.0029296875
0 0.5242158216610772 0.68798828125 0.0012823042020122311 0.00390625
0 0.20921286249753404 0.69140625 0.003156441112645492 0.0107421875
0 0.555730913395147 0.68994140625 0.004340106529887552 0.009765625
0 0.2575951864273032 0.687255859375 0.0016768593410929177 0.00537109375
0 0.5387157230222923 0.68701171875 0.0022686920497139475 0.005859375
0 0.1895344249358848 0.68505859375 0.0008877490629315447 0.001953125
0 0.24255277174985204 0.684326171875 0.0009863878477017164 0.00244140625
0 0.5480370881830736 0.685791015625 0.002959163543105149 0.00732421875
0 0.5546458867626751 0.68310546875 0.0009863878477017164 0.0029296875
0 0.23076543696981652 0.683837890625 0.002071414480173604 0.00537109375
0 0.20117380153876505 0.683349609375 0.001085026632471888 0.00439453125
0 0.25044387453146577 0.68212890625 0.0011836654172420597 0.00390625
0 0.4669560071019925 0.681640625 0.001578220556322746 0.00390625
0 0.2546853422765831 0.68212890625 0.0019727756954034327 0.0048828125
0 0.2767311106727165 0.68115234375 0.0016768593410929177 0.00390625
0 0.5429078713750246 0.6845703125 0.004734661668968239 0.01171875
0 0.5301341487472875 0.68017578125 0.0014795817715525744 0.0029296875
0 0.585618465180509 0.67919921875 0.0011836654172420597 0.0029296875
0 0.2784572894061945 0.68017578125 0.0017754981258630894 0.0048828125
0 0.29645886762675083 0.677978515625 0.0006904714933912014 0.00244140625
0 0.22721444071809035 0.677734375 0.0012823042020122311 0.00390625
0 0.21749852041822845 0.677490234375 0.0011836654172420597 0.00341796875
0 0.2158709804695206 0.677490234375 0.001085026632471888 0.00341796875
0 0.5250542513316236 0.6767578125 0.000789110278161373 0.0029296875
0 0.5427105938054844 0.676513671875 0.0011836654172420597 0.00341796875
0 0.2659301637403827 0.67626953125 0.0011836654172420597 0.0029296875
0 0.21937265732886171 0.677490234375 0.002170053264943776 0.00634765625
0 0.2308147563622016 0.676025390625 0.001578220556322746 0.00634765625
0 0.27525152890116394 0.67431640625 0.0014795817715525744 0.00390625
0 0.27199644900374825 0.673583984375 0.0008877490629315447 0.00341796875
0 0.25147958177155255 0.673583984375 0.001085026632471888 0.00341796875
0 0.21596961925429078 0.673095703125 0.0012823042020122311 0.00341796875
0 0.2899487078319195 0.672119140625 0.0006904714933912014 0.00244140625
0 0.23495758532254882 0.6708984375 0.0013809429867824028 0.0029296875
0 0.543696981653186 0.670654296875 0.0013809429867824028 0.00439453125
0 0.5410830538567765 0.669677734375 0.0008877490629315447 0.00341796875
0 0.23042020122312093 0.668212890625 0.0009863878477017164 0.00244140625
