0 0.3804004734661669 0.9970703125 0.0016768593410929177 0.0029296875
0 0.2711580193332018 0.997802734375 0.003156441112645492 0.00439453125
0 0.26588084434799764 0.997314453125 0.0030578023278753207 0.00537109375
0 0.38163345827579404 0.99462890625 0.000789110278161373 0.001953125
0 0.26232984809627147 0.99560546875 0.0016768593410929177 0.0048828125
0 0.25848293549023477 0.994140625 0.001085026632471888 0.0029296875
0 0.2605543499704084 0.99267578125 0.0006904714933912014 0.001953125
0 0.3737916748865654 0.9921875 0.0008877490629315447 0.0029296875
0 0.269530479384494 0.98876953125 0.0006904714933912014 0.001953125
0 0.26726178733478 0.989013671875 0.0008877490629315447 0.00341796875
0 0.264943775892681 0.98876953125 0.0013809429867824028 0.0029296875
0 0.3794140856184652 0.98876953125 0.0012823042020122311 0.0048828125
0 0.26805089761294143 0.984375 0.0016768593410929177 0.0048828125
0 0.27071414480173606 0.982421875 0.0006904714933912014 0.001953125
0 0.27046754783981064 0.978759765625 0.000789110278161373 0.00244140625
0 0.2645985401459854 0.978271484375 0.0008877490629315447 0.00244140625
0 0.38059775103570725 0.97802734375 0.0012823042020122311 0.0048828125
0 0.37911816926415465 0.97607421875 0.001085026632471888 0.00390625
0 0.263217597159203 0.9716796875 0.0014795817715525744 0.005859375
0 0.3748273821266522 0.967041015625 0.0051292168080489245 0.01708984375
0 0.26336555533635825 0.952880859375 0.000789110278161373 0.00244140625
0 0.3724600512921681 0.95068359375 0.0009863878477017164 0.001953125
0 0.3785756559479187 0.917724609375 0.0009863878477017164 0.00341796875
0 0.3803018346813967 0.89404296875 0.0012823042020122311 0.0048828125
0 0.3703393174196094 0.886962890625 0.0012823042020122311 0.00341796875
0 0.3690076938252121 0.8779296875 0.0011836654172420597 0.001953125
0 0.3748273821266522 0.825439453125 0.005918327086210298 0.01123046875
0 0.3727559676464786 0.817626953125 0.000789110278161373 0.00244140625
0 0.3752219372657329 0.818115234375 0.0019727756954034327 0.00537109375
0 0.37398895245610575 0.81005859375 0.002071414480173604 0.0048828125
0 0.3756164924048136 0.8076171875 0.0019727756954034327 0.005859375
0 0.3730518840007891 0.804443359375 0.002170053264943776 0.00439453125
0 0.37196685736831725 0.790283203125 0.0009863878477017164 0.00244140625
0 0.22060564213848885 0.664306640625 0.004636022884198066 0.00732421875
0 0.30124284868810414 0.655517578125 0.006904714933912014 0.00537109375
0 0.16472677056618662 0.66259765625 0.005326494377589268 0.021484375
0 0.19984217794436773 0.655029296875 0.0023673308344841193 0.00732421875
0 0.23027224304596566 0.6533203125 0.0022686920497139475 0.0048828125
0 0.2277569540343263 0.6533203125 0.002170053264943776 0.0048828125
0 0.22519234563030183 0.6533203125 0.0023673308344841193 0.0048828125
0 0.10401459854014598 0.65185546875 0.007003353718682186 0.0068359375
0 0.09064904320378774 0.6435546875 0.000789110278161373 0.001953125
