0 0.44860919313474057 0.998779296875 0.000789110278161373 0.00244140625
0 0.4065397514302624 0.998779296875 0.0016768593410929177 0.00244140625
0 0.3824718879463405 0.998779296875 0.0014795817715525744 0.00244140625
0 0.36555533635825604 0.99853515625 0.001578220556322746 0.0029296875
0 0.6231998421779443 0.998291015625 0.0025646084040244622 0.00341796875
0 0.3250641152101006 0.998291015625 0.0012823042020122311 0.00341796875
0 0.23934701124482147 0.998291015625 0.0014795817715525744 0.00341796875
0 0.18835075951864272 0.998291015625 0.0008877490629315447 0.00341796875
0 0.18405997238114027 0.998291015625 0.0011836654172420597 0.00341796875
0 0.464933912014204 0.997314453125 0.0008877490629315447 0.00244140625
0 0.37645492207536 0.998046875 0.0028605247583349774 0.00390625
0 0.16161964884592622 0.998046875 0.0044387453146577235 0.00390625
0 0.5021700532649438 0.997802734375 0.0013809429867824028 0.00439453125
0 0.40239692246991515 0.99755859375 0.004044190175577037 0.0048828125
0 0.24432826987571513 0.99755859375 0.0017754981258630894 0.0048828125
0 0.2740185440915368 0.99560546875 0.0011836654172420597 0.0029296875
0 0.3674294732688893 0.995361328125 0.0009863878477017164 0.00341796875
0 0.3586999408167291 0.996826171875 0.005030578023278753 0.00634765625
0 0.3285657920694417 0.99462890625 0.000789110278161373 0.001953125
0 0.35445847307161177 0.995849609375 0.002465969619254291 0.00537109375
0 0.18110080883803512 0.99609375 0.0025646084040244622 0.005859375
0 0.39435786151114616 0.996337890625 0.0027618859735648055 0.00732421875
0 0.3710297889130006 0.996337890625 0.005622410731899783 0.00732421875
0 0.1690175577036891 0.996337890625 0.003255079897415664 0.00732421875
0 0.4707536003156441 0.99609375 0.003255079897415664 0.0078125
0 0.32082264746498323 0.993408203125 0.0008877490629315447 0.00244140625
0 0.22543894259222727 0.993408203125 0.0012823042020122311 0.00244140625
0 0.17473860722035905 0.99609375 0.00424146774511738 0.0078125
0 0.5749654764253305 0.995849609375 0.004142828960347208 0.00830078125
0 0.47376208325113434 0.99365234375 0.0017754981258630894 0.00390625
0 0.23406983625961728 0.995849609375 0.004537384099427895 0.00830078125
0 0.30464588676267507 0.99365234375 0.0028605247583349774 0.0048828125
0 0.317814164529493 0.993408203125 0.0027618859735648055 0.00537109375
0 0.22016176760702308 0.992919921875 0.0025646084040244622 0.00439453125
0 0.1960939041231012 0.993896484375 0.0017754981258630894 0.00634765625
0 0.10470507003353718 0.99365234375 0.006214243440520813 0.0068359375
0 0.3525843361609785 0.990966796875 0.001874136910633261 0.00341796875
0 0.3414874728743342 0.990478515625 0.0017754981258630894 0.00341796875
0 0.33236338528309334 0.990234375 0.0022686920497139475 0.0029296875
0 0.3809923061747879 0.991455078125 0.0028605247583349774 0.00634765625
0 0.18830144012625766 0.9892578125 0.0009863878477017164 0.001953125
0 0.16576247780627343 0.990234375 0.0028605247583349774 0.00390625
0 0.4750443874531466 0.989013671875 0.0009863878477017164 0.00244140625
0 0.1595975537581377 0.991943359375 0.0039455513908068654 0.00830078125
0 0.39785953837048726 0.99169921875 0.005227855592819097 0.0087890625
0 0.36525942000394557 0.9892578125 0.0025646084040244622 0.00390625
0 0.5199743539159598 0.99169921875 0.005622410731899783 0.0107421875
0 0.34400276188597356 0.98974609375 0.002663247188794634 0.0068359375
0 0.20285066087985795 0.989013671875 0.0030578023278753207 0.00537109375
0 0.10426119550207141 0.987548828125 0.0011836654172420597 0.00439453125
0 0.09538370487275596 0.988037109375 0.0019727756954034327 0.00537109375
0 0.22514302623791674 0.986572265625 0.0016768593410929177 0.00341796875
0 0.3726080094693233 0.987548828125 0.003452357466956007 0.00732421875
0 0.3678733478003551 0.9873046875 0.0022686920497139475 0.0068359375
0 0.21956993489840204 0.985595703125 0.0017754981258630894 0.00341796875
0 0.21473663444466365 0.98486328125 0.002170053264943776 0.0029296875
0 0.10278161373051883 0.984375 0.001578220556322746 0.00390625
0 0.4538370487275597 0.98291015625 0.000789110278161373 0.001953125
0 0.3968238311304005 0.98583984375 0.002170053264943776 0.0078125
0 0.26129414085618463 0.983154296875 0.0009863878477017164 0.00244140625
0 0.1811994476228053 0.987548828125 0.005326494377589268 0.01123046875
0 0.3704379562043796 0.985595703125 0.002465969619254291 0.00830078125
0 0.201716314855001 0.982666015625 0.000789110278161373 0.00244140625
0 0.400572104951667 0.9833984375 0.0023673308344841193 0.0048828125
0 0.34854014598540145 0.985595703125 0.00483330045373841 0.00927734375
0 0.23860722035904516 0.983154296875 0.0019727756954034327 0.00439453125
0 0.22746103768001577 0.98291015625 0.0017754981258630894 0.00390625
0 0.17029986190570132 0.98291015625 0.002663247188794634 0.00390625
0 0.24940816729137896 0.98193359375 0.001874136910633261 0.0029296875
0 0.10697376208325113 0.982666015625 0.001085026632471888 0.00439453125
0 0.3733478003550996 0.98193359375 0.002959163543105149 0.00390625
0 0.38335963700927206 0.98193359375 0.002663247188794634 0.0048828125
0 0.19579798776879068 0.98046875 0.0009863878477017164 0.001953125
0 0.3301440126257644 0.980224609375 0.000789110278161373 0.00244140625
0 0.09858946537778654 0.983154296875 0.003255079897415664 0.00830078125
0 0.49950680607614917 0.981201171875 0.002959163543105149 0.00537109375
0 0.45363977115801934 0.9794921875 0.0009863878477017164 0.001953125
0 0.24526533833103176 0.979736328125 0.001085026632471888 0.00244140625
0 0.33714736634444664 0.98291015625 0.004340106529887552 0.0107421875
0 0.22312093115012824 0.978759765625 0.0009863878477017164 0.00244140625
0 0.4600512921680805 0.978759765625 0.001578220556322746 0.00341796875
0 0.1867232195699349 0.97900390625 0.003748273821266522 0.00390625
0 0.17444269086604852 0.9814453125 0.003255079897415664 0.0087890625
0 0.16660090747681988 0.9794921875 0.0023673308344841193 0.0048828125
0 0.5039948707831919 0.978271484375 0.001085026632471888 0.00341796875
0 0.39317419609390414 0.9794921875 0.003156441112645492 0.005859375
0 0.34518642730321564 0.978271484375 0.001085026632471888 0.00341796875
0 0.2103965279147761 0.979248046875 0.0033537186821858355 0.00537109375
0 0.35421187610968635 0.9775390625 0.0013809429867824028 0.0029296875
0 0.10416255671730125 0.9775390625 0.001578220556322746 0.0029296875
0 0.19007693825212074 0.976318359375 0.0017754981258630894 0.00244140625
0 0.1686723219569935 0.975341796875 0.0013809429867824028 0.00439453125
0 0.25157822055632273 0.974365234375 0.001874136910633261 0.00341796875
0 0.3458768987966068 0.973388671875 0.0012823042020122311 0.00244140625
0 0.332757940422174 0.9775390625 0.0036496350364963502 0.0107421875
0 0.23155454724797792 0.97412109375 0.0012823042020122311 0.00390625
0 0.35322548826198463 0.9736328125 0.0017754981258630894 0.00390625
0 0.17217399881633458 0.974609375 0.0022686920497139475 0.005859375
0 0.45072992700729925 0.97607421875 0.00483330045373841 0.009765625
0 0.17513316235943974 0.97412109375 0.002663247188794634 0.0078125
0 0.2982343657526139 0.971435546875 0.002465969619254291 0.00341796875
0 0.4762773722627737 0.971923828125 0.0028605247583349774 0.00634765625
0 0.4010159794831328 0.969970703125 0.002465969619254291 0.00244140625
0 0.18277766817912802 0.970458984375 0.0013809429867824028 0.00341796875
0 0.3610672716512133 0.9697265625 0.0022686920497139475 0.0029296875
0 0.17784572894061945 0.970703125 0.002170053264943776 0.0048828125
0 0.33147563622016174 0.9697265625 0.0016768593410929177 0.00390625
0 0.26420398500690473 0.97119140625 0.001874136910633261 0.0068359375
0 0.44367725389623197 0.96875 0.0009863878477017164 0.0029296875
0 0.3505129216808049 0.971435546875 0.0038469126060366936 0.00830078125
0 0.22903925823633853 0.96923828125 0.0025646084040244622 0.00390625
0 0.21439139869796803 0.96923828125 0.00542513316235944 0.005859375
0 0.47622805287038866 0.966796875 0.0013809429867824028 0.00390625
0 0.17967054645886762 0.966064453125 0.0012823042020122311 0.00244140625
0 0.2979877687906885 0.9658203125 0.001578220556322746 0.00390625
0 0.21641349378575656 0.963134765625 0.0023673308344841193 0.00341796875
0 0.17291378970211088 0.965087890625 0.004931939238508582 0.00732421875
0 0.18583547050700336 0.96240234375 0.001578220556322746 0.0029296875
0 0.1637403827184849 0.96337890625 0.0027618859735648055 0.0048828125
0 0.32116788321167883 0.963134765625 0.0039455513908068654 0.00537109375
0 0.24072795423160387 0.962890625 0.0044387453146577235 0.005859375
0 0.3420299861905701 0.96435546875 0.002663247188794634 0.009765625
0 0.25246596961925427 0.96142578125 0.001085026632471888 0.00390625
0 0.1933320181495364 0.961181640625 0.002170053264943776 0.00341796875
0 0.16837640560268297 0.965576171875 0.003748273821266522 0.01220703125
0 0.39159597553758135 0.963134765625 0.003748273821266522 0.00830078125
0 0.25922272637601107 0.961669921875 0.0019727756954034327 0.00537109375
0 0.22262773722627738 0.960205078125 0.0013809429867824028 0.00244140625
0 0.3441507200631288 0.96044921875 0.0033537186821858355 0.00390625
0 0.31653186032748076 0.9658203125 0.007891102781613731 0.0146484375
0 0.15861116591043598 0.959228515625 0.0009863878477017164 0.00244140625
0 0.3342375221937266 0.9638671875 0.0036496350364963502 0.0126953125
0 0.40530676662063525 0.960205078125 0.0017754981258630894 0.00634765625
0 0.3494772144407181 0.962158203125 0.006707437364371671 0.01025390625
0 0.23663444466364175 0.958251953125 0.0013809429867824028 0.00244140625
0 0.19836259617281515 0.959228515625 0.002170053264943776 0.00439453125
0 0.19066877096074175 0.96044921875 0.0023673308344841193 0.0068359375
0 0.18874531465772343 0.958740234375 0.0008877490629315447 0.00341796875
0 0.1745906490432038 0.95849609375 0.0009863878477017164 0.0029296875
0 0.27056618662458076 0.9580078125 0.0013809429867824028 0.0029296875
0 0.203442493588479 0.958984375 0.002465969619254291 0.0048828125
0 0.15663839021503256 0.958984375 0.0019727756954034327 0.0048828125
0 0.40037482738212665 0.958251953125 0.0033537186821858355 0.00537109375
0 0.3676760702308148 0.958740234375 0.005030578023278753 0.00732421875
0 0.2100512921680805 0.955810546875 0.0014795817715525744 0.00244140625
0 0.3793647662260801 0.955810546875 0.0019727756954034327 0.00341796875
0 0.29961530873939635 0.956298828125 0.001085026632471888 0.00439453125
0 0.5107516275399487 0.95654296875 0.0023673308344841193 0.005859375
0 0.46715328467153283 0.9560546875 0.0013809429867824028 0.0048828125
0 0.31554547247977904 0.956787109375 0.0019727756954034327 0.00634765625
0 0.4221739988163346 0.955078125 0.002170053264943776 0.00390625
0 0.3400572104951667 0.955322265625 0.0016768593410929177 0.00439453125
0 0.1947622805287039 0.955078125 0.0012823042020122311 0.00390625
0 0.35722035904517657 0.95751953125 0.0028605247583349774 0.009765625
0 0.5022686920497139 0.953125 0.0013809429867824028 0.001953125
0 0.37181889919116196 0.9541015625 0.0016768593410929177 0.00390625
0 0.18445452752022096 0.953369140625 0.000789110278161373 0.00244140625
0 0.18297494574866838 0.958984375 0.003550996251726179 0.013671875
0 0.3960840402446242 0.955810546875 0.0044387453146577235 0.00830078125
0 0.22435391595975537 0.952880859375 0.001874136910633261 0.00244140625
0 0.1975241665022687 0.955322265625 0.0028605247583349774 0.00732421875
0 0.3863188005523772 0.953857421875 0.0036496350364963502 0.00537109375
0 0.19012625764450583 0.953125 0.001874136910633261 0.00390625
0 0.41324718879463407 0.95361328125 0.007989741566383901 0.0068359375
0 0.19249358847898995 0.951171875 0.002465969619254291 0.001953125
0 0.185638192937463 0.951904296875 0.0011836654172420597 0.00341796875
0 0.1700039455513908 0.95654296875 0.004044190175577037 0.0126953125
0 0.1665515880844348 0.952392578125 0.0022686920497139475 0.00537109375
0 0.510357072400868 0.950927734375 0.0013809429867824028 0.00341796875
0 0.2510357072400868 0.950927734375 0.0025646084040244622 0.00341796875
0 0.15599723811402644 0.94970703125 0.0008877490629315447 0.001953125
0 0.31579206944170446 0.9501953125 0.0012823042020122311 0.00390625
0 0.25922272637601107 0.94873046875 0.0009863878477017164 0.0029296875
0 0.5086802130597751 0.947998046875 0.0005918327086210298 0.00244140625
0 0.48638784770171634 0.947998046875 0.000789110278161373 0.00244140625
0 0.3769481159992109 0.95166015625 0.0036496350364963502 0.009765625
0 0.34962517261787335 0.94775390625 0.0012823042020122311 0.001953125
0 0.3418820280134149 0.947021484375 0.001578220556322746 0.00244140625
0 0.49575853225488264 0.9462890625 0.0013809429867824028 0.001953125
0 0.1908660485302821 0.947265625 0.0011836654172420597 0.00390625
0 0.4570428092325903 0.9462890625 0.001874136910633261 0.0029296875
0 0.41092917735253504 0.947265625 0.0019727756954034327 0.0048828125
0 0.3974649832314066 0.947509765625 0.004044190175577037 0.00537109375
0 0.35840402446241865 0.947509765625 0.003255079897415664 0.00537109375
0 0.34434799763266916 0.948974609375 0.003156441112645492 0.00830078125
0 0.318405997238114 0.947021484375 0.0013809429867824028 0.00439453125
0 0.2844249358847899 0.946044921875 0.0008877490629315447 0.00244140625
0 0.18904123101203393 0.9462890625 0.0008877490629315447 0.0029296875
0 0.18139672519234562 0.946044921875 0.001578220556322746 0.00244140625
0 0.366097849674492 0.94970703125 0.007595186427303216 0.0107421875
0 0.274117182876307 0.9462890625 0.0009863878477017164 0.00390625
0 0.2166107713552969 0.945556640625 0.0019727756954034327 0.00244140625
0 0.17133556914578812 0.9462890625 0.0013809429867824028 0.00390625
0 0.0962714539356875 0.945556640625 0.001578220556322746 0.00244140625
0 0.33882422568553955 0.946044921875 0.003748273821266522 0.00439453125
0 0.28555928190964686 0.9453125 0.0009863878477017164 0.00390625
0 0.23648648648648649 0.9443359375 0.002071414480173604 0.0029296875
0 0.32289406194515685 0.94580078125 0.0038469126060366936 0.0068359375
0 0.4154172420595778 0.943603515625 0.0012823042020122311 0.00341796875
0 0.2329848096271454 0.943603515625 0.0013809429867824028 0.00341796875
0 0.2301736042611955 0.944091796875 0.003452357466956007 0.00439453125
0 0.45941014006707437 0.942626953125 0.0014795817715525744 0.00244140625
0 0.19653777865456698 0.943359375 0.006016965870980469 0.00390625
0 0.0987374235549418 0.944580078125 0.002959163543105149 0.00634765625
0 0.41354310514894455 0.94287109375 0.0014795817715525744 0.00390625
0 0.3622509370684553 0.943115234375 0.0014795817715525744 0.00439453125
0 0.22124679423949498 0.9423828125 0.0019727756954034327 0.0029296875
0 0.48589465377786545 0.941650390625 0.0009863878477017164 0.00244140625
0 0.26893864667587297 0.942138671875 0.0012823042020122311 0.00341796875
0 0.3304892483724601 0.941162109375 0.001874136910633261 0.00244140625
0 0.3002564608404025 0.94384765625 0.003156441112645492 0.0078125
0 0.4233576642335766 0.940673828125 0.0009863878477017164 0.00244140625
0 0.16694614322351548 0.9404296875 0.001085026632471888 0.001953125
0 0.2728841980666798 0.94189453125 0.002071414480173604 0.005859375
0 0.48880449792858555 0.9404296875 0.0022686920497139475 0.00390625
0 0.3581081081081081 0.94091796875 0.0016768593410929177 0.0048828125
0 0.1633951469717893 0.940185546875 0.0012823042020122311 0.00341796875
0 0.3105642138488854 0.937744140625 0.0014795817715525744 0.00244140625
0 0.3351745906490432 0.9384765625 0.0025646084040244622 0.0048828125
0 0.29922075360031564 0.937255859375 0.0006904714933912014 0.00244140625
0 0.19663641743933716 0.93701171875 0.0016768593410929177 0.001953125
0 0.4124087591240876 0.93798828125 0.0013809429867824028 0.0048828125
0 0.30370881830735846 0.938232421875 0.0019727756954034327 0.00537109375
0 0.48106135332412703 0.937744140625 0.0023673308344841193 0.00537109375
0 0.4485598737423555 0.936767578125 0.0012823042020122311 0.00341796875
0 0.3602781613730519 0.938720703125 0.0022686920497139475 0.00732421875
0 0.2559183270862103 0.935791015625 0.0012823042020122311 0.00244140625
0 0.40550404419017555 0.935302734375 0.0009863878477017164 0.00244140625
0 0.3650621424344052 0.934814453125 0.0017754981258630894 0.00244140625
0 0.23342868415861118 0.935791015625 0.0016768593410929177 0.00439453125
0 0.19185243637798383 0.936767578125 0.0025646084040244622 0.00634765625
0 0.23490826593016373 0.93408203125 0.0008877490629315447 0.001953125
0 0.22233182087196685 0.934326171875 0.0011836654172420597 0.00341796875
0 0.1595975537581377 0.9375 0.0027618859735648055 0.009765625
0 0.1644801736042612 0.935791015625 0.003452357466956007 0.00732421875
0 0.3077036890905504 0.932861328125 0.0012823042020122311 0.00244140625
0 0.28989938843953444 0.932861328125 0.0009863878477017164 0.00244140625
0 0.14682383113040048 0.933349609375 0.0008877490629315447 0.00341796875
0 0.4749457486683764 0.933349609375 0.0025646084040244622 0.00439453125
0 0.3804991122509371 0.93310546875 0.0014795817715525744 0.00390625
0 0.2274117182876307 0.93408203125 0.002663247188794634 0.005859375
0 0.36003156441112644 0.93310546875 0.0039455513908068654 0.0048828125
0 0.4606924442690866 0.931640625 0.001085026632471888 0.0029296875
0 0.3264943775892681 0.93212890625 0.0011836654172420597 0.00390625
0 0.167242059577826 0.933837890625 0.0030578023278753207 0.00732421875
0 0.40106529887551784 0.933837890625 0.004142828960347208 0.00830078125
0 0.32945354113237324 0.93115234375 0.000789110278161373 0.0029296875
0 0.21759715920299863 0.933349609375 0.0033537186821858355 0.00732421875
0 0.18410929177352536 0.931396484375 0.0022686920497139475 0.00341796875
0 0.263217597159203 0.9296875 0.0006904714933912014 0.001953125
0 0.19860919313474057 0.933349609375 0.003255079897415664 0.00927734375
0 0.42449201025843364 0.9296875 0.0022686920497139475 0.0029296875
0 0.31727165121325707 0.9296875 0.003255079897415664 0.00390625
0 0.23939633063720656 0.928955078125 0.0011836654172420597 0.00244140625
0 0.20664825409350956 0.931884765625 0.005918327086210298 0.00830078125
0 0.15150917340698364 0.935791015625 0.007496547642533044 0.01611328125
0 0.4760307753008483 0.927978515625 0.0011836654172420597 0.00244140625
0 0.37300256460840403 0.92919921875 0.0022686920497139475 0.0048828125
0 0.33655553363582563 0.929443359375 0.0023673308344841193 0.00537109375
0 0.1898796606825804 0.928955078125 0.0013809429867824028 0.00439453125
0 0.24842177944367724 0.92724609375 0.0008877490629315447 0.001953125
0 0.3861708423752219 0.92724609375 0.001578220556322746 0.0029296875
0 0.37892089169461435 0.927978515625 0.0028605247583349774 0.00439453125
0 0.31963898204774116 0.927001953125 0.0008877490629315447 0.00244140625
0 0.22923653580587888 0.927001953125 0.0017754981258630894 0.00341796875
0 0.1623101203393174 0.92822265625 0.003452357466956007 0.005859375
0 0.4100414282896035 0.926513671875 0.0019727756954034327 0.00341796875
0 0.32851647267705664 0.926025390625 0.0012823042020122311 0.00244140625
0 0.40491221148155454 0.92626953125 0.002959163543105149 0.00390625
0 0.37053659498914976 0.92578125 0.0014795817715525744 0.0029296875
0 0.35130203195896625 0.935302734375 0.0066087985796014995 0.02197265625
0 0.24215821661077136 0.926025390625 0.0011836654172420597 0.00341796875
0 0.1937265732886171 0.926025390625 0.002170053264943776 0.00341796875
0 0.10140067074373643 0.925537109375 0.0017754981258630894 0.00244140625
0 0.4691753797593214 0.92578125 0.0016768593410929177 0.00390625
0 0.36141250739790887 0.92724609375 0.004142828960347208 0.0068359375
0 0.3227954231603867 0.92578125 0.0014795817715525744 0.00390625
0 0.22593213651607813 0.926025390625 0.002071414480173604 0.00439453125
0 0.17607023081475637 0.925048828125 0.0013809429867824028 0.00244140625
0 0.2194712961136319 0.924560546875 0.0017754981258630894 0.00341796875
0 0.0980469520615506 0.92578125 0.0017754981258630894 0.005859375
0 0.38335963700927206 0.92529296875 0.001874136910633261 0.0068359375
0 0.3668376405602683 0.925537109375 0.0051292168080489245 0.00732421875
0 0.3427204576839613 0.923095703125 0.0008877490629315447 0.00244140625
0 0.307457092128625 0.92333984375 0.0017754981258630894 0.0029296875
0 0.34686328664430854 0.92333984375 0.001085026632471888 0.00390625
0 0.17853620043401067 0.925048828125 0.0023673308344841193 0.00732421875
0 0.46680804892483724 0.92333984375 0.0028605247583349774 0.0048828125
0 0.2872854606431249 0.922607421875 0.001874136910633261 0.00341796875
0 0.28472085223910043 0.92236328125 0.001085026632471888 0.0029296875
0 0.15244624186230027 0.925048828125 0.0038469126060366936 0.00927734375
0 0.1463799565989347 0.92529296875 0.002959163543105149 0.009765625
0 0.32728348786742945 0.921630859375 0.0013809429867824028 0.00341796875
0 0.21739988163345828 0.9208984375 0.0023673308344841193 0.001953125
0 0.3883902150325508 0.922119140625 0.003255079897415664 0.00537109375
0 0.19944762280528705 0.921630859375 0.0013809429867824028 0.00439453125
0 0.35140067074373643 0.921142578125 0.005227855592819097 0.00439453125
0 0.1053462221345433 0.9208984375 0.001578220556322746 0.00390625
0 0.47894061945156835 0.91943359375 0.0012823042020122311 0.001953125
0 0.37048727559676464 0.92041015625 0.0009863878477017164 0.00390625
0 0.48446439139869796 0.920654296875 0.0030578023278753207 0.00537109375
0 0.320674689287828 0.920166015625 0.002959163543105149 0.00439453125
0 0.2940422173998816 0.91943359375 0.0011836654172420597 0.0029296875
0 0.4165022686920497 0.918701171875 0.0012823042020122311 0.00244140625
0 0.37892089169461435 0.918701171875 0.0012823042020122311 0.00244140625
0 0.34370684553166303 0.919189453125 0.001874136910633261 0.00341796875
0 0.15727954231603866 0.91943359375 0.0016768593410929177 0.00390625
0 0.40866048530282106 0.920654296875 0.002170053264943776 0.00732421875
0 0.3898697968041034 0.919189453125 0.001874136910633261 0.00439453125
0 0.16157032945354113 0.918701171875 0.0023673308344841193 0.00341796875
0 0.20605642138488853 0.91845703125 0.0027618859735648055 0.00390625
0 0.1811501282304202 0.918212890625 0.002465969619254291 0.00439453125
0 0.17789504833300454 0.917724609375 0.0016768593410929177 0.00341796875
0 0.16906687709607418 0.918212890625 0.0011836654172420597 0.00439453125
0 0.466660090747682 0.91796875 0.0033537186821858355 0.0048828125
0 0.44417044782008286 0.918212890625 0.002170053264943776 0.00634765625
0 0.21118563819293745 0.91650390625 0.0011836654172420597 0.0029296875
0 0.47859538370487276 0.916259765625 0.0027618859735648055 0.00439453125
0 0.33621029788913 0.917724609375 0.00424146774511738 0.00732421875
0 0.46325705267311107 0.9150390625 0.0014795817715525744 0.0029296875
0 0.5107023081475637 0.915283203125 0.0016768593410929177 0.00439453125
0 0.18963306372065497 0.915771484375 0.004044190175577037 0.00537109375
0 0.16354310514894457 0.914306640625 0.0009863878477017164 0.00244140625
0 0.4347504438745315 0.9130859375 0.001874136910633261 0.001953125
0 0.4040737818110081 0.9140625 0.0038469126060366936 0.00390625
0 0.3669362793450385 0.9150390625 0.004931939238508582 0.0068359375
0 0.18475044387453146 0.9140625 0.0025646084040244622 0.0048828125
0 0.24077727362398896 0.912109375 0.0025646084040244622 0.0029296875
0 0.16142237127638587 0.91259765625 0.0022686920497139475 0.00390625
0 0.469520615506017 0.911865234375 0.0017754981258630894 0.00341796875
0 0.31697573485894653 0.913330078125 0.001874136910633261 0.00634765625
0 0.2719471296113632 0.91162109375 0.0011836654172420597 0.0029296875
0 0.19209903333990924 0.911865234375 0.004636022884198066 0.00341796875
0 0.15441901755770368 0.916015625 0.00542513316235944 0.01171875
0 0.37038863681199446 0.9111328125 0.001578220556322746 0.0029296875
0 0.1783389228644703 0.91162109375 0.0025646084040244622 0.00390625
0 0.10307753008482935 0.9140625 0.003550996251726179 0.0087890625
0 0.33320181495363976 0.91357421875 0.0023673308344841193 0.0087890625
0 0.358058788715723 0.911376953125 0.002170053264943776 0.00537109375
0 0.22233182087196685 0.911376953125 0.002959163543105149 0.00537109375
0 0.14968435588873544 0.910888671875 0.003255079897415664 0.00439453125
0 0.4641941211284277 0.915283203125 0.005326494377589268 0.01416015625
0 0.45867034918129806 0.912841796875 0.005326494377589268 0.00927734375
0 0.2347109883606234 0.90966796875 0.002071414480173604 0.0029296875
0 0.3602781613730519 0.91357421875 0.00483330045373841 0.0126953125
0 0.1974748471098836 0.90966796875 0.003156441112645492 0.0048828125
0 0.4707536003156441 0.908203125 0.001085026632471888 0.0029296875
0 0.341388834089564 0.9091796875 0.0039455513908068654 0.0048828125
0 0.3020812783586506 0.909912109375 0.0028605247583349774 0.00634765625
0 0.29793844939830344 0.90966796875 0.002663247188794634 0.005859375
0 0.3518938646675873 0.908447265625 0.0012823042020122311 0.00439453125
0 0.2294831327678043 0.908203125 0.00424146774511738 0.00390625
0 0.17508384296705465 0.908203125 0.001578220556322746 0.00390625
0 0.16822844742552773 0.91015625 0.002663247188794634 0.0078125
0 0.2041329650818702 0.9072265625 0.0016768593410929177 0.0029296875
0 0.19569934898402053 0.906494140625 0.0009863878477017164 0.00244140625
0 0.3852337739199053 0.906005859375 0.0022686920497139475 0.00244140625
0 0.2322943381337542 0.90625 0.0011836654172420597 0.0029296875
0 0.3729532452160189 0.90771484375 0.0033537186821858355 0.0068359375
0 0.40836456894851053 0.906005859375 0.005721049516669955 0.00439453125
0 0.4818997829946735 0.90478515625 0.0028605247583349774 0.0029296875
0 0.45531663049911225 0.905029296875 0.0013809429867824028 0.00341796875
0 0.39785953837048726 0.90478515625 0.0012823042020122311 0.0029296875
0 0.3283191951075163 0.904541015625 0.001085026632471888 0.00244140625
0 0.16378970211087 0.905029296875 0.002071414480173604 0.00341796875
0 0.145393568751233 0.90380859375 0.000789110278161373 0.001953125
0 0.1004636022884198 0.9072265625 0.003255079897415664 0.0087890625
0 0.46251726178733477 0.905029296875 0.0027618859735648055 0.00537109375
0 0.36836654172420596 0.905029296875 0.0028605247583349774 0.00537109375
0 0.17409745511935293 0.906005859375 0.00907476819885579 0.00830078125
0 0.18297494574866838 0.904296875 0.007101992503452358 0.0068359375
0 0.14697178930755572 0.90234375 0.0017754981258630894 0.0029296875
0 0.4770664825409351 0.90283203125 0.0044387453146577235 0.0048828125
0 0.16684750443874533 0.90234375 0.0022686920497139475 0.00390625
0 0.3949990136121523 0.907470703125 0.004044190175577037 0.01513671875
0 0.3841487472874334 0.90234375 0.002465969619254291 0.0048828125
0 0.24398303412901953 0.901123046875 0.0008877490629315447 0.00244140625
0 0.18943578615111462 0.901123046875 0.001874136910633261 0.00244140625
0 0.45985401459854014 0.901611328125 0.004340106529887552 0.00439453125
0 0.4029394357861511 0.90185546875 0.001578220556322746 0.0048828125
0 0.19239494969421977 0.90185546875 0.001874136910633261 0.0048828125
0 0.5091240875912408 0.900146484375 0.0012823042020122311 0.00341796875
0 0.40732886170842375 0.900146484375 0.00424146774511738 0.00341796875
0 0.1029295719076741 0.901123046875 0.0022686920497139475 0.00537109375
0 0.4963996843558887 0.902587890625 0.0028605247583349774 0.00927734375
0 0.36402643519431843 0.9033203125 0.00483330045373841 0.0107421875
0 0.38888340895640167 0.90185546875 0.004044190175577037 0.0087890625
0 0.34227658315249554 0.903564453125 0.004931939238508582 0.01220703125
0 0.17769777076346419 0.8984375 0.001085026632471888 0.001953125
0 0.4727756954034326 0.899169921875 0.0013809429867824028 0.00439453125
0 0.45171631485500097 0.900390625 0.00424146774511738 0.0068359375
0 0.21394752416650226 0.89794921875 0.000789110278161373 0.001953125
0 0.20472479779049121 0.89990234375 0.002071414480173604 0.005859375
0 0.15219964490037483 0.898193359375 0.0017754981258630894 0.00341796875
0 0.4830834484119156 0.898681640625 0.005819688301440126 0.00537109375
0 0.36629512724403235 0.8994140625 0.003255079897415664 0.0068359375
0 0.22095087788518444 0.897216796875 0.0011836654172420597 0.00244140625
0 0.19663641743933716 0.897216796875 0.0014795817715525744 0.00244140625
0 0.1877589268100217 0.897705078125 0.0016768593410929177 0.00341796875
0 0.14909252318011443 0.8974609375 0.001085026632471888 0.0029296875
0 0.3213651607812192 0.897705078125 0.004931939238508582 0.00439453125
0 0.25290984415072004 0.898681640625 0.0019727756954034327 0.00634765625
0 0.14371670941014006 0.89794921875 0.0039455513908068654 0.005859375
0 0.3380351154073782 0.899658203125 0.0039455513908068654 0.01025390625
0 0.4809133951469718 0.89501953125 0.0008877490629315447 0.001953125
0 0.4676464785953837 0.89990234375 0.0072992700729927005 0.01171875
0 0.4072302229236536 0.895263671875 0.0006904714933912014 0.00244140625
0 0.47642533043992896 0.896240234375 0.0051292168080489245 0.00634765625
0 0.3404517656342474 0.894287109375 0.0014795817715525744 0.00244140625
0 0.32560662852633654 0.89453125 0.0023673308344841193 0.0029296875
0 0.15801933320181497 0.8955078125 0.001578220556322746 0.0048828125
0 0.17828960347208522 0.89453125 0.0030578023278753207 0.00390625
0 0.45289998027224304 0.894775390625 0.0022686920497139475 0.00537109375
0 0.402298283685145 0.89599609375 0.002663247188794634 0.0078125
0 0.22292365358058788 0.89501953125 0.002959163543105149 0.005859375
0 0.39139869796804105 0.8955078125 0.005918327086210298 0.0078125
0 0.47238114026435196 0.89208984375 0.000789110278161373 0.001953125
0 0.3985006904714934 0.892333984375 0.0019727756954034327 0.00341796875
0 0.3518938646675873 0.895263671875 0.0028605247583349774 0.00927734375
0 0.45146971789307555 0.890869140625 0.0009863878477017164 0.00244140625
0 0.38311304004734664 0.893798828125 0.0039455513908068654 0.00830078125
0 0.1849970408364569 0.89306640625 0.002465969619254291 0.0078125
0 0.3615604655750641 0.89013671875 0.0016768593410929177 0.0029296875
0 0.3575162753994871 0.892822265625 0.006214243440520813 0.00830078125
0 0.2051193529295719 0.8896484375 0.0012823042020122311 0.001953125
0 0.15027618859735647 0.889404296875 0.0006904714933912014 0.00244140625
0 0.4914677451173802 0.8896484375 0.0030578023278753207 0.00390625
0 0.3639771158019333 0.89208984375 0.0027618859735648055 0.0087890625
0 0.30691457881238904 0.888916015625 0.0014795817715525744 0.00244140625
0 0.4960544486091931 0.88818359375 0.001578220556322746 0.001953125
0 0.4835766423357664 0.89013671875 0.002465969619254291 0.005859375
0 0.4609883606233971 0.88916015625 0.0012823042020122311 0.00390625
0 0.4497435391595975 0.888916015625 0.0012823042020122311 0.00341796875
0 0.35726967843756163 0.89013671875 0.001578220556322746 0.005859375
0 0.4211876109686329 0.887939453125 0.002170053264943776 0.00244140625
0 0.19860919313474057 0.88818359375 0.0008877490629315447 0.0029296875
0 0.45847307161175777 0.891357421875 0.0039455513908068654 0.01025390625
0 0.21710396527914777 0.88818359375 0.002170053264943776 0.00390625
0 0.47953245216018936 0.88916015625 0.00542513316235944 0.0068359375
0 0.3682679029394358 0.888427734375 0.00483330045373841 0.00537109375
0 0.4634543302426514 0.88720703125 0.0014795817715525744 0.00390625
0 0.39090550404419017 0.886474609375 0.000789110278161373 0.00244140625
0 0.3192444269086605 0.88671875 0.002071414480173604 0.00390625
0 0.18233379364766225 0.88671875 0.002465969619254291 0.00390625
0 0.17878279739593608 0.887939453125 0.002071414480173604 0.00634765625
0 0.1961925429078714 0.88671875 0.003156441112645492 0.005859375
0 0.18854803708818307 0.8876953125 0.00483330045373841 0.0087890625
0 0.48421779443677254 0.883544921875 0.0011836654172420597 0.00244140625
0 0.393124876701519 0.88525390625 0.003255079897415664 0.005859375
0 0.23623988952456107 0.88330078125 0.0009863878477017164 0.001953125
0 0.16497336752811206 0.886474609375 0.0044387453146577235 0.00830078125
0 0.3891793253107122 0.8837890625 0.0022686920497139475 0.0048828125
0 0.15979483132767805 0.883544921875 0.006312882225290984 0.00537109375
0 0.5037975932136516 0.8818359375 0.0022686920497139475 0.0029296875
0 0.3510061156046558 0.882080078125 0.0016768593410929177 0.00341796875
0 0.09745511935292957 0.88330078125 0.003156441112645492 0.005859375
0 0.453442493588479 0.880859375 0.0009863878477017164 0.001953125
0 0.37300256460840403 0.880859375 0.001085026632471888 0.001953125
0 0.45171631485500097 0.88134765625 0.002071414480173604 0.00390625
0 0.4095482343657526 0.881103515625 0.001578220556322746 0.00341796875
0 0.3984020516867232 0.880859375 0.0009863878477017164 0.0029296875
0 0.1453442493588479 0.881103515625 0.0014795817715525744 0.00341796875
0 0.44594594594594594 0.885498046875 0.004537384099427895 0.01318359375
0 0.21917537975932136 0.880615234375 0.0017754981258630894 0.00341796875
0 0.1797691852436378 0.880126953125 0.0008877490629315447 0.00244140625
0 0.499408167291379 0.879150390625 0.0011836654172420597 0.00244140625
0 0.3829157624778063 0.87890625 0.0013809429867824028 0.0029296875
0 0.1864273032156244 0.8798828125 0.0023673308344841193 0.0048828125
0 0.17542907871375024 0.8798828125 0.002663247188794634 0.0048828125
0 0.10130203195896627 0.87841796875 0.000789110278161373 0.001953125
0 0.4704576839613336 0.879150390625 0.0038469126060366936 0.00439453125
0 0.36126454922075363 0.882080078125 0.008187019135924246 0.01025390625
0 0.3338429670546459 0.878662109375 0.001085026632471888 0.00341796875
0 0.49353915959755373 0.880859375 0.006214243440520813 0.009765625
0 0.47859538370487276 0.877685546875 0.0009863878477017164 0.00341796875
0 0.4593115012823042 0.877197265625 0.0016768593410929177 0.00244140625
0 0.3957388044979286 0.879150390625 0.003550996251726179 0.00634765625
0 0.1911619648845926 0.877197265625 0.0017754981258630894 0.00244140625
0 0.18928782797395935 0.87841796875 0.0017754981258630894 0.0048828125
0 0.3898697968041034 0.877197265625 0.002071414480173604 0.00341796875
0 0.168968238311304 0.8798828125 0.0027618859735648055 0.0087890625
0 0.48737423554941806 0.87890625 0.005918327086210298 0.0078125
0 0.4840698362596173 0.8759765625 0.0008877490629315447 0.001953125
0 0.21547642533043992 0.87646484375 0.0012823042020122311 0.0029296875
0 0.1832215427105938 0.879150390625 0.004636022884198066 0.00830078125
0 0.16472677056618662 0.876220703125 0.0013809429867824028 0.00341796875
0 0.48204774117182875 0.875 0.001578220556322746 0.001953125
0 0.47282501479581773 0.875244140625 0.0012823042020122311 0.00244140625
0 0.3563819293746301 0.875732421875 0.0023673308344841193 0.00439453125
0 0.4461432235154863 0.87548828125 0.004931939238508582 0.0048828125
0 0.4933912014203985 0.87353515625 0.0011836654172420597 0.001953125
0 0.178733478003551 0.874755859375 0.0019727756954034327 0.00439453125
0 0.1345433024265141 0.8740234375 0.0013809429867824028 0.00390625
0 0.48949496942197673 0.8740234375 0.0012823042020122311 0.0048828125
0 0.4508285657920694 0.87451171875 0.003452357466956007 0.005859375
0 0.3949003748273821 0.875732421875 0.002465969619254291 0.00830078125
0 0.36668968238311306 0.8759765625 0.0038469126060366936 0.0087890625
0 0.19012625764450583 0.873046875 0.0012823042020122311 0.0029296875
0 0.3978102189781022 0.87451171875 0.002959163543105149 0.0068359375
0 0.17745117380153877 0.872802734375 0.0011836654172420597 0.00341796875
0 0.10061156046557507 0.873046875 0.0017754981258630894 0.00390625
0 0.33083448411915567 0.871826171875 0.001578220556322746 0.00244140625
0 0.17552771749852042 0.873046875 0.0022686920497139475 0.0048828125
0 0.4705070033537187 0.87353515625 0.0025646084040244622 0.0068359375
0 0.1828763069638982 0.87158203125 0.0009863878477017164 0.0029296875
0 0.49156638390215035 0.8720703125 0.002071414480173604 0.0048828125
0 0.4165515880844348 0.87060546875 0.001578220556322746 0.0029296875
0 0.3851844545275202 0.873046875 0.005326494377589268 0.009765625
0 0.15915367922667192 0.869873046875 0.002663247188794634 0.00341796875
0 0.5019234563030184 0.868896484375 0.0006904714933912014 0.00244140625
0 0.14026435194318407 0.869140625 0.004537384099427895 0.0029296875
0 0.5118859735648057 0.8701171875 0.002465969619254291 0.005859375
0 0.47065496153087394 0.8681640625 0.0012823042020122311 0.001953125
0 0.36496350364963503 0.868896484375 0.0027618859735648055 0.00341796875
0 0.45186427303215626 0.867919921875 0.000789110278161373 0.00244140625
0 0.2433912014203985 0.86767578125 0.0016768593410929177 0.001953125
0 0.48697968041033735 0.869873046875 0.004537384099427895 0.00732421875
0 0.34997040836456894 0.86767578125 0.002170053264943776 0.0029296875
0 0.3427204576839613 0.867431640625 0.002071414480173604 0.00244140625
0 0.17824028407970013 0.8681640625 0.003156441112645492 0.00390625
0 0.4920102584336161 0.86669921875 0.002959163543105149 0.0029296875
0 0.48377391990530677 0.866455078125 0.002663247188794634 0.00244140625
0 0.30883803511540736 0.86669921875 0.0023673308344841193 0.0029296875
0 0.15570132175971593 0.8662109375 0.0008877490629315447 0.001953125
0 0.1022391004142829 0.86669921875 0.0022686920497139475 0.0029296875
0 0.41946143223515486 0.8662109375 0.002663247188794634 0.0029296875
0 0.39065890708226475 0.866455078125 0.0022686920497139475 0.00439453125
0 0.3871079108305386 0.8662109375 0.002465969619254291 0.0048828125
0 0.19806667981850465 0.866455078125 0.0039455513908068654 0.00537109375
0 0.21631485500098638 0.86572265625 0.003156441112645492 0.0048828125
0 0.19047149339120142 0.864501953125 0.0011836654172420597 0.00244140625
0 0.4093016374038272 0.8642578125 0.0012823042020122311 0.0029296875
0 0.4889524561057408 0.863525390625 0.0005918327086210298 0.00244140625
0 0.4795817715525745 0.863525390625 0.0019727756954034327 0.00244140625
0 0.4456993489840205 0.864990234375 0.00483330045373841 0.00537109375
0 0.37946340501085024 0.86376953125 0.0011836654172420597 0.0029296875
0 0.3523377391990531 0.865234375 0.003550996251726179 0.0068359375
0 0.3933714736634445 0.865478515625 0.0027618859735648055 0.00830078125
0 0.35958768987966067 0.86279296875 0.001085026632471888 0.0029296875
0 0.1773032156243835 0.86279296875 0.0012823042020122311 0.0029296875
0 0.1692641546656145 0.863525390625 0.0023673308344841193 0.00439453125
0 0.14790885776287235 0.863525390625 0.0044387453146577235 0.00439453125
0 0.4911225093706846 0.862060546875 0.0033537186821858355 0.00244140625
0 0.3174689287827974 0.8623046875 0.0008877490629315447 0.0029296875
0 0.19328269875715132 0.86181640625 0.0012823042020122311 0.001953125
0 0.4989642927599132 0.8623046875 0.0012823042020122311 0.0048828125
0 0.4767212467942395 0.861572265625 0.0017754981258630894 0.00341796875
0 0.44259222726376013 0.86181640625 0.0019727756954034327 0.00390625
0 0.41334582757940425 0.864990234375 0.0044387453146577235 0.01025390625
0 0.3665910435983429 0.862060546875 0.0036496350364963502 0.00439453125
0 0.4961530873939633 0.862548828125 0.002959163543105149 0.00634765625
0 0.4881633458275794 0.860595703125 0.0009863878477017164 0.00244140625
0 0.36427303215624385 0.86181640625 0.0017754981258630894 0.0048828125
0 0.21355296902742157 0.86083984375 0.0009863878477017164 0.0029296875
0 0.11146182679029394 0.863525390625 0.0023673308344841193 0.00830078125
0 0.4784474255277175 0.85986328125 0.0012823042020122311 0.001953125
0 0.23451371079108305 0.860595703125 0.001874136910633261 0.00341796875
0 0.5014302623791674 0.860595703125 0.0022686920497139475 0.00537109375
0 0.16211284276977708 0.858642578125 0.001085026632471888 0.00244140625
0 0.10278161373051883 0.859130859375 0.0009863878477017164 0.00341796875
0 0.4735154862892089 0.861328125 0.00424146774511738 0.0087890625
0 0.44091536792266717 0.857666015625 0.0009863878477017164 0.00244140625
0 0.1509666600907477 0.85791015625 0.002465969619254291 0.0029296875
0 0.38380351154073783 0.85791015625 0.0017754981258630894 0.0048828125
0 0.3807457092128625 0.857177734375 0.003550996251726179 0.00341796875
0 0.19574866837640562 0.856689453125 0.0012823042020122311 0.00244140625
0 0.15308739396330637 0.8564453125 0.0011836654172420597 0.001953125
0 0.4944269086604853 0.856689453125 0.0030578023278753207 0.00439453125
0 0.4457486683764056 0.856201171875 0.001578220556322746 0.00341796875
0 0.14509765239692246 0.85546875 0.0009863878477017164 0.001953125
0 0.4627145393568751 0.85498046875 0.0009863878477017164 0.001953125
0 0.41152101006115605 0.85693359375 0.0033537186821858355 0.005859375
0 0.20225882817123694 0.854736328125 0.0016768593410929177 0.00244140625
0 0.18746301045571118 0.85498046875 0.001085026632471888 0.0029296875
0 0.16635431051489447 0.85595703125 0.0022686920497139475 0.0048828125
0 0.4611363188005524 0.85400390625 0.000789110278161373 0.001953125
0 0.4530479384493983 0.85498046875 0.0013809429867824028 0.00390625
0 0.3934701124482146 0.8564453125 0.004931939238508582 0.0068359375
0 0.17232195699348984 0.855224609375 0.0025646084040244622 0.00439453125
0 0.1564904320378773 0.85400390625 0.001085026632471888 0.001953125
0 0.44944762280528705 0.8544921875 0.001874136910633261 0.00390625
0 0.13089366739001776 0.85498046875 0.0017754981258630894 0.0048828125
0 0.3448905109489051 0.853271484375 0.0022686920497139475 0.00244140625
0 0.18652594200039455 0.85302734375 0.0009863878477017164 0.001953125
0 0.4625665811797199 0.85107421875 0.0012823042020122311 0.0029296875
0 0.45926218188991913 0.85107421875 0.0019727756954034327 0.0029296875
0 0.3716709410140067 0.85205078125 0.002170053264943776 0.0048828125
0 0.19387453146577235 0.850830078125 0.0012823042020122311 0.00244140625
0 0.4064411126454922 0.850830078125 0.002071414480173604 0.00341796875
0 0.40362990727954234 0.850341796875 0.0011836654172420597 0.00244140625
0 0.4017557703689091 0.8505859375 0.001578220556322746 0.0029296875
0 0.363237324916157 0.85107421875 0.005622410731899783 0.0048828125
0 0.1992010258433616 0.849365234375 0.0014795817715525744 0.00244140625
0 0.1265042414677451 0.850830078125 0.0014795817715525744 0.00537109375
0 0.40037482738212665 0.848876953125 0.0009863878477017164 0.00244140625
0 0.4884592621818899 0.84814453125 0.000789110278161373 0.001953125
0 0.48688104162556717 0.848388671875 0.0017754981258630894 0.00244140625
0 0.4335174590649043 0.84814453125 0.000789110278161373 0.001953125
0 0.41191556520023676 0.849365234375 0.004734661668968239 0.00439453125
0 0.13922864470309726 0.849853515625 0.0016768593410929177 0.00537109375
0 0.3869106332609982 0.84814453125 0.0016768593410929177 0.00390625
0 0.3971690668770961 0.847412109375 0.0044387453146577235 0.00439453125
0 0.39425922272637604 0.846435546875 0.0009863878477017164 0.00244140625
0 0.37196685736831725 0.84619140625 0.0025646084040244622 0.0029296875
0 0.25399487078319194 0.845703125 0.001578220556322746 0.001953125
0 0.1633951469717893 0.8466796875 0.001874136910633261 0.00390625
0 0.15974551193529296 0.845947265625 0.0016768593410929177 0.00244140625
0 0.45363977115801934 0.848388671875 0.008285657920694417 0.00830078125
0 0.3841980666798185 0.847412109375 0.003550996251726179 0.00634765625
0 0.38094298678240285 0.846435546875 0.0025646084040244622 0.00439453125
0 0.3582067468928783 0.847900390625 0.0038469126060366936 0.00732421875
0 0.3911521010061156 0.848388671875 0.006016965870980469 0.00927734375
0 0.18524363779838232 0.84521484375 0.0011836654172420597 0.0029296875
0 0.47898993884395347 0.845703125 0.001578220556322746 0.0048828125
0 0.4772144407180903 0.845458984375 0.0013809429867824028 0.00439453125
0 0.45911422371276384 0.84423828125 0.00424146774511738 0.0029296875
0 0.4513217597159203 0.84375 0.0008877490629315447 0.001953125
0 0.4948707831919511 0.84521484375 0.0025646084040244622 0.005859375
0 0.48352732294338135 0.84521484375 0.006904714933912014 0.0068359375
0 0.20640165713158415 0.8427734375 0.001874136910633261 0.0029296875
0 0.17986782402840798 0.842529296875 0.0006904714933912014 0.00244140625
0 0.44737620832511343 0.8427734375 0.0030578023278753207 0.00390625
0 0.4256263562832906 0.84521484375 0.004931939238508582 0.0087890625
0 0.4190175577036891 0.8427734375 0.0011836654172420597 0.0048828125
0 0.23767015190372853 0.841796875 0.0028605247583349774 0.00390625
0 0.47208522391004143 0.840576171875 0.0009863878477017164 0.00244140625
0 0.3821266521996449 0.8408203125 0.0025646084040244622 0.0029296875
0 0.19540343262971 0.840576171875 0.001578220556322746 0.00244140625
0 0.12339711974748471 0.84326171875 0.003550996251726179 0.0078125
0 0.37527125665811795 0.842529296875 0.0038469126060366936 0.00732421875
0 0.5059676464785954 0.839111328125 0.001085026632471888 0.00244140625
0 0.463207733280726 0.843017578125 0.004340106529887552 0.01025390625
0 0.19155652002367332 0.839111328125 0.000789110278161373 0.00244140625
0 0.17414677451173802 0.839111328125 0.0014795817715525744 0.00244140625
0 0.4652298283685145 0.83837890625 0.0008877490629315447 0.0029296875
0 0.4118169264154666 0.8388671875 0.002959163543105149 0.00390625
0 0.39342079305582955 0.8388671875 0.0016768593410929177 0.00390625
0 0.32106924442690865 0.83837890625 0.0019727756954034327 0.00390625
0 0.11294140856184652 0.83837890625 0.001578220556322746 0.00390625
0 0.45541526928388243 0.840576171875 0.004537384099427895 0.00927734375
0 0.4347011244821464 0.841796875 0.003156441112645492 0.01171875
0 0.389080686525942 0.837890625 0.001874136910633261 0.0048828125
0 0.38464194121128426 0.837158203125 0.0012823042020122311 0.00341796875
0 0.49225685539554154 0.84130859375 0.004044190175577037 0.0126953125
0 0.45911422371276384 0.83642578125 0.001874136910633261 0.0029296875
0 0.36940224896429275 0.836669921875 0.0023673308344841193 0.00341796875
0 0.3659992108897218 0.8359375 0.0008877490629315447 0.001953125
0 0.17123693036101795 0.837158203125 0.003156441112645492 0.00439453125
0 0.16137305188400078 0.8369140625 0.003550996251726179 0.00390625
0 0.4693726573288617 0.83984375 0.005227855592819097 0.0107421875
0 0.4072795423160387 0.835693359375 0.0019727756954034327 0.00244140625
0 0.4021010061156047 0.83642578125 0.0036496350364963502 0.00390625
0 0.21010061156046558 0.835693359375 0.0011836654172420597 0.00244140625
0 0.33749260209114224 0.836181640625 0.005622410731899783 0.00439453125
0 0.5165219964490038 0.83544921875 0.0022686920497139475 0.0048828125
0 0.4200039455513908 0.836181640625 0.0039455513908068654 0.00634765625
0 0.3966758729532452 0.835205078125 0.002465969619254291 0.00439453125
0 0.4877687906884987 0.8359375 0.0061156046557506415 0.0078125
0 0.481603866640363 0.8359375 0.002465969619254291 0.0078125
0 0.4986683764056027 0.83251953125 0.001085026632471888 0.0029296875
0 0.2131090944959558 0.832275390625 0.001085026632471888 0.00244140625
0 0.3786742947326889 0.832275390625 0.0023673308344841193 0.00439453125
0 0.4802229236535806 0.8310546875 0.0008877490629315447 0.0029296875
0 0.42508384296705465 0.83447265625 0.006806076149141842 0.009765625
0 0.19688301440126257 0.831298828125 0.0017754981258630894 0.00341796875
0 0.18341882028013415 0.83056640625 0.0006904714933912014 0.001953125
0 0.11377983823239297 0.830322265625 0.0014795817715525744 0.00244140625
0 0.45329453541132375 0.83251953125 0.0030578023278753207 0.0078125
0 0.46429275991319785 0.831298828125 0.005721049516669955 0.00732421875
0 0.44318405997238114 0.8291015625 0.0013809429867824028 0.0029296875
0 0.17518248175182483 0.8291015625 0.0009863878477017164 0.0029296875
0 0.483330045373841 0.828125 0.0009863878477017164 0.001953125
0 0.16595975537581378 0.828125 0.001874136910633261 0.0029296875
0 0.45941014006707437 0.8291015625 0.0030578023278753207 0.005859375
0 0.1400670743736437 0.82763671875 0.0017754981258630894 0.0029296875
0 0.4934898402051687 0.829345703125 0.002170053264943776 0.00732421875
0 0.39174393371473665 0.828125 0.0014795817715525744 0.0048828125
0 0.13779838232392977 0.8271484375 0.0023673308344841193 0.0029296875
0 0.46981653186032746 0.82666015625 0.001578220556322746 0.0029296875
0 0.4008680213059775 0.826416015625 0.001578220556322746 0.00244140625
0 0.3762083251134346 0.82666015625 0.0017754981258630894 0.0029296875
0 0.36604853028210693 0.8271484375 0.0025646084040244622 0.00390625
0 0.1992503452357467 0.826171875 0.0009863878477017164 0.001953125
0 0.10939041231012034 0.82763671875 0.0023673308344841193 0.0048828125
0 0.3216117577431446 0.826416015625 0.001085026632471888 0.00341796875
0 0.4954626159005721 0.826171875 0.0017754981258630894 0.00390625
0 0.486190570132176 0.827392578125 0.0017754981258630894 0.00634765625
0 0.4181791280331426 0.82763671875 0.005030578023278753 0.0068359375
0 0.39835273229433815 0.826904296875 0.0014795817715525744 0.00537109375
0 0.11299072795423161 0.826171875 0.0038469126060366936 0.00390625
0 0.4494969421976721 0.82666015625 0.003156441112645492 0.005859375
0 0.4123101203393174 0.827880859375 0.0039455513908068654 0.00830078125
0 0.40289011639376604 0.82568359375 0.002071414480173604 0.00390625
0 0.3288123890313671 0.825439453125 0.001874136910633261 0.00341796875
0 0.5031564411126455 0.828857421875 0.0039455513908068654 0.01123046875
0 0.35874926020911424 0.8251953125 0.0019727756954034327 0.00390625
0 0.35322548826198463 0.825439453125 0.001578220556322746 0.00439453125
0 0.30617478792661273 0.82470703125 0.000789110278161373 0.0029296875
0 0.40481357269678436 0.823974609375 0.000789110278161373 0.00244140625
0 0.5116886959952653 0.823974609375 0.0016768593410929177 0.00341796875
0 0.4832314065890708 0.823486328125 0.0013809429867824028 0.00244140625
0 0.46508187019135927 0.8232421875 0.0019727756954034327 0.001953125
0 0.36738015387650425 0.82373046875 0.0008877490629315447 0.0029296875
0 0.46685736831722235 0.822998046875 0.000789110278161373 0.00244140625
0 0.45497139475241666 0.82275390625 0.002465969619254291 0.001953125
0 0.3554448609193135 0.82275390625 0.0016768593410929177 0.001953125
0 0.4912211481554547 0.822509765625 0.0011836654172420597 0.00244140625
0 0.47484710988360623 0.826904296875 0.0033537186821858355 0.01123046875
0 0.19915170645097652 0.822509765625 0.0019727756954034327 0.00244140625
0 0.17518248175182483 0.822998046875 0.0039455513908068654 0.00341796875
0 0.1662063523377392 0.82275390625 0.001578220556322746 0.0029296875
0 0.4701617676070231 0.822265625 0.0030578023278753207 0.0029296875
0 0.42330834484119156 0.82373046875 0.003452357466956007 0.005859375
0 0.11733083448411916 0.822265625 0.0012823042020122311 0.0029296875
0 0.49013612152298286 0.826904296875 0.005326494377589268 0.01318359375
0 0.4627145393568751 0.821533203125 0.0013809429867824028 0.00244140625
0 0.48594397317025056 0.82080078125 0.001085026632471888 0.001953125
0 0.3997336752811205 0.821533203125 0.0014795817715525744 0.00341796875
0 0.1825803906095877 0.821044921875 0.0013809429867824028 0.00244140625
0 0.3829157624778063 0.825439453125 0.008877490629315447 0.01220703125
0 0.5063622016176761 0.822265625 0.002071414480173604 0.0068359375
0 0.4508285657920694 0.821533203125 0.003255079897415664 0.00537109375
0 0.3966758729532452 0.819580078125 0.002663247188794634 0.00244140625
0 0.3638291576247781 0.82080078125 0.002663247188794634 0.0048828125
0 0.4030873939633064 0.818115234375 0.0006904714933912014 0.00244140625
0 0.46818899191161967 0.817626953125 0.001874136910633261 0.00244140625
0 0.4154172420595778 0.817626953125 0.001874136910633261 0.00244140625
0 0.24255277174985204 0.818115234375 0.002170053264943776 0.00341796875
0 0.4089070822647465 0.819091796875 0.002663247188794634 0.00732421875
0 0.27658315249556126 0.8173828125 0.0011836654172420597 0.00390625
0 0.4886072203590452 0.81640625 0.001085026632471888 0.0029296875
0 0.45206155060169656 0.81591796875 0.000789110278161373 0.001953125
0 0.18770960741763662 0.81640625 0.0023673308344841193 0.0029296875
0 0.5089268100217005 0.81591796875 0.0008877490629315447 0.0029296875
0 0.42089169461432235 0.81787109375 0.0017754981258630894 0.0068359375
0 0.48554941803116985 0.817138671875 0.0038469126060366936 0.00634765625
0 0.37324916157032945 0.81689453125 0.003156441112645492 0.005859375
0 0.19989149733675282 0.815673828125 0.001874136910633261 0.00341796875
0 0.506312882225291 0.816162109375 0.001578220556322746 0.00537109375
0 0.4743539159597554 0.816162109375 0.0017754981258630894 0.00537109375
0 0.41324718879463407 0.817626953125 0.0022686920497139475 0.00830078125
0 0.46912606036693627 0.81396484375 0.0009863878477017164 0.001953125
0 0.18021305977510357 0.814208984375 0.002170053264943776 0.00244140625
0 0.393124876701519 0.816162109375 0.0028605247583349774 0.00830078125
0 0.3859242454132965 0.8154296875 0.002663247188794634 0.0068359375
0 0.4180311698559874 0.813720703125 0.0023673308344841193 0.00439453125
0 0.4988163345827579 0.81201171875 0.000789110278161373 0.001953125
0 0.48145590846320774 0.8125 0.0013809429867824028 0.0029296875
0 0.4522588281712369 0.81201171875 0.002170053264943776 0.0029296875
0 0.4676957979877688 0.81103515625 0.001085026632471888 0.001953125
0 0.4056026829749457 0.81298828125 0.0025646084040244622 0.005859375
0 0.3630400473466167 0.813232421875 0.0038469126060366936 0.00634765625
0 0.36945156835667786 0.81201171875 0.004044190175577037 0.0048828125
0 0.47677056618662456 0.811767578125 0.0016768593410929177 0.00537109375
0 0.49595580982442294 0.81005859375 0.0017754981258630894 0.0029296875
0 0.337936476622608 0.8134765625 0.006707437364371671 0.009765625
0 0.4708522391004143 0.811767578125 0.0044387453146577235 0.00732421875
0 0.39751430262379167 0.812744140625 0.003748273821266522 0.00927734375
0 0.38538173209706056 0.81005859375 0.0009863878477017164 0.00390625
0 0.18450384691260605 0.80908203125 0.001085026632471888 0.001953125
0 0.37196685736831725 0.80859375 0.0011836654172420597 0.001953125
0 0.1335075951864273 0.808349609375 0.001085026632471888 0.00244140625
0 0.4207930558295522 0.81005859375 0.0039455513908068654 0.0068359375
0 0.4118169264154666 0.80810546875 0.0023673308344841193 0.0029296875
0 0.30928190964687313 0.808837890625 0.0016768593410929177 0.00439453125
0 0.17429473268889328 0.8095703125 0.0017754981258630894 0.005859375
0 0.4795817715525745 0.81201171875 0.0039455513908068654 0.01171875
0 0.4020023673308345 0.8095703125 0.0044387453146577235 0.0068359375
0 0.4746005129216808 0.80859375 0.0016768593410929177 0.005859375
0 0.33221542710593804 0.806640625 0.0009863878477017164 0.001953125
0 0.3417833892286447 0.807373046875 0.002959163543105149 0.00439453125
0 0.5128230420201223 0.806640625 0.0009863878477017164 0.00390625
0 0.4996054448609193 0.806884765625 0.003748273821266522 0.00439453125
0 0.41906687709607415 0.8056640625 0.001085026632471888 0.001953125
0 0.40801933320181494 0.807861328125 0.002071414480173604 0.00732421875
0 0.39376602880252515 0.80712890625 0.0027618859735648055 0.005859375
0 0.31342473860722037 0.806640625 0.002663247188794634 0.0048828125
0 0.5037482738212665 0.8046875 0.000789110278161373 0.001953125
0 0.2406293154468337 0.804931640625 0.0006904714933912014 0.00244140625
0 0.2214933912014204 0.804931640625 0.0006904714933912014 0.00244140625
0 0.5150917340698362 0.807861328125 0.0027618859735648055 0.00927734375
0 0.47203590451765637 0.80615234375 0.0022686920497139475 0.005859375
0 0.34784967449201026 0.80517578125 0.002071414480173604 0.00390625
0 0.45738804497928587 0.808349609375 0.005523771947129611 0.01220703125
0 0.416650226869205 0.80419921875 0.0017754981258630894 0.00390625
0 0.18164332215427106 0.803955078125 0.001874136910633261 0.00341796875
0 0.48520418228447426 0.80712890625 0.004931939238508582 0.0107421875
0 0.4205957782600118 0.803466796875 0.001578220556322746 0.00341796875
0 0.3292562635628329 0.806640625 0.005721049516669955 0.009765625
0 0.16275399487078318 0.802978515625 0.0009863878477017164 0.00244140625
0 0.17690866048530282 0.802734375 0.0022686920497139475 0.0029296875
0 0.4259715920299862 0.803466796875 0.001874136910633261 0.00537109375
0 0.3046952061550602 0.802978515625 0.002170053264943776 0.00439453125
0 0.29961530873939635 0.80322265625 0.002071414480173604 0.0048828125
0 0.4363286644308542 0.805908203125 0.003255079897415664 0.01123046875
0 0.2958670349181298 0.802490234375 0.0012823042020122311 0.00439453125
0 0.37374235549418033 0.802490234375 0.003156441112645492 0.00634765625
0 0.45255474452554745 0.80126953125 0.005326494377589268 0.0048828125
0 0.3312290392582363 0.80078125 0.001578220556322746 0.00390625
0 0.31411521010061155 0.801513671875 0.002663247188794634 0.00537109375
0 0.5174590649043204 0.80078125 0.0011836654172420597 0.0048828125
0 0.479877687906885 0.80078125 0.002170053264943776 0.0048828125
0 0.4757348589465378 0.802490234375 0.0025646084040244622 0.00830078125
0 0.3069638982047741 0.800537109375 0.0019727756954034327 0.00439453125
0 0.4989149733675281 0.80029296875 0.0019727756954034327 0.0048828125
0 0.48515486289208914 0.798828125 0.0008877490629315447 0.001953125
0 0.46813967251923455 0.80078125 0.002170053264943776 0.005859375
0 0.462073387255869 0.8037109375 0.0038469126060366936 0.01171875
0 0.3199348984020517 0.801025390625 0.00483330045373841 0.00634765625
0 0.278161373051884 0.800048828125 0.0019727756954034327 0.00439453125
0 0.49595580982442294 0.80224609375 0.0039455513908068654 0.009765625
0 0.4602978891300059 0.79931640625 0.001874136910633261 0.00390625
0 0.39292759913197867 0.801025390625 0.007989741566383901 0.00732421875
0 0.4047642533043993 0.798095703125 0.0012823042020122311 0.00244140625
0 0.2864470309725784 0.79833984375 0.001578220556322746 0.00390625
0 0.19456500295916354 0.79736328125 0.002071414480173604 0.0029296875
0 0.458029197080292 0.798095703125 0.003255079897415664 0.00537109375
0 0.409202998619057 0.796630859375 0.002465969619254291 0.00244140625
0 0.3984020516867232 0.79736328125 0.0013809429867824028 0.00390625
0 0.10174590649043204 0.796875 0.002071414480173604 0.0029296875
0 0.47331820871966857 0.796142578125 0.0008877490629315447 0.00244140625
0 0.37650424146774514 0.797607421875 0.0017754981258630894 0.00537109375
0 0.47030972578417835 0.79638671875 0.003550996251726179 0.00390625
0 0.46611757743144605 0.795654296875 0.0014795817715525744 0.00244140625
0 0.35731899782994675 0.79541015625 0.0014795817715525744 0.0029296875
0 0.29685342276583154 0.797119140625 0.00483330045373841 0.00634765625
0 0.23806470704280924 0.79541015625 0.002071414480173604 0.0029296875
0 0.5109489051094891 0.796142578125 0.0013809429867824028 0.00537109375
0 0.4999013612152298 0.795654296875 0.003156441112645492 0.00439453125
0 0.4767212467942395 0.796142578125 0.0019727756954034327 0.00634765625
0 0.4157624778062734 0.795654296875 0.0019727756954034327 0.00537109375
0 0.36530873939633063 0.79443359375 0.0008877490629315447 0.0029296875
0 0.30543499704083643 0.795166015625 0.0012823042020122311 0.00439453125
0 0.489100414282896 0.7939453125 0.0030578023278753207 0.0029296875
0 0.37107910830538565 0.794677734375 0.001578220556322746 0.00439453125
0 0.4821463799565989 0.79296875 0.001578220556322746 0.001953125
0 0.4686821858354705 0.79296875 0.0012823042020122311 0.001953125
0 0.4791378970211087 0.793701171875 0.004044190175577037 0.00537109375
0 0.41221148155454723 0.7919921875 0.000789110278161373 0.001953125
0 0.23490826593016373 0.79248046875 0.0012823042020122311 0.0029296875
0 0.6163937660288025 0.7939453125 0.003748273821266522 0.0068359375
0 0.4031860327480765 0.792236328125 0.001085026632471888 0.00341796875
0 0.39845137107910833 0.79150390625 0.001874136910633261 0.0029296875
0 0.26262576445058194 0.791748046875 0.002465969619254291 0.00341796875
0 0.4722825014795818 0.790771484375 0.0011836654172420597 0.00244140625
0 0.46685736831722235 0.790771484375 0.0019727756954034327 0.00244140625
0 0.4016571315841389 0.791015625 0.0011836654172420597 0.0029296875
0 0.19515683566778458 0.790771484375 0.0008877490629315447 0.00244140625
0 0.4180311698559874 0.790283203125 0.0019727756954034327 0.00244140625
0 0.24945748668376405 0.79052734375 0.0009863878477017164 0.0029296875
0 0.3936180706253699 0.789306640625 0.0008877490629315447 0.00244140625
0 0.39149733675281123 0.78955078125 0.0023673308344841193 0.0029296875
0 0.2799861905701322 0.791259765625 0.005030578023278753 0.00634765625
0 0.2458571710396528 0.790283203125 0.002663247188794634 0.00439453125
0 0.6188597356480569 0.7919921875 0.0033537186821858355 0.0087890625
0 0.4162556717301243 0.7890625 0.000789110278161373 0.0029296875
0 0.19929966462813178 0.789794921875 0.001874136910633261 0.00439453125
0 0.47499506806076147 0.789306640625 0.0030578023278753207 0.00439453125
0 0.46049516669954627 0.791015625 0.004636022884198066 0.0087890625
0 0.37675083842967055 0.78857421875 0.0016768593410929177 0.00390625
0 0.1898796606825804 0.788330078125 0.0023673308344841193 0.00439453125
0 0.48145590846320774 0.787109375 0.000789110278161373 0.0029296875
0 0.4649832314065891 0.78662109375 0.0019727756954034327 0.0029296875
0 0.49215821661077136 0.786376953125 0.0036496350364963502 0.00341796875
0 0.6205365949891497 0.787841796875 0.0019727756954034327 0.00732421875
0 0.6185144999013612 0.785400390625 0.0014795817715525744 0.00244140625
0 0.4618267902939436 0.785400390625 0.0009863878477017164 0.00244140625
0 0.4510258433616098 0.78662109375 0.0012823042020122311 0.0048828125
0 0.49778062734267114 0.785888671875 0.001085026632471888 0.00439453125
0 0.4857466956007102 0.791015625 0.005227855592819097 0.0146484375
0 0.47104951666995465 0.785400390625 0.002663247188794634 0.00341796875
0 0.42498520418228447 0.7880859375 0.0038469126060366936 0.0087890625
0 0.36777470901558496 0.7861328125 0.00424146774511738 0.0048828125
0 0.4776583152495561 0.786376953125 0.0016768593410929177 0.00634765625
0 0.27776681791280333 0.78515625 0.004340106529887552 0.00390625
0 0.18489840205168673 0.78369140625 0.0008877490629315447 0.001953125
0 0.17330834484119156 0.784423828125 0.0023673308344841193 0.00341796875
0 0.5135628329058985 0.787841796875 0.0030578023278753207 0.01123046875
0 0.4955612546853423 0.7861328125 0.002959163543105149 0.0078125
0 0.4692740185440915 0.787109375 0.0038469126060366936 0.009765625
0 0.46286249753403036 0.783203125 0.0008877490629315447 0.001953125
0 0.45354113237324917 0.786376953125 0.002959163543105149 0.00830078125
0 0.22859538370487276 0.783203125 0.0012823042020122311 0.001953125
0 0.48278753205760505 0.784912109375 0.0038469126060366936 0.00732421875
0 0.44786940224896427 0.7861328125 0.004636022884198066 0.009765625
0 0.3946537778654567 0.78369140625 0.003748273821266522 0.0048828125
0 0.3283191951075163 0.782470703125 0.0008877490629315447 0.00244140625
0 0.45664825409350956 0.783447265625 0.0028605247583349774 0.00537109375
0 0.5039455513908069 0.782470703125 0.0017754981258630894 0.00439453125
0 0.4999013612152298 0.78466796875 0.002959163543105149 0.0087890625
0 0.24782994673505623 0.781005859375 0.0014795817715525744 0.00244140625
0 0.7199644900374828 0.78076171875 0.0013809429867824028 0.0029296875
0 0.4898895245610574 0.78076171875 0.0008877490629315447 0.0029296875
0 0.4134937857565595 0.78076171875 0.002170053264943776 0.0029296875
0 0.4004241467745117 0.78125 0.0014795817715525744 0.00390625
0 0.4607417636614717 0.7802734375 0.0009863878477017164 0.0029296875
0 0.4186723219569935 0.78125 0.0022686920497139475 0.0048828125
0 0.3745314657723417 0.783935546875 0.002959163543105149 0.01025390625
0 0.363237324916157 0.7822265625 0.0044387453146577235 0.0078125
0 0.5122312093115012 0.780029296875 0.001578220556322746 0.00439453125
0 0.4738607220359045 0.78173828125 0.0039455513908068654 0.0078125
0 0.478743341882028 0.780029296875 0.002071414480173604 0.00537109375
0 0.4587196685736832 0.778564453125 0.001085026632471888 0.00244140625
0 0.4537877293351746 0.77880859375 0.003255079897415664 0.0029296875
0 0.37053659498914976 0.780517578125 0.001874136910633261 0.00634765625
0 0.4471789307555731 0.778076171875 0.001085026632471888 0.00244140625
0 0.46828763069638984 0.778076171875 0.0016768593410929177 0.00341796875
0 0.3392681002170053 0.77783203125 0.0008877490629315447 0.0029296875
0 0.16886959952653383 0.777099609375 0.0013809429867824028 0.00244140625
0 0.2756460840402446 0.77734375 0.002663247188794634 0.00390625
0 0.19357861511146182 0.776611328125 0.001085026632471888 0.00244140625
0 0.4923554941803117 0.778076171875 0.003255079897415664 0.00634765625
0 0.1964391398697968 0.7763671875 0.0008877490629315447 0.0029296875
0 0.1905208127835865 0.7763671875 0.0008877490629315447 0.0029296875
0 0.4599526533833103 0.775146484375 0.0019727756954034327 0.00244140625
0 0.4352929571907674 0.777099609375 0.003550996251726179 0.00634765625
0 0.4030380745709213 0.775390625 0.0023673308344841193 0.0029296875
0 0.5087295324521602 0.776123046875 0.0038469126060366936 0.00537109375
0 0.5163247188794634 0.7744140625 0.0012823042020122311 0.0029296875
0 0.338528309331229 0.774169921875 0.0009863878477017164 0.00244140625
0 0.7323436575261393 0.774169921875 0.0012823042020122311 0.00341796875
0 0.48638784770171634 0.77392578125 0.0019727756954034327 0.00390625
0 0.44905306766620634 0.7744140625 0.002465969619254291 0.0048828125
0 0.42641546656145196 0.77392578125 0.0027618859735648055 0.00390625
0 0.1286742947326889 0.773193359375 0.001085026632471888 0.00244140625
0 0.4746005129216808 0.7744140625 0.0016768593410929177 0.005859375
0 0.46202406786348393 0.7734375 0.0017754981258630894 0.00390625
0 0.4537877293351746 0.77294921875 0.002071414480173604 0.0029296875
0 0.4940323535214046 0.772216796875 0.001085026632471888 0.00244140625
0 0.1908660485302821 0.772216796875 0.0011836654172420597 0.00244140625
0 0.5205661866245808 0.771484375 0.0008877490629315447 0.0029296875
0 0.42434405208127834 0.77099609375 0.0011836654172420597 0.001953125
0 0.4809133951469718 0.772216796875 0.0044387453146577235 0.00537109375
0 0.464391398697968 0.771240234375 0.002959163543105149 0.00341796875
0 0.40940027618859737 0.771240234375 0.0022686920497139475 0.00341796875
0 0.4194121128427698 0.771484375 0.0027618859735648055 0.005859375
0 0.4800749654764253 0.769287109375 0.0013809429867824028 0.00244140625
0 0.43923850858157426 0.773681640625 0.003156441112645492 0.01123046875
0 0.47139475241665024 0.771484375 0.004142828960347208 0.0078125
0 0.44347997632669167 0.772705078125 0.004142828960347208 0.01025390625
0 0.6203886368119945 0.769287109375 0.0016768593410929177 0.00439453125
0 0.48111067271651214 0.76806640625 0.0006904714933912014 0.001953125
0 0.41536792266719275 0.76904296875 0.0011836654172420597 0.00390625
0 0.4364273032156244 0.76904296875 0.0016768593410929177 0.0048828125
0 0.4130992306174788 0.76953125 0.0023673308344841193 0.005859375
0 0.4068356677845729 0.76806640625 0.002071414480173604 0.0029296875
0 0.45664825409350956 0.767578125 0.0022686920497139475 0.0029296875
0 0.4305089761294141 0.767578125 0.0012823042020122311 0.0029296875
0 0.6227559676464786 0.766845703125 0.0014795817715525744 0.00244140625
0 0.4675971592029986 0.766845703125 0.001085026632471888 0.00244140625
0 0.4411126454922075 0.76611328125 0.0009863878477017164 0.001953125
0 0.6090451765634247 0.7666015625 0.0022686920497139475 0.0048828125
0 0.4855987374235549 0.767333984375 0.0023673308344841193 0.00634765625
0 0.478151509173407 0.76611328125 0.00424146774511738 0.00390625
0 0.46468731505227856 0.766357421875 0.0027618859735648055 0.00439453125
0 0.4541329650818702 0.765380859375 0.002170053264943776 0.00341796875
0 0.4503353718682186 0.76513671875 0.002663247188794634 0.0029296875
0 0.5092720457683961 0.765869140625 0.0013809429867824028 0.00537109375
0 0.4467350562241073 0.7646484375 0.0023673308344841193 0.0029296875
0 0.42340698362596174 0.7646484375 0.0016768593410929177 0.0029296875
0 0.4110771355296903 0.764892578125 0.001085026632471888 0.00341796875
0 0.4883606233971198 0.763916015625 0.0005918327086210298 0.00244140625
0 0.4947228250147958 0.76416015625 0.0012823042020122311 0.00390625
0 0.7307654369698166 0.766357421875 0.004044190175577037 0.00927734375
0 0.4968435588873545 0.763671875 0.0013809429867824028 0.00390625
0 0.4739593608206747 0.76611328125 0.003156441112645492 0.0087890625
0 0.48318208719668576 0.76416015625 0.002071414480173604 0.005859375
0 0.4295719076740975 0.7626953125 0.0017754981258630894 0.0048828125
0 0.42542907871375024 0.761474609375 0.0013809429867824028 0.00244140625
0 0.4610376800157822 0.76318359375 0.002170053264943776 0.0068359375
0 0.4164036299072795 0.76123046875 0.0038469126060366936 0.0048828125
0 0.43761096863286647 0.76123046875 0.002663247188794634 0.005859375
0 0.4545275202209509 0.75927734375 0.0017754981258630894 0.0029296875
0 0.4443677253896232 0.760009765625 0.0019727756954034327 0.00439453125
0 0.4788913000591833 0.759033203125 0.002959163543105149 0.00341796875
0 0.39869796804103375 0.7587890625 0.0011836654172420597 0.0029296875
0 0.4679917143420793 0.75830078125 0.002663247188794634 0.0029296875
0 0.4581278358650621 0.757568359375 0.0008877490629315447 0.00244140625
0 0.42715525744722826 0.757080078125 0.0012823042020122311 0.00244140625
0 0.4642434405208128 0.7587890625 0.001874136910633261 0.0068359375
0 0.44777076346419414 0.757080078125 0.0014795817715525744 0.00537109375
0 0.4325803906095877 0.760009765625 0.007003353718682186 0.01123046875
0 0.4228151509173407 0.7568359375 0.0012823042020122311 0.0048828125
0 0.46158019333201816 0.7548828125 0.001085026632471888 0.001953125
0 0.4661668968238311 0.7578125 0.0023673308344841193 0.0087890625
0 0.4245413296508187 0.755126953125 0.0017754981258630894 0.00341796875
0 0.47558690076938254 0.755859375 0.0030578023278753207 0.0078125
0 0.6274906293154469 0.753173828125 0.002071414480173604 0.00341796875
0 0.4329256263562833 0.75341796875 0.0011836654172420597 0.00390625
0 0.45566186624580785 0.75439453125 0.0022686920497139475 0.0068359375
0 0.4883606233971198 0.752685546875 0.0011836654172420597 0.00439453125
0 0.4579798776879069 0.751708984375 0.0009863878477017164 0.00341796875
0 0.47198658512527125 0.75048828125 0.000789110278161373 0.001953125
0 0.18401065298875519 0.751708984375 0.0012823042020122311 0.00439453125
0 0.6255671730124285 0.75 0.000789110278161373 0.001953125
0 0.4784967449201026 0.75244140625 0.003156441112645492 0.0078125
0 0.47021108699940817 0.755859375 0.004340106529887552 0.0146484375
0 0.4624679423949497 0.75244140625 0.002663247188794634 0.0078125
0 0.4486585125271257 0.750732421875 0.003255079897415664 0.00439453125
0 0.43381337541921483 0.74951171875 0.000789110278161373 0.001953125
0 0.41872164134937856 0.75146484375 0.003156441112645492 0.005859375
0 0.49077727362398893 0.751953125 0.003255079897415664 0.0078125
0 0.15427105938054844 0.749267578125 0.000789110278161373 0.00244140625
0 0.4529986190570132 0.748779296875 0.0008877490629315447 0.00244140625
0 0.45556322746103767 0.74853515625 0.0014795817715525744 0.0029296875
0 0.4819984217794437 0.751953125 0.003452357466956007 0.0107421875
0 0.47415663839021505 0.74755859375 0.0019727756954034327 0.0029296875
0 0.6232491615703295 0.748779296875 0.002465969619254291 0.00634765625
0 0.4847603077530085 0.7470703125 0.0012823042020122311 0.0029296875
0 0.420694417044782 0.747802734375 0.002959163543105149 0.00537109375
0 0.6269481159992109 0.746337890625 0.001578220556322746 0.00341796875
0 0.4786447030972578 0.745849609375 0.001085026632471888 0.00244140625
0 0.46680804892483724 0.746826171875 0.005227855592819097 0.00537109375
0 0.18179128033142633 0.7470703125 0.0019727756954034327 0.005859375
0 0.4888538173209706 0.745361328125 0.002170053264943776 0.00341796875
0 0.7212961136318801 0.744384765625 0.0012823042020122311 0.00244140625
0 0.4600512921680805 0.745361328125 0.001578220556322746 0.00439453125
0 0.4370191359242454 0.7451171875 0.002071414480173604 0.00390625
0 0.43578615111461827 0.7490234375 0.0033537186821858355 0.01171875
0 0.47030972578417835 0.744384765625 0.0013809429867824028 0.00341796875
0 0.4520122312093115 0.744384765625 0.0016768593410929177 0.00439453125
0 0.6254685342276584 0.74365234375 0.0011836654172420597 0.00390625
0 0.7279542316038666 0.744384765625 0.0017754981258630894 0.00634765625
0 0.7177451173801539 0.7431640625 0.002465969619254291 0.00390625
0 0.4982245018741369 0.7431640625 0.0011836654172420597 0.0048828125
0 0.4856973762083251 0.746337890625 0.0033537186821858355 0.01220703125
0 0.4355888735450779 0.741455078125 0.0017754981258630894 0.00244140625
0 0.46715328467153283 0.740966796875 0.0009863878477017164 0.00244140625
0 0.48170250542513315 0.741943359375 0.003452357466956007 0.00537109375
0 0.46266521996449006 0.741943359375 0.0016768593410929177 0.00537109375
0 0.431594002761886 0.7451171875 0.0030578023278753207 0.01171875
0 0.4391398697968041 0.739990234375 0.0011836654172420597 0.00244140625
0 0.4375123298480963 0.73974609375 0.001085026632471888 0.0029296875
0 0.4112250937068455 0.742431640625 0.0025646084040244622 0.00830078125
0 0.5027125665811797 0.738525390625 0.001085026632471888 0.00244140625
0 0.4950680607614914 0.741455078125 0.0025646084040244622 0.00830078125
0 0.4737127638587493 0.740966796875 0.005030578023278753 0.00732421875
0 0.6168376405602684 0.738037109375 0.0012823042020122311 0.00244140625
0 0.4486585125271257 0.73974609375 0.0028605247583349774 0.005859375
0 0.7323929769185243 0.739501953125 0.0027618859735648055 0.00634765625
0 0.7207536003156441 0.738037109375 0.002170053264943776 0.00341796875
0 0.45497139475241666 0.738037109375 0.0028605247583349774 0.00439453125
0 0.41428289603472085 0.738525390625 0.0025646084040244622 0.00537109375
0 0.46093904123101204 0.736572265625 0.001578220556322746 0.00244140625
0 0.42291378970211085 0.737548828125 0.0012823042020122311 0.00439453125
0 0.19283882422568555 0.73681640625 0.001578220556322746 0.0029296875
0 0.4182284474255277 0.735107421875 0.0009863878477017164 0.00244140625
0 0.7242059577826001 0.734619140625 0.0009863878477017164 0.00244140625
0 0.6337541921483527 0.734619140625 0.000789110278161373 0.00244140625
0 0.47608009469323337 0.734619140625 0.0012823042020122311 0.00244140625
0 0.4582757940422174 0.734375 0.000789110278161373 0.001953125
0 0.4290787137502466 0.736083984375 0.0017754981258630894 0.00537109375
0 0.4706056421384889 0.73388671875 0.000789110278161373 0.001953125
0 0.4663148550009864 0.73681640625 0.0022686920497139475 0.0078125
0 0.43514499901361214 0.735107421875 0.0016768593410929177 0.00439453125
0 0.44920102584336163 0.734619140625 0.0013809429867824028 0.00439453125
0 0.4437265732886171 0.7353515625 0.0016768593410929177 0.005859375
0 0.48313276780430064 0.734375 0.0011836654172420597 0.0048828125
0 0.4199546261590057 0.7333984375 0.0008877490629315447 0.0029296875
0 0.7173505622410732 0.73388671875 0.0016768593410929177 0.0048828125
0 0.5012329848096272 0.732666015625 0.0008877490629315447 0.00341796875
0 0.7199644900374828 0.732666015625 0.003156441112645492 0.00537109375
0 0.43687117774709017 0.73046875 0.0013809429867824028 0.001953125
0 0.4686821858354705 0.732666015625 0.0028605247583349774 0.00830078125
0 0.6064805681594003 0.729248046875 0.0006904714933912014 0.00244140625
0 0.4859932925626356 0.729736328125 0.001578220556322746 0.00341796875
0 0.4729236535805879 0.73193359375 0.0038469126060366936 0.0078125
0 0.455760505030578 0.728759765625 0.0012823042020122311 0.00244140625
0 0.4331722233182087 0.72998046875 0.0016768593410929177 0.005859375
0 0.4508285657920694 0.728759765625 0.003452357466956007 0.00439453125
0 0.4778062734267114 0.732421875 0.007101992503452358 0.013671875
0 0.7198658512527125 0.726806640625 0.002170053264943776 0.00341796875
0 0.6175774314460446 0.72705078125 0.0019727756954034327 0.0048828125
0 0.6244328269875715 0.726806640625 0.0014795817715525744 0.00537109375
0 0.43085421187610967 0.728271484375 0.0027618859735648055 0.00830078125
0 0.5433517459064904 0.72509765625 0.0016768593410929177 0.0029296875
0 0.464391398697968 0.7265625 0.003156441112645492 0.005859375
0 0.48362596172815153 0.724853515625 0.0009863878477017164 0.00341796875
0 0.6387847701716315 0.72509765625 0.0027618859735648055 0.0048828125
0 0.46049516669954627 0.72509765625 0.0022686920497139475 0.005859375
0 0.49368711777470903 0.725830078125 0.0039455513908068654 0.00927734375
0 0.470704280923259 0.72265625 0.002959163543105149 0.0029296875
0 0.5978496744920102 0.72216796875 0.001578220556322746 0.0029296875
0 0.45087788518445454 0.722900390625 0.0027618859735648055 0.00439453125
0 0.4374630104557112 0.72265625 0.0017754981258630894 0.00390625
0 0.6075655947918721 0.723388671875 0.003452357466956007 0.00634765625
0 0.43479976326691655 0.7216796875 0.0009863878477017164 0.0029296875
0 0.626997435391596 0.723876953125 0.0036496350364963502 0.00830078125
0 0.4231603866640363 0.721435546875 0.0011836654172420597 0.00341796875
0 0.41285263365555336 0.721923828125 0.002663247188794634 0.00439453125
0 0.463207733280726 0.721435546875 0.001578220556322746 0.00439453125
0 0.44663641743933713 0.720458984375 0.0009863878477017164 0.00244140625
0 0.42700729927007297 0.7216796875 0.002170053264943776 0.0048828125
0 0.631041625567173 0.720947265625 0.0022686920497139475 0.00439453125
0 0.7275596764647859 0.719482421875 0.0017754981258630894 0.00244140625
0 0.48870585914381537 0.724609375 0.0044387453146577235 0.0126953125
0 0.547691852436378 0.719482421875 0.001085026632471888 0.00341796875
0 0.5526237916748865 0.72021484375 0.001874136910633261 0.005859375
0 0.6380449792858552 0.7197265625 0.002465969619254291 0.0068359375
0 0.4406194515683567 0.718017578125 0.0013809429867824028 0.00341796875
0 0.6263069638982047 0.718017578125 0.0014795817715525744 0.00439453125
0 0.4539356875123298 0.717041015625 0.0013809429867824028 0.00244140625
0 0.43297494574866835 0.71728515625 0.0012823042020122311 0.0029296875
0 0.5992306174787927 0.71728515625 0.001578220556322746 0.00390625
0 0.46552574472282504 0.716796875 0.001085026632471888 0.00390625
0 0.7101006115604656 0.719482421875 0.0027618859735648055 0.01025390625
0 0.6060366936279346 0.717041015625 0.001578220556322746 0.00537109375
0 0.7078812389031367 0.716064453125 0.0014795817715525744 0.00439453125
0 0.46922469915170645 0.716796875 0.0023673308344841193 0.005859375
0 0.4798283685144999 0.715087890625 0.0012823042020122311 0.00341796875
0 0.43805484316433224 0.714599609375 0.0011836654172420597 0.00244140625
0 0.7118761096863286 0.71435546875 0.002170053264943776 0.00390625
0 0.42577431446044584 0.71337890625 0.0008877490629315447 0.001953125
0 0.5399487078319195 0.718017578125 0.003550996251726179 0.01220703125
0 0.7256855395541527 0.712646484375 0.0009863878477017164 0.00244140625
0 0.7156737028999802 0.712646484375 0.0014795817715525744 0.00341796875
0 0.6395738804497929 0.712646484375 0.0011836654172420597 0.00341796875
0 0.4494969421976721 0.7119140625 0.0009863878477017164 0.00390625
0 0.4704083645689485 0.709716796875 0.0017754981258630894 0.00244140625
0 0.4475734858946538 0.710693359375 0.0016768593410929177 0.00439453125
0 0.4234563030183468 0.709716796875 0.0017754981258630894 0.00244140625
0 0.6289702110869994 0.709716796875 0.0016768593410929177 0.00341796875
0 0.5515387650424147 0.712890625 0.0036496350364963502 0.0107421875
0 0.6548135726967844 0.70947265625 0.0014795817715525744 0.0048828125
0 0.6373545077924639 0.708984375 0.002465969619254291 0.00390625
0 0.6339514697178931 0.71044921875 0.004142828960347208 0.0068359375
0 0.6311895837443283 0.70947265625 0.0017754981258630894 0.0048828125
0 0.544880647070428 0.70849609375 0.000789110278161373 0.0029296875
0 0.49452554744525545 0.708740234375 0.0012823042020122311 0.00341796875
0 0.6584632077332807 0.707763671875 0.0012823042020122311 0.00244140625
0 0.5619944762280529 0.70751953125 0.001085026632471888 0.0029296875
0 0.4866837640560268 0.711669921875 0.004931939238508582 0.01318359375
0 0.7115801933320182 0.706298828125 0.0027618859735648055 0.00341796875
0 0.7087196685736832 0.70751953125 0.0017754981258630894 0.005859375
0 0.540836456894851 0.7080078125 0.004142828960347208 0.0068359375
0 0.452850660879858 0.706298828125 0.0013809429867824028 0.00341796875
0 0.49008680213059774 0.7060546875 0.001085026632471888 0.00390625
0 0.44007693825212074 0.705078125 0.0008877490629315447 0.001953125
0 0.6418425724995068 0.70751953125 0.004734661668968239 0.0078125
0 0.614371670941014 0.704833984375 0.0008877490629315447 0.00244140625
0 0.4721838626948116 0.7060546875 0.001578220556322746 0.0048828125
0 0.6296113631880055 0.704345703125 0.0011836654172420597 0.00341796875
0 0.5591339514697179 0.703857421875 0.0016768593410929177 0.00341796875
0 0.48623988952456104 0.703125 0.001085026632471888 0.001953125
0 0.46720260406391795 0.7041015625 0.0014795817715525744 0.00390625
0 0.6354310514894457 0.70361328125 0.0011836654172420597 0.00390625
0 0.46434207930558297 0.702880859375 0.001085026632471888 0.00244140625
0 0.46227066482540935 0.702880859375 0.001085026632471888 0.00244140625
0 0.43692049713947523 0.703369140625 0.0016768593410929177 0.00341796875
0 0.5422173998816334 0.702880859375 0.0011836654172420597 0.00439453125
0 0.4926514105346222 0.702880859375 0.001085026632471888 0.00439453125
0 0.7114815545472479 0.70166015625 0.002959163543105149 0.0029296875
0 0.620684553166305 0.70166015625 0.001085026632471888 0.0029296875
0 0.7248471098836062 0.701171875 0.002071414480173604 0.0029296875
0 0.5698855790096666 0.703125 0.004636022884198066 0.0078125
0 0.47726376011047544 0.70166015625 0.0022686920497139475 0.005859375
0 0.7199644900374828 0.701416015625 0.003156441112645492 0.00634765625
0 0.7159696192542908 0.701416015625 0.003452357466956007 0.00634765625
0 0.6563917932531071 0.699462890625 0.002663247188794634 0.00341796875
0 0.6258137699743539 0.698974609375 0.0008877490629315447 0.00244140625
0 0.4843164332215427 0.699951171875 0.0013809429867824028 0.00439453125
0 0.4513710791083054 0.699462890625 0.001578220556322746 0.00341796875
0 0.6414480173604261 0.697509765625 0.001578220556322746 0.00341796875
0 0.7291378970211086 0.696533203125 0.0009863878477017164 0.00244140625
0 0.46883014401262574 0.69677734375 0.0009863878477017164 0.0029296875
0 0.43105148944565 0.696533203125 0.001578220556322746 0.00341796875
0 0.6653679226671927 0.696044921875 0.0028605247583349774 0.00341796875
0 0.6370585914381535 0.69580078125 0.003452357466956007 0.0029296875
0 0.6959459459459459 0.69677734375 0.0022686920497139475 0.005859375
0 0.6518050897612941 0.69482421875 0.000789110278161373 0.001953125
0 0.6431248767015191 0.6953125 0.0017754981258630894 0.0029296875
0 0.6198461234957585 0.696533203125 0.0027618859735648055 0.00537109375
0 0.5691951075162754 0.69482421875 0.0012823042020122311 0.0029296875
0 0.6527914776089958 0.697265625 0.0023673308344841193 0.0087890625
0 0.45423160386664035 0.693603515625 0.0011836654172420597 0.00244140625
0 0.6467251923456303 0.693359375 0.0014795817715525744 0.0029296875
0 0.4442197672124679 0.693359375 0.0022686920497139475 0.0029296875
0 0.6207338725586901 0.692626953125 0.0009863878477017164 0.00244140625
0 0.7059084632077333 0.694091796875 0.0028605247583349774 0.00927734375
0 0.5730913395146972 0.69140625 0.0033537186821858355 0.0048828125
0 0.566087985796015 0.690673828125 0.0009863878477017164 0.00341796875
0 0.48337936476622606 0.690673828125 0.001085026632471888 0.00439453125
0 0.447721444071809 0.689697265625 0.000789110278161373 0.00244140625
0 0.48964292759913197 0.691162109375 0.002959163543105149 0.00634765625
0 0.7105938054843164 0.691162109375 0.0023673308344841193 0.00732421875
0 0.5689485105543499 0.688720703125 0.000789110278161373 0.00244140625
0 0.6923949496942198 0.688232421875 0.0012823042020122311 0.00244140625
0 0.6726178733478003 0.693115234375 0.005721049516669955 0.01220703125
0 0.620142039850069 0.6884765625 0.0011836654172420597 0.00390625
0 0.4304103373446439 0.687255859375 0.0012823042020122311 0.00244140625
0 0.7163148550009864 0.68701171875 0.0017754981258630894 0.0029296875
0 0.6585618465180509 0.68701171875 0.001085026632471888 0.0029296875
0 0.5324521601893865 0.68896484375 0.002170053264943776 0.0068359375
0 0.5366443085421188 0.688720703125 0.0028605247583349774 0.00732421875
0 0.5733872558690077 0.685791015625 0.0011836654172420597 0.00244140625
0 0.6610771355296903 0.685302734375 0.0011836654172420597 0.00244140625
0 0.494821463799566 0.68896484375 0.0038469126060366936 0.009765625
0 0.4858453343854804 0.686767578125 0.002071414480173604 0.00537109375
0 0.6427303215624384 0.686767578125 0.0023673308344841193 0.00634765625
0 0.6548628920891695 0.687744140625 0.002959163543105149 0.00927734375
0 0.6355790096666009 0.68603515625 0.0016768593410929177 0.005859375
0 0.6384395344249358 0.6826171875 0.0014795817715525744 0.001953125
0 0.6340501085026633 0.68017578125 0.0013809429867824028 0.001953125
0 0.5740284079700138 0.681396484375 0.001085026632471888 0.00439453125
0 0.6782402840797002 0.679931640625 0.0009863878477017164 0.00244140625
0 0.5802919708029197 0.681640625 0.001578220556322746 0.005859375
0 0.675281120536595 0.6806640625 0.0013809429867824028 0.0048828125
0 0.4962517261787335 0.6806640625 0.0013809429867824028 0.0048828125
0 0.5664825409350956 0.67822265625 0.000789110278161373 0.001953125
0 0.6845531663049911 0.67919921875 0.0019727756954034327 0.005859375
0 0.6676859341092918 0.677490234375 0.0019727756954034327 0.00439453125
0 0.61782402840797 0.677001953125 0.001085026632471888 0.00341796875
0 0.5044880647070428 0.67431640625 0.001085026632471888 0.0029296875
0 0.6666009074768199 0.673828125 0.002170053264943776 0.0029296875
0 0.4909745511935293 0.67236328125 0.0008877490629315447 0.001953125
0 0.6816926415466561 0.671875 0.001578220556322746 0.001953125
0 0.6742947326888933 0.670654296875 0.001578220556322746 0.00439453125
0 0.5083842967054646 0.67041015625 0.0011836654172420597 0.00390625
0 0.5223910041428289 0.669189453125 0.0009863878477017164 0.00341796875
0 0.5125271256658118 0.66064453125 0.000789110278161373 0.001953125
0 0.5955809824422963 0.662841796875 0.0023673308344841193 0.00927734375
0 0.5912901953047939 0.658935546875 0.0008877490629315447 0.00244140625
0 0.6092424541329651 0.659423828125 0.001085026632471888 0.00439453125
0 0.6236437167094101 0.656494140625 0.0006904714933912014 0.00244140625
0 0.5965673702899981 0.65673828125 0.0009863878477017164 0.00390625
