0 0.6130893667390018 0.99853515625 0.0016768593410929177 0.0029296875
0 0.7022095087788518 0.998291015625 0.004340106529887552 0.00341796875
0 0.6989544288814362 0.997314453125 0.0013809429867824028 0.00244140625
0 0.6065298875517854 0.997314453125 0.0019727756954034327 0.00244140625
0 0.3758137699743539 0.997802734375 0.003550996251726179 0.00439453125
0 0.28043006510159796 0.997802734375 0.005326494377589268 0.00439453125
0 0.6773525350167686 0.99755859375 0.0033537186821858355 0.0048828125
0 0.29108305385677646 0.99755859375 0.006904714933912014 0.0048828125
0 0.22968041033734465 0.996826171875 0.002071414480173604 0.00341796875
0 0.6389327283487868 0.99609375 0.002465969619254291 0.0029296875
0 0.24314460445847308 0.9970703125 0.007101992503452358 0.005859375
0 0.21685736831722233 0.994873046875 0.0012823042020122311 0.00244140625
0 0.4353422765831525 0.99658203125 0.004044190175577037 0.0068359375
0 0.367232195699349 0.99560546875 0.005721049516669955 0.0048828125
0 0.6434701124482146 0.996337890625 0.007003353718682186 0.00732421875
0 0.32540935095679624 0.9951171875 0.006904714933912014 0.0048828125
0 0.24975340303807458 0.994140625 0.0017754981258630894 0.00390625
0 0.6133359637009272 0.992919921875 0.003748273821266522 0.00244140625
0 0.5261885973564806 0.9931640625 0.001874136910633261 0.0029296875
0 0.6199940816729138 0.99560546875 0.009567962122706648 0.0087890625
0 0.47090155849279935 0.992919921875 0.004142828960347208 0.00341796875
0 0.31204379562043794 0.99560546875 0.005227855592819097 0.0087890625
0 0.16250739790885776 0.994384765625 0.003255079897415664 0.00634765625
0 0.478743341882028 0.9921875 0.0014795817715525744 0.0029296875
0 0.6006608798579601 0.99267578125 0.0044387453146577235 0.0048828125
0 0.3702899980272243 0.9921875 0.0033537186821858355 0.00390625
0 0.25305780232787534 0.9951171875 0.006411521010061156 0.009765625
0 0.10288025251528901 0.992431640625 0.0051292168080489245 0.00439453125
0 0.6604359834286841 0.994873046875 0.00542513316235944 0.01025390625
0 0.27973959360820677 0.9921875 0.0025646084040244622 0.0048828125
0 0.31978694022489645 0.994384765625 0.006312882225290984 0.01123046875
0 0.37768790688498716 0.9912109375 0.005918327086210298 0.005859375
0 0.17029986190570132 0.993408203125 0.00424146774511738 0.01025390625
0 0.5734858946537779 0.989501953125 0.0033537186821858355 0.00341796875
0 0.3100710199250345 0.990478515625 0.004636022884198066 0.00537109375
0 0.2256855395541527 0.991455078125 0.009272045768396133 0.00732421875
0 0.18129808640757547 0.990234375 0.007693825212073387 0.0048828125
0 0.32565594791872166 0.98828125 0.001085026632471888 0.001953125
0 0.2635628329058986 0.98876953125 0.002959163543105149 0.00390625
0 0.09513710791083053 0.988037109375 0.0012823042020122311 0.00244140625
0 0.31460840402446244 0.988525390625 0.00424146774511738 0.00439453125
0 0.259765239692247 0.9873046875 0.001085026632471888 0.001953125
0 0.1320773328072598 0.9892578125 0.006510159794831328 0.0068359375
0 0.42375221937265733 0.9873046875 0.0025646084040244622 0.00390625
0 0.323535214046163 0.986328125 0.000789110278161373 0.001953125
0 0.20260406391793254 0.987548828125 0.002959163543105149 0.00439453125
0 0.7245511935292958 0.990234375 0.00542513316235944 0.0107421875
0 0.701716314855001 0.987548828125 0.007693825212073387 0.00537109375
0 0.44106332609982246 0.986083984375 0.0012823042020122311 0.00244140625
0 0.31135332412704675 0.986572265625 0.0016768593410929177 0.00341796875
0 0.30459656737029 0.98583984375 0.0009863878477017164 0.001953125
0 0.29167488656539753 0.989013671875 0.002170053264943776 0.00830078125
0 0.608601302031959 0.987060546875 0.010258433616097849 0.00634765625
0 0.43386269481159995 0.984375 0.0014795817715525744 0.001953125
0 0.3581081081081081 0.98486328125 0.002071414480173604 0.0029296875
0 0.5102091142237127 0.984375 0.002071414480173604 0.0029296875
0 0.354606431248767 0.985107421875 0.003550996251726179 0.00439453125
0 0.2167094101400671 0.985107421875 0.002170053264943776 0.00439453125
0 0.10386664036299073 0.984130859375 0.0019727756954034327 0.00244140625
0 0.43889327283487867 0.98388671875 0.003255079897415664 0.0029296875
0 0.31830735845334385 0.984375 0.002959163543105149 0.00390625
0 0.7279542316038666 0.9833984375 0.003550996251726179 0.0029296875
0 0.6271947129611363 0.98291015625 0.003255079897415664 0.001953125
0 0.5658907082264747 0.9853515625 0.011244821463799567 0.0068359375
0 0.3676760702308148 0.98583984375 0.0044387453146577235 0.0078125
0 0.3424738607220359 0.983154296875 0.0011836654172420597 0.00244140625
0 0.23145590846320774 0.9833984375 0.0028605247583349774 0.0029296875
0 0.6174294732688893 0.984130859375 0.004636022884198066 0.00537109375
0 0.4085618465180509 0.983642578125 0.004537384099427895 0.00439453125
0 0.31579206944170446 0.983154296875 0.002071414480173604 0.00341796875
0 0.28555928190964686 0.983642578125 0.003748273821266522 0.00439453125
0 0.2805780232787532 0.982666015625 0.0008877490629315447 0.00341796875
0 0.7083251134346025 0.982177734375 0.0033537186821858355 0.00439453125
0 0.5558788715723022 0.98193359375 0.005622410731899783 0.00390625
0 0.2675083842967055 0.98095703125 0.0019727756954034327 0.001953125
0 0.2952258828171237 0.983642578125 0.0023673308344841193 0.00830078125
0 0.21113631880055236 0.98388671875 0.0077924639968435586 0.009765625
0 0.6978200828565793 0.982666015625 0.006016965870980469 0.00927734375
0 0.5812783586506214 0.979248046875 0.0011836654172420597 0.00244140625
0 0.37625764450581967 0.979248046875 0.0022686920497139475 0.00244140625
0 0.2298283685144999 0.979736328125 0.0011836654172420597 0.00341796875
0 0.6324718879463405 0.979248046875 0.003156441112645492 0.00341796875
0 0.5511935292957191 0.978515625 0.0017754981258630894 0.0029296875
0 0.512675083842967 0.97900390625 0.002465969619254291 0.00390625
0 0.21680804892483724 0.978271484375 0.0025646084040244622 0.00244140625
0 0.7247484710988361 0.978515625 0.004044190175577037 0.00390625
0 0.7048234365752614 0.9794921875 0.0038469126060366936 0.005859375
0 0.3158413888340896 0.978271484375 0.001578220556322746 0.00341796875
0 0.6274413099230618 0.978515625 0.006312882225290984 0.0048828125
0 0.4536890905504044 0.979736328125 0.004044190175577037 0.00732421875
0 0.2921187610968633 0.978271484375 0.0044387453146577235 0.00439453125
0 0.7174492010258433 0.97802734375 0.004636022884198066 0.0048828125
0 0.6152101006115605 0.976806640625 0.0023673308344841193 0.00341796875
0 0.3031663049911225 0.978515625 0.002465969619254291 0.0068359375
0 0.20181495363977117 0.97705078125 0.001578220556322746 0.00390625
0 0.12995659893470113 0.976806640625 0.002071414480173604 0.00341796875
0 0.5742750049319393 0.979736328125 0.003550996251726179 0.01025390625
0 0.3647662260800947 0.976318359375 0.0025646084040244622 0.00341796875
0 0.29779049122114815 0.977783203125 0.0061156046557506415 0.00634765625
0 0.2208029197080292 0.9775390625 0.004044190175577037 0.005859375
0 0.1568356677845729 0.9765625 0.0023673308344841193 0.0048828125
0 0.5569638982047741 0.974853515625 0.0022686920497139475 0.00244140625
0 0.35406391793253106 0.97509765625 0.0008877490629315447 0.0029296875
0 0.7140954823436575 0.975341796875 0.0036496350364963502 0.00439453125
0 0.48042020122312096 0.975341796875 0.00483330045373841 0.00439453125
0 0.36733083448411913 0.974609375 0.0033537186821858355 0.0029296875
0 0.36284276977707636 0.97412109375 0.0014795817715525744 0.001953125
0 0.3520911422371276 0.974365234375 0.002071414480173604 0.00244140625
0 0.33497731307950285 0.977783203125 0.004931939238508582 0.00927734375
0 0.2810712172026041 0.97607421875 0.003452357466956007 0.005859375
0 0.4701617676070231 0.974365234375 0.002663247188794634 0.00341796875
0 0.579305582955218 0.974609375 0.0051292168080489245 0.0048828125
0 0.3790688498717696 0.974365234375 0.002170053264943776 0.00439453125
0 0.269530479384494 0.974365234375 0.0036496350364963502 0.00439453125
0 0.7099526533833104 0.975341796875 0.004636022884198066 0.00732421875
0 0.2870881830735845 0.9755859375 0.004636022884198066 0.0078125
0 0.6968336950088775 0.971923828125 0.0012823042020122311 0.00146484375
0 0.5992306174787927 0.972900390625 0.0025646084040244622 0.00341796875
0 0.40141053462221343 0.973388671875 0.0036496350364963502 0.00439453125
0 0.32116788321167883 0.9755859375 0.005523771947129611 0.0087890625
0 0.1818405997238114 0.973388671875 0.002071414480173604 0.00439453125
0 0.10717103965279148 0.97314453125 0.002465969619254291 0.00390625
0 0.11037680015782206 0.9736328125 0.004142828960347208 0.005859375
0 0.6220654961530874 0.974365234375 0.006214243440520813 0.00830078125
0 0.40432037877293353 0.970947265625 0.0017754981258630894 0.00244140625
0 0.16946143223515486 0.97119140625 0.0011836654172420597 0.0029296875
0 0.7028506608798579 0.97265625 0.009370684553166305 0.0068359375
0 0.6723712763858749 0.97119140625 0.002071414480173604 0.00390625
0 0.16107713552969027 0.970947265625 0.0009863878477017164 0.00341796875
0 0.7257841783389228 0.970947265625 0.004734661668968239 0.00439453125
0 0.494229631090945 0.970703125 0.003255079897415664 0.00390625
0 0.31771552574472284 0.9716796875 0.0039455513908068654 0.005859375
0 0.6406589070822647 0.969482421875 0.0013809429867824028 0.00244140625
0 0.3757151311895837 0.9716796875 0.0051292168080489245 0.0068359375
0 0.15358058788715723 0.970458984375 0.004142828960347208 0.00439453125
0 0.23416847504438745 0.969482421875 0.0025646084040244622 0.00341796875
0 0.5556815940027618 0.96875 0.0022686920497139475 0.0029296875
0 0.35968632866443084 0.96923828125 0.002071414480173604 0.00390625
0 0.7101992503452358 0.96875 0.003156441112645492 0.00390625
0 0.621818899191162 0.968505859375 0.0027618859735648055 0.00341796875
0 0.5802426514105347 0.968505859375 0.003255079897415664 0.00341796875
0 0.30740777273623987 0.968994140625 0.0028605247583349774 0.00439453125
0 0.2684947721444072 0.96826171875 0.0017754981258630894 0.0029296875
0 0.24521601893864667 0.96923828125 0.005721049516669955 0.0048828125
0 0.2278062734267114 0.969970703125 0.007397908857762872 0.00634765625
0 0.5031564411126455 0.96728515625 0.0017754981258630894 0.001953125
0 0.5060169658709804 0.9677734375 0.0033537186821858355 0.00390625
0 0.34987176957979876 0.969970703125 0.004142828960347208 0.00830078125
0 0.0994772144407181 0.968505859375 0.0036496350364963502 0.00537109375
0 0.2047741171828763 0.96923828125 0.006312882225290984 0.0078125
0 0.38513513513513514 0.9658203125 0.0028605247583349774 0.001953125
0 0.35657920694417045 0.967041015625 0.003550996251726179 0.00439453125
0 0.3345334385480371 0.968017578125 0.006411521010061156 0.00634765625
0 0.6296606825803907 0.968505859375 0.011935292957190768 0.00830078125
0 0.302870388636812 0.9658203125 0.0016768593410929177 0.0029296875
0 0.6133359637009272 0.964599609375 0.002170053264943776 0.00244140625
0 0.4684355888735451 0.9658203125 0.0027618859735648055 0.0048828125
0 0.2778161373051884 0.966552734375 0.005030578023278753 0.00634765625
0 0.2643026237916749 0.966796875 0.005819688301440126 0.0068359375
0 0.12946340501085027 0.965576171875 0.005227855592819097 0.00439453125
0 0.41068258039060956 0.9658203125 0.009173406983625962 0.005859375
0 0.35416255671730124 0.966796875 0.0038469126060366936 0.0078125
0 0.31376997435391596 0.96728515625 0.005721049516669955 0.0087890625
0 0.2948806470704281 0.9638671875 0.001874136910633261 0.0029296875
0 0.1617676070230815 0.96630859375 0.007101992503452358 0.0078125
0 0.4815545472479779 0.9638671875 0.002959163543105149 0.00390625
0 0.11156046557506412 0.964111328125 0.0017754981258630894 0.00439453125
0 0.46478595383704874 0.963134765625 0.004142828960347208 0.00341796875
0 0.33078516472677055 0.965576171875 0.0030578023278753207 0.00830078125
0 0.3633852830933123 0.962646484375 0.0019727756954034327 0.00341796875
0 0.34474255277174987 0.968017578125 0.006312882225290984 0.01416015625
0 0.363237324916157 0.96630859375 0.0066087985796014995 0.01171875
0 0.35717103965279146 0.96240234375 0.004537384099427895 0.00390625
0 0.321266521996449 0.962158203125 0.002959163543105149 0.00341796875
0 0.29877687906884987 0.96630859375 0.003550996251726179 0.01171875
0 0.7004340106529887 0.96142578125 0.002170053264943776 0.0029296875
0 0.5236239889524561 0.962890625 0.006016965870980469 0.005859375
0 0.48771947129611365 0.9609375 0.0016768593410929177 0.001953125
0 0.34962517261787335 0.9619140625 0.005227855592819097 0.00390625
0 0.2864470309725784 0.961669921875 0.0017754981258630894 0.00341796875
0 0.22795423160386663 0.9638671875 0.005326494377589268 0.0078125
0 0.20265338331031763 0.9619140625 0.0036496350364963502 0.00390625
0 0.3386762675083843 0.96142578125 0.004044190175577037 0.00390625
0 0.2808246202406786 0.961181640625 0.005523771947129611 0.00341796875
0 0.7223318208719669 0.962158203125 0.004340106529887552 0.00634765625
0 0.5662852633655553 0.9609375 0.0033537186821858355 0.00390625
0 0.49225685539554154 0.96142578125 0.0028605247583349774 0.0048828125
0 0.33389228644703095 0.960205078125 0.0011836654172420597 0.00244140625
0 0.2562142434405208 0.9609375 0.0028605247583349774 0.00390625
0 0.6759715920299862 0.959228515625 0.0009863878477017164 0.00244140625
0 0.47509370684553165 0.95947265625 0.002071414480173604 0.0029296875
0 0.3807950286052476 0.96044921875 0.005622410731899783 0.0048828125
0 0.3702406786348392 0.959228515625 0.0022686920497139475 0.00244140625
0 0.3167291378970211 0.959228515625 0.0011836654172420597 0.00244140625
0 0.47859538370487276 0.959228515625 0.004931939238508582 0.00341796875
0 0.3528309331229039 0.959228515625 0.003550996251726179 0.00341796875
0 0.3049418031169856 0.960205078125 0.007397908857762872 0.00537109375
0 0.6220654961530874 0.958984375 0.007003353718682186 0.0048828125
0 0.5795521799171435 0.957763671875 0.0014795817715525744 0.00244140625
0 0.5746202406786348 0.958251953125 0.005227855592819097 0.00341796875
0 0.43203787729335175 0.958740234375 0.0027618859735648055 0.00439453125
0 0.35598737423554944 0.957763671875 0.001578220556322746 0.00244140625
0 0.3104655750641152 0.958984375 0.003452357466956007 0.0048828125
0 0.28881436180706255 0.95849609375 0.005326494377589268 0.00390625
0 0.1564411126454922 0.9580078125 0.0017754981258630894 0.0029296875
0 0.34365752613927797 0.958251953125 0.006510159794831328 0.00537109375
0 0.1678832116788321 0.956787109375 0.002170053264943776 0.00244140625
0 0.49107318997829946 0.956298828125 0.0014795817715525744 0.00244140625
0 0.2451173801538765 0.95654296875 0.001578220556322746 0.0029296875
0 0.26938252120733874 0.95703125 0.004340106529887552 0.0048828125
0 0.3358650621424344 0.956787109375 0.003748273821266522 0.00537109375
0 0.27934503846912606 0.955322265625 0.0011836654172420597 0.00244140625
0 0.4938843953442494 0.955810546875 0.002170053264943776 0.00439453125
0 0.4878674294732689 0.955322265625 0.004340106529887552 0.00341796875
0 0.47608009469323337 0.955322265625 0.002663247188794634 0.00341796875
0 0.4622213454330243 0.955078125 0.003156441112645492 0.0029296875
0 0.4099921088972184 0.954833984375 0.0016768593410929177 0.00244140625
0 0.34937857565594793 0.95458984375 0.002959163543105149 0.001953125
0 0.2587295324521602 0.95751953125 0.006904714933912014 0.0078125
0 0.17163148550009863 0.95654296875 0.004734661668968239 0.005859375
0 0.6611757743144604 0.955810546875 0.0013809429867824028 0.00537109375
0 0.5803412901953048 0.95556640625 0.002663247188794634 0.0048828125
0 0.47095087788518447 0.954345703125 0.002465969619254291 0.00244140625
0 0.21611757743144605 0.9609375 0.004931939238508582 0.015625
0 0.3701913592424541 0.9541015625 0.0011836654172420597 0.0029296875
0 0.3071118563819294 0.95361328125 0.001085026632471888 0.001953125
0 0.11377983823239297 0.954345703125 0.0028605247583349774 0.00341796875
0 0.6241862300256461 0.95361328125 0.002959163543105149 0.0029296875
0 0.24319392385085817 0.953857421875 0.002071414480173604 0.00341796875
0 0.23934701124482147 0.957275390625 0.008581574275004932 0.01025390625
0 0.6594989149733675 0.952880859375 0.0023673308344841193 0.00244140625
0 0.5773328072598145 0.952880859375 0.0025646084040244622 0.00244140625
0 0.3392681002170053 0.95263671875 0.0008877490629315447 0.001953125
0 0.6100315644111265 0.95361328125 0.003452357466956007 0.0048828125
0 0.4676464785953837 0.95263671875 0.003156441112645492 0.0029296875
0 0.30898599329256266 0.9521484375 0.0012823042020122311 0.001953125
0 0.231603866640363 0.9580078125 0.005326494377589268 0.013671875
0 0.5557802327875321 0.954345703125 0.00542513316235944 0.00732421875
0 0.4186723219569935 0.951904296875 0.0030578023278753207 0.00244140625
0 0.2718978102189781 0.954345703125 0.002465969619254291 0.00732421875
0 0.12122706648254093 0.953369140625 0.003748273821266522 0.00537109375
0 0.29611363188005524 0.954345703125 0.00966660090747682 0.00830078125
0 0.1734563030183468 0.952392578125 0.0028605247583349774 0.00439453125
0 0.10505030578023279 0.951904296875 0.0013809429867824028 0.00341796875
0 0.7119254290787137 0.95166015625 0.0044387453146577235 0.00390625
0 0.26686723219569936 0.951171875 0.0030578023278753207 0.0029296875
0 0.1533339909252318 0.952392578125 0.007200631288222529 0.00537109375
0 0.614371670941014 0.954345703125 0.01213257052673111 0.01025390625
0 0.37290392582363385 0.95166015625 0.0030578023278753207 0.0048828125
0 0.22198658512527125 0.95068359375 0.004044190175577037 0.0029296875
0 0.702258828171237 0.952880859375 0.0066087985796014995 0.00830078125
0 0.3036101795225883 0.950927734375 0.002959163543105149 0.00439453125
0 0.21064312487670153 0.951416015625 0.005622410731899783 0.00634765625
0 0.5293450384691261 0.94970703125 0.002465969619254291 0.00390625
0 0.48071611757743143 0.949462890625 0.003255079897415664 0.00341796875
0 0.2378181100808838 0.94921875 0.002959163543105149 0.0029296875
0 0.43277766817912805 0.948974609375 0.003255079897415664 0.00341796875
0 0.7181396725192346 0.95166015625 0.005819688301440126 0.009765625
0 0.4524067863483922 0.94775390625 0.002465969619254291 0.001953125
0 0.36762675083842966 0.94921875 0.0025646084040244622 0.0048828125
0 0.34858946537778657 0.947998046875 0.003156441112645492 0.00244140625
0 0.3433122903925824 0.949951171875 0.0038469126060366936 0.00634765625
0 0.3334977313079503 0.949951171875 0.004734661668968239 0.00634765625
0 0.15634247386072203 0.9482421875 0.0009863878477017164 0.0029296875
0 0.15348194910238705 0.9482421875 0.0025646084040244622 0.0029296875
0 0.7043302426514105 0.947998046875 0.002071414480173604 0.00341796875
0 0.5770862102978891 0.947998046875 0.0028605247583349774 0.00341796875
0 0.5650029591635432 0.9482421875 0.002959163543105149 0.00390625
0 0.46478595383704874 0.94873046875 0.002959163543105149 0.0048828125
0 0.09602485697376208 0.947509765625 0.001085026632471888 0.00244140625
0 0.3060268297494575 0.947509765625 0.0014795817715525744 0.00341796875
0 0.16102781613730519 0.94775390625 0.001874136910633261 0.00390625
0 0.5746202406786348 0.94775390625 0.002071414480173604 0.0048828125
0 0.4421976721246794 0.9482421875 0.005523771947129611 0.005859375
0 0.3636811994476228 0.94775390625 0.004931939238508582 0.0048828125
0 0.3295521799171434 0.94677734375 0.0017754981258630894 0.0029296875
0 0.23722627737226276 0.94677734375 0.0013809429867824028 0.0029296875
0 0.17754981258630895 0.947998046875 0.003156441112645492 0.00634765625
0 0.404616295127244 0.945556640625 0.0023673308344841193 0.00244140625
0 0.37852633655553364 0.945556640625 0.002663247188794634 0.00244140625
0 0.3389721838626948 0.94775390625 0.006016965870980469 0.0068359375
0 0.48791674886565395 0.94677734375 0.003255079897415664 0.005859375
0 0.45743736437167093 0.946044921875 0.006806076149141842 0.00439453125
0 0.35135135135135137 0.945068359375 0.0027618859735648055 0.00244140625
0 0.2847701716314855 0.945556640625 0.0013809429867824028 0.00341796875
0 0.21409548234365752 0.9453125 0.004044190175577037 0.0029296875
0 0.7101992503452358 0.944580078125 0.0023673308344841193 0.00244140625
0 0.14662655356086013 0.94921875 0.00542513316235944 0.01171875
0 0.5075951864273032 0.94384765625 0.0019727756954034327 0.001953125
0 0.36141250739790887 0.94384765625 0.002170053264943776 0.001953125
0 0.3000591832708621 0.944580078125 0.0025646084040244622 0.00341796875
0 0.6080094693233379 0.947998046875 0.012428486881041626 0.01123046875
0 0.37315052278555927 0.943603515625 0.0013809429867824028 0.00244140625
0 0.2601597948313277 0.944091796875 0.003255079897415664 0.00341796875
0 0.416650226869205 0.943115234375 0.0017754981258630894 0.00244140625
0 0.16704478200828565 0.9462890625 0.00897612941408562 0.0087890625
0 0.5996744920102585 0.944091796875 0.002663247188794634 0.00537109375
0 0.325853225488262 0.94384765625 0.0022686920497139475 0.0048828125
0 0.27179917143420795 0.945068359375 0.0036496350364963502 0.00732421875
0 0.7306667981850463 0.943603515625 0.003452357466956007 0.00537109375
0 0.5806865259420004 0.94287109375 0.0039455513908068654 0.00390625
0 0.24117182876306964 0.943115234375 0.002170053264943776 0.00439453125
0 0.4060958768987966 0.94189453125 0.001578220556322746 0.0029296875
0 0.34370684553166303 0.94189453125 0.0012823042020122311 0.0029296875
0 0.2652396922469915 0.944091796875 0.0061156046557506415 0.00732421875
0 0.2019629118169264 0.94189453125 0.002465969619254291 0.0029296875
0 0.14904320378772934 0.9423828125 0.001578220556322746 0.00390625
0 0.6051982639573881 0.94189453125 0.007003353718682186 0.00390625
0 0.660337344643914 0.94189453125 0.001874136910633261 0.0048828125
0 0.38335963700927206 0.94091796875 0.0036496350364963502 0.0029296875
0 0.34617281515091736 0.941162109375 0.0030578023278753207 0.00341796875
0 0.22326888932728348 0.94140625 0.0022686920497139475 0.00390625
0 0.2045275202209509 0.94091796875 0.0014795817715525744 0.0029296875
0 0.6165910435983428 0.94189453125 0.007693825212073387 0.005859375
0 0.4679423949496942 0.940185546875 0.0009863878477017164 0.00244140625
0 0.3757151311895837 0.94140625 0.0039455513908068654 0.0048828125
0 0.4826395738804498 0.940673828125 0.0051292168080489245 0.00439453125
0 0.33606233971197474 0.942626953125 0.007496547642533044 0.00830078125
0 0.2941408561846518 0.93994140625 0.0011836654172420597 0.0029296875
0 0.2813178141645295 0.93994140625 0.002959163543105149 0.0029296875
0 0.4388439534424936 0.940185546875 0.005523771947129611 0.00439453125
0 0.272440323535214 0.93896484375 0.0011836654172420597 0.001953125
0 0.16995462615900572 0.939453125 0.0011836654172420597 0.0029296875
0 0.5237719471296114 0.938720703125 0.0025646084040244622 0.00244140625
0 0.40136121522982837 0.939453125 0.0027618859735648055 0.00390625
0 0.13543105148944565 0.938720703125 0.000789110278161373 0.00244140625
0 0.5127737226277372 0.938232421875 0.001085026632471888 0.00244140625
0 0.15658907082264747 0.938720703125 0.0016768593410929177 0.00341796875
0 0.552278555928191 0.938232421875 0.0025646084040244622 0.00341796875
0 0.2239100414282896 0.938232421875 0.0013809429867824028 0.00341796875
0 0.17671138291576247 0.939208984375 0.004044190175577037 0.00537109375
0 0.1445551390806865 0.9384765625 0.001085026632471888 0.00390625
0 0.71838626948116 0.938232421875 0.0019727756954034327 0.00439453125
0 0.3553462221345433 0.941162109375 0.008187019135924246 0.01025390625
0 0.32082264746498323 0.937255859375 0.0008877490629315447 0.00244140625
0 0.24452554744525548 0.938232421875 0.0033537186821858355 0.00439453125
0 0.2340205168672322 0.939208984375 0.0044387453146577235 0.00634765625
0 0.16295127244032354 0.9375 0.0019727756954034327 0.0029296875
0 0.2497040836456895 0.93701171875 0.0028605247583349774 0.0029296875
0 0.238508581574275 0.9375 0.001578220556322746 0.00390625
0 0.20886762675083842 0.938720703125 0.009370684553166305 0.00634765625
0 0.41916551588084433 0.936767578125 0.005819688301440126 0.00341796875
0 0.7229236535805879 0.938720703125 0.0072992700729927005 0.00830078125
0 0.5571118563819294 0.936767578125 0.004142828960347208 0.00439453125
0 0.4125567173012428 0.9365234375 0.006016965870980469 0.00390625
0 0.7127638587492602 0.9375 0.002959163543105149 0.0068359375
0 0.6262083251134346 0.935302734375 0.0030578023278753207 0.00244140625
0 0.621818899191162 0.935791015625 0.0061156046557506415 0.00341796875
0 0.5535115407378182 0.935302734375 0.0014795817715525744 0.00244140625
0 0.5277174985204183 0.935546875 0.002959163543105149 0.0029296875
0 0.5080883803511541 0.93505859375 0.0011836654172420597 0.001953125
0 0.3724600512921681 0.935302734375 0.0011836654172420597 0.00244140625
0 0.3458768987966068 0.935302734375 0.0016768593410929177 0.00244140625
0 0.335618465180509 0.935546875 0.0022686920497139475 0.0029296875
0 0.2917735253501677 0.937744140625 0.003156441112645492 0.00732421875
0 0.2675083842967055 0.93701171875 0.0025646084040244622 0.005859375
0 0.26543696981653186 0.93505859375 0.0009863878477017164 0.001953125
0 0.11343460248569738 0.936767578125 0.003550996251726179 0.00537109375
0 0.4032846715328467 0.93505859375 0.003452357466956007 0.0029296875
0 0.4286348392187808 0.934326171875 0.0014795817715525744 0.00244140625
0 0.2224797790491221 0.93408203125 0.0014795817715525744 0.001953125
0 0.2197178930755573 0.9384765625 0.0044387453146577235 0.0107421875
0 0.6320280134148747 0.933837890625 0.0008877490629315447 0.00244140625
0 0.48495758532254885 0.93408203125 0.0028605247583349774 0.0029296875
0 0.26124482146379957 0.93603515625 0.005030578023278753 0.0068359375
0 0.09124087591240876 0.933837890625 0.000789110278161373 0.00244140625
0 0.6968830144012625 0.93603515625 0.003550996251726179 0.0078125
0 0.2701716314855001 0.9345703125 0.0025646084040244622 0.0048828125
0 0.681594002761886 0.932861328125 0.0019727756954034327 0.00244140625
0 0.6035214046162951 0.933349609375 0.0030578023278753207 0.00341796875
0 0.5681100808838035 0.93310546875 0.001874136910633261 0.0029296875
0 0.3595383704872756 0.9326171875 0.0011836654172420597 0.001953125
0 0.278161373051884 0.93310546875 0.0025646084040244622 0.0029296875
0 0.7070921286249754 0.9326171875 0.003255079897415664 0.0029296875
0 0.42163148550009866 0.9326171875 0.005227855592819097 0.0029296875
0 0.32452160189386464 0.935302734375 0.003748273821266522 0.00830078125
0 0.2569540343262971 0.9345703125 0.003156441112645492 0.0068359375
0 0.23545077924639968 0.933837890625 0.0025646084040244622 0.00537109375
0 0.29182284474255277 0.9326171875 0.003255079897415664 0.00390625
0 0.7114322351548629 0.931396484375 0.0016768593410929177 0.00244140625
0 0.36042611955020715 0.934814453125 0.007891102781613731 0.00927734375
0 0.2020615506016966 0.93212890625 0.0028605247583349774 0.00390625
0 0.11022884198066679 0.93115234375 0.0008877490629315447 0.0029296875
0 0.23263957388044978 0.93017578125 0.0008877490629315447 0.001953125
0 0.5335371868218584 0.93115234375 0.005918327086210298 0.0048828125
0 0.34676464785953837 0.930419921875 0.005030578023278753 0.00341796875
0 0.28915959755375814 0.929931640625 0.001874136910633261 0.00244140625
0 0.6265042414677451 0.929443359375 0.00483330045373841 0.00244140625
0 0.3759124087591241 0.9296875 0.0027618859735648055 0.0029296875
0 0.3266423357664234 0.9287109375 0.001085026632471888 0.001953125
0 0.31702505425133165 0.928955078125 0.000789110278161373 0.00244140625
0 0.31307950286052477 0.929443359375 0.002959163543105149 0.00341796875
0 0.301144209903334 0.930419921875 0.0051292168080489245 0.00537109375
0 0.24561057407772735 0.930419921875 0.0019727756954034327 0.00537109375
0 0.2138488853817321 0.9306640625 0.001578220556322746 0.005859375
0 0.20945945945945946 0.93115234375 0.0030578023278753207 0.0068359375
0 0.20457683961333598 0.9306640625 0.002170053264943776 0.005859375
0 0.7031465772341685 0.93017578125 0.007397908857762872 0.005859375
0 0.3081475636220162 0.928466796875 0.0017754981258630894 0.00244140625
0 0.28393174196093907 0.928466796875 0.001085026632471888 0.00244140625
0 0.28210692444269087 0.929443359375 0.0019727756954034327 0.00439453125
0 0.2711086999408167 0.928466796875 0.002071414480173604 0.00244140625
0 0.7299270072992701 0.928466796875 0.002959163543105149 0.00341796875
0 0.25123298480962714 0.93017578125 0.004142828960347208 0.0068359375
0 0.686230025646084 0.927978515625 0.0025646084040244622 0.00341796875
0 0.6325705267311107 0.928955078125 0.0039455513908068654 0.00537109375
0 0.5660386664036299 0.92724609375 0.002663247188794634 0.001953125
0 0.35480370881830736 0.929931640625 0.003156441112645492 0.00732421875
0 0.24048135726967843 0.930419921875 0.006312882225290984 0.00830078125
0 0.21952061550601695 0.928466796875 0.006411521010061156 0.00537109375
0 0.1498816334582758 0.92822265625 0.0016768593410929177 0.0048828125
0 0.6900276188597356 0.927490234375 0.00424146774511738 0.00439453125
0 0.337936476622608 0.92822265625 0.0033537186821858355 0.005859375
0 0.3188991911619649 0.926513671875 0.0017754981258630894 0.00244140625
0 0.3152988755178536 0.9267578125 0.001874136910633261 0.0029296875
0 0.16822844742552773 0.927734375 0.002465969619254291 0.0048828125
0 0.6811994476228053 0.9287109375 0.006510159794831328 0.0078125
0 0.37640560268297496 0.926025390625 0.0027618859735648055 0.00244140625
0 0.16546656145196292 0.92578125 0.001085026632471888 0.001953125
0 0.6151607812191754 0.925537109375 0.0016768593410929177 0.00244140625
0 0.46863286644308544 0.9248046875 0.0009863878477017164 0.001953125
0 0.15274215821661077 0.927490234375 0.002071414480173604 0.00732421875
0 0.6073683172223319 0.924560546875 0.002071414480173604 0.00244140625
0 0.25784178338922864 0.9267578125 0.003156441112645492 0.0068359375
0 0.7254389425922273 0.925537109375 0.004636022884198066 0.00537109375
0 0.7096074176366147 0.926025390625 0.004931939238508582 0.00634765625
0 0.6499309528506608 0.924560546875 0.004142828960347208 0.00341796875
0 0.35924245413296507 0.926025390625 0.004734661668968239 0.00634765625
0 0.30070033537186824 0.924560546875 0.002663247188794634 0.00341796875
0 0.6131386861313869 0.924072265625 0.0025646084040244622 0.00341796875
0 0.3496744920102584 0.926025390625 0.0072992700729927005 0.00732421875
0 0.2794929966462813 0.9248046875 0.003452357466956007 0.0048828125
0 0.2735253501676859 0.924072265625 0.001578220556322746 0.00341796875
0 0.20437956204379562 0.92431640625 0.003748273821266522 0.00390625
0 0.6792266719274018 0.923828125 0.004537384099427895 0.00390625
0 0.2756460840402446 0.92333984375 0.001874136910633261 0.0029296875
0 0.6463799565989347 0.926025390625 0.007693825212073387 0.00927734375
0 0.499408167291379 0.92236328125 0.0011836654172420597 0.001953125
0 0.28639771158019334 0.922607421875 0.0012823042020122311 0.00244140625
0 0.263217597159203 0.926025390625 0.007397908857762872 0.00927734375
0 0.7173505622410732 0.922119140625 0.001085026632471888 0.00244140625
0 0.5616985598737424 0.92333984375 0.003452357466956007 0.0048828125
0 0.3328072598145591 0.923583984375 0.005721049516669955 0.00537109375
0 0.32491615703294535 0.921875 0.003156441112645492 0.0029296875
0 0.2962122706648254 0.922119140625 0.0019727756954034327 0.00341796875
0 0.6728644703097257 0.92138671875 0.002663247188794634 0.0029296875
0 0.3382817123693036 0.921630859375 0.004044190175577037 0.00341796875
0 0.28171236930361016 0.9208984375 0.0011836654172420597 0.001953125
0 0.6765141053462221 0.921142578125 0.004044190175577037 0.00341796875
0 0.37458078516472676 0.920654296875 0.002663247188794634 0.00244140625
0 0.26617676070230817 0.921875 0.001874136910633261 0.0048828125
0 0.3596370092720458 0.92041015625 0.001578220556322746 0.0029296875
0 0.3469126060366936 0.92041015625 0.0019727756954034327 0.0029296875
0 0.20674689287827974 0.923828125 0.006904714933912014 0.009765625
0 0.16245807851647268 0.921142578125 0.0023673308344841193 0.00439453125
0 0.4008680213059775 0.919677734375 0.001578220556322746 0.00244140625
0 0.27934503846912606 0.919677734375 0.001578220556322746 0.00244140625
0 0.22164134937857566 0.923095703125 0.0051292168080489245 0.00927734375
0 0.722381140264352 0.919677734375 0.004636022884198066 0.00341796875
0 0.6927401854409153 0.919677734375 0.0027618859735648055 0.00341796875
0 0.6891891891891891 0.92041015625 0.002959163543105149 0.0048828125
0 0.3133260998224502 0.91943359375 0.001874136910633261 0.0029296875
0 0.2840797001380943 0.921142578125 0.0025646084040244622 0.00634765625
0 0.26755770368909054 0.9189453125 0.0012823042020122311 0.001953125
0 0.238508581574275 0.922119140625 0.005721049516669955 0.00830078125
0 0.5021207338725587 0.918701171875 0.0028605247583349774 0.00244140625
0 0.6829256263562833 0.9189453125 0.0044387453146577235 0.00390625
0 0.6127441309923062 0.9189453125 0.003748273821266522 0.00390625
0 0.4774610376800158 0.918212890625 0.0030578023278753207 0.00244140625
0 0.3766028802525153 0.91796875 0.002170053264943776 0.001953125
0 0.37107910830538565 0.92041015625 0.003748273821266522 0.0068359375
0 0.24842177944367724 0.9189453125 0.003255079897415664 0.00390625
0 0.1659104359834287 0.91845703125 0.0027618859735648055 0.0029296875
0 0.3451371079108305 0.91796875 0.0017754981258630894 0.0029296875
0 0.21892878279739594 0.918701171875 0.004044190175577037 0.00439453125
0 0.5542020122312094 0.91748046875 0.0028605247583349774 0.0029296875
0 0.16877096074176365 0.917236328125 0.0023673308344841193 0.00244140625
0 0.5250049319392385 0.91650390625 0.001085026632471888 0.001953125
0 0.26385874926020914 0.918701171875 0.005721049516669955 0.00634765625
0 0.20684553166304992 0.91650390625 0.001578220556322746 0.001953125
0 0.3557900966660091 0.9169921875 0.005326494377589268 0.00390625
0 0.3512033931741961 0.91650390625 0.002071414480173604 0.0029296875
0 0.28797593213651607 0.91796875 0.004636022884198066 0.005859375
0 0.274709015584928 0.917236328125 0.005918327086210298 0.00439453125
0 0.23002564608404025 0.91650390625 0.001578220556322746 0.0029296875
0 0.29912211481554546 0.917724609375 0.007003353718682186 0.00634765625
0 0.697129611363188 0.9169921875 0.0016768593410929177 0.005859375
0 0.20176563424738608 0.915771484375 0.0016768593410929177 0.00341796875
0 0.6941211284276978 0.91552734375 0.004142828960347208 0.00390625
0 0.6722233182087197 0.91552734375 0.0039455513908068654 0.00390625
0 0.3664430854211876 0.915771484375 0.004931939238508582 0.00439453125
0 0.30721049516669957 0.91748046875 0.007397908857762872 0.0078125
0 0.24156638390215032 0.915283203125 0.002170053264943776 0.00341796875
0 0.26938252120733874 0.914306640625 0.0009863878477017164 0.00244140625
0 0.2589761294140856 0.915283203125 0.001874136910633261 0.00439453125
0 0.6811501282304202 0.91357421875 0.001874136910633261 0.001953125
0 0.6360228841980666 0.919921875 0.007101992503452358 0.0146484375
0 0.31899782994673503 0.91357421875 0.0039455513908068654 0.0029296875
0 0.514401262576445 0.912841796875 0.0027618859735648055 0.00244140625
0 0.21468731505227856 0.918701171875 0.0044387453146577235 0.01416015625
0 0.4761294140856185 0.911865234375 0.0027618859735648055 0.00244140625
0 0.24940816729137896 0.912353515625 0.003452357466956007 0.00341796875
0 0.5514894456500296 0.911376953125 0.003156441112645492 0.00244140625
0 0.3139179325310712 0.91455078125 0.006411521010061156 0.0087890625
0 0.7140954823436575 0.912353515625 0.003255079897415664 0.00537109375
0 0.2796409548234366 0.912109375 0.003156441112645492 0.0048828125
0 0.2716018938646676 0.912841796875 0.0030578023278753207 0.00634765625
0 0.2211481554547248 0.91259765625 0.0033537186821858355 0.005859375
0 0.7187315052278556 0.91162109375 0.005819688301440126 0.005859375
0 0.6296606825803907 0.91064453125 0.0038469126060366936 0.00390625
0 0.34291773525350167 0.910400390625 0.006016965870980469 0.00341796875
0 0.2987275596764648 0.91015625 0.003255079897415664 0.0029296875
0 0.2559183270862103 0.909912109375 0.001085026632471888 0.00244140625
0 0.23411915565200236 0.912353515625 0.01154073781811008 0.00732421875
0 0.7106924442690866 0.913818359375 0.0039455513908068654 0.01123046875
0 0.6349871769579799 0.909423828125 0.002071414480173604 0.00244140625
0 0.5608108108108109 0.909423828125 0.002663247188794634 0.00244140625
0 0.5244130992306175 0.90966796875 0.0036496350364963502 0.0029296875
0 0.6438153481949103 0.90869140625 0.0011836654172420597 0.001953125
0 0.3292562635628329 0.908935546875 0.0017754981258630894 0.00244140625
0 0.2681002170053265 0.90966796875 0.003156441112645492 0.00390625
0 0.22169066877096075 0.908935546875 0.0012823042020122311 0.00244140625
0 0.6865259420003945 0.9150390625 0.006312882225290984 0.015625
0 0.6194022489642927 0.908447265625 0.003255079897415664 0.00244140625
0 0.3659992108897218 0.9091796875 0.0030578023278753207 0.00390625
0 0.22573485894653778 0.90966796875 0.0014795817715525744 0.0048828125
0 0.20664825409350956 0.91015625 0.005918327086210298 0.005859375
0 0.26129414085618463 0.909912109375 0.0039455513908068654 0.00634765625
0 0.2371769579798777 0.909423828125 0.00542513316235944 0.00537109375
0 0.6131386861313869 0.90966796875 0.006904714933912014 0.0068359375
0 0.6070724008680213 0.90771484375 0.002465969619254291 0.0029296875
0 0.3633852830933123 0.9072265625 0.001578220556322746 0.001953125
0 0.34755375813769973 0.90771484375 0.001085026632471888 0.0029296875
0 0.15989347011244823 0.907958984375 0.0011836654172420597 0.00341796875
0 0.7240579996054448 0.90869140625 0.0044387453146577235 0.005859375
0 0.7016176760702308 0.90673828125 0.003156441112645492 0.0029296875
0 0.3105642138488854 0.906005859375 0.0012823042020122311 0.00244140625
0 0.24482146379956599 0.906982421875 0.0039455513908068654 0.00439453125
0 0.21148155454724799 0.908203125 0.004340106529887552 0.0068359375
0 0.15737818110080884 0.906494140625 0.0014795817715525744 0.00341796875
0 0.27046754783981064 0.906005859375 0.001578220556322746 0.00341796875
0 0.17261787334780035 0.905517578125 0.0009863878477017164 0.00244140625
0 0.718336950088775 0.9052734375 0.0022686920497139475 0.0029296875
0 0.46202406786348393 0.905029296875 0.000789110278161373 0.00244140625
0 0.3759124087591241 0.9052734375 0.004537384099427895 0.0029296875
0 0.34059972381140263 0.9052734375 0.0017754981258630894 0.0029296875
0 0.3223022292365358 0.90625 0.00424146774511738 0.0048828125
0 0.2532550798974157 0.905029296875 0.001085026632471888 0.00244140625
0 0.23249161570329455 0.905029296875 0.0025646084040244622 0.00244140625
0 0.17898007496547644 0.90576171875 0.004044190175577037 0.00390625
0 0.6950581968830144 0.90478515625 0.0014795817715525744 0.0029296875
0 0.3605247583349773 0.904296875 0.0011836654172420597 0.001953125
0 0.20807851647267706 0.90478515625 0.0014795817715525744 0.0029296875
0 0.3151015979483133 0.906982421875 0.006016965870980469 0.00830078125
0 0.7056125468534228 0.903564453125 0.0014795817715525744 0.00244140625
0 0.6214736634444664 0.905029296875 0.0030578023278753207 0.00537109375
0 0.4774610376800158 0.903564453125 0.003452357466956007 0.00244140625
0 0.7292365358058789 0.9052734375 0.003550996251726179 0.0068359375
0 0.48145590846320774 0.903076171875 0.002959163543105149 0.00244140625
0 0.3341882028013415 0.90283203125 0.002170053264943776 0.001953125
0 0.3318208719668574 0.903076171875 0.001578220556322746 0.00244140625
0 0.2920201223120931 0.905029296875 0.00483330045373841 0.00634765625
0 0.3258039060958769 0.903076171875 0.0025646084040244622 0.00341796875
0 0.30247583349773133 0.903564453125 0.0044387453146577235 0.00439453125
0 0.24437758926810021 0.90283203125 0.0012823042020122311 0.0029296875
0 0.21399684355888735 0.904052734375 0.002071414480173604 0.00537109375
0 0.20526731110672716 0.902587890625 0.002170053264943776 0.00244140625
0 0.633359637009272 0.904296875 0.002959163543105149 0.0068359375
0 0.21231998421779444 0.902587890625 0.002071414480173604 0.00341796875
0 0.6550108502663248 0.902099609375 0.0030578023278753207 0.00341796875
0 0.4673012428486881 0.901611328125 0.003255079897415664 0.00244140625
0 0.33857762872361413 0.901611328125 0.0008877490629315447 0.00244140625
0 0.6265042414677451 0.90185546875 0.00483330045373841 0.00390625
0 0.31036693627934503 0.90185546875 0.0038469126060366936 0.00390625
0 0.2864963503649635 0.901123046875 0.001874136910633261 0.00244140625
0 0.1487966068258039 0.902099609375 0.0022686920497139475 0.00439453125
0 0.7007792463996844 0.900634765625 0.0016768593410929177 0.00244140625
0 0.6865259420003945 0.901611328125 0.003550996251726179 0.00439453125
0 0.6682777668179128 0.901123046875 0.004931939238508582 0.00341796875
0 0.5128723614125074 0.90087890625 0.002465969619254291 0.0029296875
0 0.2224797790491221 0.90234375 0.00542513316235944 0.005859375
0 0.16956007101992504 0.900634765625 0.0017754981258630894 0.00244140625
0 0.5227362398895246 0.900146484375 0.002071414480173604 0.00244140625
0 0.36545669757348587 0.90087890625 0.0027618859735648055 0.00390625
0 0.3487374235549418 0.89990234375 0.002465969619254291 0.001953125
0 0.2485697376208325 0.902099609375 0.0023673308344841193 0.00634765625
0 0.22662260800946932 0.900146484375 0.0014795817715525744 0.00244140625
0 0.6966364174393371 0.900146484375 0.005030578023278753 0.00341796875
0 0.6908660485302821 0.90234375 0.0061156046557506415 0.0078125
0 0.16645294929966462 0.89990234375 0.0036496350364963502 0.0029296875
0 0.6625567173012429 0.900146484375 0.004142828960347208 0.00439453125
0 0.5567666206352337 0.900390625 0.003255079897415664 0.0048828125
0 0.2934997040836457 0.900390625 0.005819688301440126 0.0048828125
0 0.26681791280331424 0.90087890625 0.0051292168080489245 0.005859375
0 0.5512428486881041 0.898681640625 0.002465969619254291 0.00244140625
0 0.37098046952061553 0.900146484375 0.006312882225290984 0.00537109375
0 0.28136713355691456 0.901123046875 0.005030578023278753 0.00732421875
0 0.5375813769974354 0.898193359375 0.0011836654172420597 0.00244140625
0 0.6729137897021109 0.90380859375 0.0072992700729927005 0.0146484375
0 0.3025744722825015 0.89794921875 0.002465969619254291 0.0029296875
0 0.17355494180311698 0.900390625 0.005227855592819097 0.0078125
0 0.6757249950680607 0.897705078125 0.002465969619254291 0.00341796875
0 0.2305188400078911 0.8974609375 0.0017754981258630894 0.0029296875
0 0.15826593016374038 0.897705078125 0.002071414480173604 0.00341796875
0 0.1265535608601302 0.897216796875 0.0017754981258630894 0.00244140625
0 0.6600907476819886 0.896728515625 0.0013809429867824028 0.00244140625
0 0.2684454527520221 0.896728515625 0.001085026632471888 0.00244140625
0 0.6802130597751036 0.896240234375 0.0009863878477017164 0.00244140625
0 0.532156243835076 0.8984375 0.004142828960347208 0.0068359375
0 0.35297889130005916 0.896240234375 0.0028605247583349774 0.00244140625
0 0.349427895048333 0.89599609375 0.0016768593410929177 0.001953125
0 0.32772736239889527 0.89697265625 0.0028605247583349774 0.00390625
0 0.724156638390215 0.896484375 0.0016768593410929177 0.00390625
0 0.6493884395344249 0.898193359375 0.006214243440520813 0.00732421875
0 0.4922075360031564 0.896484375 0.0027618859735648055 0.00390625
0 0.3368514499901361 0.896484375 0.0033537186821858355 0.00390625
0 0.28595383704872757 0.896240234375 0.0025646084040244622 0.00341796875
0 0.7168573683172224 0.895263671875 0.002465969619254291 0.00244140625
0 0.26277372262773724 0.895263671875 0.000789110278161373 0.00244140625
0 0.6447030972578418 0.895263671875 0.0023673308344841193 0.00341796875
0 0.6418918918918919 0.895263671875 0.003255079897415664 0.00341796875
0 0.48628920891694616 0.89453125 0.0013809429867824028 0.001953125
0 0.34503846912606034 0.8955078125 0.002959163543105149 0.0048828125
0 0.24570921286249753 0.89599609375 0.0019727756954034327 0.005859375
0 0.6853915959755376 0.89501953125 0.0038469126060366936 0.0048828125
0 0.28807457092128624 0.8935546875 0.0028605247583349774 0.001953125
0 0.22790491221148154 0.8935546875 0.0006904714933912014 0.001953125
0 0.7095087788518445 0.8935546875 0.004931939238508582 0.0029296875
0 0.35707240086802133 0.8935546875 0.003550996251726179 0.0029296875
0 0.6784868810416256 0.893310546875 0.0022686920497139475 0.00341796875
0 0.316679818504636 0.892822265625 0.001874136910633261 0.00244140625
0 0.2766324718879463 0.89306640625 0.0022686920497139475 0.0029296875
0 0.272440323535214 0.893310546875 0.003748273821266522 0.00341796875
0 0.25507989741566384 0.894287109375 0.0039455513908068654 0.00537109375
0 0.6921976721246794 0.89453125 0.0028605247583349774 0.0068359375
0 0.30356086013020317 0.892333984375 0.0016768593410929177 0.00244140625
0 0.1645294929966463 0.8935546875 0.0033537186821858355 0.0048828125
0 0.37349575853225486 0.8916015625 0.0012823042020122311 0.001953125
0 0.3307358453343855 0.891845703125 0.0017754981258630894 0.00244140625
0 0.3715229828368514 0.891357421875 0.0016768593410929177 0.00244140625
0 0.3070625369895443 0.8916015625 0.001578220556322746 0.0029296875
0 0.2946340501085027 0.892578125 0.004340106529887552 0.0048828125
0 0.23027224304596566 0.892578125 0.003255079897415664 0.0048828125
0 0.5342276583152495 0.8916015625 0.002959163543105149 0.00390625
0 0.36703491812980865 0.891845703125 0.005523771947129611 0.00439453125
0 0.2807259814559085 0.8916015625 0.002959163543105149 0.00390625
0 0.18169264154665615 0.89306640625 0.003156441112645492 0.0068359375
0 0.17360426119550207 0.89111328125 0.0027618859735648055 0.0029296875
0 0.4044190175577037 0.890380859375 0.0017754981258630894 0.00244140625
0 0.26232984809627147 0.890380859375 0.0014795817715525744 0.00244140625
0 0.4292266719274019 0.89013671875 0.0008877490629315447 0.0029296875
0 0.23357664233576642 0.892333984375 0.003156441112645492 0.00732421875
0 0.45398500690471494 0.88916015625 0.0014795817715525744 0.001953125
0 0.17607023081475637 0.8896484375 0.0019727756954034327 0.0029296875
0 0.5654468336950089 0.889892578125 0.0038469126060366936 0.00439453125
0 0.721246794239495 0.888916015625 0.0027618859735648055 0.00341796875
0 0.6997928585519826 0.890869140625 0.002465969619254291 0.00830078125
0 0.6898796606825804 0.89013671875 0.0039455513908068654 0.0068359375
0 0.47139475241665024 0.888427734375 0.0033537186821858355 0.00341796875
0 0.2719471296113632 0.88818359375 0.0019727756954034327 0.0029296875
0 0.26819885579009667 0.888671875 0.003156441112645492 0.00390625
0 0.6510159794831327 0.8876953125 0.0017754981258630894 0.0029296875
0 0.5762971000197278 0.887451171875 0.0038469126060366936 0.00244140625
0 0.3455809824422963 0.886962890625 0.0014795817715525744 0.00244140625
0 0.6560465575064115 0.886962890625 0.004734661668968239 0.00341796875
0 0.20595778260011838 0.887939453125 0.003550996251726179 0.00537109375
0 0.6913099230617479 0.8857421875 0.0028605247583349774 0.0029296875
0 0.6025350167685934 0.88916015625 0.009173406983625962 0.009765625
0 0.5458177155257448 0.88623046875 0.002465969619254291 0.00390625
0 0.33847898993884395 0.88720703125 0.004636022884198066 0.005859375
0 0.23929769185243638 0.885986328125 0.0017754981258630894 0.00341796875
0 0.6352337739199053 0.88671875 0.004142828960347208 0.005859375
0 0.5115900572104952 0.885009765625 0.0016768593410929177 0.00244140625
0 0.29058985993292563 0.885009765625 0.0019727756954034327 0.00244140625
0 0.23762083251134347 0.885009765625 0.0013809429867824028 0.00244140625
0 0.23530282106924444 0.88525390625 0.0014795817715525744 0.0029296875
0 0.29542316038666405 0.885009765625 0.004734661668968239 0.00341796875
0 0.2881732097060564 0.8857421875 0.0028605247583349774 0.0048828125
0 0.2604063917932531 0.884521484375 0.001578220556322746 0.00244140625
0 0.22652396922469914 0.88525390625 0.004044190175577037 0.00390625
0 0.35455711185638195 0.884033203125 0.0012823042020122311 0.00244140625
0 0.22178930755573092 0.88671875 0.00483330045373841 0.0078125
0 0.6618662458078517 0.883544921875 0.002170053264943776 0.00244140625
0 0.7053659498914974 0.88330078125 0.0027618859735648055 0.0029296875
0 0.15905504044190175 0.8828125 0.0014795817715525744 0.001953125
0 0.7240579996054448 0.88427734375 0.003452357466956007 0.005859375
0 0.4642434405208128 0.882568359375 0.002465969619254291 0.00244140625
0 0.24107318997829946 0.883056640625 0.0017754981258630894 0.00341796875
0 0.6598934701124483 0.882080078125 0.0011836654172420597 0.00244140625
0 0.6545669757348589 0.88232421875 0.002959163543105149 0.0029296875
0 0.6435687512329848 0.884521484375 0.00483330045373841 0.00732421875
0 0.2681002170053265 0.882080078125 0.0019727756954034327 0.00244140625
0 0.7135036496350365 0.88134765625 0.002071414480173604 0.001953125
0 0.7010751627539948 0.88232421875 0.0036496350364963502 0.00390625
0 0.37107910830538565 0.8828125 0.003748273821266522 0.0048828125
0 0.36343460248569737 0.882568359375 0.002663247188794634 0.00439453125
0 0.34627145393568753 0.881591796875 0.0008877490629315447 0.00244140625
0 0.2837344643913987 0.88134765625 0.0016768593410929177 0.001953125
0 0.684454527520221 0.88134765625 0.003156441112645492 0.0029296875
0 0.4048628920891695 0.88134765625 0.001874136910633261 0.0029296875
0 0.2739692246991517 0.88232421875 0.005819688301440126 0.0048828125
0 0.21567370289998028 0.881103515625 0.0008877490629315447 0.00244140625
0 0.6229039258236339 0.8818359375 0.0027618859735648055 0.0048828125
0 0.25774314460445846 0.881103515625 0.004734661668968239 0.00341796875
0 0.7083251134346025 0.880615234375 0.003156441112645492 0.00341796875
0 0.6813967251923456 0.880615234375 0.002170053264943776 0.00341796875
0 0.30247583349773133 0.88037109375 0.003255079897415664 0.0029296875
0 0.2969520615506017 0.880126953125 0.0016768593410929177 0.00244140625
0 0.20669757348589465 0.88134765625 0.00424146774511738 0.0048828125
0 0.6495857171039653 0.880859375 0.0028605247583349774 0.0048828125
0 0.3480962714539357 0.879638671875 0.0011836654172420597 0.00244140625
0 0.31520023673308345 0.880615234375 0.003255079897415664 0.00439453125
0 0.2591240875912409 0.87939453125 0.004142828960347208 0.0029296875
0 0.2485697376208325 0.8798828125 0.0025646084040244622 0.00390625
0 0.17542907871375024 0.8798828125 0.002663247188794634 0.00390625
0 0.6899289800749655 0.879150390625 0.003255079897415664 0.00341796875
0 0.6603866640362991 0.87939453125 0.003550996251726179 0.00390625
0 0.24482146379956599 0.880615234375 0.003748273821266522 0.00732421875
0 0.35840402446241865 0.87744140625 0.003255079897415664 0.0029296875
0 0.2274117182876307 0.87744140625 0.001874136910633261 0.0029296875
0 0.2228250147958177 0.877685546875 0.0023673308344841193 0.00341796875
0 0.1665022686920497 0.878173828125 0.0025646084040244622 0.00439453125
0 0.2740185440915368 0.876708984375 0.004142828960347208 0.00244140625
0 0.7113335963700927 0.8759765625 0.002071414480173604 0.0029296875
0 0.35588873545077926 0.875 0.0011836654172420597 0.001953125
0 0.33778851844545277 0.87548828125 0.003255079897415664 0.0029296875
0 0.29266127441309925 0.875 0.0019727756954034327 0.001953125
0 0.6705464588676268 0.875 0.002959163543105149 0.00390625
0 0.6268001578220557 0.8740234375 0.001874136910633261 0.001953125
0 0.6728151509173407 0.87353515625 0.0013809429867824028 0.001953125
0 0.6373051884000789 0.87744140625 0.005326494377589268 0.009765625
0 0.28161373051884003 0.873291015625 0.0025646084040244622 0.00341796875
0 0.21118563819293745 0.87353515625 0.0039455513908068654 0.00390625
0 0.664381534819491 0.875244140625 0.009962517261787335 0.00830078125
0 0.34937857565594793 0.873046875 0.004142828960347208 0.00390625
0 0.35766423357664234 0.8720703125 0.002170053264943776 0.0029296875
0 0.22612941408561846 0.871826171875 0.0012823042020122311 0.00244140625
0 0.4855000986387848 0.871337890625 0.0013809429867824028 0.00244140625
0 0.3536693627934504 0.87158203125 0.0038469126060366936 0.0029296875
0 0.23732491615703294 0.872314453125 0.0027618859735648055 0.00439453125
0 0.6568356677845729 0.872314453125 0.006312882225290984 0.00537109375
0 0.3202308147563622 0.871337890625 0.0022686920497139475 0.00341796875
0 0.6430262379167488 0.87060546875 0.0027618859735648055 0.0029296875
0 0.543696981653186 0.87158203125 0.003550996251726179 0.0048828125
0 0.28491812980864073 0.871826171875 0.0036496350364963502 0.00537109375
0 0.6509173406983626 0.8701171875 0.0039455513908068654 0.0029296875
0 0.33956401657131585 0.87060546875 0.0022686920497139475 0.00390625
0 0.291970802919708 0.86962890625 0.001578220556322746 0.0029296875
0 0.21468731505227856 0.86962890625 0.0016768593410929177 0.0029296875
0 0.7217893075557309 0.872314453125 0.007003353718682186 0.00927734375
0 0.7126652199644901 0.869140625 0.003156441112645492 0.0029296875
0 0.6031761688695996 0.86962890625 0.002959163543105149 0.00390625
0 0.32116788321167883 0.8681640625 0.0017754981258630894 0.001953125
0 0.1690175577036891 0.87109375 0.006806076149141842 0.0078125
0 0.6088972183862695 0.868896484375 0.004734661668968239 0.00439453125
0 0.33630893667390016 0.868408203125 0.003255079897415664 0.00341796875
0 0.2588774906293154 0.870361328125 0.006806076149141842 0.00830078125
0 0.7261294140856185 0.866943359375 0.0016768593410929177 0.00244140625
0 0.6156046557506412 0.868896484375 0.005523771947129611 0.00634765625
0 0.25157822055632273 0.8671875 0.001874136910633261 0.0029296875
0 0.22938449398303412 0.866943359375 0.001085026632471888 0.00244140625
0 0.681594002761886 0.86669921875 0.002959163543105149 0.0029296875
0 0.2549319392385086 0.8662109375 0.001085026632471888 0.001953125
0 0.677549812586309 0.8662109375 0.0023673308344841193 0.0029296875
0 0.1815446833695009 0.865234375 0.0008877490629315447 0.001953125
0 0.6755277174985204 0.864501953125 0.001874136910633261 0.00244140625
0 0.1769579798776879 0.8642578125 0.001578220556322746 0.001953125
0 0.7196685736831723 0.864013671875 0.003550996251726179 0.00244140625
0 0.4664134937857566 0.86376953125 0.001085026632471888 0.001953125
0 0.3612152298283685 0.86572265625 0.003156441112645492 0.005859375
0 0.7135036496350365 0.863525390625 0.002071414480173604 0.00244140625
0 0.276435194318406 0.86328125 0.001085026632471888 0.001953125
0 0.36698559873742354 0.863037109375 0.002071414480173604 0.00244140625
0 0.2777174985204182 0.86328125 0.001085026632471888 0.0029296875
0 0.21463799565989347 0.86328125 0.0025646084040244622 0.0029296875
0 0.5542513316235944 0.862548828125 0.002170053264943776 0.00244140625
0 0.6705464588676268 0.86572265625 0.0051292168080489245 0.009765625
0 0.6388834089564016 0.8623046875 0.0011836654172420597 0.0029296875
0 0.610919313474058 0.8623046875 0.00483330045373841 0.0029296875
0 0.7291378970211086 0.862060546875 0.004340106529887552 0.00341796875
0 0.6808048924837246 0.86181640625 0.0039455513908068654 0.0029296875
0 0.2946340501085027 0.861572265625 0.0017754981258630894 0.00244140625
0 0.259765239692247 0.861328125 0.002071414480173604 0.001953125
0 0.6739494969421976 0.86083984375 0.002071414480173604 0.001953125
0 0.6601400670743737 0.8642578125 0.008187019135924246 0.0087890625
0 0.35791083053856776 0.861328125 0.0030578023278753207 0.0029296875
0 0.24087591240875914 0.863037109375 0.004142828960347208 0.00634765625
0 0.6883014401262576 0.861083984375 0.001578220556322746 0.00341796875
0 0.34326297100019726 0.86376953125 0.003156441112645492 0.0087890625
0 0.568356677845729 0.861083984375 0.0025646084040244622 0.00439453125
0 0.6227559676464786 0.85986328125 0.0038469126060366936 0.00390625
0 0.23599329256263563 0.859375 0.0016768593410929177 0.0029296875
0 0.601745906490432 0.859130859375 0.005819688301440126 0.00341796875
0 0.461481554547248 0.858642578125 0.003255079897415664 0.00244140625
0 0.7065989347011244 0.860595703125 0.005227855592819097 0.00732421875
0 0.6672913789702111 0.858154296875 0.0027618859735648055 0.00244140625
0 0.35273229433813375 0.858154296875 0.0011836654172420597 0.00244140625
0 0.280479384493983 0.860595703125 0.0044387453146577235 0.00830078125
0 0.36728151509173407 0.857421875 0.002663247188794634 0.0029296875
0 0.335075951864273 0.857666015625 0.0033537186821858355 0.00341796875
0 0.36032748076543697 0.856689453125 0.0039455513908068654 0.00244140625
0 0.6783882422568553 0.85693359375 0.0036496350364963502 0.00390625
0 0.5719076740974551 0.8564453125 0.005721049516669955 0.0029296875
0 0.626405602682975 0.85595703125 0.002663247188794634 0.0029296875
0 0.6011047543894259 0.85546875 0.0017754981258630894 0.001953125
0 0.2618366541724206 0.85791015625 0.004636022884198066 0.0068359375
0 0.2945354113237325 0.855712890625 0.0039455513908068654 0.00341796875
0 0.2687906884987177 0.85595703125 0.001578220556322746 0.00390625
0 0.2669165515880844 0.855224609375 0.0011836654172420597 0.00244140625
0 0.24225685539554154 0.8564453125 0.003156441112645492 0.0048828125
0 0.24990136121522982 0.855224609375 0.0022686920497139475 0.00341796875
0 0.6825310712172026 0.855224609375 0.0038469126060366936 0.00439453125
0 0.6561451962911817 0.856689453125 0.008088380351154074 0.00732421875
0 0.6485993292562635 0.8544921875 0.004044190175577037 0.0029296875
0 0.28319195107516276 0.854248046875 0.0013809429867824028 0.00244140625
0 0.17158216610771354 0.854248046875 0.002071414480173604 0.00341796875
0 0.29843164332215427 0.85302734375 0.0014795817715525744 0.001953125
0 0.6520023673308345 0.8525390625 0.0009863878477017164 0.0029296875
0 0.6808542118761097 0.8515625 0.001085026632471888 0.001953125
0 0.5718090353126849 0.851806640625 0.0017754981258630894 0.00244140625
0 0.28748273821266523 0.851806640625 0.002071414480173604 0.00244140625
0 0.2639080686525942 0.8515625 0.0014795817715525744 0.0029296875
0 0.5681594002761886 0.849853515625 0.0025646084040244622 0.00244140625
0 0.24669560071019925 0.850341796875 0.005523771947129611 0.00341796875
0 0.2197672124679424 0.8505859375 0.0019727756954034327 0.00390625
0 0.6108699940816729 0.849609375 0.003156441112645492 0.0029296875
0 0.17168080489248372 0.85009765625 0.0030578023278753207 0.00390625
0 0.34242454132965083 0.848876953125 0.0014795817715525744 0.00244140625
0 0.6832708621029789 0.848388671875 0.001578220556322746 0.00244140625
0 0.22716512132570527 0.8505859375 0.0039455513908068654 0.0068359375
0 0.360919313474058 0.84765625 0.0023673308344841193 0.0029296875
0 0.23633852830933122 0.850830078125 0.008285657920694417 0.00927734375
0 0.5515880844347998 0.8466796875 0.0013809429867824028 0.001953125
0 0.2941408561846518 0.846923828125 0.0013809429867824028 0.00244140625
0 0.29132965081870194 0.848388671875 0.002465969619254291 0.00537109375
0 0.26445058196883015 0.847412109375 0.004340106529887552 0.00439453125
0 0.30785164726770564 0.845947265625 0.0019727756954034327 0.00244140625
0 0.7124186230025646 0.84521484375 0.001085026632471888 0.001953125
0 0.6964391398697968 0.846435546875 0.0022686920497139475 0.00439453125
0 0.6751824817518248 0.84521484375 0.0019727756954034327 0.001953125
0 0.6612250937068456 0.847900390625 0.005227855592819097 0.00732421875
0 0.6527914776089958 0.847900390625 0.0033537186821858355 0.00732421875
0 0.6458867626750838 0.845947265625 0.003550996251726179 0.00341796875
0 0.29660682580390607 0.845703125 0.002959163543105149 0.0029296875
0 0.683320181495364 0.844482421875 0.001085026632471888 0.00244140625
0 0.6564411126454922 0.8466796875 0.004142828960347208 0.0068359375
0 0.5585421187610968 0.844482421875 0.003255079897415664 0.00244140625
0 0.3046952061550602 0.8447265625 0.0019727756954034327 0.0029296875
0 0.6991023870585914 0.84423828125 0.002465969619254291 0.0029296875
0 0.639080686525942 0.8447265625 0.0033537186821858355 0.00390625
0 0.3174196093904123 0.844482421875 0.0019727756954034327 0.00341796875
0 0.3442986782402841 0.844482421875 0.003255079897415664 0.00439453125
0 0.6593509567962123 0.843017578125 0.0014795817715525744 0.00244140625
0 0.5702308147563622 0.843505859375 0.004142828960347208 0.00341796875
0 0.23165318603274807 0.843505859375 0.0036496350364963502 0.00341796875
0 0.6929867824028408 0.842529296875 0.002071414480173604 0.00244140625
0 0.33256066285263364 0.842529296875 0.0012823042020122311 0.00244140625
0 0.6311402643519431 0.843994140625 0.0030578023278753207 0.00634765625
0 0.6211284276977708 0.842529296875 0.002959163543105149 0.00341796875
0 0.2603077530084829 0.843017578125 0.001578220556322746 0.00439453125
0 0.6678832116788321 0.845703125 0.0072992700729927005 0.0107421875
0 0.6427796409548234 0.842529296875 0.0028605247583349774 0.00439453125
0 0.6969816531860328 0.841552734375 0.004537384099427895 0.00341796875
0 0.2722430459656737 0.84130859375 0.0019727756954034327 0.0029296875
0 0.24146774511738014 0.842041015625 0.004734661668968239 0.00439453125
0 0.17118761096863286 0.841064453125 0.004044190175577037 0.00341796875
0 0.6719274018544091 0.841796875 0.004340106529887552 0.005859375
0 0.6624087591240876 0.84033203125 0.0022686920497139475 0.0029296875
0 0.5539060958768988 0.840576171875 0.00424146774511738 0.00341796875
0 0.23569737620832512 0.8408203125 0.0016768593410929177 0.00390625
0 0.7231702505425133 0.83984375 0.0030578023278753207 0.0029296875
0 0.35154862892089167 0.839599609375 0.0023673308344841193 0.00244140625
0 0.28447425527717496 0.840087890625 0.0033537186821858355 0.00341796875
0 0.625863089366739 0.842529296875 0.007101992503452358 0.00927734375
0 0.3596370092720458 0.8388671875 0.0011836654172420597 0.001953125
0 0.24713947524166502 0.840576171875 0.002465969619254291 0.00537109375
0 0.7024561057407773 0.837890625 0.0016768593410929177 0.001953125
0 0.6837147366344447 0.838623046875 0.0036496350364963502 0.00439453125
0 0.5751627539948708 0.838134765625 0.004537384099427895 0.00341796875
0 0.2671631485500099 0.83740234375 0.005030578023278753 0.0029296875
0 0.22292365358058788 0.83837890625 0.0033537186821858355 0.0048828125
0 0.17789504833300454 0.83740234375 0.0022686920497139475 0.0029296875
0 0.28748273821266523 0.83642578125 0.001085026632471888 0.001953125
0 0.1832215427105938 0.837646484375 0.006016965870980469 0.00439453125
0 0.279887551785362 0.836181640625 0.002071414480173604 0.00244140625
0 0.23288617084237523 0.8359375 0.0009863878477017164 0.001953125
0 0.15723022292365357 0.836181640625 0.002170053264943776 0.00244140625
0 0.6483527322943381 0.836669921875 0.007496547642533044 0.00537109375
0 0.3009962517261787 0.8349609375 0.0012823042020122311 0.001953125
0 0.2767804300651016 0.835693359375 0.002959163543105149 0.00341796875
0 0.35648056815940027 0.8349609375 0.0011836654172420597 0.0029296875
0 0.34410140067074374 0.8349609375 0.0022686920497139475 0.0029296875
0 0.25631288222529097 0.834716796875 0.001874136910633261 0.00244140625
0 0.3113040047346617 0.834228515625 0.0013809429867824028 0.00244140625
0 0.2863483921878082 0.833984375 0.0009863878477017164 0.001953125
0 0.7234168475044388 0.83349609375 0.002170053264943776 0.001953125
0 0.6789800749654764 0.83349609375 0.0012823042020122311 0.001953125
0 0.6241862300256461 0.833984375 0.005326494377589268 0.00390625
0 0.27377194712961134 0.8330078125 0.0016768593410929177 0.001953125
0 0.26109686328664433 0.833984375 0.003550996251726179 0.00390625
0 0.6176760702308147 0.83251953125 0.0017754981258630894 0.001953125
0 0.6934799763266917 0.832763671875 0.0030578023278753207 0.00341796875
0 0.3748273821266522 0.83203125 0.0011836654172420597 0.001953125
0 0.19219767212467942 0.832763671875 0.002071414480173604 0.00439453125
0 0.675872953245216 0.83154296875 0.002170053264943776 0.0029296875
0 0.7105938054843164 0.8310546875 0.001578220556322746 0.0029296875
0 0.32733280725981456 0.830322265625 0.002465969619254291 0.00244140625
0 0.2878279739593608 0.83056640625 0.0017754981258630894 0.0029296875
0 0.2566087985796015 0.83056640625 0.0014795817715525744 0.0029296875
0 0.3068652594200039 0.83203125 0.004142828960347208 0.0068359375
0 0.6268001578220557 0.829833984375 0.005819688301440126 0.00341796875
0 0.6870684553166305 0.8310546875 0.00483330045373841 0.0068359375
0 0.6801637403827185 0.8291015625 0.004044190175577037 0.0029296875
0 0.2838331031761689 0.82861328125 0.0014795817715525744 0.001953125
0 0.2305188400078911 0.829345703125 0.0025646084040244622 0.00341796875
0 0.5675182481751825 0.8291015625 0.002465969619254291 0.00390625
0 0.27204576839613337 0.82861328125 0.0023673308344841193 0.0029296875
0 0.7245018741369106 0.827392578125 0.004340106529887552 0.00341796875
0 0.713207733280726 0.8271484375 0.0036496350364963502 0.0029296875
0 0.6986585125271256 0.8271484375 0.0023673308344841193 0.0029296875
0 0.329305582955218 0.827392578125 0.0016768593410929177 0.00341796875
0 0.29996054448609194 0.826416015625 0.0017754981258630894 0.00244140625
0 0.2391990530676662 0.829345703125 0.004142828960347208 0.00830078125
0 0.6430262379167488 0.8271484375 0.0025646084040244622 0.0048828125
0 0.6187117774709016 0.82666015625 0.004044190175577037 0.00390625
0 0.6934799763266917 0.825927734375 0.0028605247583349774 0.00341796875
0 0.5702308147563622 0.825439453125 0.0011836654172420597 0.00244140625
0 0.2648944565002959 0.825439453125 0.0016768593410929177 0.00244140625
0 0.7065496153087394 0.825439453125 0.003550996251726179 0.00341796875
0 0.6387354507792464 0.8251953125 0.002071414480173604 0.0029296875
0 0.2962615900572105 0.825439453125 0.0012823042020122311 0.00341796875
0 0.6889425922272637 0.824462890625 0.001874136910633261 0.00244140625
0 0.5653975143026237 0.824462890625 0.003156441112645492 0.00244140625
0 0.27382126652199645 0.824462890625 0.000789110278161373 0.00244140625
0 0.6557999605444861 0.82373046875 0.001085026632471888 0.001953125
0 0.25498125863089366 0.824462890625 0.002170053264943776 0.00439453125
0 0.6786841586111659 0.822998046875 0.0014795817715525744 0.00244140625
0 0.6677352535016768 0.8232421875 0.001874136910633261 0.0029296875
0 0.6535312684947722 0.82666015625 0.004044190175577037 0.009765625
0 0.6951075162753995 0.822509765625 0.0039455513908068654 0.00244140625
0 0.6172815150917341 0.822021484375 0.0019727756954034327 0.00244140625
0 0.30656934306569344 0.822021484375 0.002170053264943776 0.00244140625
0 0.2812684947721444 0.822021484375 0.0014795817715525744 0.00244140625
0 0.24699151706450975 0.822021484375 0.0017754981258630894 0.00244140625
0 0.6629019530479384 0.821533203125 0.001085026632471888 0.00244140625
0 0.6505227855592819 0.821533203125 0.000789110278161373 0.00244140625
0 0.238508581574275 0.82177734375 0.0017754981258630894 0.0029296875
0 0.6826790293943579 0.821533203125 0.0027618859735648055 0.00341796875
0 0.25700335371868216 0.82373046875 0.0022686920497139475 0.0078125
0 0.1975241665022687 0.81982421875 0.003452357466956007 0.0029296875
0 0.5659400276188598 0.8193359375 0.002465969619254291 0.0029296875
0 0.7138982047741171 0.82080078125 0.008778851844545275 0.0078125
0 0.6905208127835865 0.81787109375 0.0008877490629315447 0.001953125
0 0.6221148155454724 0.8193359375 0.003748273821266522 0.0048828125
0 0.6556026829749457 0.81689453125 0.0016768593410929177 0.0029296875
0 0.670102584336161 0.820068359375 0.007200631288222529 0.01025390625
0 0.5686032748076544 0.816162109375 0.002663247188794634 0.00244140625
0 0.3292562635628329 0.816162109375 0.0025646084040244622 0.00244140625
0 0.6520023673308345 0.816162109375 0.0023673308344841193 0.00341796875
0 0.5766423357664233 0.81591796875 0.0019727756954034327 0.0029296875
0 0.6870684553166305 0.816162109375 0.0012823042020122311 0.00439453125
0 0.6747879266127441 0.81689453125 0.003550996251726179 0.005859375
0 0.6598441507200631 0.815185546875 0.0008877490629315447 0.00244140625
0 0.6462813178141645 0.816650390625 0.006312882225290984 0.00634765625
0 0.37053659498914976 0.81494140625 0.003452357466956007 0.0029296875
0 0.24990136121522982 0.816162109375 0.0038469126060366936 0.00537109375
0 0.6802130597751036 0.814453125 0.004142828960347208 0.0029296875
0 0.6580686525942 0.814697265625 0.002071414480173604 0.00341796875
0 0.2659301637403827 0.81396484375 0.003550996251726179 0.0029296875
0 0.2579897415663839 0.81494140625 0.0028605247583349774 0.0048828125
0 0.7215920299861905 0.8134765625 0.006214243440520813 0.00390625
0 0.23411915565200236 0.812255859375 0.002465969619254291 0.00244140625
0 0.6392286447030973 0.814453125 0.0036496350364963502 0.0078125
0 0.7057111856381929 0.811279296875 0.001874136910633261 0.00244140625
0 0.6331130400473466 0.813232421875 0.005819688301440126 0.00634765625
0 0.6553067666206353 0.810546875 0.0016768593410929177 0.001953125
0 0.6204872755967646 0.81103515625 0.002465969619254291 0.0029296875
0 0.3480962714539357 0.810546875 0.0013809429867824028 0.001953125
0 0.6463306372065496 0.811279296875 0.003255079897415664 0.00439453125
0 0.6695107516275399 0.809814453125 0.0014795817715525744 0.00244140625
0 0.5932136516078121 0.810791015625 0.003748273821266522 0.00439453125
0 0.709212862497534 0.80908203125 0.0017754981258630894 0.001953125
0 0.6612250937068456 0.8095703125 0.002465969619254291 0.0029296875
0 0.47943381337541924 0.80908203125 0.001085026632471888 0.001953125
0 0.2423554941803117 0.80908203125 0.0013809429867824028 0.001953125
0 0.7156243835075952 0.81201171875 0.002170053264943776 0.0087890625
0 0.29024462418623004 0.8095703125 0.002465969619254291 0.00390625
0 0.2772243045965674 0.808837890625 0.0030578023278753207 0.00244140625
0 0.722972972972973 0.808349609375 0.0012823042020122311 0.00244140625
0 0.6829256263562833 0.809326171875 0.005622410731899783 0.00634765625
0 0.6940224896429276 0.806884765625 0.0011836654172420597 0.00244140625
0 0.6407082264746499 0.80712890625 0.001085026632471888 0.0029296875
0 0.6193036101795226 0.806884765625 0.001085026632471888 0.00244140625
0 0.28807457092128624 0.806884765625 0.0014795817715525744 0.00244140625
0 0.6892878279739594 0.806396484375 0.0033537186821858355 0.00244140625
0 0.2916255671730124 0.806396484375 0.0012823042020122311 0.00244140625
0 0.6719274018544091 0.80517578125 0.0009863878477017164 0.001953125
0 0.6479088577628723 0.80517578125 0.0008877490629315447 0.001953125
0 0.6575754586703492 0.80712890625 0.0044387453146577235 0.0068359375
0 0.7210988360623397 0.80615234375 0.0022686920497139475 0.005859375
0 0.19239494969421977 0.80419921875 0.0008877490629315447 0.001953125
0 0.6670941014006707 0.8037109375 0.001578220556322746 0.001953125
0 0.6364174393371473 0.80517578125 0.0017754981258630894 0.0048828125
0 0.2552278555928191 0.80419921875 0.0008877490629315447 0.0029296875
0 0.243095285066088 0.802734375 0.0008877490629315447 0.001953125
0 0.6767607023081476 0.802490234375 0.001578220556322746 0.00244140625
0 0.6705464588676268 0.80322265625 0.001578220556322746 0.00390625
0 0.6574275004931939 0.80224609375 0.000789110278161373 0.001953125
0 0.26898796606825803 0.80224609375 0.0011836654172420597 0.001953125
0 0.5737324916157033 0.80322265625 0.0028605247583349774 0.0048828125
0 0.6435194318405997 0.802001953125 0.0033537186821858355 0.00341796875
0 0.6846024856973763 0.80078125 0.0016768593410929177 0.001953125
0 0.6593016374038272 0.801025390625 0.002170053264943776 0.00341796875
0 0.6544190175577037 0.800537109375 0.0022686920497139475 0.00244140625
0 0.7107910830538567 0.800048828125 0.0009863878477017164 0.00244140625
0 0.24635036496350365 0.79931640625 0.001874136910633261 0.001953125
0 0.22455119352929573 0.799560546875 0.0012823042020122311 0.00244140625
0 0.2526632471887946 0.800048828125 0.001874136910633261 0.00439453125
0 0.6398697968041034 0.798828125 0.0033537186821858355 0.0029296875
0 0.6249753403038074 0.7978515625 0.0027618859735648055 0.001953125
0 0.6901755770368909 0.7978515625 0.001578220556322746 0.00390625
0 0.670102584336161 0.79736328125 0.0022686920497139475 0.0029296875
0 0.5910435983428685 0.796875 0.0019727756954034327 0.001953125
0 0.6947129611363188 0.799072265625 0.005918327086210298 0.01025390625
0 0.438498717695798 0.79541015625 0.002465969619254291 0.0029296875
0 0.6646281317814164 0.794921875 0.000789110278161373 0.0029296875
0 0.5664825409350956 0.79443359375 0.004734661668968239 0.00390625
0 0.3695008877490629 0.793701171875 0.001578220556322746 0.00244140625
0 0.6783389228644703 0.79248046875 0.0013809429867824028 0.001953125
0 0.6662556717301242 0.79296875 0.0008877490629315447 0.0029296875
0 0.258039060958769 0.790771484375 0.0025646084040244622 0.00244140625
0 0.6845531663049911 0.789794921875 0.0011836654172420597 0.00244140625
0 0.24492010258433616 0.789794921875 0.0017754981258630894 0.00244140625
0 0.6982146379956599 0.7880859375 0.002663247188794634 0.001953125
0 0.6589070822647465 0.788330078125 0.002170053264943776 0.00244140625
0 0.6715821661077136 0.788330078125 0.0036496350364963502 0.00341796875
0 0.2639573880449793 0.787353515625 0.0023673308344841193 0.00244140625
0 0.6514105346222134 0.7861328125 0.002170053264943776 0.0029296875
0 0.25004931939238506 0.785888671875 0.000789110278161373 0.00244140625
0 0.6962418623002564 0.782958984375 0.002465969619254291 0.00244140625
0 0.6409548234365753 0.78271484375 0.000789110278161373 0.001953125
0 0.6654665614519629 0.782470703125 0.0014795817715525744 0.00244140625
0 0.6786841586111659 0.7822265625 0.0014795817715525744 0.0029296875
0 0.720112448214638 0.779296875 0.0012823042020122311 0.001953125
0 0.6810021700532649 0.77880859375 0.0011836654172420597 0.001953125
0 0.6688202801341487 0.78076171875 0.0022686920497139475 0.0068359375
0 0.6588577628723614 0.778076171875 0.0006904714933912014 0.00244140625
0 0.6903728546064313 0.77294921875 0.002170053264943776 0.001953125
0 0.64943775892681 0.7724609375 0.0009863878477017164 0.001953125
0 0.6429769185243638 0.76806640625 0.0014795817715525744 0.001953125
0 0.5610080883803511 0.767333984375 0.0028605247583349774 0.00244140625
0 0.6451469717893076 0.76416015625 0.001874136910633261 0.001953125
0 0.6792266719274018 0.761474609375 0.0019727756954034327 0.00244140625
0 0.7059577826001183 0.759765625 0.001578220556322746 0.001953125
0 0.6622114815545472 0.73095703125 0.0008877490629315447 0.001953125
0 0.7023574669560071 0.7255859375 0.0006904714933912014 0.001953125
0 0.6463306372065496 0.723388671875 0.0008877490629315447 0.00244140625
0 0.6197968041033735 0.714599609375 0.0022686920497139475 0.00244140625
