0 0.4250345235746696 0.999267578125 0.0019727756954034327 0.00146484375
0 0.6793253107121721 0.99853515625 0.0019727756954034327 0.0029296875
0 0.6624580785164726 0.99853515625 0.0017754981258630894 0.0029296875
0 0.19688301440126257 0.99853515625 0.000789110278161373 0.0029296875
0 0.4726277372262774 0.998046875 0.0022686920497139475 0.00390625
0 0.7343164332215427 0.997802734375 0.001085026632471888 0.00439453125
0 0.4645393568751233 0.997802734375 0.0016768593410929177 0.00439453125
0 0.23106135332412706 0.9970703125 0.0036496350364963502 0.00390625
0 0.398845926218189 0.996826171875 0.005819688301440126 0.00634765625
0 0.335618465180509 0.996826171875 0.0022686920497139475 0.00634765625
0 0.2417143420793056 0.99462890625 0.001085026632471888 0.0029296875
0 0.32634641941211284 0.9951171875 0.001874136910633261 0.0048828125
0 0.6386861313868614 0.99609375 0.008877490629315447 0.0078125
0 0.32900966660090747 0.992431640625 0.0014795817715525744 0.00244140625
0 0.7291872164134938 0.995361328125 0.0077924639968435586 0.00927734375
0 0.7275103570724009 0.984375 0.0030578023278753207 0.0029296875
0 0.40249556125468533 0.97900390625 0.0038469126060366936 0.005859375
0 0.41033734464391397 0.975341796875 0.0009863878477017164 0.00341796875
0 0.1981159992108897 0.974609375 0.002465969619254291 0.0029296875
0 0.20161767607023082 0.97314453125 0.001578220556322746 0.00390625
0 0.19525547445255476 0.97265625 0.002663247188794634 0.005859375
0 0.20314657723416849 0.96875 0.0008877490629315447 0.001953125
0 0.1967350562241073 0.966796875 0.0016768593410929177 0.00390625
0 0.3674294732688893 0.966064453125 0.0013809429867824028 0.00341796875
0 0.3746301045571119 0.96435546875 0.0017754981258630894 0.0029296875
0 0.34646873150522783 0.964599609375 0.005622410731899783 0.00341796875
0 0.3310810810810811 0.962890625 0.0012823042020122311 0.001953125
0 0.37423554941803117 0.95947265625 0.0027618859735648055 0.0048828125
0 0.3967251923456303 0.956787109375 0.0011836654172420597 0.00244140625
0 0.32013217597159205 0.953125 0.0022686920497139475 0.0029296875
0 0.3618070625369895 0.951171875 0.0027618859735648055 0.00390625
0 0.3483428684158611 0.94970703125 0.0008877490629315447 0.001953125
0 0.3573683172223318 0.95068359375 0.004340106529887552 0.0048828125
0 0.34059972381140263 0.948974609375 0.003156441112645492 0.00244140625
0 0.3362596172815151 0.94873046875 0.0009863878477017164 0.001953125
0 0.383902150325508 0.947265625 0.001578220556322746 0.0029296875
0 0.2284474255277175 0.945556640625 0.0013809429867824028 0.00341796875
0 0.38197869402248963 0.943359375 0.002071414480173604 0.0029296875
0 0.21463799565989347 0.944091796875 0.002959163543105149 0.00537109375
0 0.21103768001578221 0.94482421875 0.0038469126060366936 0.0087890625
0 0.1897810218978102 0.94140625 0.0009863878477017164 0.001953125
0 0.37507397908857765 0.94189453125 0.003452357466956007 0.00390625
0 0.20709212862497534 0.943359375 0.0044387453146577235 0.0078125
0 0.36279345038469124 0.940185546875 0.0009863878477017164 0.00244140625
0 0.39820477411718286 0.939453125 0.0011836654172420597 0.0048828125
0 0.35549418031169855 0.935791015625 0.0011836654172420597 0.00439453125
0 0.3525350167685934 0.93408203125 0.0017754981258630894 0.001953125
0 0.3662458078516473 0.93701171875 0.0033537186821858355 0.009765625
0 0.3463207733280726 0.933349609375 0.001578220556322746 0.00244140625
0 0.3383310317616887 0.931396484375 0.0011836654172420597 0.00244140625
0 0.3630400473466167 0.933837890625 0.004636022884198066 0.00830078125
0 0.34952653383310317 0.932373046875 0.0036496350364963502 0.00537109375
0 0.34291773525350167 0.93310546875 0.0038469126060366936 0.0068359375
0 0.21818899191161964 0.931884765625 0.001578220556322746 0.00439453125
0 0.3466660090747682 0.92919921875 0.001085026632471888 0.001953125
0 0.12033931741960939 0.928955078125 0.0011836654172420597 0.00244140625
0 0.35455711185638195 0.928466796875 0.002071414480173604 0.00244140625
0 0.21611757743144605 0.92822265625 0.001578220556322746 0.001953125
0 0.21789307555730913 0.927490234375 0.0013809429867824028 0.00244140625
0 0.12467942394949694 0.927490234375 0.0013809429867824028 0.00244140625
0 0.3523377391990531 0.9267578125 0.0011836654172420597 0.001953125
0 0.1237916748865654 0.928466796875 0.002959163543105149 0.00537109375
0 0.1825310712172026 0.92724609375 0.002071414480173604 0.0048828125
0 0.19915170645097652 0.925048828125 0.0009863878477017164 0.00244140625
0 0.17710593805484318 0.92529296875 0.0008877490629315447 0.0029296875
0 0.11757743144604459 0.924560546875 0.000789110278161373 0.00244140625
0 0.17567567567567569 0.92333984375 0.000789110278161373 0.001953125
0 0.41083053856776486 0.923583984375 0.0019727756954034327 0.00341796875
0 0.17927599131978694 0.923583984375 0.002465969619254291 0.00341796875
0 0.2194712961136319 0.9228515625 0.0011836654172420597 0.0029296875
0 0.4130992306174788 0.92236328125 0.0017754981258630894 0.0029296875
0 0.16951075162753995 0.921875 0.0014795817715525744 0.001953125
0 0.3786249753403038 0.922119140625 0.0014795817715525744 0.00341796875
0 0.3770467547839811 0.921875 0.001085026632471888 0.0029296875
0 0.34854014598540145 0.922119140625 0.0030578023278753207 0.00341796875
0 0.34257249950680607 0.920654296875 0.000789110278161373 0.00244140625
0 0.17306174787926612 0.92236328125 0.002465969619254291 0.005859375
0 0.384493983034129 0.91943359375 0.0011836654172420597 0.001953125
0 0.3814361807062537 0.921875 0.0023673308344841193 0.0078125
0 0.3731012033931742 0.918701171875 0.0028605247583349774 0.00341796875
0 0.2148845926218189 0.9189453125 0.0030578023278753207 0.0048828125
0 0.19540343262971 0.918701171875 0.0027618859735648055 0.00439453125
0 0.3692049713947524 0.916748046875 0.0011836654172420597 0.00244140625
0 0.35046360228841983 0.916748046875 0.001578220556322746 0.00244140625
0 0.34469323337936475 0.91650390625 0.0012823042020122311 0.0029296875
0 0.3598836062339712 0.915771484375 0.002465969619254291 0.00341796875
0 0.35682580390609586 0.9150390625 0.002465969619254291 0.0029296875
0 0.21409548234365752 0.9150390625 0.002071414480173604 0.0029296875
0 0.3998816334582758 0.9140625 0.0011836654172420597 0.001953125
0 0.22277569540343262 0.91259765625 0.001085026632471888 0.001953125
0 0.19071809035312684 0.91357421875 0.002663247188794634 0.00390625
0 0.17991714342079307 0.915283203125 0.004142828960347208 0.00732421875
0 0.3328072598145591 0.91259765625 0.0009863878477017164 0.0029296875
0 0.3279739593608207 0.91162109375 0.000789110278161373 0.001953125
0 0.35445847307161177 0.911376953125 0.0014795817715525744 0.00244140625
0 0.2176464785953837 0.912353515625 0.0036496350364963502 0.00537109375
0 0.35179522588281714 0.910888671875 0.0030578023278753207 0.00341796875
0 0.1989051094890511 0.91015625 0.0008877490629315447 0.0029296875
0 0.340797001380943 0.90966796875 0.0017754981258630894 0.0029296875
0 0.31485500098638786 0.90966796875 0.0033537186821858355 0.0029296875
0 0.14692246991517063 0.910400390625 0.001874136910633261 0.00537109375
0 0.3452357466956007 0.910888671875 0.0061156046557506415 0.00830078125
0 0.16995462615900572 0.910400390625 0.003156441112645492 0.00830078125
0 0.41714342079305583 0.90625 0.004734661668968239 0.00390625
0 0.1495857171039653 0.908447265625 0.00424146774511738 0.00830078125
0 0.3140658907082265 0.9052734375 0.0017754981258630894 0.0029296875
0 0.3418820280134149 0.904296875 0.001578220556322746 0.00390625
0 0.18307358453343855 0.90673828125 0.002170053264943776 0.0087890625
0 0.22262773722627738 0.905029296875 0.0025646084040244622 0.00634765625
0 0.3448905109489051 0.90234375 0.0012823042020122311 0.001953125
0 0.1797691852436378 0.9052734375 0.002663247188794634 0.0078125
0 0.11239889524561057 0.903076171875 0.0016768593410929177 0.00341796875
0 0.3840007891102782 0.9033203125 0.005721049516669955 0.0048828125
0 0.3801538765042415 0.901123046875 0.0011836654172420597 0.00439453125
0 0.15027618859735647 0.901123046875 0.0016768593410929177 0.00439453125
0 0.18470112448214637 0.8994140625 0.001085026632471888 0.001953125
0 0.36116591043598345 0.89892578125 0.0022686920497139475 0.0029296875
0 0.20857171039652792 0.900634765625 0.0016768593410929177 0.00634765625
0 0.3685638192937463 0.898681640625 0.0016768593410929177 0.00341796875
0 0.35682580390609586 0.89794921875 0.001874136910633261 0.001953125
0 0.3414381534819491 0.89697265625 0.001085026632471888 0.001953125
0 0.1961925429078714 0.8984375 0.002170053264943776 0.0048828125
0 0.3728052870388637 0.89794921875 0.004636022884198066 0.0068359375
0 0.09341092917735254 0.8955078125 0.001578220556322746 0.00390625
0 0.3738903136713356 0.89404296875 0.0012823042020122311 0.001953125
0 0.18065693430656934 0.896240234375 0.002663247188794634 0.00732421875
0 0.15145985401459855 0.897705078125 0.004044190175577037 0.01025390625
0 0.09730716117577431 0.895263671875 0.002465969619254291 0.00634765625
0 0.3543598342868416 0.89306640625 0.005030578023278753 0.0029296875
0 0.3192444269086605 0.893798828125 0.001085026632471888 0.00439453125
0 0.3174196093904123 0.892822265625 0.0019727756954034327 0.00244140625
0 0.16808048924837246 0.89306640625 0.0025646084040244622 0.0048828125
0 0.1856875123298481 0.890625 0.0006904714933912014 0.001953125
0 0.11160978496744921 0.891845703125 0.0014795817715525744 0.00439453125
0 0.3473564805681594 0.8896484375 0.0008877490629315447 0.001953125
0 0.17044782008285658 0.88916015625 0.0013809429867824028 0.0029296875
0 0.1317320970605642 0.88916015625 0.001085026632471888 0.0029296875
0 0.4169461432235155 0.88818359375 0.000789110278161373 0.001953125
0 0.3762083251134346 0.890380859375 0.003748273821266522 0.00634765625
0 0.35722035904517657 0.88818359375 0.0008877490629315447 0.001953125
0 0.1390313671335569 0.8896484375 0.0028605247583349774 0.0048828125
0 0.20245610574077727 0.890869140625 0.00424146774511738 0.00927734375
0 0.09360820674689288 0.888671875 0.0019727756954034327 0.0048828125
0 0.3445452752022095 0.886962890625 0.0019727756954034327 0.00244140625
0 0.1897810218978102 0.887939453125 0.0017754981258630894 0.00634765625
0 0.36343460248569737 0.8857421875 0.001085026632471888 0.0029296875
0 0.16689682383113041 0.886962890625 0.0051292168080489245 0.00634765625
0 0.3390215032550799 0.884765625 0.001578220556322746 0.0029296875
0 0.33512527125665814 0.88427734375 0.0016768593410929177 0.0029296875
0 0.14697178930755572 0.884521484375 0.0013809429867824028 0.00341796875
0 0.39485105543499704 0.88330078125 0.0011836654172420597 0.001953125
0 0.1526435194318406 0.884765625 0.002465969619254291 0.0048828125
0 0.20467547839810613 0.883056640625 0.0013809429867824028 0.00244140625
0 0.4140856184651805 0.88525390625 0.003550996251726179 0.009765625
0 0.3096271453935687 0.881591796875 0.000789110278161373 0.00244140625
0 0.34306569343065696 0.881591796875 0.0013809429867824028 0.00341796875
0 0.36008088380351155 0.880615234375 0.0008877490629315447 0.00244140625
0 0.3480469520615506 0.880859375 0.0012823042020122311 0.0029296875
0 0.30508976129414084 0.8818359375 0.005326494377589268 0.0048828125
0 0.3748767015190373 0.880859375 0.0022686920497139475 0.00390625
0 0.3366048530282107 0.880615234375 0.0044387453146577235 0.00341796875
0 0.20176563424738608 0.88232421875 0.0038469126060366936 0.0068359375
0 0.15851252712566583 0.88037109375 0.0019727756954034327 0.0029296875
0 0.15466561451962912 0.88037109375 0.0009863878477017164 0.0029296875
0 0.3404024462418623 0.88037109375 0.002170053264943776 0.00390625
0 0.10583941605839416 0.880859375 0.001578220556322746 0.0048828125
0 0.160337344643914 0.879150390625 0.0014795817715525744 0.00341796875
0 0.1001676859341093 0.881103515625 0.0022686920497139475 0.00732421875
0 0.37181889919116196 0.878173828125 0.0008877490629315447 0.00244140625
0 0.19969421976721247 0.8779296875 0.0006904714933912014 0.001953125
0 0.36871177747090156 0.878173828125 0.0011836654172420597 0.00341796875
0 0.36555533635825604 0.88232421875 0.0039455513908068654 0.01171875
0 0.3507595186427303 0.876953125 0.000789110278161373 0.001953125
0 0.3199348984020517 0.877197265625 0.002663247188794634 0.00439453125
0 0.16576247780627343 0.876953125 0.001874136910633261 0.00390625
0 0.3337443282698757 0.87548828125 0.001874136910633261 0.001953125
0 0.21010061156046558 0.87939453125 0.004340106529887552 0.009765625
0 0.2047741171828763 0.876708984375 0.0011836654172420597 0.00439453125
0 0.3891793253107122 0.875244140625 0.0014795817715525744 0.00244140625
0 0.09829354902347603 0.8759765625 0.0014795817715525744 0.00390625
0 0.33981061353324127 0.874267578125 0.002959163543105149 0.00244140625
0 0.160929177352535 0.8740234375 0.001085026632471888 0.001953125
0 0.3866640362990728 0.874755859375 0.002959163543105149 0.00439453125
0 0.31485500098638786 0.874755859375 0.0025646084040244622 0.00439453125
0 0.3369007693825212 0.87451171875 0.002663247188794634 0.0048828125
0 0.20161767607023082 0.874755859375 0.001578220556322746 0.00537109375
0 0.16245807851647268 0.875732421875 0.0023673308344841193 0.00830078125
0 0.14623199842177945 0.87255859375 0.0022686920497139475 0.00390625
0 0.33290589859932923 0.87158203125 0.0011836654172420597 0.0029296875
0 0.3276287236141251 0.87109375 0.0008877490629315447 0.001953125
0 0.19762280528703888 0.871826171875 0.002465969619254291 0.00341796875
0 0.35524758334977313 0.87109375 0.001085026632471888 0.0029296875
0 0.19426908660485304 0.8740234375 0.003452357466956007 0.0087890625
0 0.177007299270073 0.87158203125 0.0016768593410929177 0.0048828125
0 0.3139672519234563 0.870361328125 0.003156441112645492 0.00439453125
0 0.10460643124876702 0.868896484375 0.0016768593410929177 0.00439453125
0 0.354014598540146 0.87255859375 0.005523771947129611 0.0126953125
0 0.10135135135135136 0.86865234375 0.0012823042020122311 0.0048828125
0 0.3302426514105346 0.8681640625 0.0027618859735648055 0.005859375
0 0.19081672913789702 0.869873046875 0.005227855592819097 0.00927734375
0 0.14963503649635038 0.8681640625 0.0025646084040244622 0.005859375
0 0.09893470112448215 0.87060546875 0.0027618859735648055 0.0107421875
0 0.17893075557309135 0.86669921875 0.0013809429867824028 0.00390625
0 0.34434799763266916 0.86572265625 0.0039455513908068654 0.0029296875
0 0.38513513513513514 0.8642578125 0.005622410731899783 0.005859375
0 0.35825606628526335 0.8642578125 0.003550996251726179 0.005859375
0 0.20349181298086408 0.863037109375 0.001578220556322746 0.00439453125
0 0.3530282106924443 0.862548828125 0.004537384099427895 0.00439453125
0 0.15491221148155454 0.864013671875 0.006214243440520813 0.00732421875
0 0.10194318405997238 0.8623046875 0.0014795817715525744 0.005859375
0 0.13848885381732098 0.86328125 0.003550996251726179 0.009765625
0 0.38469126060366937 0.858642578125 0.0009863878477017164 0.00244140625
0 0.19984217794436773 0.85888671875 0.0013809429867824028 0.0029296875
0 0.18519431840599723 0.858642578125 0.0008877490629315447 0.00244140625
0 0.13533241270467547 0.8583984375 0.000789110278161373 0.001953125
0 0.22736239889524562 0.858642578125 0.0019727756954034327 0.00341796875
0 0.2083251134346025 0.85986328125 0.005523771947129611 0.005859375
0 0.09834286841586112 0.85791015625 0.0009863878477017164 0.001953125
0 0.38873545077924637 0.8583984375 0.0025646084040244622 0.00390625
0 0.3601302031958966 0.857421875 0.0011836654172420597 0.001953125
0 0.40944959558098243 0.85791015625 0.0013809429867824028 0.00390625
0 0.30716117577431445 0.859375 0.008877490629315447 0.0068359375
0 0.3932235154862892 0.857421875 0.0030578023278753207 0.00390625
0 0.3554448609193135 0.85693359375 0.0016768593410929177 0.0029296875
0 0.3531761688695995 0.856689453125 0.0022686920497139475 0.00244140625
0 0.2044782008285658 0.856689453125 0.002170053264943776 0.00439453125
0 0.17888143618070626 0.859130859375 0.003452357466956007 0.00927734375
0 0.22652396922469914 0.8544921875 0.0012823042020122311 0.001953125
0 0.16324718879463404 0.855712890625 0.0023673308344841193 0.00439453125
0 0.33522391004142826 0.854248046875 0.0012823042020122311 0.00244140625
0 0.11698559873742355 0.854736328125 0.0011836654172420597 0.00341796875
0 0.22193726573288616 0.85498046875 0.0011836654172420597 0.0048828125
0 0.3782797395936082 0.855224609375 0.00907476819885579 0.00732421875
0 0.22055632274610376 0.85302734375 0.000789110278161373 0.0029296875
0 0.14159597553758138 0.85546875 0.002071414480173604 0.0078125
0 0.3591438153481949 0.853759765625 0.004340106529887552 0.00537109375
0 0.33773919905306765 0.85400390625 0.003550996251726179 0.005859375
0 0.22341684750443874 0.8525390625 0.002170053264943776 0.0029296875
0 0.19777076346419412 0.852294921875 0.0005918327086210298 0.00244140625
0 0.15935095679621228 0.85693359375 0.00424146774511738 0.01171875
0 0.13508581574275005 0.8525390625 0.0016768593410929177 0.0029296875
0 0.39277964095482343 0.851318359375 0.0011836654172420597 0.00244140625
0 0.1301045571118564 0.851318359375 0.0009863878477017164 0.00341796875
0 0.3892779640954823 0.850341796875 0.0014795817715525744 0.00244140625
0 0.217251923456303 0.852294921875 0.002465969619254291 0.00634765625
0 0.12882225290984414 0.8505859375 0.0011836654172420597 0.0029296875
0 0.34257249950680607 0.8505859375 0.003748273821266522 0.00390625
0 0.33191951075162757 0.849609375 0.000789110278161373 0.001953125
0 0.22834878674294734 0.849609375 0.0017754981258630894 0.0029296875
0 0.2249950680607615 0.85009765625 0.0019727756954034327 0.00390625
0 0.2391497336752811 0.85107421875 0.003452357466956007 0.0068359375
0 0.3570230814756362 0.849365234375 0.0016768593410929177 0.00439453125
0 0.33887354507792466 0.84814453125 0.0008877490629315447 0.001953125
0 0.32979877687906883 0.84814453125 0.002465969619254291 0.001953125
0 0.13301440126257644 0.85009765625 0.0022686920497139475 0.005859375
0 0.16561451962911816 0.847900390625 0.0009863878477017164 0.00244140625
0 0.37255869007693826 0.850341796875 0.005523771947129611 0.00830078125
0 0.35347208522391005 0.85009765625 0.0044387453146577235 0.0078125
0 0.1633951469717893 0.847412109375 0.0028605247583349774 0.00244140625
0 0.3872558690076938 0.84765625 0.002170053264943776 0.00390625
0 0.34829354902347603 0.8466796875 0.0013809429867824028 0.001953125
0 0.21197474847109884 0.84765625 0.001578220556322746 0.00390625
0 0.18159400276188598 0.847900390625 0.001578220556322746 0.00439453125
0 0.33399092523180113 0.846435546875 0.001578220556322746 0.00244140625
0 0.15772341684750443 0.845947265625 0.0011836654172420597 0.00244140625
0 0.14470309725784178 0.847412109375 0.004734661668968239 0.00537109375
0 0.12837837837837837 0.845947265625 0.001085026632471888 0.00244140625
0 0.23767015190372853 0.845947265625 0.0016768593410929177 0.00341796875
0 0.21370092720457684 0.84814453125 0.002071414480173604 0.0078125
0 0.23900177549812587 0.845947265625 0.0013809429867824028 0.00439453125
0 0.15974551193529296 0.84619140625 0.001874136910633261 0.0048828125
0 0.10796014993095285 0.844970703125 0.0016768593410929177 0.00244140625
0 0.1662063523377392 0.84423828125 0.0011836654172420597 0.0029296875
0 0.1553560860130203 0.84423828125 0.0009863878477017164 0.0029296875
0 0.3435588873545078 0.84375 0.001578220556322746 0.0029296875
0 0.13523377391990532 0.84326171875 0.0009863878477017164 0.001953125
0 0.09553166304991123 0.844482421875 0.0030578023278753207 0.00439453125
0 0.32003353718682187 0.8427734375 0.003255079897415664 0.005859375
0 0.16946143223515486 0.84619140625 0.008285657920694417 0.0126953125
0 0.15915367922667192 0.84130859375 0.0012823042020122311 0.0029296875
0 0.3940619451568357 0.842529296875 0.004537384099427895 0.00634765625
0 0.24501874136910634 0.84423828125 0.004734661668968239 0.009765625
0 0.12221345433024265 0.841552734375 0.0013809429867824028 0.00439453125
0 0.13261984612349575 0.840576171875 0.0022686920497139475 0.00537109375
0 0.39953639771158017 0.838623046875 0.001085026632471888 0.00244140625
0 0.14450581968830145 0.83935546875 0.0017754981258630894 0.00390625
0 0.36905701321759715 0.841552734375 0.0044387453146577235 0.00927734375
0 0.3234365752613928 0.83837890625 0.004142828960347208 0.0029296875
0 0.2993193923850858 0.83740234375 0.0008877490629315447 0.001953125
0 0.22987768790688498 0.838134765625 0.002071414480173604 0.00341796875
0 0.3358650621424344 0.8369140625 0.003156441112645492 0.0029296875
0 0.1780430065101598 0.83740234375 0.0011836654172420597 0.00390625
0 0.12221345433024265 0.837158203125 0.001578220556322746 0.00341796875
0 0.35307753008482934 0.837158203125 0.003452357466956007 0.00439453125
0 0.1543696981653186 0.8388671875 0.0019727756954034327 0.0078125
0 0.4030873939633064 0.8369140625 0.0016768593410929177 0.0048828125
0 0.3142631682777668 0.835693359375 0.001578220556322746 0.00244140625
0 0.12778654566975736 0.837890625 0.002071414480173604 0.0068359375
0 0.36116591043598345 0.8349609375 0.001085026632471888 0.0029296875
0 0.16990530676662063 0.837646484375 0.0044387453146577235 0.00830078125
0 0.13858749260209113 0.834228515625 0.0017754981258630894 0.00244140625
0 0.3577135529690274 0.83740234375 0.005622410731899783 0.009765625
0 0.3483921878082462 0.83544921875 0.005918327086210298 0.005859375
0 0.3848885381732097 0.83349609375 0.0019727756954034327 0.0029296875
0 0.33630893667390016 0.8330078125 0.0008877490629315447 0.001953125
0 0.34503846912606034 0.832763671875 0.0013809429867824028 0.00244140625
0 0.16388834089564017 0.834716796875 0.0044387453146577235 0.00634765625
0 0.3974649832314066 0.833740234375 0.005030578023278753 0.00537109375
0 0.21547642533043992 0.83349609375 0.002071414480173604 0.0048828125
0 0.15101597948313278 0.83447265625 0.0027618859735648055 0.0078125
0 0.11521010061156046 0.8330078125 0.001578220556322746 0.0048828125
0 0.19520615506016967 0.832275390625 0.002959163543105149 0.00439453125
0 0.32185835470507 0.831298828125 0.003156441112645492 0.00341796875
0 0.14692246991517063 0.833251953125 0.0030578023278753207 0.00732421875
0 0.32836851449990134 0.832275390625 0.0017754981258630894 0.00634765625
0 0.19239494969421977 0.83251953125 0.0022686920497139475 0.0068359375
0 0.15866048530282106 0.83349609375 0.00483330045373841 0.0087890625
0 0.32531071217202606 0.83251953125 0.003550996251726179 0.0078125
0 0.22435391595975537 0.830078125 0.002663247188794634 0.0029296875
0 0.19732688893272834 0.82958984375 0.001874136910633261 0.0029296875
0 0.36945156835667786 0.828125 0.002071414480173604 0.001953125
0 0.3411422371276386 0.82861328125 0.0008877490629315447 0.0029296875
0 0.152298283685145 0.827880859375 0.0009863878477017164 0.00244140625
0 0.1417932531071217 0.83251953125 0.0044387453146577235 0.01171875
0 0.382767804300651 0.828857421875 0.004636022884198066 0.00537109375
0 0.37112842769777077 0.830078125 0.00483330045373841 0.0078125
0 0.3394653777865457 0.827880859375 0.0016768593410929177 0.00341796875
0 0.15491221148155454 0.82861328125 0.002071414480173604 0.005859375
0 0.13543105148944565 0.829345703125 0.0027618859735648055 0.00732421875
0 0.3104655750641152 0.825439453125 0.0016768593410929177 0.00244140625
0 0.15875912408759124 0.825927734375 0.0008877490629315447 0.00341796875
0 0.1383902150325508 0.825927734375 0.0025646084040244622 0.00341796875
0 0.34341092917735255 0.824462890625 0.0008877490629315447 0.00244140625
0 0.1255178536200434 0.82421875 0.0012823042020122311 0.0029296875
0 0.3260505030578023 0.82421875 0.002465969619254291 0.005859375
0 0.3755178536200434 0.822998046875 0.0011836654172420597 0.00439453125
0 0.34193134740579995 0.82177734375 0.0014795817715525744 0.001953125
0 0.19727756954034326 0.823974609375 0.0039455513908068654 0.00634765625
0 0.3315742750049319 0.82177734375 0.002663247188794634 0.0029296875
0 0.22460051292168082 0.8232421875 0.002959163543105149 0.005859375
0 0.3836062339711975 0.822265625 0.003748273821266522 0.005859375
0 0.3663937660288025 0.820556640625 0.0022686920497139475 0.00244140625
0 0.35164726770566185 0.8203125 0.0009863878477017164 0.001953125
0 0.3222035904517656 0.82275390625 0.002465969619254291 0.0068359375
0 0.13913000591832708 0.82080078125 0.001085026632471888 0.0029296875
0 0.3687610968632866 0.820556640625 0.001874136910633261 0.00341796875
0 0.13695995265338332 0.820068359375 0.001085026632471888 0.00244140625
0 0.37324916157032945 0.82080078125 0.002959163543105149 0.005859375
0 0.35539554152692837 0.819580078125 0.0051292168080489245 0.00341796875
0 0.19851055434997042 0.819091796875 0.002071414480173604 0.00244140625
0 0.1940224896429276 0.8212890625 0.0023673308344841193 0.0068359375
0 0.18248175182481752 0.8193359375 0.0011836654172420597 0.00390625
0 0.39208916946143224 0.81884765625 0.0009863878477017164 0.00390625
0 0.1078121917537976 0.818359375 0.000789110278161373 0.0029296875
0 0.10652988755178536 0.818115234375 0.000789110278161373 0.00244140625
0 0.3884395344249359 0.818115234375 0.0013809429867824028 0.00341796875
0 0.37675083842967055 0.817626953125 0.0014795817715525744 0.00244140625
0 0.2378181100808838 0.818359375 0.0017754981258630894 0.00390625
0 0.15116393766028802 0.818115234375 0.0028605247583349774 0.00439453125
0 0.12541921483527324 0.817138671875 0.001085026632471888 0.00244140625
0 0.12147366344446636 0.818115234375 0.0014795817715525744 0.00439453125
0 0.12369303610179523 0.81787109375 0.0023673308344841193 0.005859375
0 0.370684553166305 0.81591796875 0.002959163543105149 0.0029296875
0 0.35416255671730124 0.81591796875 0.0016768593410929177 0.0029296875
0 0.17932531071217203 0.81640625 0.0019727756954034327 0.00390625
0 0.3579601499309529 0.8154296875 0.000789110278161373 0.0029296875
0 0.10993292562635629 0.815673828125 0.001085026632471888 0.00341796875
0 0.1412014203985007 0.8173828125 0.0030578023278753207 0.0078125
0 0.3376898796606826 0.8134765625 0.0008877490629315447 0.001953125
0 0.23175182481751824 0.814208984375 0.002465969619254291 0.00439453125
0 0.10376800157822055 0.814453125 0.001578220556322746 0.0048828125
0 0.21675872953245215 0.812744140625 0.0008877490629315447 0.00244140625
0 0.15279147760899586 0.8134765625 0.0019727756954034327 0.00390625
0 0.13641743933714737 0.81298828125 0.000789110278161373 0.0029296875
0 0.08985993292562636 0.81298828125 0.000789110278161373 0.0029296875
0 0.40136121522982837 0.81201171875 0.0017754981258630894 0.0029296875
0 0.13439534424935884 0.812744140625 0.0012823042020122311 0.00439453125
0 0.35909449595580983 0.811279296875 0.0008877490629315447 0.00244140625
0 0.13824225685539554 0.8134765625 0.002071414480173604 0.0068359375
0 0.10159794831327679 0.8125 0.001578220556322746 0.0048828125
0 0.2145393568751233 0.810791015625 0.0011836654172420597 0.00244140625
0 0.12823042020122313 0.810791015625 0.0013809429867824028 0.00439453125
0 0.15417242059577826 0.81005859375 0.0019727756954034327 0.00390625
0 0.17607023081475637 0.809326171875 0.0013809429867824028 0.00341796875
0 0.11160978496744921 0.810302734375 0.0014795817715525744 0.00537109375
0 0.1056914578812389 0.809326171875 0.001874136910633261 0.00341796875
0 0.3676760702308148 0.80859375 0.0008877490629315447 0.0029296875
0 0.28486881041625567 0.808349609375 0.0013809429867824028 0.00244140625
0 0.36940224896429275 0.808349609375 0.002170053264943776 0.00341796875
0 0.337344643913987 0.8076171875 0.000789110278161373 0.001953125
0 0.14889524561057407 0.808349609375 0.001085026632471888 0.00341796875
0 0.3957388044979286 0.809326171875 0.0061156046557506415 0.00634765625
0 0.37329848096271456 0.80859375 0.004044190175577037 0.0048828125
0 0.20043401065298874 0.807861328125 0.0011836654172420597 0.00341796875
0 0.19283882422568555 0.80712890625 0.0013809429867824028 0.001953125
0 0.17168080489248372 0.807373046875 0.0028605247583349774 0.00244140625
0 0.10204182284474256 0.80859375 0.0028605247583349774 0.0048828125
0 0.2546853422765831 0.8076171875 0.0011836654172420597 0.00390625
0 0.15589859932925626 0.807373046875 0.0008877490629315447 0.00341796875
0 0.13232392976918525 0.80859375 0.001874136910633261 0.005859375
0 0.13656539751430263 0.80712890625 0.0014795817715525744 0.00390625
0 0.14692246991517063 0.805908203125 0.0006904714933912014 0.00244140625
0 0.14578812389031368 0.805908203125 0.000789110278161373 0.00244140625
0 0.14356875123298482 0.807861328125 0.004636022884198066 0.00634765625
0 0.3354211876109686 0.80419921875 0.001085026632471888 0.001953125
0 0.11851449990136122 0.807373046875 0.003255079897415664 0.00830078125
0 0.14889524561057407 0.803955078125 0.0012823042020122311 0.00244140625
0 0.13395146971789307 0.804443359375 0.0009863878477017164 0.00341796875
0 0.12946340501085027 0.8046875 0.0022686920497139475 0.00390625
0 0.3753698954428881 0.80322265625 0.0014795817715525744 0.001953125
0 0.37250937068455314 0.803955078125 0.0038469126060366936 0.00341796875
0 0.36294140856184653 0.808837890625 0.0066087985796014995 0.01318359375
0 0.1039652791477609 0.804931640625 0.001578220556322746 0.00537109375
0 0.1735056224107319 0.80322265625 0.0009863878477017164 0.0029296875
0 0.414924048135727 0.8046875 0.002663247188794634 0.0068359375
0 0.39174393371473665 0.804443359375 0.0016768593410929177 0.00634765625
0 0.3592917735253502 0.80224609375 0.0006904714933912014 0.001953125
0 0.29946735056224105 0.80224609375 0.001578220556322746 0.001953125
0 0.13513513513513514 0.802734375 0.0009863878477017164 0.0029296875
0 0.13158413888340895 0.802734375 0.000789110278161373 0.0029296875
0 0.38454330242651413 0.804443359375 0.003255079897415664 0.00732421875
0 0.20497139475241666 0.805419921875 0.005326494377589268 0.00927734375
0 0.1456401657131584 0.80224609375 0.0014795817715525744 0.0029296875
0 0.14243440520812783 0.802001953125 0.0011836654172420597 0.00244140625
0 0.12043795620437957 0.802734375 0.0013809429867824028 0.00390625
0 0.3335963700927205 0.80224609375 0.0017754981258630894 0.00390625
0 0.11565397514302624 0.8037109375 0.0016768593410929177 0.0068359375
0 0.29384493983034127 0.80126953125 0.0011836654172420597 0.0029296875
0 0.22593213651607813 0.80126953125 0.0014795817715525744 0.0029296875
0 0.3384296705464589 0.800537109375 0.002170053264943776 0.00244140625
0 0.12596172815150916 0.80029296875 0.0013809429867824028 0.0029296875
0 0.1071217202604064 0.803466796875 0.003156441112645492 0.00927734375
0 0.2385579009666601 0.79931640625 0.0008877490629315447 0.001953125
0 0.19722825014795817 0.80029296875 0.0016768593410929177 0.00390625
0 0.1675872953245216 0.802001953125 0.005326494377589268 0.00732421875
0 0.12941408561846518 0.80029296875 0.0011836654172420597 0.00390625
0 0.1105740777273624 0.8037109375 0.002959163543105149 0.0107421875
0 0.39450581968830145 0.79931640625 0.0008877490629315447 0.0029296875
0 0.2809725784178339 0.798828125 0.001874136910633261 0.001953125
0 0.17158216610771354 0.7998046875 0.001874136910633261 0.00390625
0 0.15880844347997633 0.800048828125 0.002170053264943776 0.00439453125
0 0.22795423160386663 0.80029296875 0.0019727756954034327 0.005859375
0 0.3981061353324127 0.7978515625 0.0023673308344841193 0.00390625
0 0.2051193529295719 0.797119140625 0.001874136910633261 0.00341796875
0 0.3661471690668771 0.798828125 0.0061156046557506415 0.0078125
0 0.2636614716906688 0.798095703125 0.002170053264943776 0.00634765625
0 0.20916354310514895 0.796142578125 0.001085026632471888 0.00244140625
0 0.14134937857565594 0.7958984375 0.001578220556322746 0.001953125
0 0.09982245018741369 0.796630859375 0.0017754981258630894 0.00341796875
0 0.3704379562043796 0.797607421875 0.0028605247583349774 0.00634765625
0 0.3080982442296311 0.797607421875 0.00483330045373841 0.00634765625
0 0.3337443282698757 0.796142578125 0.001874136910633261 0.00439453125
0 0.3313769974353916 0.796630859375 0.0022686920497139475 0.00537109375
0 0.16541724205957783 0.796875 0.0025646084040244622 0.005859375
0 0.12058591438153482 0.79541015625 0.001085026632471888 0.0029296875
0 0.4006707437364372 0.796142578125 0.002170053264943776 0.00537109375
0 0.39480173604261193 0.794921875 0.0014795817715525744 0.0029296875
0 0.3876011047543894 0.79736328125 0.004044190175577037 0.0078125
0 0.35574077727362396 0.79638671875 0.00542513316235944 0.005859375
0 0.24067863483921878 0.79443359375 0.0009863878477017164 0.001953125
0 0.177007299270073 0.7998046875 0.005819688301440126 0.0126953125
0 0.15866048530282106 0.794921875 0.001874136910633261 0.0029296875
0 0.10633260998224502 0.79541015625 0.001578220556322746 0.00390625
0 0.3971690668770961 0.794189453125 0.0016768593410929177 0.00244140625
0 0.37393963306372063 0.794921875 0.0039455513908068654 0.00390625
0 0.12191753797593213 0.794189453125 0.0013809429867824028 0.00244140625
0 0.3290589859932926 0.794921875 0.002170053264943776 0.0048828125
0 0.22159202998619057 0.794677734375 0.0016768593410929177 0.00439453125
0 0.13084434799763267 0.793212890625 0.0006904714933912014 0.00244140625
0 0.35061156046557507 0.793212890625 0.001085026632471888 0.00341796875
0 0.13799565989347012 0.794921875 0.005721049516669955 0.0087890625
0 0.3855790096666009 0.7919921875 0.003748273821266522 0.00390625
0 0.3446439139869797 0.791015625 0.0023673308344841193 0.001953125
0 0.15496153087393963 0.7958984375 0.004340106529887552 0.01171875
0 0.11451962911816926 0.795166015625 0.0025646084040244622 0.01025390625
0 0.390215032550799 0.790771484375 0.0011836654172420597 0.00244140625
0 0.3547050700335372 0.79150390625 0.0019727756954034327 0.00390625
0 0.21158019333201816 0.79052734375 0.0009863878477017164 0.001953125
0 0.13276780430065102 0.791748046875 0.0011836654172420597 0.00439453125
0 0.12832905898599328 0.791748046875 0.001578220556322746 0.00439453125
0 0.10381732097060564 0.791015625 0.0014795817715525744 0.0029296875
0 0.34661668968238313 0.790283203125 0.000789110278161373 0.00244140625
0 0.17814164529492996 0.7900390625 0.0009863878477017164 0.0029296875
0 0.16798185046360228 0.7900390625 0.0019727756954034327 0.0029296875
0 0.3567271651213257 0.78955078125 0.0022686920497139475 0.0029296875
0 0.3407476819885579 0.790771484375 0.005030578023278753 0.00537109375
0 0.16196488459262182 0.79296875 0.0039455513908068654 0.009765625
0 0.10845334385480371 0.79150390625 0.0028605247583349774 0.0068359375
0 0.41043598342868415 0.790283203125 0.004142828960347208 0.00537109375
0 0.35140067074373643 0.78955078125 0.001874136910633261 0.00390625
0 0.19658709804695207 0.790283203125 0.0025646084040244622 0.00537109375
0 0.12571513118958375 0.790283203125 0.0028605247583349774 0.00537109375
0 0.09267113829157625 0.789794921875 0.0014795817715525744 0.00439453125
0 0.3659992108897218 0.79052734375 0.006016965870980469 0.0068359375
0 0.3480962714539357 0.7880859375 0.000789110278161373 0.001953125
0 0.1512625764450582 0.78857421875 0.001085026632471888 0.00390625
0 0.1536792266719274 0.788818359375 0.0019727756954034327 0.00537109375
0 0.24852041822844742 0.78662109375 0.001085026632471888 0.001953125
0 0.32900966660090747 0.787109375 0.0030578023278753207 0.00390625
0 0.14159597553758138 0.7880859375 0.0016768593410929177 0.005859375
0 0.13789702110869995 0.78759765625 0.003550996251726179 0.0048828125
0 0.3953442493588479 0.78857421875 0.004734661668968239 0.0078125
0 0.2357466956007102 0.78759765625 0.0017754981258630894 0.005859375
0 0.38779838232392977 0.786376953125 0.002071414480173604 0.00439453125
0 0.3615604655750641 0.78564453125 0.003255079897415664 0.0029296875
0 0.3219569934898402 0.78515625 0.0019727756954034327 0.001953125
0 0.14342079305582955 0.78662109375 0.0013809429867824028 0.0048828125
0 0.1213750246596962 0.78759765625 0.0016768593410929177 0.0068359375
0 0.09932925626356283 0.786865234375 0.0023673308344841193 0.00537109375
0 0.343115012823042 0.78466796875 0.0012823042020122311 0.001953125
0 0.22321956993489842 0.78515625 0.0017754981258630894 0.0029296875
0 0.23875517853620043 0.7841796875 0.0012823042020122311 0.001953125
0 0.21897810218978103 0.78515625 0.001578220556322746 0.00390625
0 0.20289998027224304 0.7841796875 0.0009863878477017164 0.001953125
0 0.16783389228644702 0.785400390625 0.0012823042020122311 0.00439453125
0 0.11501282304202012 0.784423828125 0.0009863878477017164 0.00244140625
0 0.22765831524955613 0.787841796875 0.005918327086210298 0.01025390625
0 0.2141941211284277 0.78564453125 0.0028605247583349774 0.005859375
0 0.20748668376405602 0.78515625 0.002071414480173604 0.0048828125
0 0.19135924245413297 0.785888671875 0.001578220556322746 0.00634765625
0 0.18026237916748866 0.78564453125 0.006016965870980469 0.005859375
0 0.1487966068258039 0.78466796875 0.0022686920497139475 0.00390625
0 0.3740382718484908 0.785888671875 0.007496547642533044 0.00732421875
0 0.33330045373840994 0.783447265625 0.002170053264943776 0.00244140625
0 0.21690668770960742 0.784423828125 0.0013809429867824028 0.00439453125
0 0.19791872164134938 0.78515625 0.003255079897415664 0.005859375
0 0.22755967646478595 0.783447265625 0.0009863878477017164 0.00341796875
0 0.22129611363188006 0.782958984375 0.0008877490629315447 0.00244140625
0 0.13661471690668772 0.78271484375 0.000789110278161373 0.001953125
0 0.3905109489051095 0.7822265625 0.0009863878477017164 0.001953125
0 0.32550798974156636 0.783447265625 0.0017754981258630894 0.00439453125
0 0.2472381140264352 0.782470703125 0.0012823042020122311 0.00244140625
0 0.1661570329453541 0.7841796875 0.002071414480173604 0.005859375
0 0.40900572104951666 0.782958984375 0.0036496350364963502 0.00439453125
0 0.1237916748865654 0.781982421875 0.0011836654172420597 0.00244140625
0 0.3574176366147169 0.7822265625 0.002465969619254291 0.00390625
0 0.23727559676464785 0.781494140625 0.0006904714933912014 0.00244140625
0 0.20428092325902544 0.78125 0.0011836654172420597 0.001953125
0 0.17113829157624777 0.784423828125 0.003748273821266522 0.00830078125
0 0.3535214046162951 0.78076171875 0.0009863878477017164 0.001953125
0 0.3481455908463208 0.781005859375 0.0014795817715525744 0.00244140625
0 0.23599329256263563 0.78125 0.0012823042020122311 0.0029296875
0 0.11072203590451765 0.78271484375 0.001874136910633261 0.005859375
0 0.3605740777273624 0.7802734375 0.0016768593410929177 0.001953125
0 0.1293647662260801 0.781005859375 0.0008877490629315447 0.00341796875
0 0.1790293943578615 0.78076171875 0.0013809429867824028 0.00390625
0 0.1390313671335569 0.7802734375 0.0008877490629315447 0.0029296875
0 0.17256855395541526 0.77978515625 0.0008877490629315447 0.0029296875
0 0.16778457289406196 0.779296875 0.0009863878477017164 0.001953125
0 0.09543302426514105 0.780029296875 0.001085026632471888 0.00341796875
0 0.3467153284671533 0.779541015625 0.0011836654172420597 0.00341796875
0 0.33290589859932923 0.779541015625 0.001578220556322746 0.00341796875
0 0.258039060958769 0.782470703125 0.0033537186821858355 0.00927734375
0 0.3952949299664628 0.77880859375 0.0008877490629315447 0.0029296875
0 0.32767804300651016 0.77978515625 0.0033537186821858355 0.0048828125
0 0.2900473466166897 0.781005859375 0.003452357466956007 0.00732421875
0 0.42192740185440913 0.780517578125 0.004044190175577037 0.00732421875
0 0.40047346616689683 0.780029296875 0.009272045768396133 0.00634765625
0 0.2499506806076149 0.778076171875 0.0009863878477017164 0.00244140625
0 0.0935095679621227 0.77978515625 0.002170053264943776 0.005859375
0 0.20674689287827974 0.77783203125 0.0011836654172420597 0.0029296875
0 0.3140165713158414 0.7783203125 0.0016768593410929177 0.0048828125
0 0.3810909449595581 0.77685546875 0.0012823042020122311 0.0029296875
0 0.37842769777076346 0.7783203125 0.0030578023278753207 0.005859375
0 0.22302229236535806 0.778076171875 0.0027618859735648055 0.00537109375
0 0.19466364174393372 0.777099609375 0.0022686920497139475 0.00341796875
0 0.412063523377392 0.780029296875 0.005030578023278753 0.01123046875
0 0.10140067074373643 0.7763671875 0.0017754981258630894 0.00390625
0 0.2131584138883409 0.775390625 0.0027618859735648055 0.0029296875
0 0.19708029197080293 0.775634765625 0.0011836654172420597 0.00341796875
0 0.19219767212467942 0.77734375 0.0022686920497139475 0.0068359375
0 0.10460643124876702 0.780029296875 0.00424146774511738 0.01220703125
0 0.3912014203985007 0.775390625 0.004340106529887552 0.00390625
0 0.32397908857762875 0.774658203125 0.002465969619254291 0.00244140625
0 0.1759715920299862 0.775146484375 0.0019727756954034327 0.00341796875
0 0.1624087591240876 0.775146484375 0.001874136910633261 0.00341796875
0 0.37640560268297496 0.77392578125 0.001578220556322746 0.001953125
0 0.20408364568948512 0.774169921875 0.000789110278161373 0.00244140625
0 0.1564411126454922 0.77490234375 0.0017754981258630894 0.00390625
0 0.2385579009666601 0.7734375 0.0008877490629315447 0.001953125
0 0.22154271059380548 0.77392578125 0.0013809429867824028 0.0029296875
0 0.15002959163543106 0.77587890625 0.002959163543105149 0.0068359375
0 0.33152495561254686 0.77392578125 0.003748273821266522 0.00390625
0 0.3701913592424541 0.774169921875 0.003748273821266522 0.00537109375
0 0.3387749062931545 0.777099609375 0.0028605247583349774 0.01123046875
0 0.3360130203195897 0.772705078125 0.001874136910633261 0.00244140625
0 0.29058985993292563 0.7724609375 0.000789110278161373 0.001953125
0 0.23046952061550602 0.773681640625 0.0012823042020122311 0.00439453125
0 0.12453146577234168 0.774169921875 0.003255079897415664 0.00537109375
0 0.36136318800552375 0.774169921875 0.002663247188794634 0.00634765625
0 0.30538567764845137 0.772705078125 0.002170053264943776 0.00341796875
0 0.23446439139869796 0.773193359375 0.0011836654172420597 0.00439453125
0 0.19323337936476623 0.772705078125 0.0025646084040244622 0.00341796875
0 0.2009765239692247 0.771484375 0.0008877490629315447 0.001953125
0 0.1539751430262379 0.7734375 0.0023673308344841193 0.005859375
0 0.37458078516472676 0.77099609375 0.0006904714933912014 0.001953125
0 0.3510061156046558 0.771484375 0.0014795817715525744 0.0029296875
0 0.24921088972183864 0.772216796875 0.001085026632471888 0.00439453125
0 0.3813868613138686 0.7705078125 0.0008877490629315447 0.001953125
0 0.3546557506411521 0.771728515625 0.0012823042020122311 0.00439453125
0 0.16886959952653383 0.771240234375 0.0011836654172420597 0.00341796875
0 0.39445650029591633 0.771240234375 0.0019727756954034327 0.00439453125
0 0.27204576839613337 0.7705078125 0.000789110278161373 0.0029296875
0 0.24644900374827383 0.775146484375 0.0036496350364963502 0.01220703125
0 0.1443085421187611 0.7724609375 0.0027618859735648055 0.0068359375
0 0.23273821266521996 0.771484375 0.0016768593410929177 0.005859375
0 0.1731110672716512 0.771728515625 0.0023673308344841193 0.00634765625
0 0.4016078121917538 0.77197265625 0.006806076149141842 0.0078125
0 0.34543302426514105 0.76904296875 0.000789110278161373 0.001953125
0 0.34375616492404815 0.77099609375 0.001578220556322746 0.005859375
0 0.2169560071019925 0.773681640625 0.0028605247583349774 0.01123046875
0 0.2653383310317617 0.768798828125 0.0009863878477017164 0.00244140625
0 0.1790787137502466 0.771484375 0.003255079897415664 0.0078125
0 0.3404517656342474 0.771728515625 0.0030578023278753207 0.00927734375
0 0.332757940422174 0.768798828125 0.0012823042020122311 0.00341796875
0 0.23628920891694613 0.7724609375 0.0028605247583349774 0.0107421875
0 0.20576050503057802 0.770263671875 0.0019727756954034327 0.00634765625
0 0.3765535608601302 0.767822265625 0.0028605247583349774 0.00244140625
0 0.3522391004142829 0.767822265625 0.000789110278161373 0.00244140625
0 0.20837443282698756 0.76806640625 0.0012823042020122311 0.0029296875
0 0.13789702110869995 0.768310546875 0.0011836654172420597 0.00341796875
0 0.3181100808838035 0.7685546875 0.0033537186821858355 0.0048828125
0 0.17015190372854608 0.767822265625 0.0009863878477017164 0.00341796875
0 0.1185638192937463 0.767822265625 0.001578220556322746 0.00341796875
0 0.34878674294732687 0.7666015625 0.0009863878477017164 0.001953125
0 0.1567863483921878 0.766845703125 0.0014795817715525744 0.00244140625
0 0.18238311304004734 0.77099609375 0.0039455513908068654 0.01171875
0 0.11077135529690274 0.768798828125 0.0025646084040244622 0.00732421875
0 0.40530676662063525 0.76513671875 0.0009863878477017164 0.001953125
0 0.40215032550798974 0.7666015625 0.0017754981258630894 0.0048828125
0 0.38474057999605443 0.765869140625 0.00424146774511738 0.00341796875
0 0.17434405208127837 0.765625 0.0014795817715525744 0.0029296875
0 0.11274413099230618 0.764892578125 0.000789110278161373 0.00244140625
0 0.2308640757545867 0.764404296875 0.0008877490629315447 0.00244140625
0 0.2116788321167883 0.76611328125 0.003156441112645492 0.005859375
0 0.1457388044979286 0.764892578125 0.0014795817715525744 0.00341796875
0 0.3938646675872953 0.7646484375 0.0025646084040244622 0.00390625
0 0.39031367133556916 0.763671875 0.0017754981258630894 0.001953125
0 0.14277964095482343 0.765869140625 0.0030578023278753207 0.00634765625
0 0.4209410140067074 0.764404296875 0.002465969619254291 0.00439453125
0 0.2544387453146577 0.763671875 0.001085026632471888 0.0029296875
0 0.11461826790293944 0.76611328125 0.002959163543105149 0.0078125
0 0.40900572104951666 0.763671875 0.0012823042020122311 0.00390625
0 0.36244821463799565 0.7626953125 0.0012823042020122311 0.001953125
0 0.09484119155652003 0.7685546875 0.004636022884198066 0.013671875
0 0.28462221345433025 0.765625 0.0022686920497139475 0.0087890625
0 0.13257052673111067 0.76220703125 0.000789110278161373 0.001953125
0 0.2399881633458276 0.765625 0.003748273821266522 0.009765625
0 0.23268889327283487 0.76318359375 0.002170053264943776 0.0048828125
0 0.216660090747682 0.76318359375 0.0036496350364963502 0.0048828125
0 0.13927796409548235 0.76220703125 0.000789110278161373 0.0029296875
0 0.12359439731702505 0.761962890625 0.000789110278161373 0.00244140625
0 0.10648056815940028 0.763671875 0.0014795817715525744 0.005859375
0 0.31939238508581574 0.760986328125 0.0009863878477017164 0.00244140625
0 0.22617873347800355 0.76220703125 0.002170053264943776 0.0048828125
0 0.1509666600907477 0.76416015625 0.002465969619254291 0.0087890625
0 0.13439534424935884 0.76171875 0.0012823042020122311 0.00390625
0 0.33665417242059575 0.76171875 0.003748273821266522 0.005859375
0 0.3224501874136911 0.762451171875 0.0027618859735648055 0.00732421875
0 0.2785066087985796 0.76025390625 0.0014795817715525744 0.0029296875
0 0.097701716314855 0.76171875 0.002071414480173604 0.005859375
0 0.12078319195107516 0.76123046875 0.001874136910633261 0.005859375
0 0.31687709607417636 0.760986328125 0.002071414480173604 0.00634765625
0 0.09202998619057014 0.760498046875 0.0013809429867824028 0.00537109375
0 0.40565200236733084 0.759521484375 0.002071414480173604 0.00439453125
0 0.35144999013612155 0.7587890625 0.003550996251726179 0.0029296875
0 0.1561451962911817 0.7587890625 0.0017754981258630894 0.0029296875
0 0.112645492207536 0.760498046875 0.0027618859735648055 0.00634765625
0 0.18267902939435787 0.759521484375 0.0025646084040244622 0.00537109375
0 0.17917735253501677 0.76025390625 0.003452357466956007 0.0068359375
0 0.3963799565989347 0.76123046875 0.005819688301440126 0.009765625
0 0.38301440126257646 0.7578125 0.0011836654172420597 0.0029296875
0 0.26617676070230817 0.757568359375 0.002465969619254291 0.00341796875
0 0.2444762280528704 0.760009765625 0.008778851844545275 0.00830078125
0 0.23426711382915763 0.7578125 0.0039455513908068654 0.00390625
0 0.23046952061550602 0.75732421875 0.002465969619254291 0.0029296875
0 0.17636614716906687 0.757568359375 0.0013809429867824028 0.00341796875
0 0.17355494180311698 0.760009765625 0.0036496350364963502 0.00830078125
0 0.14243440520812783 0.758544921875 0.0027618859735648055 0.00537109375
0 0.12714539356875124 0.757568359375 0.0011836654172420597 0.00341796875
0 0.12403827184849082 0.757568359375 0.0008877490629315447 0.00341796875
0 0.2508384296705465 0.76025390625 0.003550996251726179 0.009765625
0 0.20388636811994476 0.756591796875 0.0019727756954034327 0.00244140625
0 0.16398697968041034 0.756591796875 0.0014795817715525744 0.00244140625
0 0.15974551193529296 0.759033203125 0.0028605247583349774 0.00732421875
0 0.1536792266719274 0.7568359375 0.0017754981258630894 0.0029296875
0 0.12157230222923654 0.756591796875 0.0008877490629315447 0.00341796875
0 0.37472874334188205 0.75537109375 0.0009863878477017164 0.001953125
0 0.32802327875320575 0.759033203125 0.0030578023278753207 0.00927734375
0 0.12892089169461432 0.755859375 0.0011836654172420597 0.0029296875
0 0.3145590846320773 0.75732421875 0.0019727756954034327 0.0068359375
0 0.21231998421779444 0.755859375 0.0022686920497139475 0.00390625
0 0.17059577826001185 0.756591796875 0.002071414480173604 0.00537109375
0 0.717794436772539 0.754638671875 0.0019727756954034327 0.00244140625
0 0.3109587689879661 0.7548828125 0.0008877490629315447 0.0029296875
0 0.30365949891497335 0.754638671875 0.001085026632471888 0.00244140625
0 0.16773525350167687 0.755126953125 0.0008877490629315447 0.00341796875
0 0.33596370092720457 0.754150390625 0.000789110278161373 0.00244140625
0 0.41127441309923063 0.754150390625 0.0016768593410929177 0.00341796875
0 0.40170645097652397 0.754638671875 0.002663247188794634 0.00439453125
0 0.13671335569145787 0.755859375 0.0019727756954034327 0.0068359375
0 0.7275596764647859 0.755615234375 0.005326494377589268 0.00732421875
0 0.3728052870388637 0.75439453125 0.0016768593410929177 0.0048828125
0 0.3567271651213257 0.7529296875 0.0008877490629315447 0.001953125
0 0.31870191359242456 0.754638671875 0.0019727756954034327 0.00537109375
0 0.1797198658512527 0.753662109375 0.002959163543105149 0.00341796875
0 0.13804497928585518 0.753662109375 0.0012823042020122311 0.00341796875
0 0.405750641152101 0.75341796875 0.004636022884198066 0.00390625
0 0.2044288814361807 0.7529296875 0.001874136910633261 0.0029296875
0 0.28294535411323735 0.752685546875 0.0008877490629315447 0.00341796875
0 0.3768987966068258 0.7529296875 0.0011836654172420597 0.0048828125
0 0.3658019333201815 0.751708984375 0.002071414480173604 0.00244140625
0 0.2378674294732689 0.75146484375 0.002663247188794634 0.001953125
0 0.3886861313868613 0.7529296875 0.0038469126060366936 0.005859375
0 0.2700236733083448 0.758056640625 0.00483330045373841 0.01611328125
0 0.2597159202998619 0.7548828125 0.003550996251726179 0.009765625
0 0.16822844742552773 0.751220703125 0.0016768593410929177 0.00244140625
0 0.243095285066088 0.75146484375 0.0014795817715525744 0.00390625
0 0.10815742750049319 0.751953125 0.0012823042020122311 0.0048828125
0 0.24906293154468337 0.75146484375 0.001578220556322746 0.0048828125
0 0.09923061747879267 0.75048828125 0.001578220556322746 0.0029296875
0 0.198855790096666 0.749755859375 0.000789110278161373 0.00244140625
0 0.17725389623199841 0.75146484375 0.0017754981258630894 0.005859375
0 0.14993095285066088 0.75 0.0009863878477017164 0.0029296875
0 0.35406391793253106 0.750244140625 0.0014795817715525744 0.00439453125
0 0.3117971986585125 0.75 0.0009863878477017164 0.00390625
0 0.30716117577431445 0.75244140625 0.004734661668968239 0.0087890625
0 0.20842375221937265 0.7509765625 0.0027618859735648055 0.005859375
0 0.18031169855987375 0.749267578125 0.000789110278161373 0.00244140625
0 0.11210297889130005 0.7490234375 0.001085026632471888 0.001953125
0 0.25078911027816136 0.749267578125 0.001085026632471888 0.00341796875
0 0.1897810218978102 0.7490234375 0.0009863878477017164 0.0029296875
0 0.14356875123298482 0.748779296875 0.0012823042020122311 0.00244140625
0 0.11013020319589663 0.75048828125 0.0016768593410929177 0.005859375
0 0.32392976918524363 0.74951171875 0.004142828960347208 0.0048828125
0 0.3094791872164135 0.7490234375 0.003255079897415664 0.00390625
0 0.706352337739199 0.747802734375 0.000789110278161373 0.00244140625
0 0.2562142434405208 0.74951171875 0.002071414480173604 0.005859375
0 0.16551588084434798 0.748291015625 0.0013809429867824028 0.00341796875
0 0.27895048333004535 0.747802734375 0.0017754981258630894 0.00341796875
0 0.24501874136910634 0.749267578125 0.0019727756954034327 0.00634765625
0 0.5007891102781614 0.746826171875 0.001578220556322746 0.00244140625
0 0.29502860524758334 0.7470703125 0.002170053264943776 0.0029296875
0 0.1278851844545275 0.748779296875 0.002465969619254291 0.00634765625
0 0.3820773328072598 0.74755859375 0.006016965870980469 0.0048828125
0 0.24122114815545473 0.7470703125 0.0012823042020122311 0.00390625
0 0.0939041231012034 0.74658203125 0.0013809429867824028 0.0029296875
0 0.37196685736831725 0.7470703125 0.0019727756954034327 0.0048828125
0 0.3007496547642533 0.7490234375 0.0039455513908068654 0.0087890625
0 0.34410140067074374 0.74609375 0.001874136910633261 0.00390625
0 0.3024265141053462 0.74560546875 0.0013809429867824028 0.0029296875
0 0.3386269481159992 0.7451171875 0.0013809429867824028 0.0029296875
0 0.33187019135924245 0.747802734375 0.0038469126060366936 0.00830078125
0 0.11047543894259222 0.74462890625 0.0009863878477017164 0.001953125
0 0.5188400078911027 0.74609375 0.005721049516669955 0.005859375
0 0.40910435983428683 0.745361328125 0.001874136910633261 0.00439453125
0 0.3222035904517656 0.744384765625 0.0022686920497139475 0.00244140625
0 0.24348984020516867 0.744384765625 0.001085026632471888 0.00244140625
0 0.2363878477017163 0.746337890625 0.0038469126060366936 0.00634765625
0 0.206894851055435 0.744140625 0.0012823042020122311 0.0029296875
0 0.20294929966462813 0.743896484375 0.0016768593410929177 0.00244140625
0 0.11205365949891498 0.744384765625 0.0011836654172420597 0.00341796875
0 0.10741763661471691 0.744140625 0.001578220556322746 0.00390625
0 0.4133951469717893 0.7431640625 0.002959163543105149 0.0029296875
0 0.2781120536594989 0.742919921875 0.0022686920497139475 0.00244140625
0 0.2166107713552969 0.744140625 0.0019727756954034327 0.0048828125
0 0.1213750246596962 0.743408203125 0.0012823042020122311 0.00341796875
0 0.34518642730321564 0.74267578125 0.0016768593410929177 0.0029296875
0 0.248273821266522 0.74267578125 0.0011836654172420597 0.0029296875
0 0.18376405602682974 0.742919921875 0.0017754981258630894 0.00341796875
0 0.7251430262379167 0.7431640625 0.002071414480173604 0.0048828125
0 0.40708226474649833 0.741943359375 0.0009863878477017164 0.00244140625
0 0.2968041033734464 0.745849609375 0.002959163543105149 0.01025390625
0 0.28294535411323735 0.742431640625 0.0012823042020122311 0.00341796875
0 0.1650720063128822 0.74267578125 0.002071414480173604 0.00390625
0 0.36831722233182085 0.742431640625 0.0017754981258630894 0.00439453125
0 0.3091339514697179 0.74267578125 0.0019727756954034327 0.0048828125
0 0.12734267113829156 0.742431640625 0.001578220556322746 0.00439453125
0 0.39450581968830145 0.74609375 0.006214243440520813 0.0126953125
0 0.27406786348392187 0.744873046875 0.005030578023278753 0.01025390625
0 0.15875912408759124 0.7412109375 0.001874136910633261 0.0029296875
0 0.13666403629907278 0.742431640625 0.0036496350364963502 0.00537109375
0 0.2013217597159203 0.740234375 0.0009863878477017164 0.001953125
0 0.10071019925034523 0.740234375 0.000789110278161373 0.001953125
0 0.09750443874531466 0.740478515625 0.001085026632471888 0.00244140625
0 0.3854310514894457 0.7412109375 0.0014795817715525744 0.0048828125
0 0.32299270072992703 0.740234375 0.0014795817715525744 0.0029296875
0 0.24960544486091932 0.740234375 0.0008877490629315447 0.0029296875
0 0.2225290984415072 0.741943359375 0.0017754981258630894 0.00634765625
0 0.4294239494969422 0.739501953125 0.0014795817715525744 0.00341796875
0 0.32516275399487077 0.73974609375 0.0014795817715525744 0.00390625
0 0.3202801341487473 0.739990234375 0.0011836654172420597 0.00439453125
0 0.12458078516472677 0.7412109375 0.0017754981258630894 0.0068359375
0 0.7111363188005524 0.73876953125 0.0012823042020122311 0.0029296875
0 0.16147169066877096 0.738525390625 0.0013809429867824028 0.00244140625
0 0.11461826790293944 0.738525390625 0.000789110278161373 0.00244140625
0 0.5226869204971395 0.73876953125 0.0023673308344841193 0.0048828125
0 0.3509074768198856 0.73681640625 0.0008877490629315447 0.001953125
0 0.19155652002367332 0.739501953125 0.003156441112645492 0.00732421875
0 0.18479976326691655 0.737060546875 0.0014795817715525744 0.00244140625
0 0.1714342079305583 0.737060546875 0.002170053264943776 0.00244140625
0 0.25956796212270666 0.736328125 0.0014795817715525744 0.0029296875
0 0.16916551588084436 0.737060546875 0.0019727756954034327 0.00439453125
0 0.13390215032550798 0.73681640625 0.0014795817715525744 0.00390625
0 0.40491221148155454 0.73828125 0.005523771947129611 0.0078125
0 0.27875320576050505 0.73681640625 0.0023673308344841193 0.0048828125
0 0.5031071217202604 0.73828125 0.00542513316235944 0.0087890625
0 0.49911225093706846 0.738525390625 0.0027618859735648055 0.00927734375
0 0.3696981653186033 0.7353515625 0.001578220556322746 0.0029296875
0 0.10904517656342474 0.736083984375 0.002465969619254291 0.00439453125
0 0.30306766620635234 0.7353515625 0.001874136910633261 0.00390625
0 0.26829749457486685 0.736083984375 0.0017754981258630894 0.00537109375
0 0.16413493785756558 0.73486328125 0.0017754981258630894 0.0029296875
0 0.12892089169461432 0.736572265625 0.0017754981258630894 0.00634765625
0 0.18031169855987375 0.735595703125 0.0013809429867824028 0.00537109375
0 0.1784375616492405 0.734375 0.0017754981258630894 0.0029296875
0 0.7007299270072993 0.73388671875 0.0013809429867824028 0.0029296875
0 0.31929374630104557 0.734375 0.0013809429867824028 0.00390625
0 0.27239100414282896 0.73681640625 0.006214243440520813 0.0087890625
0 0.11915565200236733 0.73681640625 0.003156441112645492 0.0087890625
0 0.17523180114420991 0.734619140625 0.0014795817715525744 0.00537109375
0 0.3536200434010653 0.7333984375 0.0011836654172420597 0.00390625
0 0.7225784178338923 0.732666015625 0.002071414480173604 0.00341796875
0 0.5066087985796015 0.73388671875 0.003156441112645492 0.005859375
0 0.7206056421384889 0.734130859375 0.0044387453146577235 0.00732421875
0 0.37606036693627937 0.731689453125 0.0008877490629315447 0.00244140625
0 0.31219175379759323 0.732177734375 0.0013809429867824028 0.00341796875
0 0.30992306174787926 0.731689453125 0.0013809429867824028 0.00244140625
0 0.10322548826198462 0.734130859375 0.005227855592819097 0.00732421875
0 0.4198559873742356 0.73388671875 0.005622410731899783 0.0078125
0 0.3602781613730519 0.73193359375 0.002663247188794634 0.00390625
0 0.2930558295521799 0.732666015625 0.0039455513908068654 0.00537109375
0 0.7169066877096074 0.7314453125 0.0017754981258630894 0.00390625
0 0.6500789110278161 0.73291015625 0.003452357466956007 0.0068359375
0 0.4301637403827185 0.7333984375 0.003748273821266522 0.0078125
0 0.37803314263168275 0.730712890625 0.002465969619254291 0.00244140625
0 0.7116788321167883 0.730224609375 0.001578220556322746 0.00244140625
0 0.2399881633458276 0.732666015625 0.0019727756954034327 0.00732421875
0 0.49635036496350365 0.729736328125 0.0011836654172420597 0.00244140625
0 0.7018642730321563 0.730224609375 0.0030578023278753207 0.00439453125
0 0.4113730518840008 0.73046875 0.002071414480173604 0.0048828125
0 0.31998421779443675 0.72900390625 0.000789110278161373 0.001953125
0 0.2711086999408167 0.72998046875 0.0016768593410929177 0.00390625
0 0.12078319195107516 0.731201171875 0.0030578023278753207 0.00634765625
0 0.3497731307950286 0.729736328125 0.0027618859735648055 0.00439453125
0 0.41531860327480763 0.7314453125 0.003255079897415664 0.0087890625
0 0.2803314263168278 0.728271484375 0.0013809429867824028 0.00244140625
0 0.10509962517261787 0.728759765625 0.0008877490629315447 0.00341796875
0 0.4082166107713553 0.730712890625 0.003255079897415664 0.00830078125
0 0.32146379956598936 0.7275390625 0.0013809429867824028 0.001953125
0 0.3029197080291971 0.727294921875 0.000789110278161373 0.00244140625
0 0.4262181889919116 0.72705078125 0.0017754981258630894 0.0029296875
0 0.34198066679818506 0.727294921875 0.001578220556322746 0.00341796875
0 0.42256855395541526 0.72607421875 0.000789110278161373 0.001953125
0 0.39509765239692246 0.72607421875 0.0022686920497139475 0.001953125
0 0.3078023278753206 0.727783203125 0.0014795817715525744 0.00537109375
0 0.28294535411323735 0.7275390625 0.002071414480173604 0.0048828125
0 0.7260800946932334 0.7265625 0.0025646084040244622 0.00390625
0 0.6464292759913198 0.72802734375 0.003255079897415664 0.0068359375
0 0.3139179325310712 0.7255859375 0.001085026632471888 0.001953125
0 0.3007496547642533 0.72607421875 0.0013809429867824028 0.0029296875
0 0.25438942592227265 0.7255859375 0.0009863878477017164 0.001953125
0 0.13414874728743342 0.725830078125 0.0009863878477017164 0.00244140625
0 0.4051094890510949 0.7255859375 0.002959163543105149 0.00390625
0 0.3159893470112448 0.7265625 0.0016768593410929177 0.005859375
0 0.7311599921088973 0.726318359375 0.0036496350364963502 0.00634765625
0 0.27416650226869205 0.725341796875 0.00483330045373841 0.00439453125
0 0.12048727559676464 0.724609375 0.002071414480173604 0.0029296875
0 0.3100710199250345 0.725830078125 0.002071414480173604 0.00634765625
0 0.26514105346222133 0.72412109375 0.002959163543105149 0.00390625
0 0.2499506806076149 0.7236328125 0.0017754981258630894 0.0029296875
0 0.7331327678043007 0.72265625 0.0022686920497139475 0.001953125
0 0.4103866640362991 0.722900390625 0.0030578023278753207 0.00244140625
0 0.28772933517459065 0.7265625 0.0033537186821858355 0.009765625
0 0.2810712172026041 0.723388671875 0.001085026632471888 0.00341796875
0 0.2530084829354902 0.72265625 0.0009863878477017164 0.001953125
0 0.20363977115801934 0.72265625 0.001085026632471888 0.001953125
0 0.1773525350167686 0.723388671875 0.0009863878477017164 0.00341796875
0 0.1279838232392977 0.723388671875 0.0014795817715525744 0.00341796875
0 0.3185046360228842 0.72314453125 0.0023673308344841193 0.00390625
0 0.2973466166896824 0.727294921875 0.0038469126060366936 0.01220703125
0 0.42064509765239694 0.724609375 0.004044190175577037 0.0078125
0 0.15303807457092128 0.721923828125 0.0014795817715525744 0.00244140625
0 0.6489445650029592 0.721435546875 0.0013809429867824028 0.00244140625
0 0.486782402840797 0.7236328125 0.004142828960347208 0.0068359375
0 0.4482146379956599 0.721435546875 0.000789110278161373 0.00244140625
0 0.4183270862102979 0.722412109375 0.0023673308344841193 0.00439453125
0 0.3342375221937266 0.721435546875 0.0006904714933912014 0.00244140625
0 0.29300651015979484 0.721435546875 0.0022686920497139475 0.00244140625
0 0.27944367725389624 0.722900390625 0.0013809429867824028 0.00537109375
0 0.2674097455119353 0.721923828125 0.0009863878477017164 0.00341796875
0 0.24344052081278358 0.72265625 0.002959163543105149 0.0048828125
0 0.23037088183073584 0.72119140625 0.0016768593410929177 0.001953125
0 0.16630499112250938 0.7216796875 0.0019727756954034327 0.0029296875
0 0.1515584927993687 0.721923828125 0.0008877490629315447 0.00341796875
0 0.5108995857171039 0.723388671875 0.0030578023278753207 0.00732421875
0 0.41487472874334186 0.720947265625 0.002170053264943776 0.00244140625
0 0.37606036693627937 0.721435546875 0.002663247188794634 0.00341796875
0 0.2608009469323338 0.720703125 0.0009863878477017164 0.0029296875
0 0.7053166304991122 0.719970703125 0.0014795817715525744 0.00244140625
0 0.4772144407180903 0.723388671875 0.003748273821266522 0.00927734375
0 0.36955020714144804 0.719970703125 0.0012823042020122311 0.00341796875
0 0.6543203787729335 0.720458984375 0.002071414480173604 0.00537109375
0 0.26829749457486685 0.7197265625 0.0009863878477017164 0.00390625
0 0.2228743341882028 0.718994140625 0.0012823042020122311 0.00244140625
0 0.3323140658907082 0.718505859375 0.0019727756954034327 0.00244140625
0 0.27456105740777276 0.7197265625 0.002663247188794634 0.0048828125
0 0.13030183468139672 0.719482421875 0.0017754981258630894 0.00439453125
0 0.10968632866443086 0.71923828125 0.0013809429867824028 0.00390625
0 0.10214046162951272 0.718505859375 0.001085026632471888 0.00244140625
0 0.4056026829749457 0.7177734375 0.0011836654172420597 0.001953125
0 0.32935490234760306 0.718017578125 0.002170053264943776 0.00244140625
0 0.6909153679226672 0.717529296875 0.0012823042020122311 0.00244140625
0 0.4718879463405011 0.7197265625 0.0061156046557506415 0.0068359375
0 0.11279345038469125 0.7177734375 0.0022686920497139475 0.0029296875
0 0.25078911027816136 0.7177734375 0.0012823042020122311 0.00390625
0 0.7194219767212467 0.718017578125 0.0036496350364963502 0.00537109375
0 0.708078516472677 0.718994140625 0.0028605247583349774 0.00732421875
0 0.6775004931939238 0.717041015625 0.00424146774511738 0.00341796875
0 0.5169658709804695 0.719482421875 0.005326494377589268 0.00830078125
0 0.5071513118958374 0.721435546875 0.00424146774511738 0.01220703125
0 0.4905306766620635 0.716552734375 0.000789110278161373 0.00244140625
0 0.4801736042611955 0.716796875 0.0019727756954034327 0.0029296875
0 0.4596074176366147 0.718505859375 0.002071414480173604 0.00732421875
0 0.13375419214835274 0.716064453125 0.0019727756954034327 0.00244140625
0 0.3967251923456303 0.716064453125 0.0023673308344841193 0.00439453125
0 0.30400473466166894 0.715087890625 0.0009863878477017164 0.00244140625
0 0.2579404221739988 0.7158203125 0.0019727756954034327 0.00390625
0 0.6645788123890314 0.717529296875 0.003452357466956007 0.00830078125
0 0.4246399684355889 0.716064453125 0.0025646084040244622 0.00537109375
0 0.2169560071019925 0.715576171875 0.0016768593410929177 0.00439453125
0 0.5191359242454133 0.714599609375 0.0017754981258630894 0.00341796875
0 0.4209410140067074 0.715087890625 0.0022686920497139475 0.00439453125
0 0.28871572302229237 0.71533203125 0.0017754981258630894 0.0048828125
0 0.20630301834681397 0.714111328125 0.001085026632471888 0.00244140625
0 0.5067074373643716 0.713623046875 0.0011836654172420597 0.00341796875
0 0.4824916157032945 0.7138671875 0.0014795817715525744 0.00390625
0 0.3911027816137305 0.713134765625 0.001578220556322746 0.00244140625
0 0.5213552969027422 0.71337890625 0.0016768593410929177 0.00390625
0 0.7266226080094693 0.714111328125 0.003255079897415664 0.00634765625
0 0.4589662655356086 0.715087890625 0.0025646084040244622 0.00830078125
0 0.24713947524166502 0.712158203125 0.0008877490629315447 0.00244140625
0 0.09069836259617281 0.71240234375 0.0008877490629315447 0.0029296875
0 0.4116196488459262 0.713623046875 0.008088380351154074 0.00634765625
0 0.4042710593805484 0.71337890625 0.00483330045373841 0.005859375
0 0.7156243835075952 0.7138671875 0.007693825212073387 0.0078125
0 0.6575754586703492 0.713134765625 0.007200631288222529 0.00634765625
0 0.5314657723416848 0.712158203125 0.0023673308344841193 0.00439453125
0 0.4962517261787335 0.712890625 0.004142828960347208 0.005859375
0 0.35278161373051886 0.71142578125 0.0014795817715525744 0.00390625
0 0.27342671138291574 0.71240234375 0.0019727756954034327 0.005859375
0 0.11900769382521208 0.7119140625 0.005030578023278753 0.0048828125
0 0.6793253107121721 0.710693359375 0.0033537186821858355 0.00439453125
0 0.5009863878477017 0.71142578125 0.003748273821266522 0.005859375
0 0.4309035312684948 0.710205078125 0.003452357466956007 0.00341796875
0 0.2822548826198461 0.709716796875 0.0008877490629315447 0.00244140625
0 0.09188202801341487 0.709716796875 0.001085026632471888 0.00341796875
0 0.3237324916157033 0.708984375 0.0009863878477017164 0.0029296875
0 0.27239100414282896 0.708740234375 0.002465969619254291 0.00244140625
0 0.26371079108305384 0.70947265625 0.0014795817715525744 0.00390625
0 0.1960939041231012 0.708984375 0.0019727756954034327 0.0029296875
0 0.19269086604853028 0.709716796875 0.0030578023278753207 0.00439453125
0 0.7219865851252713 0.708251953125 0.001085026632471888 0.00244140625
0 0.4072795423160387 0.7099609375 0.002170053264943776 0.005859375
0 0.40279147760899586 0.70849609375 0.001874136910633261 0.0029296875
0 0.4001775498125863 0.708740234375 0.0009863878477017164 0.00341796875
0 0.3752219372657329 0.7080078125 0.0013809429867824028 0.001953125
0 0.732195699348984 0.707763671875 0.0013809429867824028 0.00244140625
0 0.20941014006707437 0.70751953125 0.0009863878477017164 0.001953125
0 0.10509962517261787 0.70849609375 0.001085026632471888 0.00390625
0 0.2566087985796015 0.70703125 0.001874136910633261 0.0029296875
0 0.20329453541132372 0.70654296875 0.0009863878477017164 0.001953125
0 0.31756756756756754 0.707275390625 0.0012823042020122311 0.00439453125
0 0.6328664430854212 0.707275390625 0.004340106529887552 0.00537109375
0 0.4790392582363385 0.70556640625 0.0012823042020122311 0.0029296875
0 0.2706155060169659 0.70556640625 0.001874136910633261 0.0029296875
0 0.12522193726573289 0.707763671875 0.002071414480173604 0.00732421875
0 0.714933912014204 0.705078125 0.003156441112645492 0.0029296875
0 0.3454823436575261 0.70458984375 0.001085026632471888 0.001953125
0 0.09923061747879267 0.704345703125 0.000789110278161373 0.00244140625
0 0.7209508778851844 0.705078125 0.0023673308344841193 0.0048828125
0 0.47751035707240086 0.704833984375 0.001578220556322746 0.00439453125
0 0.4274018544091537 0.704345703125 0.004931939238508582 0.00341796875
0 0.4238508581574275 0.704345703125 0.0013809429867824028 0.00341796875
0 0.7093608206746893 0.7080078125 0.006411521010061156 0.01171875
0 0.6939238508581574 0.703857421875 0.001578220556322746 0.00341796875
0 0.7266226080094693 0.70263671875 0.002663247188794634 0.001953125
0 0.49141842572499506 0.70458984375 0.0027618859735648055 0.005859375
0 0.6035707240086802 0.703125 0.002959163543105149 0.00390625
0 0.4944269086604853 0.704833984375 0.0022686920497139475 0.00732421875
0 0.46720260406391795 0.705810546875 0.005819688301440126 0.00927734375
0 0.46187610968632864 0.705322265625 0.0044387453146577235 0.00830078125
0 0.27007299270072993 0.7021484375 0.0011836654172420597 0.001953125
0 0.43553955415269285 0.70458984375 0.003452357466956007 0.0078125
0 0.415515880844348 0.7021484375 0.0014795817715525744 0.0029296875
0 0.0914381534819491 0.701904296875 0.000789110278161373 0.00244140625
0 0.7305681594002762 0.701416015625 0.0022686920497139475 0.00244140625
0 0.6840599723811402 0.703369140625 0.0019727756954034327 0.00634765625
0 0.5138094298678241 0.707275390625 0.010652988755178536 0.01416015625
0 0.5221444071809035 0.70263671875 0.0022686920497139475 0.005859375
0 0.5192838824225685 0.70068359375 0.0030578023278753207 0.001953125
0 0.4822943381337542 0.701171875 0.003255079897415664 0.0029296875
0 0.7066482540935096 0.700439453125 0.0019727756954034327 0.00244140625
0 0.6910633260998225 0.701904296875 0.0017754981258630894 0.00537109375
0 0.49985204182284476 0.701171875 0.002663247188794634 0.00390625
0 0.4610376800157822 0.70068359375 0.0011836654172420597 0.0029296875
0 0.5100118366541724 0.70361328125 0.005622410731899783 0.0107421875
0 0.479877687906885 0.69970703125 0.0017754981258630894 0.0029296875
0 0.4746498323140659 0.701904296875 0.0033537186821858355 0.00732421875
0 0.6685736831722233 0.69970703125 0.001578220556322746 0.00390625
0 0.4726277372262774 0.703125 0.00483330045373841 0.0107421875
0 0.6788321167883211 0.702392578125 0.0072992700729927005 0.01025390625
0 0.5291970802919708 0.69873046875 0.002959163543105149 0.0029296875
0 0.5050798974156638 0.70068359375 0.0028605247583349774 0.0068359375
0 0.7184849082659301 0.697998046875 0.0009863878477017164 0.00244140625
0 0.5259913197869402 0.697509765625 0.002071414480173604 0.00244140625
0 0.4667587295324522 0.7001953125 0.004340106529887552 0.0078125
0 0.43647662260800946 0.698486328125 0.002170053264943776 0.00439453125
0 0.5372361412507398 0.697021484375 0.0022686920497139475 0.00244140625
0 0.6542217399881634 0.69677734375 0.0044387453146577235 0.0029296875
0 0.6259124087591241 0.697509765625 0.001874136910633261 0.00537109375
0 0.4331722233182087 0.696533203125 0.003255079897415664 0.00341796875
0 0.4570428092325903 0.697998046875 0.004044190175577037 0.00732421875
0 0.4276484513710791 0.696044921875 0.0012823042020122311 0.00341796875
0 0.4050601696587098 0.694580078125 0.0008877490629315447 0.00244140625
0 0.7101992503452358 0.696044921875 0.0039455513908068654 0.00634765625
0 0.7009765239692247 0.696044921875 0.006411521010061156 0.00634765625
0 0.622410731899783 0.695068359375 0.001578220556322746 0.00439453125
0 0.46123495758532257 0.695068359375 0.0027618859735648055 0.00439453125
0 0.4529986190570132 0.6943359375 0.0012823042020122311 0.0029296875
0 0.7162162162162162 0.6943359375 0.0039455513908068654 0.00390625
0 0.4197080291970803 0.6943359375 0.001578220556322746 0.00390625
0 0.24625172617873348 0.693603515625 0.001085026632471888 0.00244140625
0 0.6382915762477807 0.6943359375 0.003550996251726179 0.0048828125
0 0.5092227263760111 0.693115234375 0.0012823042020122311 0.00244140625
0 0.680459656737029 0.6923828125 0.0008877490629315447 0.001953125
0 0.37670151903728544 0.692626953125 0.001578220556322746 0.00244140625
0 0.6957486683764056 0.695068359375 0.00424146774511738 0.00830078125
0 0.507496547642533 0.693603515625 0.001578220556322746 0.00537109375
0 0.5045373840994279 0.692138671875 0.0033537186821858355 0.00244140625
0 0.4630597751035707 0.69189453125 0.0008877490629315447 0.001953125
0 0.7067468928782797 0.69384765625 0.002170053264943776 0.0068359375
0 0.5252515289011639 0.6923828125 0.0023673308344841193 0.00390625
0 0.5126257644505819 0.694580078125 0.0051292168080489245 0.00830078125
0 0.6316827776681792 0.69140625 0.002170053264943776 0.0029296875
0 0.5199743539159598 0.69384765625 0.0028605247583349774 0.0078125
0 0.3949990136121523 0.69140625 0.0016768593410929177 0.0029296875
0 0.0907476819885579 0.691162109375 0.0009863878477017164 0.00244140625
0 0.6289702110869994 0.69091796875 0.0028605247583349774 0.0029296875
0 0.4830834484119156 0.69287109375 0.0030578023278753207 0.0068359375
0 0.41359242454132966 0.6904296875 0.0027618859735648055 0.001953125
0 0.4701617676070231 0.6904296875 0.003452357466956007 0.0029296875
0 0.7156737028999802 0.689697265625 0.001874136910633261 0.00244140625
0 0.6687216413493786 0.689697265625 0.0038469126060366936 0.00244140625
0 0.6025350167685934 0.69140625 0.005227855592819097 0.005859375
0 0.5987374235549418 0.689697265625 0.0017754981258630894 0.00244140625
0 0.496547642533044 0.689697265625 0.001578220556322746 0.00244140625
0 0.4431347405799961 0.691162109375 0.0030578023278753207 0.00537109375
0 0.6739988163345828 0.689208984375 0.0011836654172420597 0.00244140625
0 0.7225784178338923 0.69287109375 0.004636022884198066 0.0107421875
0 0.6840106529887552 0.689208984375 0.001085026632471888 0.00341796875
0 0.5738804497928586 0.68896484375 0.0019727756954034327 0.0029296875
0 0.4336654172420596 0.68896484375 0.0014795817715525744 0.0029296875
0 0.6918031169855987 0.690185546875 0.0044387453146577235 0.00634765625
0 0.6604359834286841 0.69189453125 0.010159794831327678 0.009765625
0 0.518987966068258 0.68798828125 0.002071414480173604 0.001953125
0 0.7185835470507004 0.687744140625 0.002959163543105149 0.00244140625
0 0.6536299072795423 0.68798828125 0.0022686920497139475 0.0029296875
0 0.6351351351351351 0.68798828125 0.003156441112645492 0.0029296875
0 0.5312191753797593 0.68798828125 0.002465969619254291 0.0029296875
0 0.48806470704280924 0.68994140625 0.004537384099427895 0.0078125
0 0.7029492996646282 0.68798828125 0.005622410731899783 0.0048828125
0 0.4659202998619057 0.687744140625 0.0038469126060366936 0.00439453125
0 0.4588676267508384 0.6875 0.0019727756954034327 0.00390625
0 0.72701716314855 0.688720703125 0.007595186427303216 0.00732421875
0 0.447721444071809 0.68603515625 0.0013809429867824028 0.001953125
0 0.6385381732097061 0.687255859375 0.002663247188794634 0.00537109375
0 0.6031761688695996 0.686279296875 0.0039455513908068654 0.00341796875
0 0.6775004931939238 0.685302734375 0.001085026632471888 0.00244140625
0 0.6272440323535214 0.68798828125 0.004340106529887552 0.0078125
0 0.5819688301440126 0.685546875 0.0011836654172420597 0.0029296875
0 0.5031071217202604 0.686279296875 0.0036496350364963502 0.00439453125
0 0.6810514894456501 0.68603515625 0.0044387453146577235 0.005859375
0 0.5298382323929769 0.68359375 0.001874136910633261 0.001953125
0 0.7059577826001183 0.683837890625 0.0017754981258630894 0.00341796875
0 0.6894851055434997 0.683837890625 0.0017754981258630894 0.00341796875
0 0.6430755573091339 0.685791015625 0.0022686920497139475 0.00732421875
0 0.5255474452554745 0.68408203125 0.0025646084040244622 0.00390625
0 0.5760998224501874 0.685791015625 0.006411521010061156 0.00830078125
0 0.6158512527125666 0.68408203125 0.0028605247583349774 0.0068359375
0 0.5833990925231801 0.681884765625 0.0012823042020122311 0.00244140625
0 0.5352140461629513 0.68212890625 0.003156441112645492 0.0029296875
0 0.4567962122706648 0.681640625 0.0013809429867824028 0.001953125
0 0.6563424738607221 0.681640625 0.001578220556322746 0.0029296875
0 0.5870487275596765 0.683837890625 0.00424146774511738 0.00732421875
0 0.6215229828368515 0.6806640625 0.001578220556322746 0.0029296875
0 0.6203886368119945 0.687744140625 0.005819688301440126 0.01708984375
0 0.5574077727362399 0.6806640625 0.0019727756954034327 0.0048828125
0 0.7065002959163543 0.678955078125 0.002071414480173604 0.00244140625
0 0.679917143420793 0.680908203125 0.0033537186821858355 0.00634765625
0 0.5782698757151312 0.681396484375 0.0030578023278753207 0.00732421875
0 0.5515880844347998 0.679931640625 0.0025646084040244622 0.00439453125
0 0.5422667192740186 0.678955078125 0.0008877490629315447 0.00244140625
0 0.44234563030183466 0.67919921875 0.001874136910633261 0.0029296875
0 0.697721444071809 0.6806640625 0.004636022884198066 0.0068359375
0 0.5675182481751825 0.681640625 0.006016965870980469 0.0087890625
0 0.6698559873742356 0.6796875 0.002170053264943776 0.0068359375
0 0.6061353324127047 0.6796875 0.0027618859735648055 0.0078125
0 0.5992799368711778 0.67724609375 0.001874136910633261 0.0029296875
0 0.5823633852830933 0.678955078125 0.004734661668968239 0.00634765625
0 0.6884000789110278 0.67822265625 0.0019727756954034327 0.005859375
0 0.5273722627737226 0.6767578125 0.002071414480173604 0.0029296875
0 0.43864667587295325 0.67724609375 0.0013809429867824028 0.00390625
0 0.6493391201420399 0.677001953125 0.0019727756954034327 0.00439453125
0 0.6032254882619846 0.675048828125 0.0008877490629315447 0.00244140625
0 0.45462615900572106 0.675048828125 0.0013809429867824028 0.00244140625
0 0.6805582955217991 0.674072265625 0.0008877490629315447 0.00244140625
0 0.666058394160584 0.674072265625 0.0008877490629315447 0.00244140625
0 0.6464292759913198 0.674560546875 0.001874136910633261 0.00341796875
0 0.5877391990530677 0.67529296875 0.002071414480173604 0.0048828125
0 0.6397218386269481 0.67431640625 0.0028605247583349774 0.00390625
0 0.5942000394555139 0.673583984375 0.0009863878477017164 0.00341796875
0 0.5809824422963109 0.673583984375 0.001578220556322746 0.00341796875
0 0.5743243243243243 0.6767578125 0.005819688301440126 0.009765625
0 0.5404419017557703 0.6728515625 0.000789110278161373 0.001953125
0 0.6777964095482344 0.672607421875 0.002465969619254291 0.00244140625
0 0.5097159202998619 0.67236328125 0.0016768593410929177 0.001953125
0 0.5053758137699743 0.671875 0.0014795817715525744 0.001953125
0 0.44629118169264154 0.6708984375 0.002663247188794634 0.0068359375
0 0.4947721444071809 0.66796875 0.0009863878477017164 0.001953125
0 0.5311698559873742 0.666748046875 0.002170053264943776 0.00244140625
0 0.7276583152495562 0.646240234375 0.0005918327086210298 0.00244140625
