0 0.5579996054448609 0.99951171875 0.0019727756954034327 0.0009765625
0 0.1822351548628921 0.999267578125 0.002663247188794634 0.00146484375
0 0.6923456303018347 0.998779296875 0.001578220556322746 0.00244140625
0 0.7318504636022884 0.998046875 0.002465969619254291 0.001953125
0 0.7231209311501282 0.99853515625 0.002170053264943776 0.0029296875
0 0.6364174393371473 0.99853515625 0.003156441112645492 0.0029296875
0 0.5196291181692642 0.99853515625 0.0019727756954034327 0.0029296875
0 0.5009370684553166 0.99853515625 0.0038469126060366936 0.0029296875
0 0.22272637601104756 0.99853515625 0.002959163543105149 0.0029296875
0 0.20837443282698756 0.99853515625 0.00424146774511738 0.0029296875
0 0.6881041625567172 0.997802734375 0.003550996251726179 0.00244140625
0 0.5738311304004735 0.997802734375 0.002465969619254291 0.00244140625
0 0.5596764647859538 0.99755859375 0.0013809429867824028 0.001953125
0 0.4020023673308345 0.998291015625 0.0016768593410929177 0.00341796875
0 0.15362990727954232 0.998291015625 0.0036496350364963502 0.00341796875
0 0.5680607614914184 0.998046875 0.007891102781613731 0.00390625
0 0.5163740382718485 0.998046875 0.002959163543105149 0.00390625
0 0.6127934503846912 0.99658203125 0.0022686920497139475 0.001953125
0 0.21158019333201816 0.99658203125 0.0011836654172420597 0.001953125
0 0.1784375616492405 0.996826171875 0.001578220556322746 0.00244140625
0 0.6237423554941803 0.996337890625 0.0022686920497139475 0.00244140625
0 0.6205365949891497 0.99658203125 0.0023673308344841193 0.0029296875
0 0.5845334385480371 0.99658203125 0.0039455513908068654 0.0029296875
0 0.5536101795225883 0.99755859375 0.005227855592819097 0.0048828125
0 0.6297100019727757 0.995361328125 0.003156441112645492 0.00244140625
0 0.5818208719668574 0.9951171875 0.0014795817715525744 0.001953125
0 0.16378970211087 0.9951171875 0.001874136910633261 0.001953125
0 0.11708423752219373 0.9951171875 0.0009863878477017164 0.001953125
0 0.5762477806273427 0.99560546875 0.0025646084040244622 0.00390625
0 0.7091142237127639 0.99658203125 0.007693825212073387 0.0068359375
0 0.658611165910436 0.9951171875 0.006510159794831328 0.00390625
0 0.5938054843164332 0.994140625 0.0013809429867824028 0.001953125
0 0.5249062931544684 0.99658203125 0.0066087985796014995 0.0068359375
0 0.4610376800157822 0.994873046875 0.0017754981258630894 0.00341796875
0 0.24881633458275795 0.996337890625 0.005819688301440126 0.00732421875
0 0.15742750049319393 0.994140625 0.0019727756954034327 0.0029296875
0 0.6901755770368909 0.994140625 0.003156441112645492 0.00390625
0 0.5911422371276386 0.99365234375 0.002170053264943776 0.0029296875
0 0.40944959558098243 0.99560546875 0.005523771947129611 0.0068359375
0 0.3193430656934307 0.99365234375 0.0016768593410929177 0.0029296875
0 0.22825014795817716 0.99365234375 0.0027618859735648055 0.0029296875
0 0.15481357269678436 0.994140625 0.0022686920497139475 0.00390625
0 0.5493193923850859 0.995849609375 0.0051292168080489245 0.00830078125
0 0.5354113237324916 0.994384765625 0.008680213059775104 0.00537109375
0 0.4233576642335766 0.993408203125 0.004340106529887552 0.00341796875
0 0.20659893470112448 0.9921875 0.0012823042020122311 0.001953125
0 0.4737127638587493 0.991943359375 0.0014795817715525744 0.00244140625
0 0.42029986190570134 0.993896484375 0.004142828960347208 0.00634765625
0 0.7318504636022884 0.9931640625 0.004636022884198066 0.005859375
0 0.5785657920694417 0.992919921875 0.004636022884198066 0.00537109375
0 0.28028210692444266 0.992431640625 0.001874136910633261 0.00439453125
0 0.24240481357269678 0.99267578125 0.005819688301440126 0.0048828125
0 0.2103965279147761 0.991455078125 0.004340106529887552 0.00244140625
0 0.408611165910436 0.990966796875 0.002465969619254291 0.00244140625
0 0.23653580587887157 0.9921875 0.005523771947129611 0.0048828125
0 0.7145886762675084 0.990478515625 0.003255079897415664 0.00244140625
0 0.46971789307555734 0.990478515625 0.001578220556322746 0.00244140625
0 0.599427895048333 0.98974609375 0.001578220556322746 0.001953125
0 0.5315150917340699 0.98974609375 0.001874136910633261 0.001953125
0 0.523525350167686 0.990478515625 0.002465969619254291 0.00341796875
0 0.5088774906293154 0.990234375 0.004340106529887552 0.0029296875
0 0.4922075360031564 0.991455078125 0.010652988755178536 0.00537109375
0 0.44954626159005723 0.9931640625 0.0077924639968435586 0.0087890625
0 0.27248964292759914 0.991455078125 0.006016965870980469 0.00537109375
0 0.503452357466956 0.98974609375 0.0025646084040244622 0.0029296875
0 0.5946932333793647 0.988525390625 0.0013809429867824028 0.00146484375
0 0.5586900769382521 0.99072265625 0.005326494377589268 0.005859375
0 0.46705464588676265 0.99267578125 0.005918327086210298 0.009765625
0 0.4329256263562833 0.9921875 0.007693825212073387 0.0087890625
0 0.5471493391201421 0.98876953125 0.003550996251726179 0.0029296875
0 0.20260406391793254 0.989013671875 0.006510159794831328 0.00341796875
0 0.5334385480370882 0.988037109375 0.001578220556322746 0.00244140625
0 0.5064115210100611 0.988037109375 0.0039455513908068654 0.00341796875
0 0.4530972578417834 0.987548828125 0.001874136910633261 0.00244140625
0 0.31761688695995266 0.988037109375 0.0017754981258630894 0.00341796875
0 0.31559479187216416 0.9873046875 0.001874136910633261 0.001953125
0 0.7028013414874729 0.989013671875 0.004734661668968239 0.00634765625
0 0.4683369500887749 0.986572265625 0.0027618859735648055 0.00341796875
0 0.24778062734267114 0.98828125 0.008285657920694417 0.0068359375
0 0.3136220161767607 0.98779296875 0.0016768593410929177 0.0068359375
0 0.6032254882619846 0.98779296875 0.008581574275004932 0.0087890625
0 0.616147169066877 0.984130859375 0.002663247188794634 0.00244140625
0 0.3202308147563622 0.98388671875 0.001085026632471888 0.001953125
0 0.26829749457486685 0.98681640625 0.007496547642533044 0.0078125
0 0.706894851055435 0.983154296875 0.001874136910633261 0.00244140625
0 0.5910929177352535 0.984375 0.005819688301440126 0.0048828125
0 0.5800946932333794 0.9833984375 0.002959163543105149 0.0029296875
0 0.4951666995462616 0.983154296875 0.0019727756954034327 0.00244140625
0 0.22317025054251333 0.98681640625 0.0028605247583349774 0.009765625
0 0.6818899191161965 0.983642578125 0.004142828960347208 0.00439453125
0 0.643667390017755 0.982666015625 0.0030578023278753207 0.00341796875
0 0.24077727362398896 0.982177734375 0.0025646084040244622 0.00244140625
0 0.6566383902150326 0.982421875 0.003550996251726179 0.00390625
0 0.4892483724600513 0.981689453125 0.003156441112645492 0.00244140625
0 0.236782402840797 0.98291015625 0.003452357466956007 0.0048828125
0 0.1687216413493786 0.982421875 0.002071414480173604 0.0048828125
0 0.722381140264352 0.980712890625 0.002663247188794634 0.00244140625
0 0.41886959952653385 0.982666015625 0.005030578023278753 0.00634765625
0 0.28245216018938646 0.981201171875 0.004636022884198066 0.00341796875
0 0.5748668376405602 0.980712890625 0.003748273821266522 0.00341796875
0 0.5396034720852239 0.983154296875 0.007003353718682186 0.00830078125
0 0.6882521207338725 0.982177734375 0.00976523969224699 0.00732421875
0 0.41526928388242257 0.980224609375 0.004931939238508582 0.00341796875
0 0.25404419017557706 0.98046875 0.00424146774511738 0.00390625
0 0.6394752416650227 0.9794921875 0.0017754981258630894 0.0029296875
0 0.2336752811205366 0.97998046875 0.004142828960347208 0.00390625
0 0.24802722430459656 0.978759765625 0.002663247188794634 0.00341796875
0 0.6044584730716117 0.978271484375 0.003156441112645492 0.00341796875
0 0.49852041822844745 0.97900390625 0.0072992700729927005 0.0048828125
0 0.2770763464194121 0.98095703125 0.008285657920694417 0.0087890625
0 0.20299861905701322 0.97705078125 0.001578220556322746 0.001953125
0 0.5833990925231801 0.977783203125 0.006806076149141842 0.00439453125
0 0.647711580193332 0.9794921875 0.009370684553166305 0.0087890625
0 0.6893371473663444 0.977294921875 0.006214243440520813 0.00537109375
0 0.6526928388242257 0.97705078125 0.0027618859735648055 0.0048828125
0 0.5883310317616887 0.976318359375 0.0028605247583349774 0.00341796875
0 0.5630795028605248 0.975830078125 0.0012823042020122311 0.00244140625
0 0.4871769579798777 0.9765625 0.0033537186821858355 0.0048828125
0 0.4585223910041428 0.97607421875 0.0038469126060366936 0.00390625
0 0.5780725981455909 0.97509765625 0.0014795817715525744 0.0029296875
0 0.4770664825409351 0.97509765625 0.0038469126060366936 0.0029296875
0 0.6624580785164726 0.974853515625 0.004734661668968239 0.00341796875
0 0.30513908068652595 0.97412109375 0.002071414480173604 0.001953125
0 0.4187709607417637 0.97412109375 0.001085026632471888 0.0029296875
0 0.6491911619648846 0.974365234375 0.007200631288222529 0.00634765625
0 0.4318405997238114 0.973388671875 0.005326494377589268 0.00439453125
0 0.6292661274413099 0.97216796875 0.005227855592819097 0.0029296875
0 0.5690471493391202 0.97119140625 0.0019727756954034327 0.001953125
0 0.4523574669560071 0.97216796875 0.003156441112645492 0.00390625
0 0.2065496153087394 0.972900390625 0.002959163543105149 0.00537109375
0 0.27406786348392187 0.97314453125 0.006806076149141842 0.0068359375
0 0.4456993489840205 0.971435546875 0.008778851844545275 0.00439453125
0 0.1975734858946538 0.970458984375 0.001578220556322746 0.00244140625
0 0.6409055040441902 0.972412109375 0.00542513316235944 0.00732421875
0 0.43721641349378576 0.971435546875 0.006016965870980469 0.00537109375
0 0.48757151311895836 0.969970703125 0.003156441112645492 0.00341796875
0 0.42148352732294336 0.9736328125 0.005721049516669955 0.0107421875
0 0.18958374432826988 0.96875 0.0013809429867824028 0.001953125
0 0.6883014401262576 0.968994140625 0.003748273821266522 0.00341796875
0 0.7108404024462419 0.9697265625 0.004044190175577037 0.005859375
0 0.626997435391596 0.96875 0.0066087985796014995 0.00390625
0 0.6002663247188794 0.96875 0.005227855592819097 0.00390625
0 0.4716906687709607 0.969482421875 0.003748273821266522 0.00537109375
0 0.6061353324127047 0.96728515625 0.0017754981258630894 0.001953125
0 0.668425724995068 0.966796875 0.003255079897415664 0.001953125
0 0.6828269875715132 0.968505859375 0.003255079897415664 0.00732421875
0 0.18716709410140067 0.966064453125 0.001874136910633261 0.00244140625
0 0.48663444466364175 0.965087890625 0.001874136910633261 0.00341796875
0 0.6071710396527915 0.9638671875 0.001874136910633261 0.001953125
0 0.29640954823436577 0.964599609375 0.0051292168080489245 0.00341796875
0 0.49077727362398893 0.9677734375 0.005622410731899783 0.0107421875
0 0.5901558492799369 0.963134765625 0.0023673308344841193 0.00244140625
0 0.28353718682185836 0.962646484375 0.00483330045373841 0.00244140625
0 0.7253896231998421 0.96484375 0.00848293549023476 0.0087890625
0 0.27130597751035707 0.962646484375 0.005030578023278753 0.00439453125
0 0.6148155454724797 0.9609375 0.0051292168080489245 0.00390625
0 0.2489642927599132 0.96240234375 0.005523771947129611 0.0068359375
0 0.5681594002761886 0.96240234375 0.006707437364371671 0.0087890625
0 0.4317419609390412 0.96240234375 0.0051292168080489245 0.0087890625
0 0.24294732688893272 0.9609375 0.0072992700729927005 0.005859375
0 0.6100315644111265 0.962158203125 0.008384296705464589 0.01025390625
0 0.282748076543697 0.95654296875 0.0036496350364963502 0.00390625
0 0.4269579798776879 0.95556640625 0.0016768593410929177 0.00390625
0 0.24403235352140462 0.9541015625 0.0025646084040244622 0.001953125
0 0.7232688893272835 0.95263671875 0.001085026632471888 0.001953125
0 0.6060366936279346 0.953125 0.003748273821266522 0.0029296875
0 0.7208029197080292 0.95263671875 0.003255079897415664 0.0029296875
0 0.6550108502663248 0.95556640625 0.01154073781811008 0.0087890625
0 0.2753501676859341 0.95263671875 0.0038469126060366936 0.005859375
0 0.6727658315249556 0.950927734375 0.001874136910633261 0.00341796875
0 0.4370684553166305 0.9521484375 0.00907476819885579 0.005859375
0 0.6767113829157625 0.9541015625 0.006806076149141842 0.0107421875
0 0.5915861116591044 0.9501953125 0.00424146774511738 0.0029296875
0 0.6017952258828171 0.949951171875 0.0051292168080489245 0.00537109375
0 0.6128920891694615 0.95166015625 0.0044387453146577235 0.0107421875
0 0.6675379759321365 0.946533203125 0.0028605247583349774 0.00244140625
0 0.5950877885184455 0.94677734375 0.003550996251726179 0.0029296875
0 0.6717301242848688 0.94580078125 0.004537384099427895 0.0029296875
0 0.6017952258828171 0.944091796875 0.0023673308344841193 0.00244140625
0 0.46261590057210494 0.94384765625 0.0019727756954034327 0.001953125
0 0.25 0.945068359375 0.004636022884198066 0.00439453125
0 0.2333793647662261 0.94287109375 0.0019727756954034327 0.001953125
0 0.2878772933517459 0.946044921875 0.006806076149141842 0.00927734375
0 0.7289899388439535 0.942138671875 0.004044190175577037 0.00244140625
0 0.6373051884000789 0.9423828125 0.004142828960347208 0.0029296875
0 0.6405109489051095 0.94189453125 0.0036496350364963502 0.0029296875
0 0.5823633852830933 0.94189453125 0.002170053264943776 0.0029296875
0 0.6467745117380154 0.9404296875 0.003156441112645492 0.001953125
0 0.4311008088380351 0.9423828125 0.004636022884198066 0.0078125
0 0.6308936673900177 0.939208984375 0.0061156046557506415 0.00537109375
0 0.4442197672124679 0.9375 0.0022686920497139475 0.001953125
0 0.4246399684355889 0.940185546875 0.004537384099427895 0.00830078125
0 0.6150128230420201 0.936279296875 0.0025646084040244622 0.00244140625
0 0.6446537778654567 0.93603515625 0.005819688301440126 0.0029296875
0 0.7135529690274216 0.935302734375 0.002170053264943776 0.00244140625
0 0.4199546261590057 0.937255859375 0.0044387453146577235 0.00732421875
0 0.6394752416650227 0.934326171875 0.0019727756954034327 0.00244140625
0 0.450581968830144 0.936279296875 0.0061156046557506415 0.00732421875
0 0.6150621424344052 0.931884765625 0.00424146774511738 0.00244140625
0 0.4251824817518248 0.9306640625 0.0012823042020122311 0.0029296875
0 0.2712073387255869 0.930419921875 0.006016965870980469 0.00537109375
0 0.42824028407970016 0.92919921875 0.003452357466956007 0.0068359375
0 0.5994772144407181 0.925048828125 0.0014795817715525744 0.00244140625
0 0.2872854606431249 0.926513671875 0.008384296705464589 0.00537109375
0 0.6364667587295324 0.92333984375 0.002071414480173604 0.001953125
0 0.4544288814361807 0.927490234375 0.008285657920694417 0.01123046875
0 0.7280528703886369 0.921142578125 0.006707437364371671 0.00439453125
0 0.42459064904320376 0.921630859375 0.005227855592819097 0.00537109375
0 0.6056914578812389 0.920654296875 0.005227855592819097 0.00537109375
0 0.4203491812980864 0.91845703125 0.0006904714933912014 0.001953125
0 0.2391990530676662 0.91845703125 0.0013809429867824028 0.001953125
0 0.4516176760702308 0.91845703125 0.003452357466956007 0.0029296875
0 0.24122114815545473 0.918701171875 0.0022686920497139475 0.00439453125
0 0.594298678240284 0.918212890625 0.003550996251726179 0.00537109375
0 0.6013513513513513 0.915771484375 0.005227855592819097 0.00439453125
0 0.7312586308936674 0.9150390625 0.003452357466956007 0.00390625
0 0.7235154862892089 0.914794921875 0.004142828960347208 0.00341796875
0 0.7276089958571711 0.913330078125 0.0016768593410929177 0.00244140625
0 0.4216808048924837 0.913818359375 0.0025646084040244622 0.00439453125
0 0.7120240678634839 0.912841796875 0.002465969619254291 0.00341796875
0 0.42533043992898006 0.910888671875 0.003748273821266522 0.00439453125
0 0.7213454330242651 0.910888671875 0.0051292168080489245 0.00537109375
0 0.4196587098046952 0.91015625 0.00483330045373841 0.00390625
0 0.7287926612744131 0.90966796875 0.004636022884198066 0.00390625
0 0.294239494969422 0.90869140625 0.002170053264943776 0.0029296875
0 0.4158611165910436 0.907958984375 0.0023673308344841193 0.00341796875
0 0.5863582560662852 0.906982421875 0.002071414480173604 0.00537109375
0 0.4253797593213652 0.905029296875 0.002663247188794634 0.00341796875
0 0.4290787137502466 0.90771484375 0.007496547642533044 0.013671875
0 0.4348490826593016 0.904296875 0.006214243440520813 0.0087890625
0 0.289110278161373 0.901123046875 0.004142828960347208 0.00439453125
0 0.29428881436180704 0.899169921875 0.006411521010061156 0.00634765625
0 0.7286940224896429 0.897216796875 0.002663247188794634 0.00341796875
0 0.29828368514499903 0.895263671875 0.0009863878477017164 0.00244140625
0 0.4199546261590057 0.894775390625 0.0038469126060366936 0.00244140625
0 0.43026237916748866 0.892822265625 0.0019727756954034327 0.00537109375
0 0.4283882422568554 0.8955078125 0.007496547642533044 0.0107421875
0 0.29650818701913595 0.890869140625 0.0051292168080489245 0.00634765625
0 0.42917735253501677 0.888427734375 0.0023673308344841193 0.00244140625
0 0.29157624778062735 0.888671875 0.0039455513908068654 0.0029296875
0 0.29853028210692445 0.885009765625 0.0038469126060366936 0.00341796875
0 0.41561451962911816 0.8818359375 0.0014795817715525744 0.001953125
0 0.291970802919708 0.8779296875 0.004142828960347208 0.0048828125
0 0.7229236535805879 0.877685546875 0.0061156046557506415 0.00732421875
0 0.2979877687906885 0.877197265625 0.0072992700729927005 0.00732421875
0 0.7217399881633458 0.873046875 0.0051292168080489245 0.00390625
0 0.4164036299072795 0.866943359375 0.001874136910633261 0.00341796875
0 0.29073781811008087 0.8681640625 0.00542513316235944 0.005859375
0 0.29527520220950876 0.86474609375 0.003452357466956007 0.0029296875
0 0.29828368514499903 0.86376953125 0.0023673308344841193 0.00390625
0 0.29167488656539753 0.859619140625 0.0017754981258630894 0.00244140625
0 0.42607023081475637 0.8623046875 0.00483330045373841 0.0087890625
0 0.429325310712172 0.8583984375 0.002663247188794634 0.0029296875
0 0.42197672124679425 0.857666015625 0.0023673308344841193 0.00341796875
0 0.2778161373051884 0.85595703125 0.0012823042020122311 0.001953125
0 0.2846715328467153 0.856689453125 0.002959163543105149 0.00439453125
0 0.4244426908660485 0.852783203125 0.002170053264943776 0.00341796875
0 0.7290392582363385 0.85205078125 0.005918327086210298 0.0068359375
0 0.4283389228644703 0.850830078125 0.00483330045373841 0.00634765625
0 0.2872361412507398 0.8515625 0.004340106529887552 0.0078125
0 0.44461432235154863 0.8486328125 0.0022686920497139475 0.00390625
0 0.42306174787926615 0.847900390625 0.0027618859735648055 0.00341796875
0 0.43070625369895443 0.845947265625 0.0028605247583349774 0.00537109375
0 0.42819096468731505 0.844970703125 0.0019727756954034327 0.00341796875
0 0.7215427105938055 0.845703125 0.007891102781613731 0.005859375
0 0.3098737423554942 0.847412109375 0.002465969619254291 0.00927734375
0 0.28669362793450387 0.843505859375 0.0014795817715525744 0.00244140625
0 0.43381337541921483 0.84326171875 0.003156441112645492 0.0029296875
0 0.7139475241665023 0.84423828125 0.006312882225290984 0.005859375
0 0.2725882817123693 0.8427734375 0.002071414480173604 0.00390625
0 0.7257841783389228 0.8427734375 0.0039455513908068654 0.005859375
0 0.2958670349181298 0.842041015625 0.0028605247583349774 0.00439453125
0 0.28457289406194514 0.843017578125 0.0023673308344841193 0.00634765625
0 0.26893864667587297 0.841064453125 0.0022686920497139475 0.00341796875
0 0.42222331820871967 0.8408203125 0.005227855592819097 0.005859375
0 0.2796409548234366 0.840087890625 0.004734661668968239 0.00732421875
0 0.2976425330439929 0.8369140625 0.0008877490629315447 0.001953125
0 0.42750049319392386 0.838134765625 0.0051292168080489245 0.00537109375
0 0.2906391793253107 0.838134765625 0.0066087985796014995 0.00830078125
0 0.27204576839613337 0.83447265625 0.0011836654172420597 0.0029296875
0 0.302870388636812 0.835205078125 0.0038469126060366936 0.00732421875
0 0.4869303610179523 0.8291015625 0.0014795817715525744 0.001953125
0 0.289110278161373 0.829833984375 0.0023673308344841193 0.00439453125
0 0.42641546656145196 0.82861328125 0.002959163543105149 0.0029296875
0 0.48890313671335567 0.826904296875 0.002071414480173604 0.00537109375
0 0.43687117774709017 0.82763671875 0.005326494377589268 0.0068359375
0 0.28595383704872757 0.82568359375 0.0013809429867824028 0.00390625
0 0.2688400078911028 0.828369140625 0.007200631288222529 0.00927734375
0 0.43539159597553756 0.82421875 0.003156441112645492 0.001953125
0 0.4399289800749655 0.82421875 0.0011836654172420597 0.0029296875
0 0.27692838824225685 0.82421875 0.005819688301440126 0.00390625
0 0.2875320576050503 0.82373046875 0.0009863878477017164 0.00390625
0 0.43144604458473074 0.82275390625 0.0011836654172420597 0.0029296875
0 0.42883211678832117 0.822021484375 0.0012823042020122311 0.00244140625
0 0.271848490826593 0.822509765625 0.0025646084040244622 0.00341796875
0 0.488508581574275 0.822265625 0.0044387453146577235 0.00390625
0 0.3043499704083646 0.823486328125 0.002663247188794634 0.00634765625
0 0.28284671532846717 0.82275390625 0.0012823042020122311 0.0048828125
0 0.71547642533044 0.82177734375 0.00542513316235944 0.0048828125
0 0.2937956204379562 0.81982421875 0.001085026632471888 0.001953125
0 0.29996054448609194 0.8193359375 0.002959163543105149 0.0029296875
0 0.5660386664036299 0.818115234375 0.0014795817715525744 0.00244140625
0 0.489100414282896 0.81787109375 0.0016768593410929177 0.00390625
0 0.434503846912606 0.819091796875 0.005326494377589268 0.00634765625
0 0.42878279739593606 0.817138671875 0.004931939238508582 0.00439453125
0 0.7174985204182285 0.813720703125 0.0025646084040244622 0.00341796875
0 0.28989938843953444 0.814697265625 0.004142828960347208 0.00927734375
0 0.4411126454922075 0.81103515625 0.0013809429867824028 0.0029296875
0 0.5740284079700138 0.809814453125 0.002663247188794634 0.00537109375
0 0.2997632669165516 0.806396484375 0.0009863878477017164 0.00244140625
0 0.28985006904714933 0.806640625 0.0016768593410929177 0.0029296875
0 0.5794535411323732 0.8056640625 0.003255079897415664 0.00390625
0 0.27993687117774707 0.806640625 0.0051292168080489245 0.005859375
0 0.47534030380745707 0.8037109375 0.0011836654172420597 0.001953125
0 0.26681791280331424 0.80517578125 0.004537384099427895 0.005859375
0 0.302278555928191 0.802001953125 0.002465969619254291 0.00634765625
0 0.2812684947721444 0.800048828125 0.00424146774511738 0.00341796875
0 0.5824127046754783 0.80078125 0.0028605247583349774 0.0068359375
0 0.7142434405208128 0.799072265625 0.006707437364371671 0.00439453125
0 0.5771355296902743 0.7978515625 0.001578220556322746 0.001953125
0 0.47617873347800355 0.797119140625 0.0012823042020122311 0.00244140625
0 0.25646084040244627 0.79736328125 0.0017754981258630894 0.0029296875
0 0.7280035509962517 0.797119140625 0.005227855592819097 0.00341796875
0 0.2986782402840797 0.796875 0.000789110278161373 0.0029296875
0 0.7215427105938055 0.796142578125 0.001578220556322746 0.00244140625
0 0.29399289800749656 0.796630859375 0.002465969619254291 0.00537109375
0 0.709163543105149 0.794677734375 0.002465969619254291 0.00244140625
0 0.3018346813967252 0.794921875 0.0011836654172420597 0.0029296875
0 0.6015486289208917 0.795166015625 0.002465969619254291 0.00439453125
0 0.5825113434602486 0.795166015625 0.005227855592819097 0.00537109375
0 0.4441211284276978 0.7939453125 0.0012823042020122311 0.0029296875
0 0.29660682580390607 0.7939453125 0.0013809429867824028 0.0029296875
0 0.43623002564608404 0.795654296875 0.005030578023278753 0.00732421875
0 0.286792266719274 0.794921875 0.0028605247583349774 0.005859375
0 0.7021601893864667 0.793212890625 0.0030578023278753207 0.00341796875
0 0.7197672124679424 0.7919921875 0.004340106529887552 0.0029296875
0 0.2911323732491616 0.79248046875 0.0016768593410929177 0.00390625
0 0.27490629315446835 0.79296875 0.002170053264943776 0.0048828125
0 0.7146873150522786 0.791259765625 0.0036496350364963502 0.00244140625
0 0.23757151311895838 0.791015625 0.001085026632471888 0.001953125
0 0.24684355888735451 0.793212890625 0.002663247188794634 0.00732421875
0 0.4413099230617479 0.793212890625 0.0033537186821858355 0.00830078125
0 0.24176366147169068 0.791015625 0.0009863878477017164 0.00390625
0 0.6079601499309528 0.78759765625 0.0028605247583349774 0.001953125
0 0.7024561057407773 0.78662109375 0.001874136910633261 0.0029296875
0 0.4731209311501282 0.786376953125 0.0008877490629315447 0.00244140625
0 0.28985006904714933 0.7861328125 0.0008877490629315447 0.0029296875
0 0.29951666995462617 0.7861328125 0.0016768593410929177 0.00390625
0 0.6521010061156046 0.785888671875 0.005523771947129611 0.00537109375
0 0.4868317222331821 0.78466796875 0.0014795817715525744 0.0029296875
0 0.48461234957585325 0.78466796875 0.0013809429867824028 0.00390625
0 0.45768396133359635 0.783935546875 0.0019727756954034327 0.00244140625
0 0.27978891300059183 0.7890625 0.006016965870980469 0.0146484375
0 0.2748076543696982 0.782958984375 0.0011836654172420597 0.00244140625
0 0.2605543499704084 0.78271484375 0.001085026632471888 0.0029296875
0 0.2576445058196883 0.783203125 0.0019727756954034327 0.00390625
0 0.7035904517656343 0.78173828125 0.0023673308344841193 0.001953125
0 0.5100611560465576 0.785888671875 0.0039455513908068654 0.01025390625
0 0.6487966068258039 0.781494140625 0.002465969619254291 0.00244140625
0 0.626405602682975 0.781494140625 0.0012823042020122311 0.00244140625
0 0.6118070625369896 0.78125 0.002663247188794634 0.001953125
0 0.5957782600118366 0.78369140625 0.003550996251726179 0.0068359375
0 0.5875419214835274 0.782470703125 0.0012823042020122311 0.00439453125
0 0.29961530873939635 0.78125 0.0012823042020122311 0.001953125
0 0.6460347208522391 0.783447265625 0.003255079897415664 0.00732421875
0 0.4900374827382127 0.783935546875 0.004537384099427895 0.00830078125
0 0.7002860524758335 0.781494140625 0.003452357466956007 0.00537109375
0 0.5776780430065102 0.780029296875 0.0014795817715525744 0.00244140625
0 0.2540935095679621 0.780517578125 0.0013809429867824028 0.00341796875
0 0.29566975734858947 0.77978515625 0.001874136910633261 0.0029296875
0 0.5117380153876504 0.779541015625 0.0025646084040244622 0.00439453125
0 0.2319491023870586 0.779296875 0.0022686920497139475 0.00390625
0 0.24363779838232394 0.779296875 0.001578220556322746 0.0048828125
0 0.22889130005918326 0.77880859375 0.0014795817715525744 0.00390625
0 0.6227066482540935 0.7802734375 0.0051292168080489245 0.0078125
0 0.6484020516867233 0.77685546875 0.0022686920497139475 0.001953125
0 0.23628920891694613 0.7822265625 0.0038469126060366936 0.0126953125
0 0.4869303610179523 0.777587890625 0.0014795817715525744 0.00439453125
0 0.7286940224896429 0.77734375 0.002663247188794634 0.0048828125
0 0.6076149141842573 0.77783203125 0.005326494377589268 0.005859375
0 0.5055237719471296 0.779541015625 0.0051292168080489245 0.00927734375
0 0.6108699940816729 0.775146484375 0.0009863878477017164 0.00244140625
0 0.49008680213059774 0.77587890625 0.0028605247583349774 0.00390625
0 0.6266521996449004 0.77490234375 0.0051292168080489245 0.0029296875
0 0.6004636022884198 0.77490234375 0.0012823042020122311 0.00390625
0 0.4822943381337542 0.775146484375 0.0016768593410929177 0.00439453125
0 0.4934898402051687 0.773681640625 0.003748273821266522 0.00244140625
0 0.49911225093706846 0.773681640625 0.0039455513908068654 0.00341796875
0 0.6576740974551194 0.7744140625 0.004636022884198066 0.005859375
0 0.48495758532254885 0.773193359375 0.0036496350364963502 0.00341796875
0 0.24043203787729336 0.777099609375 0.00424146774511738 0.01123046875
0 0.6962911816926416 0.771728515625 0.0009863878477017164 0.00244140625
0 0.29783981061353326 0.772216796875 0.001085026632471888 0.00341796875
0 0.23313276780430064 0.772705078125 0.0022686920497139475 0.00439453125
0 0.6516571315841388 0.773681640625 0.0038469126060366936 0.00732421875
0 0.46823831130400473 0.771484375 0.0011836654172420597 0.0029296875
0 0.2374728743341882 0.771728515625 0.001085026632471888 0.00341796875
0 0.4432826987571513 0.7705078125 0.002170053264943776 0.0029296875
0 0.22553758137699745 0.772705078125 0.002663247188794634 0.00732421875
0 0.6445551390806865 0.77001953125 0.002071414480173604 0.0029296875
0 0.6035707240086802 0.772705078125 0.004142828960347208 0.00927734375
0 0.23037088183073584 0.771728515625 0.0028605247583349774 0.00732421875
0 0.6062339711974748 0.770751953125 0.002959163543105149 0.00634765625
0 0.46991517064509764 0.768798828125 0.0013809429867824028 0.00244140625
0 0.498273821266522 0.767822265625 0.003452357466956007 0.00244140625
0 0.49299664628131784 0.767822265625 0.0011836654172420597 0.00244140625
0 0.4742552771749852 0.769287109375 0.004931939238508582 0.00634765625
0 0.46360228841980666 0.76806640625 0.001578220556322746 0.00390625
0 0.6510652988755179 0.766845703125 0.0012823042020122311 0.00244140625
0 0.6470211086999408 0.767578125 0.003452357466956007 0.0048828125
0 0.6214736634444664 0.767822265625 0.0038469126060366936 0.00634765625
0 0.2441309923061748 0.7685546875 0.0025646084040244622 0.0087890625
0 0.6249753403038074 0.7666015625 0.003156441112645492 0.005859375
0 0.4661668968238311 0.765625 0.002959163543105149 0.00390625
0 0.3772933517459065 0.764892578125 0.001578220556322746 0.00244140625
0 0.5973564805681594 0.765380859375 0.003156441112645492 0.00439453125
0 0.24881633458275795 0.764404296875 0.0008877490629315447 0.00341796875
0 0.6580193332018149 0.764404296875 0.0025646084040244622 0.00439453125
0 0.6500789110278161 0.763427734375 0.0028605247583349774 0.00244140625
0 0.29744525547445255 0.7666015625 0.0028605247583349774 0.0087890625
0 0.4569441704478201 0.763916015625 0.0022686920497139475 0.00439453125
0 0.38681199447622805 0.762939453125 0.002663247188794634 0.00244140625
0 0.6291674886565397 0.762451171875 0.0022686920497139475 0.00244140625
0 0.23441507200631287 0.7646484375 0.001874136910633261 0.0068359375
0 0.6090451765634247 0.7626953125 0.0016768593410929177 0.00390625
0 0.6085026632471888 0.764892578125 0.004931939238508582 0.00830078125
0 0.6124975340303808 0.763671875 0.00424146774511738 0.0068359375
0 0.225290984415072 0.76318359375 0.0017754981258630894 0.005859375
0 0.6001183665417242 0.76123046875 0.000789110278161373 0.0029296875
0 0.23204774117182878 0.76416015625 0.0028605247583349774 0.0087890625
0 0.6014993095285066 0.762939453125 0.0027618859735648055 0.00732421875
0 0.22371276385874925 0.76025390625 0.000789110278161373 0.0029296875
0 0.6196981653186032 0.761474609375 0.004636022884198066 0.00634765625
0 0.4757841783389229 0.75927734375 0.0008877490629315447 0.001953125
0 0.46789307555730913 0.75927734375 0.002071414480173604 0.001953125
0 0.7014203985006905 0.7587890625 0.0025646084040244622 0.0029296875
0 0.6168869599526534 0.758056640625 0.001578220556322746 0.00244140625
0 0.6068751232984809 0.758544921875 0.0008877490629315447 0.00341796875
0 0.5952357466956008 0.759033203125 0.001874136910633261 0.00537109375
0 0.439090550404419 0.759033203125 0.0016768593410929177 0.00537109375
0 0.25123298480962714 0.75830078125 0.001578220556322746 0.0048828125
0 0.2267212467942395 0.758056640625 0.0014795817715525744 0.00439453125
0 0.6675872953245217 0.7568359375 0.0009863878477017164 0.0029296875
0 0.44777076346419414 0.75927734375 0.0022686920497139475 0.0078125
0 0.37532057605050306 0.75732421875 0.003748273821266522 0.0048828125
0 0.22933517459064903 0.75634765625 0.0011836654172420597 0.0029296875
0 0.4737127638587493 0.75732421875 0.002071414480173604 0.005859375
0 0.6378477017163149 0.755615234375 0.0028605247583349774 0.00439453125
0 0.5079897415663839 0.75537109375 0.0013809429867824028 0.00390625
0 0.46828763069638984 0.754638671875 0.0012823042020122311 0.00244140625
0 0.38478989938843955 0.75732421875 0.005721049516669955 0.0078125
0 0.37088183073584535 0.755859375 0.0011836654172420597 0.0048828125
0 0.6889425922272637 0.753662109375 0.0014795817715525744 0.00244140625
0 0.5998717695797988 0.75537109375 0.006016965870980469 0.0068359375
0 0.6176267508384297 0.753662109375 0.0012823042020122311 0.00439453125
0 0.6571809035312685 0.753173828125 0.0012823042020122311 0.00439453125
0 0.483921878082462 0.75341796875 0.0023673308344841193 0.0048828125
0 0.44180311698559876 0.75244140625 0.0009863878477017164 0.0029296875
0 0.27485697376208323 0.753173828125 0.0014795817715525744 0.00439453125
0 0.6615703294535411 0.7529296875 0.0017754981258630894 0.0048828125
0 0.4552179917143421 0.7529296875 0.0017754981258630894 0.0048828125
0 0.23727559676464785 0.751708984375 0.0014795817715525744 0.00244140625
0 0.29818504636022886 0.7529296875 0.0019727756954034327 0.005859375
0 0.2440816729137897 0.75244140625 0.0014795817715525744 0.0048828125
0 0.6131386861313869 0.75341796875 0.007101992503452358 0.009765625
0 0.6047543894259223 0.75244140625 0.003550996251726179 0.0078125
0 0.4689287827973959 0.750732421875 0.003748273821266522 0.00439453125
0 0.47524166502268694 0.749755859375 0.0019727756954034327 0.00341796875
0 0.3685638192937463 0.74951171875 0.0022686920497139475 0.0029296875
0 0.2644999013612152 0.749267578125 0.0014795817715525744 0.00244140625
0 0.5082856579206945 0.75 0.001578220556322746 0.0048828125
0 0.29167488656539753 0.748779296875 0.0011836654172420597 0.00244140625
0 0.2322943381337542 0.74951171875 0.003156441112645492 0.00390625
0 0.6221641349378576 0.74951171875 0.002071414480173604 0.005859375
0 0.4850069047149339 0.74755859375 0.000789110278161373 0.001953125
0 0.43519431840599726 0.748291015625 0.003748273821266522 0.00341796875
0 0.30124284868810414 0.74755859375 0.001578220556322746 0.001953125
0 0.680410337344644 0.7490234375 0.004142828960347208 0.005859375
0 0.22829946735056225 0.747802734375 0.0016768593410929177 0.00341796875
0 0.39199053067666206 0.747314453125 0.0011836654172420597 0.00341796875
0 0.6172815150917341 0.74609375 0.002170053264943776 0.0029296875
0 0.4461432235154863 0.7470703125 0.003550996251726179 0.0048828125
0 0.47267705661866244 0.74658203125 0.001578220556322746 0.0048828125
0 0.4313967251923456 0.746337890625 0.0036496350364963502 0.00439453125
0 0.5953343854803709 0.74609375 0.0016768593410929177 0.0048828125
0 0.3981554547247978 0.745849609375 0.002071414480173604 0.00439453125
0 0.35583941605839414 0.74462890625 0.0014795817715525744 0.001953125
0 0.677007299270073 0.74609375 0.0022686920497139475 0.005859375
0 0.5085815742750049 0.744384765625 0.002170053264943776 0.00244140625
0 0.6137305188400078 0.74365234375 0.0013809429867824028 0.001953125
0 0.6014993095285066 0.74658203125 0.005326494377589268 0.0078125
0 0.428733478003551 0.74365234375 0.001874136910633261 0.001953125
0 0.36738015387650425 0.744873046875 0.002071414480173604 0.00537109375
0 0.22124679423949498 0.748779296875 0.0061156046557506415 0.01318359375
0 0.635036496350365 0.745361328125 0.0033537186821858355 0.00732421875
0 0.4569441704478201 0.7451171875 0.003255079897415664 0.0068359375
0 0.39544288814361805 0.742919921875 0.0017754981258630894 0.00244140625
0 0.3871079108305386 0.744384765625 0.002663247188794634 0.00537109375
0 0.24127046754783982 0.7431640625 0.000789110278161373 0.0029296875
0 0.2371276385874926 0.7431640625 0.0009863878477017164 0.00390625
0 0.42700729927007297 0.741455078125 0.0009863878477017164 0.00146484375
0 0.6117577431446044 0.74169921875 0.0013809429867824028 0.0029296875
0 0.38271848490826593 0.744873046875 0.0051292168080489245 0.00927734375
0 0.24644900374827383 0.742431640625 0.004044190175577037 0.00439453125
0 0.6669461432235155 0.7412109375 0.0008877490629315447 0.0029296875
0 0.5656441112645492 0.7412109375 0.0028605247583349774 0.0029296875
0 0.4652298283685145 0.741943359375 0.0028605247583349774 0.00439453125
0 0.39199053067666206 0.741943359375 0.002959163543105149 0.00439453125
0 0.29571907674097453 0.741455078125 0.0023673308344841193 0.00341796875
0 0.2503452357466956 0.740966796875 0.0011836654172420597 0.00244140625
0 0.7014203985006905 0.740478515625 0.0011836654172420597 0.00244140625
0 0.5866048530282106 0.7412109375 0.0013809429867824028 0.00390625
0 0.47104951666995465 0.740966796875 0.0016768593410929177 0.00341796875
0 0.23372460051292168 0.7412109375 0.0022686920497139475 0.00390625
0 0.6937758926810021 0.7412109375 0.0016768593410929177 0.0048828125
0 0.3001578220556323 0.7412109375 0.002959163543105149 0.0048828125
0 0.6383902150325508 0.7421875 0.0023673308344841193 0.0078125
0 0.5546458867626751 0.739501953125 0.002959163543105149 0.00244140625
0 0.37231209311501284 0.73876953125 0.0012823042020122311 0.001953125
0 0.6887946340501085 0.73974609375 0.003156441112645492 0.0048828125
0 0.6757743144604459 0.73828125 0.0013809429867824028 0.001953125
0 0.4561057407772736 0.738525390625 0.000789110278161373 0.00244140625
0 0.3537680015782206 0.738525390625 0.0014795817715525744 0.00244140625
0 0.2986289208916946 0.73828125 0.0012823042020122311 0.001953125
0 0.22829946735056225 0.739501953125 0.0012823042020122311 0.00439453125
0 0.5100611560465576 0.7392578125 0.0023673308344841193 0.0048828125
0 0.4735154862892089 0.738037109375 0.001085026632471888 0.00244140625
0 0.38478989938843955 0.738037109375 0.0017754981258630894 0.00244140625
0 0.38035115407378184 0.738525390625 0.0011836654172420597 0.00341796875
0 0.6633458275794042 0.740234375 0.005523771947129611 0.0078125
0 0.436180706253699 0.737548828125 0.0023673308344841193 0.00244140625
0 0.37813178141645293 0.7373046875 0.0014795817715525744 0.001953125
0 0.3497238114026435 0.737548828125 0.0016768593410929177 0.00244140625
0 0.1804103373446439 0.739013671875 0.001578220556322746 0.00537109375
0 0.598885381732097 0.7373046875 0.002071414480173604 0.0029296875
0 0.6342473860722035 0.73828125 0.003748273821266522 0.005859375
0 0.36945156835667786 0.73583984375 0.0008877490629315447 0.001953125
0 0.3032156243835076 0.736572265625 0.003550996251726179 0.00341796875
0 0.46404616295127243 0.735595703125 0.0012823042020122311 0.00244140625
0 0.3979088577628724 0.7373046875 0.001578220556322746 0.005859375
0 0.37601104754389425 0.737548828125 0.002170053264943776 0.00634765625
0 0.6129414085618465 0.7353515625 0.0013809429867824028 0.0029296875
0 0.5648056815940028 0.736083984375 0.0019727756954034327 0.00439453125
0 0.5390116393766029 0.734619140625 0.001085026632471888 0.00244140625
0 0.42878279739593606 0.73486328125 0.0009863878477017164 0.0029296875
0 0.3066679818504636 0.736328125 0.003156441112645492 0.005859375
0 0.6915072006312882 0.736083984375 0.0016768593410929177 0.00634765625
0 0.6880548431643322 0.734130859375 0.0008877490629315447 0.00244140625
0 0.6547149339120142 0.73388671875 0.0014795817715525744 0.001953125
0 0.5960248569737621 0.734130859375 0.0012823042020122311 0.00244140625
0 0.3963799565989347 0.733642578125 0.001874136910633261 0.00146484375
0 0.43405997238114025 0.737548828125 0.007595186427303216 0.01025390625
0 0.37290392582363385 0.734130859375 0.004044190175577037 0.00341796875
0 0.3681692641546656 0.7333984375 0.0008877490629315447 0.001953125
0 0.631041625567173 0.73291015625 0.001085026632471888 0.001953125
0 0.4651805089761294 0.73291015625 0.001578220556322746 0.0029296875
0 0.45255474452554745 0.734130859375 0.0013809429867824028 0.00537109375
0 0.38335963700927206 0.732421875 0.001085026632471888 0.001953125
0 0.44535411323732493 0.732421875 0.0025646084040244622 0.0029296875
0 0.3627441309923062 0.732666015625 0.002465969619254291 0.00341796875
0 0.41009074768198855 0.734130859375 0.002465969619254291 0.00732421875
0 0.3933221542710594 0.73291015625 0.0028605247583349774 0.0048828125
0 0.44106332609982246 0.73486328125 0.0028605247583349774 0.009765625
0 0.43445452752022096 0.73193359375 0.003452357466956007 0.00390625
0 0.30079897415663837 0.73095703125 0.001085026632471888 0.001953125
0 0.21024856973762082 0.73291015625 0.002071414480173604 0.0068359375
0 0.60347208522391 0.731689453125 0.0013809429867824028 0.00537109375
0 0.4378575655947919 0.730712890625 0.002959163543105149 0.00341796875
0 0.424146774511738 0.730712890625 0.0013809429867824028 0.00341796875
0 0.3779838232392977 0.72998046875 0.001578220556322746 0.001953125
0 0.6726671927401855 0.73046875 0.002465969619254291 0.00390625
0 0.4676957979877688 0.7294921875 0.001085026632471888 0.001953125
0 0.6789307555730913 0.731201171875 0.003550996251726179 0.00634765625
0 0.4056026829749457 0.730224609375 0.003748273821266522 0.00439453125
0 0.6670941014006707 0.7314453125 0.004340106529887552 0.0078125
0 0.3746301045571119 0.728271484375 0.001578220556322746 0.00146484375
0 0.2131090944959558 0.733642578125 0.0036496350364963502 0.01220703125
0 0.6893371473663444 0.728759765625 0.0014795817715525744 0.00341796875
0 0.4468336950088775 0.72802734375 0.0019727756954034327 0.001953125
0 0.5883310317616887 0.72802734375 0.0014795817715525744 0.0029296875
0 0.17828960347208522 0.728271484375 0.001085026632471888 0.00341796875
0 0.6640362990727954 0.7275390625 0.000789110278161373 0.0029296875
0 0.6131386861313869 0.727783203125 0.0011836654172420597 0.00341796875
0 0.36412507397908855 0.728759765625 0.0022686920497139475 0.00537109375
0 0.35519826395738807 0.72802734375 0.0009863878477017164 0.00390625
0 0.4340106529887552 0.7265625 0.0011836654172420597 0.001953125
0 0.4056026829749457 0.726806640625 0.000789110278161373 0.00244140625
0 0.5826593016374039 0.73291015625 0.005918327086210298 0.015625
0 0.578171236930361 0.727783203125 0.002663247188794634 0.00537109375
0 0.3686131386861314 0.726318359375 0.0013809429867824028 0.00244140625
0 0.3623988952456106 0.72607421875 0.0011836654172420597 0.001953125
0 0.3083941605839416 0.728515625 0.006806076149141842 0.0068359375
0 0.21611757743144605 0.726806640625 0.0011836654172420597 0.00341796875
0 0.4382028013414875 0.726318359375 0.002465969619254291 0.00341796875
0 0.5947425527717498 0.725830078125 0.002071414480173604 0.00341796875
0 0.44491023870585916 0.726318359375 0.0016768593410929177 0.00439453125
0 0.1755770368909055 0.726318359375 0.002959163543105149 0.00439453125
0 0.5141546656145196 0.72509765625 0.001874136910633261 0.0029296875
0 0.4145788123890314 0.726318359375 0.0017754981258630894 0.00537109375
0 0.36042611955020715 0.72509765625 0.0019727756954034327 0.0029296875
0 0.38335963700927206 0.72412109375 0.0022686920497139475 0.001953125
0 0.3699940816729138 0.723876953125 0.0011836654172420597 0.00146484375
0 0.5686032748076544 0.723876953125 0.0012823042020122311 0.00244140625
0 0.21098836062339713 0.7236328125 0.000789110278161373 0.001953125
0 0.18973170250542512 0.726806640625 0.002071414480173604 0.00830078125
0 0.549467350562241 0.724365234375 0.0028605247583349774 0.00439453125
0 0.5797001380942987 0.723876953125 0.0013809429867824028 0.00439453125
0 0.4429374630104557 0.72265625 0.0008877490629315447 0.001953125
0 0.41763661471690666 0.725341796875 0.004537384099427895 0.00732421875
0 0.3415367922667193 0.722412109375 0.0016768593410929177 0.00146484375
0 0.20250542513316236 0.724365234375 0.0023673308344841193 0.00537109375
0 0.574127046754784 0.7265625 0.0044387453146577235 0.0107421875
0 0.3577135529690274 0.722412109375 0.0008877490629315447 0.00244140625
0 0.3094298678240284 0.72314453125 0.0011836654172420597 0.00390625
0 0.18553955415269283 0.728271484375 0.003748273821266522 0.01416015625
0 0.3359143815348195 0.721923828125 0.001874136910633261 0.00244140625
0 0.19999013612152297 0.72314453125 0.002663247188794634 0.0048828125
0 0.6654172420595779 0.721435546875 0.000789110278161373 0.00244140625
0 0.5404912211481555 0.721435546875 0.0014795817715525744 0.00341796875
0 0.3615604655750641 0.720703125 0.0012823042020122311 0.001953125
0 0.5878378378378378 0.72265625 0.003452357466956007 0.0068359375
0 0.57757940422174 0.72119140625 0.0012823042020122311 0.00390625
0 0.18736437167094103 0.720947265625 0.0028605247583349774 0.00341796875
0 0.5524758334977313 0.72021484375 0.0019727756954034327 0.0029296875
0 0.5571118563819294 0.72021484375 0.002959163543105149 0.00390625
0 0.525843361609785 0.7236328125 0.003550996251726179 0.0107421875
0 0.4499408167291379 0.72021484375 0.002465969619254291 0.00390625
0 0.41033734464391397 0.721435546875 0.003748273821266522 0.00634765625
0 0.34903333990925234 0.719482421875 0.0008877490629315447 0.00341796875
0 0.2030972578417834 0.71923828125 0.0019727756954034327 0.0029296875
0 0.21616689682383114 0.71875 0.0008877490629315447 0.0029296875
0 0.34745511935292955 0.718505859375 0.0008877490629315447 0.00341796875
0 0.5944466364174393 0.719482421875 0.002663247188794634 0.00634765625
0 0.4070329453541132 0.72021484375 0.002071414480173604 0.0078125
0 0.4284868810416256 0.717529296875 0.0019727756954034327 0.00341796875
0 0.18262971000197278 0.71728515625 0.0008877490629315447 0.0029296875
0 0.41117577431446045 0.71630859375 0.0014795817715525744 0.001953125
0 0.2958177155257447 0.71630859375 0.0009863878477017164 0.001953125
0 0.5401953047938449 0.716064453125 0.0012823042020122311 0.00244140625
0 0.4468336950088775 0.716796875 0.001578220556322746 0.00390625
0 0.3383310317616887 0.716064453125 0.0011836654172420597 0.00244140625
0 0.3122903925823634 0.716552734375 0.0011836654172420597 0.00341796875
0 0.4402742158216611 0.718994140625 0.007200631288222529 0.00927734375
0 0.1908660485302821 0.718994140625 0.003550996251726179 0.00927734375
0 0.5472479779049122 0.71630859375 0.002959163543105149 0.0048828125
0 0.5334878674294733 0.716064453125 0.003255079897415664 0.00439453125
0 0.553462221345433 0.71533203125 0.0011836654172420597 0.00390625
0 0.5226869204971395 0.71533203125 0.002170053264943776 0.00390625
0 0.4307555730913395 0.714111328125 0.0013809429867824028 0.00244140625
0 0.42232195699348984 0.714111328125 0.0038469126060366936 0.00341796875
0 0.20709212862497534 0.71630859375 0.002465969619254291 0.0078125
0 0.5720063128822253 0.71630859375 0.0027618859735648055 0.0087890625
0 0.37916748865653976 0.712890625 0.000789110278161373 0.001953125
0 0.3612152298283685 0.71435546875 0.0011836654172420597 0.0048828125
0 0.5869007693825212 0.714111328125 0.001578220556322746 0.00537109375
0 0.34365752613927797 0.71240234375 0.0013809429867824028 0.001953125
0 0.5926218188991912 0.712158203125 0.0013809429867824028 0.00244140625
0 0.548283685144999 0.712646484375 0.0012823042020122311 0.00341796875
0 0.5179029394357861 0.712890625 0.0014795817715525744 0.00390625
0 0.411471690668771 0.7119140625 0.0012823042020122311 0.001953125
0 0.34602485697376206 0.713623046875 0.0025646084040244622 0.00537109375
0 0.5950384691260604 0.7119140625 0.0016768593410929177 0.00390625
0 0.3494772144407181 0.71142578125 0.003156441112645492 0.0029296875
0 0.19426908660485304 0.711669921875 0.0012823042020122311 0.00439453125
0 0.550552377194713 0.71240234375 0.003255079897415664 0.0068359375
0 0.21064312487670153 0.710693359375 0.001874136910633261 0.00341796875
0 0.5710199250345236 0.71044921875 0.0019727756954034327 0.00390625
0 0.5670743736437167 0.70947265625 0.001578220556322746 0.001953125
0 0.18751232984809627 0.70947265625 0.000789110278161373 0.0029296875
0 0.5379759321365161 0.708984375 0.0013809429867824028 0.0029296875
0 0.30967646478595384 0.7099609375 0.001874136910633261 0.005859375
0 0.1662556717301243 0.708984375 0.0016768593410929177 0.00390625
0 0.40841388834089565 0.70751953125 0.0008877490629315447 0.001953125
0 0.3067666206352338 0.708251953125 0.0023673308344841193 0.00439453125
0 0.1355790096666009 0.708251953125 0.002071414480173604 0.00439453125
0 0.33675281120536593 0.7099609375 0.0027618859735648055 0.009765625
0 0.4470802919708029 0.708984375 0.0030578023278753207 0.0087890625
0 0.34168475044387453 0.705810546875 0.001578220556322746 0.00244140625
0 0.523574669560071 0.708251953125 0.0033537186821858355 0.00830078125
0 0.5737818110080883 0.704345703125 0.0019727756954034327 0.00341796875
0 0.41773525350167684 0.70361328125 0.000789110278161373 0.0029296875
0 0.18036101795225884 0.70703125 0.0038469126060366936 0.009765625
0 0.5177549812586308 0.704345703125 0.002959163543105149 0.00537109375
0 0.43859735648056813 0.702392578125 0.002071414480173604 0.00146484375
0 0.17582363385283092 0.703857421875 0.001085026632471888 0.00439453125
0 0.3507595186427303 0.70166015625 0.002170053264943776 0.001953125
0 0.29300651015979484 0.701904296875 0.0008877490629315447 0.00244140625
0 0.1741960939041231 0.705078125 0.0025646084040244622 0.0087890625
0 0.21222134543302426 0.7021484375 0.0012823042020122311 0.00390625
0 0.5207634641941211 0.703125 0.0016768593410929177 0.0068359375
0 0.33532254882619844 0.702392578125 0.0016768593410929177 0.00537109375
0 0.18440520812783587 0.7041015625 0.0038469126060366936 0.0087890625
0 0.31416452949299667 0.70068359375 0.001578220556322746 0.0029296875
0 0.1776484513710791 0.700439453125 0.0005918327086210298 0.00244140625
0 0.5765436969816532 0.700439453125 0.001578220556322746 0.00341796875
0 0.3369007693825212 0.699951171875 0.0006904714933912014 0.00244140625
0 0.30079897415663837 0.69970703125 0.002071414480173604 0.0029296875
0 0.5395048333004537 0.7001953125 0.0022686920497139475 0.0048828125
0 0.21113631880055236 0.698974609375 0.0008877490629315447 0.00244140625
0 0.178733478003551 0.69921875 0.0011836654172420597 0.00390625
0 0.4205957782600118 0.698486328125 0.0017754981258630894 0.00341796875
0 0.34567962122706647 0.699462890625 0.0028605247583349774 0.00537109375
0 0.5912901953047939 0.697509765625 0.0008877490629315447 0.00244140625
0 0.21370092720457684 0.6982421875 0.001874136910633261 0.00390625
0 0.3627441309923062 0.69580078125 0.0012823042020122311 0.001953125
0 0.33941605839416056 0.69677734375 0.004340106529887552 0.00390625
0 0.3535214046162951 0.69677734375 0.0027618859735648055 0.0048828125
0 0.3491319786940225 0.6953125 0.0006904714933912014 0.001953125
0 0.21685736831722233 0.69482421875 0.0012823042020122311 0.001953125
0 0.21981653186032749 0.694580078125 0.0008877490629315447 0.00244140625
0 0.1675872953245216 0.695068359375 0.0013809429867824028 0.00341796875
0 0.5811797198658513 0.694580078125 0.001578220556322746 0.00341796875
0 0.29946735056224105 0.694580078125 0.0019727756954034327 0.00341796875
0 0.18277766817912802 0.6953125 0.003156441112645492 0.0048828125
0 0.5275202209508779 0.693359375 0.0009863878477017164 0.0029296875
0 0.21379956598934702 0.69189453125 0.0008877490629315447 0.001953125
0 0.21088972183862695 0.693359375 0.0033537186821858355 0.005859375
0 0.1874136910633261 0.6943359375 0.0025646084040244622 0.0078125
0 0.5874926020911423 0.692138671875 0.0013809429867824028 0.00439453125
0 0.5384198066679818 0.69091796875 0.0014795817715525744 0.0029296875
0 0.525843361609785 0.690673828125 0.0011836654172420597 0.00341796875
0 0.21606825803906096 0.688720703125 0.0008877490629315447 0.00244140625
0 0.13543105148944565 0.689453125 0.001578220556322746 0.0048828125
0 0.34301637403827184 0.687744140625 0.001874136910633261 0.00244140625
0 0.33956401657131585 0.6875 0.0008877490629315447 0.001953125
0 0.3323140658907082 0.688720703125 0.0017754981258630894 0.00439453125
0 0.1467745117380154 0.690673828125 0.002170053264943776 0.00830078125
0 0.1457388044979286 0.68798828125 0.0012823042020122311 0.0048828125
0 0.2996646281317814 0.685546875 0.0017754981258630894 0.00390625
0 0.1678832116788321 0.686767578125 0.002959163543105149 0.00634765625
0 0.4520122312093115 0.6845703125 0.0014795817715525744 0.0029296875
0 0.18524363779838232 0.686279296875 0.006312882225290984 0.00634765625
0 0.530479384493983 0.68505859375 0.001578220556322746 0.005859375
0 0.17414677451173802 0.684326171875 0.0014795817715525744 0.00537109375
0 0.18021305977510357 0.682373046875 0.0005918327086210298 0.00244140625
0 0.4538370487275597 0.681640625 0.000789110278161373 0.001953125
0 0.19047149339120142 0.683837890625 0.0027618859735648055 0.00732421875
0 0.33043992898007496 0.677001953125 0.0009863878477017164 0.00244140625
0 0.19412112842769777 0.6806640625 0.0025646084040244622 0.009765625
0 0.11254685342276582 0.67822265625 0.0017754981258630894 0.005859375
0 0.15910435983428683 0.675048828125 0.001578220556322746 0.00341796875
0 0.21296113631880056 0.67578125 0.002170053264943776 0.0068359375
0 0.15318603274807654 0.67431640625 0.0013809429867824028 0.00390625
0 0.1036200434010653 0.67431640625 0.001085026632471888 0.00390625
0 0.31963898204774116 0.6767578125 0.002465969619254291 0.009765625
0 0.1825310712172026 0.673095703125 0.0008877490629315447 0.00244140625
0 0.10702308147563622 0.67578125 0.0023673308344841193 0.0078125
0 0.3456303018346814 0.672607421875 0.000789110278161373 0.00244140625
0 0.17957190767409745 0.6748046875 0.0016768593410929177 0.0068359375
0 0.15579996054448608 0.6728515625 0.001085026632471888 0.00390625
0 0.14647859538370486 0.6748046875 0.0019727756954034327 0.0078125
0 0.17128624975340304 0.6787109375 0.007397908857762872 0.0166015625
0 0.20733872558690078 0.671875 0.001578220556322746 0.00390625
0 0.10140067074373643 0.6708984375 0.000789110278161373 0.0029296875
0 0.3232886170842375 0.671142578125 0.0012823042020122311 0.00439453125
0 0.18470112448214637 0.668212890625 0.0008877490629315447 0.00341796875
0 0.19727756954034326 0.66796875 0.0009863878477017164 0.00390625
0 0.21019925034523573 0.66748046875 0.0019727756954034327 0.0048828125
0 0.3254586703491813 0.66455078125 0.0006904714933912014 0.001953125
0 0.20733872558690078 0.6591796875 0.0011836654172420597 0.0048828125
0 0.1887946340501085 0.65283203125 0.0017754981258630894 0.00390625
0 0.21241862300256462 0.651611328125 0.002465969619254291 0.00439453125
