0 0.14716906687709608 0.999267578125 0.0013809429867824028 0.00146484375
0 0.1908660485302821 0.998779296875 0.0011836654172420597 0.00244140625
0 0.390215032550799 0.99853515625 0.001578220556322746 0.0029296875
0 0.5512921680804892 0.998046875 0.002959163543105149 0.00390625
0 0.5491221148155455 0.99755859375 0.0009863878477017164 0.0029296875
0 0.1925922272637601 0.997314453125 0.0016768593410929177 0.00244140625
0 0.4874235549418031 0.997802734375 0.003255079897415664 0.00439453125
0 0.3192444269086605 0.996826171875 0.0012823042020122311 0.00244140625
0 0.30607614914184256 0.997802734375 0.0011836654172420597 0.00439453125
0 0.17537975932136515 0.997802734375 0.004537384099427895 0.00439453125
0 0.5458670349181298 0.996826171875 0.0025646084040244622 0.00341796875
0 0.5429571907674098 0.99755859375 0.002663247188794634 0.0048828125
0 0.4927993687117775 0.99609375 0.000789110278161373 0.001953125
0 0.483330045373841 0.99755859375 0.003550996251726179 0.0048828125
0 0.3094298678240284 0.99755859375 0.004537384099427895 0.0048828125
0 0.2954724797790491 0.996337890625 0.001085026632471888 0.00244140625
0 0.6812487670151903 0.997314453125 0.0044387453146577235 0.00537109375
0 0.6691655158808444 0.996826171875 0.003748273821266522 0.00634765625
0 0.1989544288814362 0.9951171875 0.001578220556322746 0.0029296875
0 0.5574077727362399 0.99462890625 0.0013809429867824028 0.0029296875
0 0.1561451962911817 0.99560546875 0.002170053264943776 0.0048828125
0 0.46049516669954627 0.992919921875 0.0012823042020122311 0.00146484375
0 0.19155652002367332 0.99365234375 0.002959163543105149 0.0029296875
0 0.5113434602485697 0.992431640625 0.0011836654172420597 0.00244140625
0 0.15175577036890905 0.99560546875 0.00424146774511738 0.0087890625
0 0.20378772933517458 0.994873046875 0.004340106529887552 0.00830078125
0 0.19634050108502663 0.9921875 0.0016768593410929177 0.0029296875
0 0.6772045768396133 0.9931640625 0.003255079897415664 0.0068359375
0 0.18336950088774906 0.99267578125 0.006904714933912014 0.0068359375
0 0.1770566186624581 0.990966796875 0.003748273821266522 0.00439453125
0 0.5562734267113829 0.98974609375 0.001085026632471888 0.0029296875
0 0.5606135332412705 0.99072265625 0.0014795817715525744 0.005859375
0 0.1547149339120142 0.98779296875 0.003255079897415664 0.0029296875
0 0.1495857171039653 0.9892578125 0.00424146774511738 0.005859375
0 0.3913000591832709 0.98681640625 0.0025646084040244622 0.0029296875
0 0.21330637206549616 0.987548828125 0.0036496350364963502 0.00439453125
0 0.2020122312093115 0.987060546875 0.0027618859735648055 0.00341796875
0 0.5638686131386861 0.986572265625 0.002465969619254291 0.00537109375
0 0.5520812783586506 0.9853515625 0.0009863878477017164 0.00390625
0 0.5606628526336556 0.984130859375 0.0009863878477017164 0.00244140625
0 0.20945945945945946 0.98486328125 0.0022686920497139475 0.00390625
0 0.18277766817912802 0.984130859375 0.0011836654172420597 0.00244140625
0 0.5620437956204379 0.985107421875 0.0013809429867824028 0.00537109375
0 0.1880548431643322 0.983642578125 0.0016768593410929177 0.00244140625
0 0.47095087788518447 0.982421875 0.001085026632471888 0.0029296875
0 0.6693134740579996 0.982666015625 0.003452357466956007 0.00537109375
0 0.1661570329453541 0.982177734375 0.002465969619254291 0.00439453125
0 0.15944959558098246 0.982177734375 0.006214243440520813 0.00537109375
0 0.14859932925626357 0.982421875 0.006411521010061156 0.005859375
0 0.18455316630499113 0.9794921875 0.0011836654172420597 0.0029296875
0 0.17858551982639573 0.9794921875 0.0036496350364963502 0.00390625
0 0.20146971789307555 0.979736328125 0.004636022884198066 0.00537109375
0 0.15703294535411325 0.97900390625 0.0025646084040244622 0.00390625
0 0.5541526928388242 0.9794921875 0.003748273821266522 0.0068359375
0 0.18874531465772343 0.97900390625 0.0016768593410929177 0.005859375
0 0.1595482343657526 0.977294921875 0.001874136910633261 0.00244140625
0 0.19767212467942394 0.98095703125 0.005523771947129611 0.0107421875
0 0.16408561846518052 0.977294921875 0.002071414480173604 0.00439453125
0 0.18134740579996053 0.975830078125 0.001874136910633261 0.00244140625
0 0.39677451173801537 0.978271484375 0.002663247188794634 0.00830078125
0 0.1617182876306964 0.97509765625 0.0016768593410929177 0.0029296875
0 0.14302623791674887 0.97607421875 0.003748273821266522 0.0048828125
0 0.562093115012823 0.974365234375 0.0008877490629315447 0.00244140625
0 0.5594791872164135 0.97412109375 0.000789110278161373 0.001953125
0 0.1898796606825804 0.9736328125 0.0023673308344841193 0.0029296875
0 0.19347997632669164 0.9736328125 0.002071414480173604 0.00390625
0 0.19155652002367332 0.97265625 0.0009863878477017164 0.001953125
0 0.39435786151114616 0.973876953125 0.0023673308344841193 0.00537109375
0 0.2009765239692247 0.971435546875 0.0012823042020122311 0.00244140625
0 0.18455316630499113 0.969970703125 0.0039455513908068654 0.00439453125
0 0.14933912014203984 0.968017578125 0.0011836654172420597 0.00244140625
0 0.19934898402051687 0.966552734375 0.002959163543105149 0.00244140625
0 0.5556815940027618 0.96533203125 0.0012823042020122311 0.0029296875
0 0.17769777076346419 0.965087890625 0.0012823042020122311 0.00244140625
0 0.16014006707437364 0.96484375 0.0014795817715525744 0.001953125
0 0.1550601696587098 0.968017578125 0.008877490629315447 0.00830078125
0 0.2037384099427895 0.968017578125 0.005622410731899783 0.01318359375
0 0.18958374432826988 0.96533203125 0.0027618859735648055 0.009765625
0 0.15698362596172816 0.96142578125 0.00483330045373841 0.0048828125
0 0.20122312093115013 0.960205078125 0.0019727756954034327 0.00341796875
0 0.16492404813572697 0.95947265625 0.000789110278161373 0.001953125
0 0.17306174787926612 0.960693359375 0.0028605247583349774 0.00634765625
0 0.15007891102781615 0.9580078125 0.002071414480173604 0.0029296875
0 0.15486289208916945 0.958740234375 0.0025646084040244622 0.00537109375
0 0.2044288814361807 0.95849609375 0.0028605247583349774 0.005859375
0 0.18608206746892877 0.9580078125 0.002465969619254291 0.0048828125
0 0.1975241665022687 0.955810546875 0.0016768593410929177 0.00341796875
0 0.5579502860524759 0.958984375 0.00424146774511738 0.01171875
0 0.1783882422568554 0.958251953125 0.006016965870980469 0.01025390625
0 0.18179128033142633 0.95263671875 0.006312882225290984 0.005859375
0 0.2019629118169264 0.95166015625 0.00542513316235944 0.0087890625
0 0.565545472479779 0.94775390625 0.0008877490629315447 0.0029296875
0 0.548283685144999 0.94873046875 0.0016768593410929177 0.005859375
0 0.19214835273229433 0.9462890625 0.000789110278161373 0.001953125
0 0.6697573485894653 0.94580078125 0.0011836654172420597 0.0029296875
0 0.18820280134148748 0.947021484375 0.0023673308344841193 0.00537109375
0 0.5490234760307753 0.943115234375 0.0009863878477017164 0.00244140625
0 0.16832708621029788 0.944091796875 0.002663247188794634 0.00537109375
0 0.564361807062537 0.94287109375 0.001874136910633261 0.0048828125
0 0.16388834089564017 0.94140625 0.0012823042020122311 0.001953125
0 0.16610771355296902 0.94091796875 0.0011836654172420597 0.001953125
0 0.1856875123298481 0.94384765625 0.0044387453146577235 0.0087890625
0 0.5466068258039061 0.93798828125 0.0008877490629315447 0.0029296875
0 0.5562241073189979 0.936767578125 0.0017754981258630894 0.00244140625
0 0.18894259222726376 0.93603515625 0.0044387453146577235 0.0078125
0 0.16300059183270862 0.933349609375 0.0012823042020122311 0.00244140625
0 0.18450384691260605 0.932373046875 0.001874136910633261 0.00537109375
0 0.5529197080291971 0.93310546875 0.0044387453146577235 0.0087890625
0 0.198855790096666 0.9345703125 0.0033537186821858355 0.01171875
0 0.5706253698954429 0.92822265625 0.0009863878477017164 0.00390625
0 0.16571315841388834 0.927490234375 0.0011836654172420597 0.00244140625
0 0.556372065496153 0.92724609375 0.0012823042020122311 0.0048828125
0 0.16334582757940422 0.927734375 0.002959163543105149 0.005859375
0 0.6725685539554153 0.927978515625 0.0038469126060366936 0.00732421875
0 0.552278555928191 0.92724609375 0.0017754981258630894 0.005859375
0 0.1717301242848688 0.92578125 0.0019727756954034327 0.0029296875
0 0.1995462615900572 0.92529296875 0.0013809429867824028 0.00390625
0 0.6696587098046952 0.92724609375 0.0051292168080489245 0.0087890625
0 0.5642138488853817 0.9228515625 0.0009863878477017164 0.0029296875
0 0.16877096074176365 0.924072265625 0.003156441112645492 0.00537109375
0 0.5544979285855198 0.92333984375 0.001874136910633261 0.005859375
0 0.16433221542710594 0.92138671875 0.002170053264943776 0.0029296875
0 0.19347997632669164 0.921142578125 0.0012823042020122311 0.00341796875
0 0.19165515880844347 0.92138671875 0.0019727756954034327 0.00390625
0 0.1881534819491024 0.919189453125 0.003452357466956007 0.00537109375
0 0.5567173012428487 0.91748046875 0.0009863878477017164 0.0029296875
0 0.19594594594594594 0.918212890625 0.005227855592819097 0.00439453125
0 0.1732097060564214 0.917236328125 0.0019727756954034327 0.00244140625
0 0.6678832116788321 0.917236328125 0.0023673308344841193 0.00341796875
0 0.5548924837246005 0.916259765625 0.0008877490629315447 0.00244140625
0 0.1818405997238114 0.918212890625 0.0038469126060366936 0.00634765625
0 0.17582363385283092 0.916748046875 0.002663247188794634 0.00341796875
0 0.15042414677451174 0.916259765625 0.002170053264943776 0.00244140625
0 0.6755277174985204 0.91650390625 0.00424146774511738 0.005859375
0 0.1485006904714934 0.914794921875 0.001085026632471888 0.00341796875
0 0.18731505227855594 0.913818359375 0.0019727756954034327 0.00244140625
0 0.15836456894851056 0.914794921875 0.0036496350364963502 0.00537109375
0 0.19461432235154863 0.9130859375 0.0072992700729927005 0.0048828125
0 0.15422173998816335 0.914306640625 0.003255079897415664 0.00830078125
0 0.6642335766423357 0.912353515625 0.0025646084040244622 0.00537109375
0 0.1797198658512527 0.909912109375 0.004537384099427895 0.00341796875
0 0.14692246991517063 0.91015625 0.003452357466956007 0.00390625
0 0.6768593410929178 0.90869140625 0.0025646084040244622 0.0029296875
0 0.1836160978496745 0.90869140625 0.0014795817715525744 0.00390625
0 0.13774906293154468 0.908203125 0.001085026632471888 0.0029296875
0 0.15200236733083447 0.907470703125 0.001578220556322746 0.00244140625
0 0.16004142828960347 0.907470703125 0.001874136910633261 0.00341796875
0 0.1310909449595581 0.906982421875 0.002170053264943776 0.00244140625
0 0.5555336358256067 0.907470703125 0.0023673308344841193 0.00439453125
0 0.12694811599921088 0.90771484375 0.0011836654172420597 0.0048828125
0 0.125863089366739 0.906982421875 0.001578220556322746 0.00537109375
0 0.18174196093904124 0.904052734375 0.0016768593410929177 0.00341796875
0 0.16946143223515486 0.906005859375 0.007496547642533044 0.00732421875
0 0.1798185046360229 0.9033203125 0.0017754981258630894 0.0029296875
0 0.1348885381732097 0.905029296875 0.0030578023278753207 0.00634765625
0 0.13656539751430263 0.902587890625 0.001085026632471888 0.00244140625
0 0.5634247386072203 0.902099609375 0.001578220556322746 0.00439453125
0 0.15708226474649833 0.90087890625 0.0016768593410929177 0.001953125
0 0.17631682777668178 0.899658203125 0.001085026632471888 0.00244140625
0 0.1178733478003551 0.900146484375 0.0019727756954034327 0.00341796875
0 0.185638192937463 0.898681640625 0.0011836654172420597 0.00244140625
0 0.30060169658709807 0.898193359375 0.0012823042020122311 0.00244140625
0 0.18169264154665615 0.898681640625 0.0033537186821858355 0.00341796875
0 0.17029986190570132 0.898193359375 0.0014795817715525744 0.00244140625
0 0.12053659498914973 0.8994140625 0.001578220556322746 0.005859375
0 0.15362990727954232 0.896728515625 0.001085026632471888 0.00244140625
0 0.5589366739001775 0.896728515625 0.0012823042020122311 0.00341796875
0 0.13395146971789307 0.89599609375 0.0039455513908068654 0.001953125
0 0.1411521010061156 0.897216796875 0.003550996251726179 0.00537109375
0 0.16388834089564017 0.900390625 0.004636022884198066 0.0126953125
0 0.553462221345433 0.894775390625 0.0009863878477017164 0.00244140625
0 0.14943775892681002 0.894775390625 0.0023673308344841193 0.00244140625
0 0.2906391793253107 0.8935546875 0.0014795817715525744 0.001953125
0 0.3014401262576445 0.894287109375 0.002959163543105149 0.00439453125
0 0.2929571907674097 0.89501953125 0.006510159794831328 0.005859375
0 0.1748865653975143 0.89306640625 0.0013809429867824028 0.001953125
0 0.1443085421187611 0.893310546875 0.0013809429867824028 0.00244140625
0 0.18761096863286644 0.89306640625 0.0019727756954034327 0.0029296875
0 0.12684947721444073 0.895751953125 0.009469323337936477 0.00927734375
0 0.18445452752022096 0.890625 0.003156441112645492 0.0029296875
0 0.1797198658512527 0.892333984375 0.0039455513908068654 0.00634765625
0 0.15417242059577826 0.89111328125 0.005326494377589268 0.005859375
0 0.4009173406983626 0.889892578125 0.0030578023278753207 0.00537109375
0 0.13405010850266325 0.888427734375 0.0039455513908068654 0.00244140625
0 0.1947622805287039 0.8876953125 0.002465969619254291 0.0029296875
0 0.1975241665022687 0.88720703125 0.001874136910633261 0.0029296875
0 0.1762181889919116 0.88720703125 0.00483330045373841 0.0029296875
0 0.1620142039850069 0.88671875 0.00542513316235944 0.0029296875
0 0.18889327283487867 0.88623046875 0.005721049516669955 0.005859375
0 0.15412310120339318 0.88427734375 0.002663247188794634 0.0029296875
0 0.15081870191359242 0.883544921875 0.000789110278161373 0.00244140625
0 0.5588380351154074 0.88525390625 0.002465969619254291 0.0068359375
0 0.17192740185440916 0.882080078125 0.0023673308344841193 0.00244140625
0 0.13049911225093708 0.883544921875 0.003156441112645492 0.00634765625
0 0.5573091339514697 0.88037109375 0.000789110278161373 0.0029296875
0 0.15609587689879661 0.8798828125 0.0012823042020122311 0.001953125
0 0.13893272834878675 0.880126953125 0.0022686920497139475 0.00244140625
0 0.19638982047741171 0.880126953125 0.0027618859735648055 0.00341796875
0 0.2508384296705465 0.8798828125 0.0027618859735648055 0.00390625
0 0.11826790293943579 0.879638671875 0.0013809429867824028 0.00341796875
0 0.18613138686131386 0.8779296875 0.0017754981258630894 0.001953125
0 0.15866048530282106 0.878173828125 0.001874136910633261 0.00244140625
0 0.6638883408956402 0.87841796875 0.0014795817715525744 0.00390625
0 0.12675083842967055 0.878662109375 0.0013809429867824028 0.00439453125
0 0.6699546261590057 0.87744140625 0.0027618859735648055 0.00390625
0 0.5540540540540541 0.87744140625 0.0011836654172420597 0.00390625
0 0.5640658907082264 0.87548828125 0.0006904714933912014 0.001953125
0 0.2889623199842178 0.876953125 0.0016768593410929177 0.0048828125
0 0.13686131386861314 0.874755859375 0.001874136910633261 0.00244140625
0 0.6739001775498126 0.874267578125 0.0011836654172420597 0.00244140625
0 0.18889327283487867 0.875244140625 0.002170053264943776 0.00537109375
0 0.12892089169461432 0.874755859375 0.002170053264943776 0.00439453125
0 0.16798185046360228 0.874755859375 0.004734661668968239 0.00537109375
0 0.30721049516669957 0.875 0.00483330045373841 0.0068359375
0 0.27101006115604653 0.873046875 0.0016768593410929177 0.0029296875
0 0.2551292168080489 0.873046875 0.0012823042020122311 0.0029296875
0 0.20314657723416849 0.87353515625 0.002465969619254291 0.00390625
0 0.19175379759321365 0.873046875 0.0033537186821858355 0.0048828125
0 0.2748076543696982 0.871337890625 0.0011836654172420597 0.00244140625
0 0.1846024856973762 0.870361328125 0.003255079897415664 0.00341796875
0 0.3041033734464391 0.869873046875 0.0013809429867824028 0.00341796875
0 0.3019333201814954 0.870361328125 0.0019727756954034327 0.00439453125
0 0.29132965081870194 0.867919921875 0.001085026632471888 0.00244140625
0 0.5535608601302032 0.866943359375 0.0011836654172420597 0.00439453125
0 0.29542316038666405 0.86572265625 0.0023673308344841193 0.001953125
0 0.19688301440126257 0.865966796875 0.0025646084040244622 0.00244140625
0 0.19170447820082856 0.86572265625 0.0008877490629315447 0.001953125
0 0.17375221937265733 0.865966796875 0.001085026632471888 0.00244140625
0 0.33369500887749065 0.865234375 0.000789110278161373 0.001953125
0 0.1933320181495364 0.864990234375 0.001578220556322746 0.00244140625
0 0.5579502860524759 0.866455078125 0.0030578023278753207 0.00634765625
0 0.137354507792464 0.86767578125 0.0044387453146577235 0.0087890625
0 0.5555829552179917 0.86376953125 0.0016768593410929177 0.00390625
0 0.31243835075951865 0.863037109375 0.0014795817715525744 0.00244140625
0 0.30824620240678635 0.864990234375 0.0033537186821858355 0.00634765625
0 0.30262379167488657 0.86328125 0.0017754981258630894 0.00390625
0 0.1978200828565792 0.86181640625 0.0028605247583349774 0.0029296875
0 0.5531169855987375 0.861572265625 0.0012823042020122311 0.00341796875
0 0.1887946340501085 0.861328125 0.0023673308344841193 0.0029296875
0 0.16556520023673307 0.861572265625 0.0008877490629315447 0.00341796875
0 0.27826001183665416 0.860595703125 0.001578220556322746 0.00244140625
0 0.2986289208916946 0.8623046875 0.0030578023278753207 0.0068359375
0 0.2726869204971395 0.859619140625 0.0016768593410929177 0.00341796875
0 0.1925922272637601 0.859375 0.0012823042020122311 0.0029296875
0 0.27559676464785954 0.859375 0.003550996251726179 0.00390625
0 0.16152101006115605 0.859130859375 0.0030578023278753207 0.00341796875
0 0.14411126454922074 0.862060546875 0.004734661668968239 0.01025390625
0 0.5550404419017557 0.85888671875 0.002170053264943776 0.0048828125
0 0.29813572696784374 0.857666015625 0.0016768593410929177 0.00244140625
0 0.3059281909646873 0.85986328125 0.0028605247583349774 0.0087890625
0 0.13518445452752023 0.860107421875 0.004044190175577037 0.00927734375
0 0.2921187610968633 0.85986328125 0.003255079897415664 0.009765625
0 0.19096468731505228 0.85546875 0.0009863878477017164 0.001953125
0 0.31209311501282305 0.857666015625 0.003748273821266522 0.00732421875
0 0.18248175182481752 0.855224609375 0.0027618859735648055 0.00244140625
0 0.5600710199250345 0.85498046875 0.000789110278161373 0.0029296875
0 0.3205760505030578 0.8544921875 0.0011836654172420597 0.0029296875
0 0.1706450976523969 0.854736328125 0.0011836654172420597 0.00341796875
0 0.15491221148155454 0.854248046875 0.001874136910633261 0.00244140625
0 0.1933813375419215 0.853759765625 0.0016768593410929177 0.00244140625
0 0.1426316827776682 0.85400390625 0.004340106529887552 0.0048828125
0 0.13898204774117182 0.85791015625 0.0033537186821858355 0.0126953125
0 0.18381337541921483 0.852294921875 0.002071414480173604 0.00244140625
0 0.30499112250937066 0.85400390625 0.0039455513908068654 0.0068359375
0 0.18065693430656934 0.85205078125 0.001085026632471888 0.0029296875
0 0.1651213257052673 0.8525390625 0.002959163543105149 0.005859375
0 0.1484020516867232 0.849609375 0.001085026632471888 0.001953125
0 0.20314657723416849 0.84912109375 0.0012823042020122311 0.001953125
0 0.17513316235943974 0.84912109375 0.001085026632471888 0.001953125
0 0.13577628723614124 0.849609375 0.0012823042020122311 0.0029296875
0 0.4010159794831328 0.8486328125 0.0028605247583349774 0.0029296875
0 0.16058394160583941 0.848876953125 0.0039455513908068654 0.00341796875
0 0.3100710199250345 0.849853515625 0.006411521010061156 0.00634765625
0 0.17947326888932727 0.847900390625 0.003255079897415664 0.00244140625
0 0.14342079305582955 0.84716796875 0.000789110278161373 0.0029296875
0 0.32452160189386464 0.847412109375 0.0013809429867824028 0.00439453125
0 0.1839613335963701 0.847412109375 0.003550996251726179 0.00439453125
0 0.5532649437758926 0.849853515625 0.004142828960347208 0.01025390625
0 0.19767212467942394 0.8486328125 0.003550996251726179 0.0078125
0 0.16847504438745314 0.8466796875 0.0023673308344841193 0.00390625
0 0.28462221345433025 0.845703125 0.0022686920497139475 0.0029296875
0 0.32032945354113235 0.844970703125 0.0008877490629315447 0.00244140625
0 0.31894851055435 0.84521484375 0.0012823042020122311 0.0029296875
0 0.3776385874926021 0.84912109375 0.00542513316235944 0.01171875
0 0.31613730518840005 0.844482421875 0.001578220556322746 0.00341796875
0 0.5561747879266128 0.84326171875 0.0008877490629315447 0.001953125
0 0.3115506016965871 0.843505859375 0.0016768593410929177 0.00244140625
0 0.2545373840994279 0.843505859375 0.0014795817715525744 0.00244140625
0 0.19412112842769777 0.84423828125 0.001578220556322746 0.00390625
0 0.14687315052278557 0.84326171875 0.0009863878477017164 0.001953125
0 0.266669954626159 0.843017578125 0.0008877490629315447 0.00244140625
0 0.3225981455908463 0.84228515625 0.0016768593410929177 0.001953125
0 0.3016867232195699 0.84228515625 0.0012823042020122311 0.001953125
0 0.271848490826593 0.842529296875 0.0009863878477017164 0.00244140625
0 0.17863483921878082 0.842529296875 0.000789110278161373 0.00244140625
0 0.14938843953442493 0.8427734375 0.0012823042020122311 0.0029296875
0 0.3704379562043796 0.841796875 0.0008877490629315447 0.001953125
0 0.2997139475241665 0.84326171875 0.002071414480173604 0.0048828125
0 0.31480568159400274 0.841552734375 0.0012823042020122311 0.00244140625
0 0.27066482540935094 0.8408203125 0.000789110278161373 0.001953125
0 0.25966660090747684 0.843994140625 0.008384296705464589 0.00830078125
0 0.2647464983231407 0.84033203125 0.000789110278161373 0.001953125
0 0.18761096863286644 0.842041015625 0.0027618859735648055 0.00537109375
0 0.5605148944565003 0.8408203125 0.001085026632471888 0.00390625
0 0.3848885381732097 0.84033203125 0.0017754981258630894 0.0029296875
0 0.29793844939830344 0.840087890625 0.0028605247583349774 0.00341796875
0 0.19880647070428092 0.84228515625 0.00424146774511738 0.0078125
0 0.13049911225093708 0.841796875 0.0023673308344841193 0.0068359375
0 0.21217202604063917 0.841796875 0.003156441112645492 0.0078125
0 0.18272834878674293 0.839111328125 0.0012823042020122311 0.00244140625
0 0.3059281909646873 0.841796875 0.0044387453146577235 0.0087890625
0 0.1756263562832906 0.839111328125 0.0022686920497139475 0.00341796875
0 0.2854113237324916 0.841064453125 0.0030578023278753207 0.00830078125
0 0.1648254093509568 0.839111328125 0.0027618859735648055 0.00439453125
0 0.3056322746103768 0.837646484375 0.0008877490629315447 0.00244140625
0 0.280479384493983 0.839599609375 0.0036496350364963502 0.00634765625
0 0.2555237719471296 0.838134765625 0.0022686920497139475 0.00341796875
0 0.1961432235154863 0.837646484375 0.002663247188794634 0.00244140625
0 0.14174393371473665 0.8388671875 0.0025646084040244622 0.0048828125
0 0.27140461629512724 0.837158203125 0.001874136910633261 0.00244140625
0 0.2607023081475636 0.83740234375 0.0013809429867824028 0.0029296875
0 0.1905701321759716 0.83837890625 0.003156441112645492 0.0048828125
0 0.38982047741171827 0.836181640625 0.0025646084040244622 0.00439453125
0 0.25364963503649635 0.835205078125 0.002071414480173604 0.00341796875
0 0.14174393371473665 0.83447265625 0.0009863878477017164 0.001953125
0 0.16428289603472085 0.83349609375 0.0008877490629315447 0.001953125
0 0.25966660090747684 0.834716796875 0.004044190175577037 0.00537109375
0 0.1675379759321365 0.8349609375 0.0016768593410929177 0.005859375
0 0.1373051884000789 0.834228515625 0.0017754981258630894 0.00439453125
0 0.3874531465772342 0.832763671875 0.0019727756954034327 0.00244140625
0 0.374136910633261 0.8349609375 0.003550996251726179 0.0068359375
0 0.3246202406786348 0.8359375 0.004340106529887552 0.0087890625
0 0.2934010652988755 0.832763671875 0.0012823042020122311 0.00244140625
0 0.30222923653580586 0.831787109375 0.0011836654172420597 0.00244140625
0 0.2541921483527323 0.83154296875 0.0009863878477017164 0.001953125
0 0.18992898007496548 0.831787109375 0.001874136910633261 0.00244140625
0 0.12921680804892482 0.83447265625 0.0025646084040244622 0.0078125
0 0.3674294732688893 0.8330078125 0.0033537186821858355 0.005859375
0 0.2144900374827382 0.83203125 0.002071414480173604 0.00390625
0 0.21231998421779444 0.8310546875 0.0012823042020122311 0.001953125
0 0.30474452554744524 0.83251953125 0.0038469126060366936 0.0068359375
0 0.19382521207338727 0.830322265625 0.0009863878477017164 0.00244140625
0 0.3279739593608207 0.83154296875 0.0025646084040244622 0.005859375
0 0.3169264154665615 0.830078125 0.000789110278161373 0.0029296875
0 0.19565002959163544 0.83154296875 0.001874136910633261 0.005859375
0 0.3204280923259025 0.8330078125 0.0028605247583349774 0.009765625
0 0.2954724797790491 0.82958984375 0.001874136910633261 0.0029296875
0 0.1780430065101598 0.83056640625 0.004142828960347208 0.0048828125
0 0.3775399487078319 0.830322265625 0.0030578023278753207 0.00537109375
0 0.2998125863089367 0.82861328125 0.0008877490629315447 0.001953125
0 0.3225981455908463 0.82861328125 0.0008877490629315447 0.0029296875
0 0.27697770763464197 0.828125 0.0011836654172420597 0.001953125
0 0.38503649635036497 0.828369140625 0.0030578023278753207 0.00341796875
0 0.31125468534227657 0.8291015625 0.0012823042020122311 0.0048828125
0 0.16719274018544092 0.828125 0.0033537186821858355 0.0029296875
0 0.33019333201814954 0.830322265625 0.002465969619254291 0.00830078125
0 0.4002268692049714 0.82763671875 0.0012823042020122311 0.00390625
0 0.2102978891300059 0.828857421875 0.0019727756954034327 0.00634765625
0 0.20571118563819293 0.82666015625 0.0014795817715525744 0.001953125
0 0.5544486091931348 0.8271484375 0.002170053264943776 0.00390625
0 0.3242750049319392 0.827392578125 0.0014795817715525744 0.00439453125
0 0.24768198855790097 0.826904296875 0.0011836654172420597 0.00341796875
0 0.30992306174787926 0.825439453125 0.0013809429867824028 0.00244140625
0 0.3073091339514697 0.826416015625 0.001085026632471888 0.00439453125
0 0.15520812783586507 0.825439453125 0.0012823042020122311 0.00244140625
0 0.14593608206746894 0.8251953125 0.0012823042020122311 0.001953125
0 0.6665022686920498 0.825439453125 0.0017754981258630894 0.00341796875
0 0.31209311501282305 0.825439453125 0.0011836654172420597 0.00341796875
0 0.2455119352929572 0.824951171875 0.0011836654172420597 0.00244140625
0 0.4092523180114421 0.82568359375 0.0013809429867824028 0.0048828125
0 0.21508187019135924 0.8251953125 0.0044387453146577235 0.00390625
0 0.18603274807654369 0.82470703125 0.0013809429867824028 0.0029296875
0 0.17355494180311698 0.82421875 0.0014795817715525744 0.001953125
0 0.14051094890510948 0.826416015625 0.0028605247583349774 0.00732421875
0 0.5569638982047741 0.82373046875 0.0016768593410929177 0.0029296875
0 0.3267902939435786 0.8232421875 0.002170053264943776 0.001953125
0 0.14376602880252515 0.82373046875 0.001085026632471888 0.0029296875
0 0.09055040441901756 0.8232421875 0.000789110278161373 0.001953125
0 0.3024265141053462 0.82373046875 0.002170053264943776 0.0048828125
0 0.2954724797790491 0.82373046875 0.001874136910633261 0.0048828125
0 0.28950483330045373 0.82421875 0.005721049516669955 0.005859375
0 0.2858058788715723 0.82275390625 0.0012823042020122311 0.0029296875
0 0.2931544683369501 0.82373046875 0.0019727756954034327 0.0068359375
0 0.3316729137897021 0.8232421875 0.00424146774511738 0.0068359375
0 0.4117182876306964 0.82177734375 0.003156441112645492 0.0048828125
0 0.2082757940422174 0.8232421875 0.003255079897415664 0.0078125
0 0.6706450976523969 0.821044921875 0.004142828960347208 0.00439453125
0 0.3004044190175577 0.820068359375 0.0008877490629315447 0.00244140625
0 0.2975932136516078 0.82080078125 0.0019727756954034327 0.00390625
0 0.6740481357269679 0.820556640625 0.0030578023278753207 0.00439453125
0 0.5605642138488853 0.82080078125 0.0013809429867824028 0.0048828125
0 0.5524265141053463 0.819580078125 0.0012823042020122311 0.00244140625
0 0.31460840402446244 0.82421875 0.0036496350364963502 0.01171875
0 0.28087393963306373 0.821044921875 0.002071414480173604 0.00537109375
0 0.20378772933517458 0.82080078125 0.0017754981258630894 0.005859375
0 0.19185243637798383 0.819580078125 0.0013809429867824028 0.00341796875
0 0.20600710199250344 0.818603515625 0.001085026632471888 0.00341796875
0 0.3085421187610969 0.81787109375 0.0025646084040244622 0.0029296875
0 0.3053363582560663 0.818359375 0.001874136910633261 0.00390625
0 0.2899487078319195 0.81787109375 0.0014795817715525744 0.0029296875
0 0.21646281317814164 0.819091796875 0.0030578023278753207 0.00634765625
0 0.40708226474649833 0.816650390625 0.0013809429867824028 0.00244140625
0 0.1769579798776879 0.81640625 0.0013809429867824028 0.001953125
0 0.2997632669165516 0.816650390625 0.0033537186821858355 0.00341796875
0 0.16773525350167687 0.81591796875 0.0012823042020122311 0.001953125
0 0.18746301045571118 0.815673828125 0.0014795817715525744 0.00244140625
0 0.2820082856579207 0.815185546875 0.0009863878477017164 0.00244140625
0 0.20709212862497534 0.81494140625 0.001085026632471888 0.001953125
0 0.3962319984217794 0.817138671875 0.004142828960347208 0.00732421875
0 0.3670842375221937 0.82080078125 0.006806076149141842 0.0146484375
0 0.14056026829749457 0.8154296875 0.0011836654172420597 0.00390625
0 0.13444466364174393 0.81494140625 0.002170053264943776 0.0029296875
0 0.6752318011442099 0.81494140625 0.001874136910633261 0.00390625
0 0.5575064115210101 0.814453125 0.000789110278161373 0.0029296875
0 0.30642138488853815 0.814208984375 0.001085026632471888 0.00244140625
0 0.18267902939435787 0.81396484375 0.0011836654172420597 0.001953125
0 0.2641546656145196 0.8134765625 0.000789110278161373 0.001953125
0 0.25823633852830935 0.816162109375 0.0025646084040244622 0.00732421875
0 0.16521996449003748 0.813232421875 0.0009863878477017164 0.00244140625
0 0.2699250345235747 0.8134765625 0.0028605247583349774 0.00390625
0 0.1933813375419215 0.812744140625 0.001085026632471888 0.00244140625
0 0.616097849674492 0.81201171875 0.0009863878477017164 0.001953125
0 0.37423554941803117 0.813232421875 0.005326494377589268 0.00439453125
0 0.42064509765239694 0.8125 0.0014795817715525744 0.00390625
0 0.3184553166304991 0.8115234375 0.0008877490629315447 0.001953125
0 0.29877687906884987 0.812255859375 0.0027618859735648055 0.00341796875
0 0.1199940816729138 0.81201171875 0.0008877490629315447 0.0029296875
0 0.2581376997435392 0.811767578125 0.0013809429867824028 0.00341796875
0 0.31436180706253697 0.812744140625 0.004537384099427895 0.00634765625
0 0.29058985993292563 0.811279296875 0.002170053264943776 0.00341796875
0 0.19076740974551193 0.811767578125 0.0025646084040244622 0.00439453125
0 0.28841980666798184 0.81103515625 0.0009863878477017164 0.00390625
0 0.20926218188991913 0.810302734375 0.0016768593410929177 0.00244140625
0 0.20324521601893863 0.8115234375 0.001874136910633261 0.0048828125
0 0.09262181889919116 0.8115234375 0.0013809429867824028 0.0048828125
0 0.26124482146379957 0.809814453125 0.0016768593410929177 0.00244140625
0 0.21049516669954627 0.813720703125 0.004537384099427895 0.01025390625
0 0.32032945354113235 0.810302734375 0.002465969619254291 0.00439453125
0 0.31110672716512133 0.8095703125 0.0013809429867824028 0.0029296875
0 0.19944762280528705 0.809326171875 0.003156441112645492 0.00244140625
0 0.19377589268100218 0.80908203125 0.0014795817715525744 0.001953125
0 0.3278260011836654 0.812744140625 0.00542513316235944 0.01025390625
0 0.285066087985796 0.81298828125 0.0051292168080489245 0.0107421875
0 0.37650424146774514 0.80859375 0.0023673308344841193 0.0029296875
0 0.31480568159400274 0.80859375 0.001085026632471888 0.00390625
0 0.20531663049911225 0.80810546875 0.003452357466956007 0.0029296875
0 0.6697080291970803 0.808837890625 0.0038469126060366936 0.00537109375
0 0.3969717893075557 0.807861328125 0.001085026632471888 0.00341796875
0 0.3226967843756165 0.812744140625 0.007003353718682186 0.01318359375
0 0.14139869796804103 0.808349609375 0.0016768593410929177 0.00439453125
0 0.1296606825803906 0.8076171875 0.0012823042020122311 0.0029296875
0 0.39199053067666206 0.807373046875 0.007496547642533044 0.00439453125
0 0.32008285657920693 0.806396484375 0.000789110278161373 0.00244140625
0 0.272440323535214 0.807861328125 0.0027618859735648055 0.00537109375
0 0.38059775103570725 0.80712890625 0.0022686920497139475 0.0048828125
0 0.26341487472874336 0.807373046875 0.0038469126060366936 0.00537109375
0 0.19219767212467942 0.80615234375 0.001874136910633261 0.00390625
0 0.09301637403827184 0.806396484375 0.0013809429867824028 0.00439453125
0 0.31342473860722037 0.80419921875 0.0008877490629315447 0.001953125
0 0.18859735648056816 0.80419921875 0.0027618859735648055 0.00390625
0 0.6708423752219372 0.803955078125 0.004734661668968239 0.00439453125
0 0.32318997829946733 0.802978515625 0.0012823042020122311 0.00244140625
0 0.27973959360820677 0.802978515625 0.0009863878477017164 0.00244140625
0 0.13217597159202998 0.809814453125 0.005326494377589268 0.01611328125
0 0.3278753205760505 0.804931640625 0.0019727756954034327 0.00732421875
0 0.3101696587098047 0.80224609375 0.0008877490629315447 0.001953125
0 0.20472479779049121 0.802978515625 0.0028605247583349774 0.00341796875
0 0.30020714144801736 0.802001953125 0.003255079897415664 0.00244140625
0 0.27204576839613337 0.80224609375 0.0009863878477017164 0.0029296875
0 0.2683468139672519 0.802978515625 0.004044190175577037 0.00439453125
0 0.25113434602485696 0.802490234375 0.001578220556322746 0.00341796875
0 0.24837246005129215 0.8017578125 0.0019727756954034327 0.001953125
0 0.4026928388242257 0.802490234375 0.002071414480173604 0.00439453125
0 0.3319688301440126 0.802978515625 0.0016768593410929177 0.00537109375
0 0.31219175379759323 0.80224609375 0.0025646084040244622 0.00390625
0 0.2861511146182679 0.8037109375 0.002170053264943776 0.0068359375
0 0.14721838626948117 0.801513671875 0.0014795817715525744 0.00244140625
0 0.2896034720852239 0.80322265625 0.003748273821266522 0.0068359375
0 0.17676070230814755 0.800537109375 0.0011836654172420597 0.00244140625
0 0.3068652594200039 0.804931640625 0.004340106529887552 0.01220703125
0 0.19910238705859143 0.7998046875 0.0012823042020122311 0.001953125
0 0.31623594397317023 0.79931640625 0.0009863878477017164 0.001953125
0 0.09193134740579996 0.7998046875 0.000789110278161373 0.0029296875
0 0.3376405602682975 0.799072265625 0.0011836654172420597 0.00244140625
0 0.1286742947326889 0.80224609375 0.0038469126060366936 0.0087890625
0 0.3145590846320773 0.799072265625 0.0011836654172420597 0.00341796875
0 0.3351745906490432 0.79931640625 0.0019727756954034327 0.0048828125
0 0.16250739790885776 0.798095703125 0.002465969619254291 0.00244140625
0 0.3587985796014993 0.799560546875 0.001874136910633261 0.00634765625
0 0.3307358453343855 0.798583984375 0.0017754981258630894 0.00439453125
0 0.3258039060958769 0.79736328125 0.0011836654172420597 0.001953125
0 0.4154665614519629 0.800537109375 0.0033537186821858355 0.00927734375
0 0.32309133951469715 0.797119140625 0.001085026632471888 0.00244140625
0 0.2711580193332018 0.796875 0.0011836654172420597 0.0029296875
0 0.1864273032156244 0.796875 0.0009863878477017164 0.0029296875
0 0.226425330439929 0.7958984375 0.0012823042020122311 0.001953125
0 0.18973170250542512 0.796142578125 0.001874136910633261 0.00244140625
0 0.3194417044782008 0.79541015625 0.0012823042020122311 0.001953125
0 0.24950680607614914 0.79638671875 0.006016965870980469 0.00390625
0 0.20393568751232985 0.795654296875 0.002071414480173604 0.00244140625
0 0.36417439337147367 0.795166015625 0.000789110278161373 0.00244140625
0 0.2645492207536003 0.795166015625 0.0017754981258630894 0.00244140625
0 0.20906490432037877 0.7958984375 0.002465969619254291 0.00390625
0 0.28018346813967254 0.7958984375 0.0030578023278753207 0.0048828125
0 0.269530479384494 0.79443359375 0.001085026632471888 0.001953125
0 0.20640165713158415 0.796875 0.002663247188794634 0.0068359375
0 0.5582462024067864 0.79443359375 0.0014795817715525744 0.0029296875
0 0.4325803906095877 0.794189453125 0.0012823042020122311 0.00244140625
0 0.3128822252909844 0.794189453125 0.000789110278161373 0.00244140625
0 0.311501282304202 0.79541015625 0.001578220556322746 0.005859375
0 0.3037581376997435 0.7958984375 0.004044190175577037 0.0068359375
0 0.5538074570921286 0.79443359375 0.002663247188794634 0.0048828125
0 0.38548037088183074 0.793212890625 0.0013809429867824028 0.00244140625
0 0.30819688301440124 0.7939453125 0.0030578023278753207 0.00390625
0 0.09227658315249557 0.795654296875 0.003255079897415664 0.00732421875
0 0.3622509370684553 0.794189453125 0.0028605247583349774 0.00537109375
0 0.33221542710593804 0.7939453125 0.0019727756954034327 0.0048828125
0 0.09355888735450779 0.79296875 0.0008877490629315447 0.0029296875
0 0.2906884987176958 0.792236328125 0.000789110278161373 0.00244140625
0 0.26242848688104164 0.792724609375 0.0012823042020122311 0.00341796875
0 0.21093904123101204 0.792724609375 0.002071414480173604 0.00341796875
0 0.2996646281317814 0.791748046875 0.0017754981258630894 0.00244140625
0 0.25424146774511736 0.795166015625 0.003255079897415664 0.00927734375
0 0.12265732886170842 0.794921875 0.004636022884198066 0.0087890625
0 0.41645294929966464 0.7919921875 0.0027618859735648055 0.00390625
0 0.25221937265732886 0.791015625 0.0017754981258630894 0.001953125
0 0.24600512921680806 0.791748046875 0.002170053264943776 0.00439453125
0 0.09015584927993688 0.79248046875 0.002170053264943776 0.005859375
0 0.20679621227066483 0.79052734375 0.003255079897415664 0.0029296875
0 0.10332412704675478 0.790771484375 0.0014795817715525744 0.00341796875
0 0.3146577234168475 0.789794921875 0.0013809429867824028 0.00244140625
0 0.2753501676859341 0.79345703125 0.006214243440520813 0.009765625
0 0.3046952061550602 0.789794921875 0.003748273821266522 0.00341796875
0 0.27046754783981064 0.7890625 0.0017754981258630894 0.001953125
0 0.09612349575853225 0.78955078125 0.0008877490629315447 0.0029296875
0 0.2036890905504044 0.78857421875 0.0017754981258630894 0.001953125
0 0.13508581574275005 0.7890625 0.0016768593410929177 0.0029296875
0 0.291378970211087 0.78759765625 0.000789110278161373 0.001953125
0 0.5529197080291971 0.78759765625 0.001085026632471888 0.0029296875
0 0.324127046754784 0.7880859375 0.0011836654172420597 0.00390625
0 0.3118958374432827 0.788330078125 0.003550996251726179 0.00439453125
0 0.13192937463010457 0.787353515625 0.0014795817715525744 0.00244140625
0 0.2743637798382324 0.786865234375 0.0014795817715525744 0.00244140625
0 0.12887157230222923 0.786865234375 0.0012823042020122311 0.00244140625
0 0.11082067468928783 0.787109375 0.0008877490629315447 0.0029296875
0 0.3312290392582363 0.78759765625 0.0011836654172420597 0.0048828125
0 0.3171730124284869 0.787841796875 0.0014795817715525744 0.00537109375
0 0.423554941803117 0.78564453125 0.000789110278161373 0.001953125
0 0.25330439928980075 0.78662109375 0.006312882225290984 0.00390625
0 0.192542907871375 0.78564453125 0.0011836654172420597 0.001953125
0 0.2588774906293154 0.78759765625 0.003255079897415664 0.0068359375
0 0.19855987374235548 0.785888671875 0.0011836654172420597 0.00341796875
0 0.6723219569934898 0.78466796875 0.0025646084040244622 0.00390625
0 0.5559775103570724 0.78466796875 0.001085026632471888 0.00390625
0 0.30523771947129613 0.7841796875 0.002071414480173604 0.0029296875
0 0.28738409942789506 0.785888671875 0.001874136910633261 0.00732421875
0 0.4336654172420596 0.783447265625 0.001085026632471888 0.00341796875
0 0.31416452949299667 0.783447265625 0.0013809429867824028 0.00341796875
0 0.2770763464194121 0.783935546875 0.002170053264943776 0.00439453125
0 0.19777076346419412 0.78271484375 0.000789110278161373 0.001953125
0 0.1950088774906293 0.78515625 0.002959163543105149 0.0068359375
0 0.3276287236141251 0.7822265625 0.0012823042020122311 0.001953125
0 0.2535016768593411 0.782470703125 0.0011836654172420597 0.00244140625
0 0.10800946932333794 0.782470703125 0.0011836654172420597 0.00244140625
0 0.6753797593213652 0.782958984375 0.0019727756954034327 0.00439453125
0 0.2937956204379562 0.783447265625 0.003452357466956007 0.00537109375
0 0.2510357072400868 0.782470703125 0.0023673308344841193 0.00341796875
0 0.3032649437758927 0.78125 0.0008877490629315447 0.001953125
0 0.21261590057210494 0.787109375 0.006016965870980469 0.013671875
0 0.25966660090747684 0.78125 0.0012823042020122311 0.00390625
0 0.22376208325113434 0.781982421875 0.002071414480173604 0.00537109375
0 0.21774511738015387 0.78076171875 0.001085026632471888 0.0029296875
0 0.19969421976721247 0.781005859375 0.001874136910633261 0.00341796875
0 0.4263168277766818 0.78076171875 0.0023673308344841193 0.00390625
0 0.36412507397908855 0.77978515625 0.0014795817715525744 0.0029296875
0 0.31618662458078517 0.78173828125 0.002071414480173604 0.0068359375
0 0.31184651805089764 0.78173828125 0.002465969619254291 0.0068359375
0 0.20847307161175774 0.780517578125 0.0014795817715525744 0.00439453125
0 0.30775300848293546 0.779052734375 0.002170053264943776 0.00244140625
0 0.2742651410534622 0.779541015625 0.0016768593410929177 0.00341796875
0 0.23550009863878477 0.77880859375 0.0014795817715525744 0.001953125
0 0.43021305977510355 0.780517578125 0.004044190175577037 0.00634765625
0 0.32807259814559087 0.77880859375 0.001578220556322746 0.0029296875
0 0.32323929769185245 0.7783203125 0.0011836654172420597 0.001953125
0 0.2958670349181298 0.779296875 0.003452357466956007 0.00390625
0 0.44076740974551193 0.7783203125 0.0008877490629315447 0.0029296875
0 0.22509370684553165 0.778076171875 0.0013809429867824028 0.00244140625
0 0.22825014795817716 0.7783203125 0.003156441112645492 0.00390625
0 0.26208325113434605 0.778564453125 0.0039455513908068654 0.00537109375
0 0.5555336358256067 0.776611328125 0.0011836654172420597 0.00244140625
0 0.3139179325310712 0.777587890625 0.0014795817715525744 0.00439453125
0 0.21084040244624186 0.778076171875 0.002663247188794634 0.00537109375
0 0.32984809627145395 0.776123046875 0.0009863878477017164 0.00244140625
0 0.20576050503057802 0.77783203125 0.0025646084040244622 0.005859375
0 0.18746301045571118 0.7763671875 0.0028605247583349774 0.00390625
0 0.1400670743736437 0.775634765625 0.0011836654172420597 0.00244140625
0 0.2974945748668376 0.775146484375 0.0013809429867824028 0.00244140625
0 0.28950483330045373 0.778564453125 0.0027618859735648055 0.00927734375
0 0.24778062734267114 0.777099609375 0.004142828960347208 0.00634765625
0 0.2441309923061748 0.775390625 0.0009863878477017164 0.0029296875
0 0.18494772144407182 0.775146484375 0.0013809429867824028 0.00244140625
0 0.3145590846320773 0.7734375 0.0011836654172420597 0.001953125
0 0.312635628329059 0.773681640625 0.0012823042020122311 0.00244140625
0 0.286200434010653 0.777587890625 0.002663247188794634 0.01025390625
0 0.28388242256855395 0.774169921875 0.0017754981258630894 0.00341796875
0 0.30819688301440124 0.773681640625 0.0044387453146577235 0.00341796875
0 0.20778260011836655 0.773193359375 0.0022686920497139475 0.00244140625
0 0.2475340303807457 0.7724609375 0.0008877490629315447 0.001953125
0 0.22159202998619057 0.775390625 0.0044387453146577235 0.009765625
0 0.20487275596764648 0.771484375 0.0009863878477017164 0.001953125
0 0.1147169066877096 0.772216796875 0.001578220556322746 0.00341796875
0 0.4308048924837246 0.77099609375 0.001085026632471888 0.001953125
0 0.23653580587887157 0.77099609375 0.0011836654172420597 0.001953125
0 0.6771552574472283 0.7744140625 0.006904714933912014 0.009765625
0 0.5594791872164135 0.770751953125 0.0009863878477017164 0.00244140625
0 0.2922173998816335 0.7744140625 0.0028605247583349774 0.009765625
0 0.2604557111856382 0.77099609375 0.0030578023278753207 0.0029296875
0 0.2170053264943776 0.773193359375 0.0033537186821858355 0.00732421875
0 0.20936082067468928 0.77099609375 0.001085026632471888 0.0029296875
0 0.19604458473071612 0.772216796875 0.003452357466956007 0.00537109375
0 0.3216610771355297 0.77001953125 0.000789110278161373 0.001953125
0 0.674738607220359 0.769775390625 0.002663247188794634 0.00244140625
0 0.4280430065101598 0.769775390625 0.0008877490629315447 0.00244140625
0 0.31589070822647464 0.76953125 0.0008877490629315447 0.001953125
0 0.3032649437758927 0.770263671875 0.001085026632471888 0.00341796875
0 0.26647267705661865 0.77099609375 0.0014795817715525744 0.0048828125
0 0.31904714933912015 0.769775390625 0.0028605247583349774 0.00341796875
0 0.2990727954231604 0.770263671875 0.001578220556322746 0.00439453125
0 0.09232590254488064 0.769287109375 0.000789110278161373 0.00244140625
0 0.28989938843953444 0.768310546875 0.0009863878477017164 0.00244140625
0 0.2878279739593608 0.768798828125 0.0013809429867824028 0.00341796875
0 0.28570724008680215 0.768310546875 0.001874136910633261 0.00244140625
0 0.26888932728348786 0.7685546875 0.003156441112645492 0.00390625
0 0.6725685539554153 0.767578125 0.0008877490629315447 0.0029296875
0 0.11590057210495167 0.76806640625 0.0011836654172420597 0.00390625
0 0.31219175379759323 0.766845703125 0.002170053264943776 0.00244140625
0 0.24738607220359046 0.766845703125 0.0009863878477017164 0.00244140625
0 0.22790491221148154 0.769775390625 0.003452357466956007 0.00830078125
0 0.20107516275399487 0.76708984375 0.0014795817715525744 0.0029296875
0 0.09607417636614717 0.76904296875 0.003550996251726179 0.0078125
0 0.4374630104557112 0.766845703125 0.0017754981258630894 0.00439453125
0 0.29384493983034127 0.7666015625 0.0009863878477017164 0.00390625
0 0.21611757743144605 0.766357421875 0.0009863878477017164 0.00341796875
0 0.2951765634247386 0.76611328125 0.0012823042020122311 0.00390625
0 0.2409252318011442 0.76513671875 0.0008877490629315447 0.001953125
0 0.23550009863878477 0.765380859375 0.001874136910633261 0.00244140625
0 0.22035904517656343 0.765380859375 0.0019727756954034327 0.00244140625
0 0.433320181495364 0.765869140625 0.003748273821266522 0.00439453125
0 0.2548333004537384 0.765869140625 0.0038469126060366936 0.00439453125
0 0.2897021108699941 0.764404296875 0.0013809429867824028 0.00244140625
0 0.21123495758532254 0.7646484375 0.0044387453146577235 0.0029296875
0 0.2844249358847899 0.763916015625 0.0014795817715525744 0.00244140625
0 0.280479384493983 0.76904296875 0.00483330045373841 0.0126953125
0 0.26336555533635825 0.763671875 0.0011836654172420597 0.001953125
0 0.6869698165318603 0.763427734375 0.001085026632471888 0.00244140625
0 0.4277964095482344 0.7646484375 0.0013809429867824028 0.0048828125
0 0.29261195502071413 0.76318359375 0.0008877490629315447 0.001953125
0 0.2521207338725587 0.763671875 0.001578220556322746 0.0029296875
0 0.3045472479779049 0.764404296875 0.002465969619254291 0.00537109375
0 0.272440323535214 0.764892578125 0.002170053264943776 0.00634765625
0 0.24960544486091932 0.763916015625 0.0022686920497139475 0.00439453125
0 0.32323929769185245 0.762451171875 0.000789110278161373 0.00244140625
0 0.09592621818899191 0.763916015625 0.001874136910633261 0.00537109375
0 0.5180015782205564 0.763916015625 0.002663247188794634 0.00634765625
0 0.19185243637798383 0.761962890625 0.0023673308344841193 0.00244140625
0 0.2969520615506017 0.7607421875 0.0008877490629315447 0.001953125
0 0.2441309923061748 0.76416015625 0.003550996251726179 0.0087890625
0 0.3369994081672914 0.762451171875 0.001874136910633261 0.00634765625
0 0.33364568948510553 0.761962890625 0.0014795817715525744 0.00537109375
0 0.2768790688498718 0.76220703125 0.0033537186821858355 0.005859375
0 0.22820082856579207 0.760498046875 0.0014795817715525744 0.00244140625
0 0.2170053264943776 0.760498046875 0.0009863878477017164 0.00244140625
0 0.36377983823239296 0.76123046875 0.001578220556322746 0.0048828125
0 0.2899487078319195 0.760009765625 0.0012823042020122311 0.00244140625
0 0.20576050503057802 0.760498046875 0.0017754981258630894 0.00341796875
0 0.19421976721246795 0.759765625 0.0019727756954034327 0.001953125
0 0.2983330045373841 0.76171875 0.003255079897415664 0.0068359375
0 0.2864470309725784 0.76025390625 0.0011836654172420597 0.00390625
0 0.10973564805681595 0.759521484375 0.0012823042020122311 0.00244140625
0 0.23910041428289602 0.76318359375 0.0051292168080489245 0.0107421875
0 0.5521799171434207 0.761962890625 0.0023673308344841193 0.00927734375
0 0.42690866048530285 0.75830078125 0.000789110278161373 0.001953125
0 0.3258039060958769 0.7587890625 0.0013809429867824028 0.0029296875
0 0.21093904123101204 0.75830078125 0.0006904714933912014 0.001953125
0 0.3015880844347998 0.759033203125 0.0016768593410929177 0.00439453125
0 0.2699250345235747 0.759033203125 0.001874136910633261 0.00439453125
0 0.22075360031564412 0.7587890625 0.0027618859735648055 0.00390625
0 0.21439139869796803 0.762451171875 0.0028605247583349774 0.01123046875
0 0.3056815940027619 0.759521484375 0.0027618859735648055 0.00634765625
0 0.25942000394555137 0.7587890625 0.0019727756954034327 0.0048828125
0 0.3658019333201815 0.75732421875 0.002663247188794634 0.0029296875
0 0.30928190964687313 0.757080078125 0.0014795817715525744 0.00244140625
0 0.20265338331031763 0.756591796875 0.001085026632471888 0.00244140625
0 0.32358453343854804 0.756591796875 0.0014795817715525744 0.00341796875
0 0.24156638390215032 0.756103515625 0.0011836654172420597 0.00244140625
0 0.3542611955020714 0.75537109375 0.0008877490629315447 0.001953125
0 0.33778851844545277 0.7568359375 0.002071414480173604 0.0048828125
0 0.28733478003550994 0.755859375 0.000789110278161373 0.0029296875
0 0.27727362398895244 0.7568359375 0.0011836654172420597 0.0048828125
0 0.20630301834681397 0.75537109375 0.0012823042020122311 0.001953125
0 0.4326790293943579 0.75830078125 0.0036496350364963502 0.0087890625
0 0.31278358650621424 0.755126953125 0.0009863878477017164 0.00244140625
0 0.2744624186230026 0.7548828125 0.001085026632471888 0.001953125
0 0.27248964292759914 0.755859375 0.001874136910633261 0.00390625
0 0.2635628329058986 0.756103515625 0.0027618859735648055 0.00439453125
0 0.3591438153481949 0.75537109375 0.0011836654172420597 0.00390625
0 0.24921088972183864 0.754150390625 0.0022686920497139475 0.00244140625
0 0.22326888932728348 0.75439453125 0.0008877490629315447 0.0029296875
0 0.22045768396133358 0.75390625 0.0011836654172420597 0.001953125
0 0.4231110672716512 0.753662109375 0.001085026632471888 0.00244140625
0 0.2802327875320576 0.75341796875 0.0019727756954034327 0.001953125
0 0.24506806076149143 0.75390625 0.001085026632471888 0.0029296875
0 0.21744920102584336 0.754638671875 0.0014795817715525744 0.00439453125
0 0.09686328664430854 0.755615234375 0.002170053264943776 0.00634765625
0 0.33246202406786346 0.755615234375 0.0022686920497139475 0.00732421875
0 0.21503255079897415 0.75390625 0.0013809429867824028 0.00390625
0 0.5205168672321957 0.756103515625 0.002959163543105149 0.01025390625
0 0.2462024067863484 0.751953125 0.0011836654172420597 0.001953125
0 0.2940422173998816 0.751708984375 0.0011836654172420597 0.00244140625
0 0.22188794634050107 0.751220703125 0.0006904714933912014 0.00244140625
0 0.32565594791872166 0.7509765625 0.001874136910633261 0.0029296875
0 0.2757940422173999 0.75 0.0009863878477017164 0.001953125
0 0.33537186821858356 0.751708984375 0.0027618859735648055 0.00634765625
0 0.29818504636022886 0.75 0.000789110278161373 0.0029296875
0 0.23845926218188992 0.75048828125 0.0016768593410929177 0.00390625
0 0.4251824817518248 0.749267578125 0.001085026632471888 0.00244140625
0 0.2715032550798974 0.75048828125 0.002663247188794634 0.0048828125
0 0.5207141448017361 0.74853515625 0.0013809429867824028 0.001953125
0 0.433912014203985 0.749267578125 0.0017754981258630894 0.00341796875
0 0.3133260998224502 0.74853515625 0.001085026632471888 0.001953125
0 0.307457092128625 0.74853515625 0.0013809429867824028 0.001953125
0 0.22445255474452555 0.751953125 0.003255079897415664 0.0087890625
0 0.099427895048333 0.75 0.0013809429867824028 0.0048828125
0 0.30864075754586706 0.74755859375 0.0009863878477017164 0.001953125
0 0.291378970211087 0.747314453125 0.0005918327086210298 0.00244140625
0 0.2530084829354902 0.7490234375 0.0017754981258630894 0.005859375
0 0.4273032156243835 0.74658203125 0.0009863878477017164 0.001953125
0 0.2897021108699941 0.74658203125 0.000789110278161373 0.001953125
0 0.3421779443677254 0.74755859375 0.0017754981258630894 0.0048828125
0 0.266669954626159 0.74755859375 0.002465969619254291 0.0048828125
0 0.2570526731110673 0.747314453125 0.001578220556322746 0.00537109375
0 0.233330045373841 0.745849609375 0.0014795817715525744 0.00244140625
0 0.2096567370289998 0.74609375 0.001874136910633261 0.0029296875
0 0.19717893075557308 0.74609375 0.0011836654172420597 0.0029296875
0 0.31899782994673503 0.745361328125 0.001578220556322746 0.00244140625
0 0.29566975734858947 0.7451171875 0.001085026632471888 0.001953125
0 0.2499506806076149 0.74609375 0.0023673308344841193 0.0048828125
0 0.28181100808838033 0.745361328125 0.0013809429867824028 0.00439453125
0 0.27475833497731306 0.7451171875 0.0014795817715525744 0.00390625
0 0.21256658117971985 0.7431640625 0.0009863878477017164 0.001953125
0 0.3409449595580982 0.74267578125 0.001085026632471888 0.0029296875
0 0.2719471296113632 0.743408203125 0.001578220556322746 0.00537109375
0 0.09607417636614717 0.741943359375 0.0013809429867824028 0.00244140625
0 0.3055336358256066 0.7412109375 0.0006904714933912014 0.001953125
0 0.2173012428486881 0.74365234375 0.004734661668968239 0.0068359375
0 0.25710199250345234 0.7412109375 0.0008877490629315447 0.0029296875
0 0.433912014203985 0.740966796875 0.0027618859735648055 0.00341796875
0 0.34612349575853224 0.740966796875 0.0017754981258630894 0.00341796875
0 0.34326297100019726 0.74072265625 0.0009863878477017164 0.0029296875
0 0.2681495363977116 0.740966796875 0.002071414480173604 0.00341796875
0 0.44491023870585916 0.739501953125 0.001085026632471888 0.00244140625
0 0.2855099625172618 0.739990234375 0.001085026632471888 0.00341796875
0 0.35707240086802133 0.74169921875 0.0025646084040244622 0.0078125
0 0.21330637206549616 0.73876953125 0.0012823042020122311 0.001953125
0 0.6840599723811402 0.741943359375 0.004142828960347208 0.00927734375
0 0.34923061747879264 0.739501953125 0.0036496350364963502 0.00537109375
0 0.2169560071019925 0.739013671875 0.0022686920497139475 0.00439453125
0 0.2089169461432235 0.740234375 0.0025646084040244622 0.0068359375
0 0.23910041428289602 0.737548828125 0.002170053264943776 0.00244140625
0 0.23564805681594003 0.7373046875 0.0023673308344841193 0.0029296875
0 0.5527224304596567 0.738037109375 0.0014795817715525744 0.00537109375
0 0.5509962517261787 0.736572265625 0.0009863878477017164 0.00244140625
0 0.43588478989938845 0.73583984375 0.0009863878477017164 0.001953125
0 0.32674097455119355 0.735107421875 0.0008877490629315447 0.00244140625
0 0.3109587689879661 0.735107421875 0.0012823042020122311 0.00244140625
0 0.21182679029394358 0.735595703125 0.0014795817715525744 0.00341796875
0 0.25281120536594986 0.7353515625 0.001578220556322746 0.00390625
0 0.5469520615506017 0.734619140625 0.0013809429867824028 0.00341796875
0 0.3573683172223318 0.734375 0.0009863878477017164 0.0029296875
0 0.2312093115012823 0.73583984375 0.0023673308344841193 0.0068359375
0 0.5370388636811995 0.7353515625 0.003452357466956007 0.0078125
0 0.35958768987966067 0.7333984375 0.001085026632471888 0.00390625
0 0.28038074570921284 0.732666015625 0.0014795817715525744 0.00244140625
0 0.6763661471690668 0.732177734375 0.0011836654172420597 0.00244140625
0 0.31722233182087195 0.73193359375 0.0009863878477017164 0.001953125
0 0.25463602288419807 0.732177734375 0.0008877490629315447 0.00244140625
0 0.4363286644308542 0.7314453125 0.001874136910633261 0.0029296875
0 0.2591240875912409 0.7314453125 0.0013809429867824028 0.0029296875
0 0.30079897415663837 0.732177734375 0.0016768593410929177 0.00537109375
0 0.3188498717695798 0.72998046875 0.0006904714933912014 0.001953125
0 0.2627244032353521 0.730712890625 0.0012823042020122311 0.00341796875
0 0.22686920497139476 0.731201171875 0.002170053264943776 0.00439453125
0 0.6813967251923456 0.7333984375 0.004537384099427895 0.009765625
0 0.21547642533043992 0.7294921875 0.0012823042020122311 0.001953125
0 0.6843065693430657 0.7294921875 0.0008877490629315447 0.0029296875
0 0.26445058196883015 0.729248046875 0.0013809429867824028 0.00244140625
0 0.24127046754783982 0.729248046875 0.0005918327086210298 0.00244140625
0 0.2385579009666601 0.729248046875 0.001085026632471888 0.00244140625
0 0.20635233773919906 0.72900390625 0.0009863878477017164 0.001953125
0 0.23377391990530677 0.728759765625 0.0005918327086210298 0.00244140625
0 0.21355296902742157 0.728759765625 0.000789110278161373 0.00244140625
0 0.10717103965279148 0.729248046875 0.002663247188794634 0.00439453125
0 0.3001578220556323 0.727783203125 0.0013809429867824028 0.00244140625
0 0.5243637798382323 0.7275390625 0.000789110278161373 0.0029296875
0 0.09671532846715329 0.72705078125 0.001085026632471888 0.001953125
0 0.09202998619057014 0.72802734375 0.0011836654172420597 0.00390625
0 0.23209706056421384 0.726806640625 0.000789110278161373 0.00244140625
0 0.22933517459064903 0.7275390625 0.0019727756954034327 0.00390625
0 0.22479779049122114 0.726806640625 0.000789110278161373 0.00244140625
0 0.4955612546853423 0.726318359375 0.0011836654172420597 0.00244140625
0 0.4454527520220951 0.725830078125 0.0019727756954034327 0.00244140625
0 0.2809232590254488 0.7255859375 0.0023673308344841193 0.00390625
0 0.252860524758335 0.724853515625 0.0014795817715525744 0.00244140625
0 0.27071414480173606 0.72412109375 0.002663247188794634 0.0029296875
0 0.23520418228447426 0.724365234375 0.001085026632471888 0.00341796875
0 0.43958374432826985 0.723388671875 0.0008877490629315447 0.00244140625
0 0.25606628526336556 0.72314453125 0.000789110278161373 0.001953125
0 0.5360524758334977 0.725830078125 0.002071414480173604 0.00830078125
0 0.3276287236141251 0.72216796875 0.0006904714933912014 0.001953125
0 0.29601499309528506 0.72216796875 0.000789110278161373 0.001953125
0 0.3467153284671533 0.721435546875 0.000789110278161373 0.00244140625
0 0.23002564608404025 0.720703125 0.0013809429867824028 0.001953125
0 0.534474255277175 0.72119140625 0.001874136910633261 0.005859375
0 0.5414282896034721 0.718994140625 0.0011836654172420597 0.00244140625
0 0.5384198066679818 0.71923828125 0.001085026632471888 0.0029296875
0 0.49492010258433616 0.7216796875 0.0022686920497139475 0.0087890625
0 0.2510357072400868 0.71875 0.0009863878477017164 0.0029296875
0 0.6837147366344447 0.7177734375 0.001085026632471888 0.0029296875
0 0.25956796212270666 0.717529296875 0.0014795817715525744 0.00244140625
0 0.22129611363188006 0.71630859375 0.002465969619254291 0.0029296875
0 0.21838626948116 0.716796875 0.0009863878477017164 0.00390625
0 0.09104359834286842 0.718017578125 0.001578220556322746 0.00634765625
0 0.21508187019135924 0.715576171875 0.001085026632471888 0.00244140625
0 0.7268198855790097 0.715087890625 0.001085026632471888 0.00244140625
0 0.5203689090550404 0.716796875 0.0044387453146577235 0.0068359375
0 0.34651805089761295 0.71484375 0.0013809429867824028 0.0029296875
0 0.09129019530479385 0.71533203125 0.001085026632471888 0.00390625
0 0.5432037877293352 0.718994140625 0.003550996251726179 0.01220703125
0 0.5358551982639573 0.713623046875 0.002071414480173604 0.00439453125
0 0.4949694219767212 0.714111328125 0.001578220556322746 0.00537109375
0 0.32491615703294535 0.71240234375 0.000789110278161373 0.001953125
0 0.6904221739988163 0.712646484375 0.001085026632471888 0.00341796875
0 0.6846518050897613 0.71240234375 0.0027618859735648055 0.0029296875
0 0.532156243835076 0.712890625 0.0025646084040244622 0.00390625
0 0.5291970802919708 0.71435546875 0.0025646084040244622 0.0078125
0 0.2633162359439732 0.711181640625 0.0006904714933912014 0.00244140625
0 0.2674097455119353 0.71044921875 0.0009863878477017164 0.001953125
0 0.7300256460840402 0.71044921875 0.001578220556322746 0.0029296875
0 0.2587788518445453 0.71044921875 0.001085026632471888 0.0029296875
0 0.5382718484908265 0.71044921875 0.001578220556322746 0.00390625
0 0.7332314065890708 0.7099609375 0.0016768593410929177 0.00390625
0 0.7278555928190965 0.7099609375 0.002170053264943776 0.00390625
0 0.4398303412901953 0.7099609375 0.0013809429867824028 0.00390625
0 0.23900177549812587 0.708984375 0.0009863878477017164 0.001953125
0 0.5347701716314855 0.709716796875 0.0016768593410929177 0.00439453125
0 0.2872361412507398 0.7080078125 0.0009863878477017164 0.001953125
0 0.2539455513908069 0.708251953125 0.0008877490629315447 0.00244140625
0 0.23007496547642534 0.7080078125 0.001085026632471888 0.001953125
0 0.5273229433813376 0.70849609375 0.003156441112645492 0.0048828125
0 0.5168672321956993 0.709716796875 0.004340106529887552 0.00830078125
0 0.5053758137699743 0.707275390625 0.001085026632471888 0.00439453125
0 0.4934405208127836 0.7080078125 0.002465969619254291 0.005859375
0 0.2416157032945354 0.706298828125 0.0012823042020122311 0.00244140625
0 0.34577826001183665 0.705810546875 0.0014795817715525744 0.00341796875
0 0.5236733083448412 0.705322265625 0.0023673308344841193 0.00341796875
0 0.7288913000591832 0.705078125 0.0012823042020122311 0.0048828125
0 0.6840599723811402 0.70654296875 0.0027618859735648055 0.0078125
0 0.5395541526928388 0.70458984375 0.001578220556322746 0.00390625
0 0.2532550798974157 0.703857421875 0.002071414480173604 0.00244140625
0 0.723614125073979 0.704833984375 0.002170053264943776 0.00537109375
0 0.36008088380351155 0.703125 0.0016768593410929177 0.0029296875
0 0.34923061747879264 0.70361328125 0.002071414480173604 0.00390625
0 0.23416847504438745 0.702392578125 0.0011836654172420597 0.00341796875
0 0.5253008482935491 0.701416015625 0.0008877490629315447 0.00341796875
0 0.5211086999408168 0.701171875 0.0013809429867824028 0.0029296875
0 0.3470112448214638 0.70068359375 0.0009863878477017164 0.0029296875
0 0.5289998027224304 0.70068359375 0.0009863878477017164 0.00390625
0 0.28812389031367136 0.700439453125 0.0011836654172420597 0.00341796875
0 0.5308246202406787 0.703857421875 0.0066087985796014995 0.01123046875
0 0.35056224107318995 0.69970703125 0.0013809429867824028 0.0029296875
0 0.23145590846320774 0.700927734375 0.0028605247583349774 0.00537109375
0 0.49033339909252316 0.69970703125 0.0009863878477017164 0.00390625
0 0.3716216216216216 0.699462890625 0.0008877490629315447 0.00341796875
0 0.3535214046162951 0.701904296875 0.0051292168080489245 0.00927734375
0 0.26065298875517856 0.69921875 0.001085026632471888 0.00390625
0 0.33088380351154073 0.6982421875 0.0014795817715525744 0.0029296875
0 0.7307654369698166 0.701416015625 0.003452357466956007 0.01025390625
0 0.725290984415072 0.700927734375 0.004931939238508582 0.01025390625
0 0.5173604261195502 0.699462890625 0.0039455513908068654 0.00732421875
0 0.5187906884987177 0.696533203125 0.002071414480173604 0.00244140625
0 0.5133162359439731 0.698974609375 0.002959163543105149 0.00732421875
0 0.52298283685145 0.695556640625 0.000789110278161373 0.00244140625
0 0.4501874136910633 0.697265625 0.001578220556322746 0.005859375
0 0.4404714933912014 0.696044921875 0.002663247188794634 0.00341796875
0 0.3566778457289406 0.695556640625 0.0009863878477017164 0.00244140625
0 0.2532057605050306 0.695556640625 0.0009863878477017164 0.00244140625
0 0.5385677648451371 0.6943359375 0.0013809429867824028 0.0029296875
0 0.4737127638587493 0.69482421875 0.001874136910633261 0.00390625
0 0.7318997829946735 0.693603515625 0.001578220556322746 0.00244140625
0 0.2677549812586309 0.6923828125 0.0008877490629315447 0.001953125
0 0.21010061156046558 0.6923828125 0.0009863878477017164 0.001953125
0 0.7290392582363385 0.693603515625 0.0023673308344841193 0.00537109375
0 0.5306273426711383 0.695068359375 0.0022686920497139475 0.00927734375
0 0.5214539356875123 0.692138671875 0.0008877490629315447 0.00341796875
0 0.460889721838627 0.69189453125 0.0012823042020122311 0.0029296875
0 0.6898796606825804 0.69140625 0.0009863878477017164 0.0029296875
0 0.7211481554547248 0.6923828125 0.0027618859735648055 0.005859375
0 0.5149930952850661 0.690185546875 0.000789110278161373 0.00244140625
0 0.20605642138488853 0.69091796875 0.0011836654172420597 0.00390625
0 0.6983132767804301 0.69091796875 0.0014795817715525744 0.0048828125
0 0.4742552771749852 0.69140625 0.004142828960347208 0.005859375
0 0.4624186230025646 0.690673828125 0.0013809429867824028 0.00439453125
0 0.4392878279739594 0.690673828125 0.002663247188794634 0.00439453125
0 0.5260406391793253 0.68994140625 0.0011836654172420597 0.0048828125
0 0.4864371670941014 0.690185546875 0.0028605247583349774 0.00634765625
0 0.7257348589465378 0.68896484375 0.002465969619254291 0.0048828125
0 0.5290984415072006 0.68798828125 0.000789110278161373 0.0029296875
0 0.7311106727165121 0.6875 0.0009863878477017164 0.0029296875
0 0.4961530873939633 0.688232421875 0.0017754981258630894 0.00537109375
0 0.47869402248964293 0.688720703125 0.003156441112645492 0.00732421875
0 0.5331919510751627 0.686279296875 0.0012823042020122311 0.00341796875
0 0.5236733083448412 0.686279296875 0.0019727756954034327 0.00439453125
0 0.7227263760110475 0.686767578125 0.0017754981258630894 0.00634765625
0 0.5392582363385283 0.684814453125 0.0011836654172420597 0.00244140625
0 0.4478200828565792 0.684814453125 0.0011836654172420597 0.00439453125
0 0.4806667981850464 0.683837890625 0.0009863878477017164 0.00341796875
0 0.44106332609982246 0.685791015625 0.001874136910633261 0.00732421875
0 0.5149930952850661 0.68408203125 0.0023673308344841193 0.005859375
0 0.5140560268297495 0.682861328125 0.0014795817715525744 0.00341796875
0 0.4841684750443875 0.6845703125 0.003452357466956007 0.009765625
0 0.43539159597553756 0.6806640625 0.001578220556322746 0.0029296875
0 0.4803215624383508 0.67919921875 0.0012823042020122311 0.0029296875
0 0.5110475438942592 0.681640625 0.003156441112645492 0.0087890625
0 0.4846616689682383 0.679931640625 0.0022686920497139475 0.00537109375
0 0.5212073387255869 0.6796875 0.0017754981258630894 0.005859375
0 0.45423160386664035 0.679931640625 0.003156441112645492 0.00634765625
0 0.7174985204182285 0.677978515625 0.001578220556322746 0.00341796875
0 0.44979285855198264 0.678466796875 0.002170053264943776 0.00439453125
0 0.7108404024462419 0.6767578125 0.002663247188794634 0.0048828125
0 0.7008285657920694 0.675537109375 0.0011836654172420597 0.00244140625
0 0.47376208325113434 0.680419921875 0.006707437364371671 0.01220703125
0 0.5114420990333399 0.675048828125 0.000789110278161373 0.00244140625
0 0.5059183270862103 0.674072265625 0.0009863878477017164 0.00341796875
0 0.5008384296705465 0.673095703125 0.0016768593410929177 0.00244140625
0 0.458621029788913 0.673828125 0.002071414480173604 0.00390625
0 0.45630301834681397 0.673095703125 0.002959163543105149 0.00341796875
0 0.4409646873150523 0.677001953125 0.0038469126060366936 0.01220703125
0 0.5330439928980075 0.670654296875 0.000789110278161373 0.00244140625
0 0.5995758532254882 0.67138671875 0.002465969619254291 0.0068359375
0 0.5929670546458867 0.671630859375 0.0030578023278753207 0.00732421875
0 0.5291477608995857 0.667724609375 0.0014795817715525744 0.00244140625
0 0.4506806076149142 0.66845703125 0.003156441112645492 0.005859375
0 0.467251923456303 0.66796875 0.006707437364371671 0.005859375
0 0.543105148944565 0.666015625 0.0027618859735648055 0.0029296875
0 0.44584730716117577 0.672607421875 0.006510159794831328 0.01611328125
0 0.45768396133359635 0.667236328125 0.004931939238508582 0.00634765625
0 0.46251726178733477 0.664794921875 0.0011836654172420597 0.00244140625
0 0.49847109883606233 0.6611328125 0.0008877490629315447 0.001953125
0 0.4743045965673703 0.659423828125 0.002071414480173604 0.00634765625
