0 0.33606233971197474 0.999267578125 0.0019727756954034327 0.00146484375
0 0.41433221542710597 0.99853515625 0.0016768593410929177 0.0029296875
0 0.37191753797593213 0.998046875 0.0012823042020122311 0.001953125
0 0.340797001380943 0.998046875 0.0051292168080489245 0.00390625
0 0.3605740777273624 0.997802734375 0.0014795817715525744 0.00439453125
0 0.3552969027421582 0.997802734375 0.0027618859735648055 0.00439453125
0 0.5323042020122312 0.99755859375 0.009567962122706648 0.0048828125
0 0.5257940422173999 0.9970703125 0.003255079897415664 0.00390625
0 0.5916847504438746 0.996337890625 0.0030578023278753207 0.00341796875
0 0.41669954626159006 0.997314453125 0.0030578023278753207 0.00537109375
0 0.35342276583152493 0.9970703125 0.0033537186821858355 0.005859375
0 0.32013217597159205 0.9970703125 0.002465969619254291 0.005859375
0 0.2152791477608996 0.995361328125 0.0028605247583349774 0.00244140625
0 0.40792069441704476 0.99560546875 0.004636022884198066 0.00390625
0 0.11200434010652989 0.996826171875 0.004636022884198066 0.00634765625
0 0.3418820280134149 0.994140625 0.0013809429867824028 0.001953125
0 0.41152101006115605 0.994140625 0.0013809429867824028 0.0029296875
0 0.4018544091536792 0.99462890625 0.005918327086210298 0.00390625
0 0.12467942394949694 0.996337890625 0.010455711185638194 0.00732421875
0 0.49561057407772735 0.995361328125 0.004044190175577037 0.00634765625
0 0.3460741763661472 0.993896484375 0.0036496350364963502 0.00341796875
0 0.3630400473466167 0.99365234375 0.003452357466956007 0.00390625
0 0.20571118563819293 0.994873046875 0.009370684553166305 0.00634765625
0 0.09577826001183666 0.994384765625 0.005918327086210298 0.00537109375
0 0.5598244229631091 0.992919921875 0.003255079897415664 0.00537109375
0 0.42449201025843364 0.991943359375 0.0014795817715525744 0.00341796875
0 0.22193726573288616 0.99267578125 0.003550996251726179 0.0048828125
0 0.3296508187019136 0.991943359375 0.004931939238508582 0.00439453125
0 0.21754783981061354 0.9912109375 0.0038469126060366936 0.0029296875
0 0.3505129216808049 0.9921875 0.0044387453146577235 0.005859375
0 0.4974847109883606 0.99169921875 0.0038469126060366936 0.005859375
0 0.481603866640363 0.99072265625 0.005622410731899783 0.00390625
0 0.4106332609982245 0.9892578125 0.0011836654172420597 0.001953125
0 0.5375813769974354 0.98876953125 0.005326494377589268 0.0029296875
0 0.20156835667784573 0.98876953125 0.001874136910633261 0.0029296875
0 0.1286742947326889 0.988525390625 0.0014795817715525744 0.00244140625
0 0.3257052673111067 0.9892578125 0.0039455513908068654 0.0048828125
0 0.2061550601696587 0.988525390625 0.0025646084040244622 0.00341796875
0 0.4179818504636023 0.987548828125 0.0006904714933912014 0.00244140625
0 0.34459459459459457 0.98876953125 0.00976523969224699 0.0048828125
0 0.3334484119155652 0.988037109375 0.007397908857762872 0.00439453125
0 0.1783882422568554 0.986572265625 0.0016768593410929177 0.00244140625
0 0.5296409548234365 0.9873046875 0.007595186427303216 0.0048828125
0 0.3797100019727757 0.986572265625 0.002465969619254291 0.00341796875
0 0.3630400473466167 0.98583984375 0.0014795817715525744 0.001953125
0 0.35046360228841983 0.98681640625 0.0023673308344841193 0.00390625
0 0.49107318997829946 0.9873046875 0.008778851844545275 0.005859375
0 0.5669264154665614 0.986328125 0.002663247188794634 0.0048828125
0 0.3554448609193135 0.986572265625 0.0022686920497139475 0.00537109375
0 0.1630499112250937 0.985107421875 0.0019727756954034327 0.00244140625
0 0.43169264154665615 0.98486328125 0.003255079897415664 0.0029296875
0 0.35934109291773525 0.984619140625 0.0025646084040244622 0.00244140625
0 0.20738804497928587 0.985595703125 0.00542513316235944 0.00439453125
0 0.09474255277174985 0.98583984375 0.005622410731899783 0.0048828125
0 0.21236930361017953 0.985107421875 0.0072992700729927005 0.00537109375
0 0.182185835470507 0.985595703125 0.005326494377589268 0.00634765625
0 0.33487867429473267 0.982421875 0.0023673308344841193 0.001953125
0 0.41753797593213654 0.982421875 0.000789110278161373 0.0029296875
0 0.340797001380943 0.9833984375 0.00848293549023476 0.0068359375
0 0.1425823633852831 0.983642578125 0.0044387453146577235 0.00732421875
0 0.4130005918327086 0.982421875 0.0072992700729927005 0.005859375
0 0.41142237127638587 0.98095703125 0.0027618859735648055 0.0029296875
0 0.40106529887551784 0.980712890625 0.002959163543105149 0.00244140625
0 0.35199250345235744 0.981689453125 0.003452357466956007 0.00439453125
0 0.3556914578812389 0.981201171875 0.002959163543105149 0.00439453125
0 0.20388636811994476 0.980712890625 0.0011836654172420597 0.00341796875
0 0.35874926020911424 0.980224609375 0.0023673308344841193 0.00341796875
0 0.0945945945945946 0.980224609375 0.004142828960347208 0.00341796875
0 0.34927993687117775 0.98046875 0.001578220556322746 0.0048828125
0 0.13523377391990532 0.98193359375 0.008285657920694417 0.0078125
0 0.4064411126454922 0.983154296875 0.0066087985796014995 0.01220703125
0 0.531021897810219 0.980224609375 0.0066087985796014995 0.00732421875
0 0.18174196093904124 0.97900390625 0.004044190175577037 0.0048828125
0 0.15353126849477214 0.978759765625 0.003255079897415664 0.00439453125
0 0.49575853225488264 0.97802734375 0.0033537186821858355 0.0048828125
0 0.3400078911027816 0.9794921875 0.004340106529887552 0.0078125
0 0.2627244032353521 0.9775390625 0.005819688301440126 0.00390625
0 0.1992010258433616 0.97705078125 0.0030578023278753207 0.0029296875
0 0.18544091536792268 0.979736328125 0.0033537186821858355 0.00830078125
0 0.1773525350167686 0.9775390625 0.002959163543105149 0.00390625
0 0.5004438745314658 0.977783203125 0.005622410731899783 0.00537109375
0 0.16635431051489447 0.9755859375 0.0012823042020122311 0.001953125
0 0.4175872953245216 0.975830078125 0.0012823042020122311 0.00341796875
0 0.18899191161964884 0.9755859375 0.0017754981258630894 0.00390625
0 0.3636811994476228 0.977294921875 0.0023673308344841193 0.00830078125
0 0.3343361609784967 0.97607421875 0.007397908857762872 0.005859375
0 0.24980272243045964 0.9755859375 0.006214243440520813 0.0078125
0 0.2030479384493983 0.977783203125 0.008187019135924246 0.01220703125
0 0.5393568751232984 0.972412109375 0.0025646084040244622 0.00244140625
0 0.24378575655947918 0.974853515625 0.005819688301440126 0.00830078125
0 0.1453442493588479 0.97216796875 0.0008877490629315447 0.0029296875
0 0.4409646873150523 0.971923828125 0.002465969619254291 0.00341796875
0 0.345383704872756 0.974365234375 0.004636022884198066 0.00830078125
0 0.5357072400868022 0.971435546875 0.004537384099427895 0.00341796875
0 0.3410435983428684 0.970947265625 0.002071414480173604 0.00244140625
0 0.10771355296902742 0.97119140625 0.004142828960347208 0.0029296875
0 0.7231702505425133 0.970458984375 0.0036496350364963502 0.00341796875
0 0.2371276385874926 0.971435546875 0.011047543894259222 0.00634765625
0 0.37147366344446636 0.970458984375 0.0027618859735648055 0.00537109375
0 0.42197672124679425 0.968505859375 0.0013809429867824028 0.00244140625
0 0.3520911422371276 0.971923828125 0.010357072400868021 0.00927734375
0 0.39317419609390414 0.967041015625 0.0013809429867824028 0.00244140625
0 0.34868810416255674 0.967041015625 0.000789110278161373 0.00244140625
0 0.14347011244821464 0.967041015625 0.001085026632471888 0.00244140625
0 0.40940027618859737 0.966796875 0.002071414480173604 0.00390625
0 0.2486190570132176 0.967529296875 0.008384296705464589 0.00732421875
0 0.3542611955020714 0.965087890625 0.0014795817715525744 0.00341796875
0 0.09923061747879267 0.966064453125 0.0025646084040244622 0.00537109375
0 0.33907082264746496 0.966064453125 0.006411521010061156 0.00732421875
0 0.2221838626948116 0.963623046875 0.001874136910633261 0.00244140625
0 0.206894851055435 0.966064453125 0.006806076149141842 0.00732421875
0 0.41630499112250935 0.963134765625 0.001085026632471888 0.00244140625
0 0.33285657920694417 0.96728515625 0.006214243440520813 0.0107421875
0 0.3499210889721839 0.96484375 0.0077924639968435586 0.0078125
0 0.13755178536200435 0.9609375 0.0008877490629315447 0.001953125
0 0.22760899585717104 0.964599609375 0.006214243440520813 0.01025390625
0 0.5549418031169856 0.961181640625 0.001578220556322746 0.00439453125
0 0.5278654566975735 0.960205078125 0.002663247188794634 0.00244140625
0 0.09691260603669363 0.961181640625 0.009567962122706648 0.00537109375
0 0.7303215624383508 0.958984375 0.001578220556322746 0.0029296875
0 0.2455612546853423 0.959716796875 0.009962517261787335 0.00634765625
0 0.3633359637009272 0.96044921875 0.004044190175577037 0.0087890625
0 0.48673308344841193 0.9580078125 0.008778851844545275 0.005859375
0 0.5639179325310713 0.95751953125 0.008877490629315447 0.005859375
0 0.09745511935292957 0.9560546875 0.0033537186821858355 0.0048828125
0 0.3286644308542119 0.95751953125 0.003156441112645492 0.0087890625
0 0.5359538370487276 0.95556640625 0.008581574275004932 0.0068359375
0 0.4250345235746696 0.953857421875 0.001578220556322746 0.00341796875
0 0.3523377391990531 0.954345703125 0.00848293549023476 0.00537109375
0 0.5283586506214244 0.953857421875 0.006411521010061156 0.00537109375
0 0.4226178733478004 0.953125 0.002663247188794634 0.00390625
0 0.36955020714144804 0.953857421875 0.005227855592819097 0.00537109375
0 0.3608699940816729 0.95361328125 0.003255079897415664 0.0048828125
0 0.37842769777076346 0.955078125 0.00542513316235944 0.009765625
0 0.3651114618267903 0.951171875 0.0016768593410929177 0.0029296875
0 0.601154073781811 0.950439453125 0.004636022884198066 0.00244140625
0 0.3953442493588479 0.953857421875 0.006904714933912014 0.00927734375
0 0.5208621029788914 0.9482421875 0.004044190175577037 0.0029296875
0 0.372410731899783 0.947998046875 0.0008877490629315447 0.00244140625
0 0.35648056815940027 0.947021484375 0.001578220556322746 0.00244140625
0 0.24279936871177746 0.94921875 0.007595186427303216 0.0087890625
0 0.4180311698559874 0.94580078125 0.001578220556322746 0.00390625
0 0.5380745709212863 0.94580078125 0.006707437364371671 0.0048828125
0 0.35958768987966067 0.946044921875 0.0038469126060366936 0.00537109375
0 0.3738903136713356 0.945556640625 0.0077924639968435586 0.00732421875
0 0.5630301834681397 0.944091796875 0.0017754981258630894 0.00537109375
0 0.5411816926415467 0.94287109375 0.0028605247583349774 0.0029296875
0 0.5524758334977313 0.943115234375 0.003748273821266522 0.00439453125
0 0.3648155454724798 0.943115234375 0.0012823042020122311 0.00439453125
0 0.34410140067074374 0.9462890625 0.00976523969224699 0.01171875
0 0.4216808048924837 0.942138671875 0.0025646084040244622 0.00439453125
0 0.31978694022489645 0.94287109375 0.0051292168080489245 0.005859375
0 0.49709015584927996 0.942138671875 0.008187019135924246 0.00634765625
0 0.2862497534030381 0.940673828125 0.0039455513908068654 0.00341796875
0 0.3340895640165713 0.938720703125 0.004340106529887552 0.00439453125
0 0.3522391004142829 0.93896484375 0.004931939238508582 0.0087890625
0 0.35726967843756163 0.934814453125 0.0009863878477017164 0.00244140625
0 0.26326691655158807 0.93505859375 0.004142828960347208 0.00390625
0 0.36141250739790887 0.935546875 0.0017754981258630894 0.005859375
0 0.34720852239100414 0.934814453125 0.002959163543105149 0.00439453125
0 0.3743835075951864 0.93359375 0.001085026632471888 0.0029296875
0 0.28363582560662853 0.9326171875 0.0016768593410929177 0.001953125
0 0.42853620043401064 0.93310546875 0.001874136910633261 0.00390625
0 0.3352732294338134 0.9345703125 0.003156441112645492 0.0068359375
0 0.6008088380351154 0.93212890625 0.004537384099427895 0.00390625
0 0.5410830538567765 0.930908203125 0.0030578023278753207 0.00341796875
0 0.3174196093904123 0.931640625 0.002959163543105149 0.0048828125
0 0.3334484119155652 0.929931640625 0.004636022884198066 0.00439453125
0 0.5278161373051884 0.9296875 0.005721049516669955 0.0048828125
0 0.3848392187808246 0.92822265625 0.002071414480173604 0.0029296875
0 0.34193134740579995 0.932861328125 0.006016965870980469 0.01220703125
0 0.3484908265930164 0.93017578125 0.0033537186821858355 0.0087890625
0 0.3676760702308148 0.926025390625 0.0036496350364963502 0.00341796875
0 0.5496646281317814 0.92529296875 0.005227855592819097 0.0029296875
0 0.5346715328467153 0.925537109375 0.006806076149141842 0.00537109375
0 0.49043203787729334 0.92626953125 0.013217597159202999 0.0068359375
0 0.26519037285460645 0.924560546875 0.005819688301440126 0.00341796875
0 0.4355888735450779 0.923095703125 0.0023673308344841193 0.00244140625
0 0.3150522785559282 0.924072265625 0.005721049516669955 0.00830078125
0 0.41921483527322945 0.9208984375 0.0013809429867824028 0.0029296875
0 0.5429078713750246 0.919921875 0.002959163543105149 0.0029296875
0 0.5278654566975735 0.919189453125 0.005030578023278753 0.00341796875
0 0.3553462221345433 0.91845703125 0.0012823042020122311 0.0029296875
0 0.343115012823042 0.92041015625 0.003452357466956007 0.0078125
0 0.36294140856184653 0.9189453125 0.0044387453146577235 0.005859375
0 0.3759124087591241 0.916748046875 0.0023673308344841193 0.00244140625
0 0.406884987176958 0.916259765625 0.0027618859735648055 0.00244140625
0 0.33985993292562633 0.916015625 0.002071414480173604 0.001953125
0 0.3061254685342277 0.916259765625 0.002071414480173604 0.00244140625
0 0.25049319392385083 0.91650390625 0.0022686920497139475 0.00390625
0 0.24837246005129215 0.915771484375 0.002170053264943776 0.00439453125
0 0.42681002170053267 0.9140625 0.000789110278161373 0.001953125
0 0.3539159597553758 0.91357421875 0.0011836654172420597 0.001953125
0 0.5538567764845137 0.913330078125 0.003156441112645492 0.00244140625
0 0.5296902742158217 0.91357421875 0.006707437364371671 0.005859375
0 0.25665811797198657 0.915283203125 0.006904714933912014 0.00927734375
0 0.49886565397514304 0.91455078125 0.005227855592819097 0.009765625
0 0.48485894653777867 0.914794921875 0.010751627539948707 0.01025390625
0 0.31855395541526926 0.911865234375 0.003255079897415664 0.00439453125
0 0.2763858749260209 0.912841796875 0.0039455513908068654 0.00634765625
0 0.44076740974551193 0.91015625 0.001085026632471888 0.001953125
0 0.40974551193529296 0.9130859375 0.006312882225290984 0.0078125
0 0.4389425922272638 0.909423828125 0.0011836654172420597 0.00244140625
0 0.3903629907279542 0.90966796875 0.002465969619254291 0.0029296875
0 0.3800059183270862 0.909912109375 0.0022686920497139475 0.00341796875
0 0.36042611955020715 0.909912109375 0.003550996251726179 0.00341796875
0 0.25956796212270666 0.91162109375 0.00542513316235944 0.0068359375
0 0.4499408167291379 0.908935546875 0.0030578023278753207 0.00244140625
0 0.559725784178339 0.9091796875 0.002663247188794634 0.00390625
0 0.4218780824620241 0.90869140625 0.001578220556322746 0.0029296875
0 0.42582363385283095 0.908203125 0.0061156046557506415 0.0048828125
0 0.3522391004142829 0.908203125 0.0019727756954034327 0.0048828125
0 0.37645492207536 0.907470703125 0.005030578023278753 0.00537109375
0 0.25157822055632273 0.906982421875 0.007989741566383901 0.00439453125
0 0.409202998619057 0.90625 0.005819688301440126 0.00390625
0 0.35514894456500296 0.90576171875 0.002071414480173604 0.0029296875
0 0.48456303018346814 0.9052734375 0.007200631288222529 0.0048828125
0 0.3163839021503255 0.9072265625 0.015683566778457288 0.009765625
0 0.5346715328467153 0.9052734375 0.0077924639968435586 0.0068359375
0 0.44426908660485304 0.90283203125 0.0017754981258630894 0.0029296875
0 0.36782402840797 0.90576171875 0.0025646084040244622 0.0087890625
0 0.5281120536594989 0.90234375 0.003748273821266522 0.00390625
0 0.34661668968238313 0.902587890625 0.0025646084040244622 0.00439453125
0 0.43440520812783584 0.9013671875 0.0019727756954034327 0.0029296875
0 0.42404813572696787 0.90087890625 0.0019727756954034327 0.001953125
0 0.3704379562043796 0.900146484375 0.0028605247583349774 0.00537109375
0 0.35731899782994675 0.89990234375 0.005030578023278753 0.005859375
0 0.3145590846320773 0.8984375 0.005721049516669955 0.0048828125
0 0.25808838035115406 0.9013671875 0.010554349970408364 0.0107421875
0 0.4840698362596173 0.8974609375 0.00424146774511738 0.00390625
0 0.4289800749654764 0.89599609375 0.004142828960347208 0.0029296875
0 0.35164726770566185 0.896484375 0.0033537186821858355 0.00390625
0 0.3482442296310909 0.89794921875 0.002465969619254291 0.0068359375
0 0.3742848688104163 0.895751953125 0.0038469126060366936 0.00439453125
0 0.25355099625172617 0.893798828125 0.002071414480173604 0.00244140625
0 0.5311205365949891 0.892333984375 0.0044387453146577235 0.00439453125
0 0.41990530676662063 0.89599609375 0.00966660090747682 0.01171875
0 0.24156638390215032 0.892578125 0.005918327086210298 0.0048828125
0 0.42128624975340306 0.89208984375 0.003156441112645492 0.0048828125
0 0.37112842769777077 0.891357421875 0.005622410731899783 0.00341796875
0 0.6387847701716315 0.890380859375 0.004931939238508582 0.00244140625
0 0.3608206746892878 0.891357421875 0.004142828960347208 0.00537109375
0 0.34508778851844546 0.890625 0.003452357466956007 0.00390625
0 0.30523771947129613 0.890625 0.0028605247583349774 0.00390625
0 0.3546557506411521 0.8916015625 0.003255079897415664 0.0087890625
0 0.3117971986585125 0.890380859375 0.005523771947129611 0.00634765625
0 0.5392582363385283 0.88818359375 0.0025646084040244622 0.0029296875
0 0.49704083645689484 0.8896484375 0.003748273821266522 0.005859375
0 0.2305681594002762 0.8876953125 0.0014795817715525744 0.0029296875
0 0.2500986387847702 0.890625 0.010751627539948707 0.009765625
0 0.4046656145196291 0.8876953125 0.0066087985796014995 0.005859375
0 0.3500690471493391 0.88623046875 0.0013809429867824028 0.0029296875
0 0.31894851055435 0.886474609375 0.00424146774511738 0.00341796875
0 0.24319392385085817 0.886474609375 0.0030578023278753207 0.00341796875
0 0.20398500690471494 0.88671875 0.002170053264943776 0.00390625
0 0.3623988952456106 0.885986328125 0.004142828960347208 0.00341796875
0 0.5312191753797593 0.884765625 0.0022686920497139475 0.0029296875
0 0.36560465575064116 0.88623046875 0.0022686920497139475 0.005859375
0 0.23446439139869796 0.885986328125 0.003156441112645492 0.00537109375
0 0.20068060761491419 0.885009765625 0.0030578023278753207 0.00341796875
0 0.2575951864273032 0.88427734375 0.0036496350364963502 0.0029296875
0 0.4207930558295522 0.885009765625 0.005326494377589268 0.00634765625
0 0.3149043203787729 0.88232421875 0.0030578023278753207 0.001953125
0 0.42715525744722826 0.88232421875 0.0022686920497139475 0.0029296875
0 0.4238508581574275 0.882568359375 0.003156441112645492 0.00341796875
0 0.3113040047346617 0.88232421875 0.003550996251726179 0.0029296875
0 0.37216413493785755 0.88232421875 0.003156441112645492 0.00390625
0 0.3411422371276386 0.88427734375 0.00424146774511738 0.0078125
0 0.31835667784572896 0.8818359375 0.003255079897415664 0.00390625
0 0.268396133359637 0.88134765625 0.0027618859735648055 0.00390625
0 0.333349773130795 0.880126953125 0.002663247188794634 0.00244140625
0 0.5281120536594989 0.87939453125 0.0013809429867824028 0.001953125
0 0.40915367922667195 0.8798828125 0.003748273821266522 0.0029296875
0 0.19841191556520024 0.87939453125 0.002071414480173604 0.001953125
0 0.25956796212270666 0.879638671875 0.0030578023278753207 0.00439453125
0 0.34962517261787335 0.879638671875 0.0077924639968435586 0.00537109375
0 0.32708621029788915 0.878173828125 0.0011836654172420597 0.00244140625
0 0.2506411521010061 0.88037109375 0.006510159794831328 0.0068359375
0 0.3602288419806668 0.87841796875 0.005523771947129611 0.00390625
0 0.32215427105938055 0.87548828125 0.0025646084040244622 0.001953125
0 0.41334582757940425 0.878662109375 0.0036496350364963502 0.01025390625
0 0.24659696192542907 0.874755859375 0.004142828960347208 0.00244140625
0 0.30785164726770564 0.87451171875 0.0027618859735648055 0.0029296875
0 0.23895245610574078 0.877197265625 0.0030578023278753207 0.00927734375
0 0.4265634247386072 0.873779296875 0.003452357466956007 0.00341796875
0 0.3575162753994871 0.8740234375 0.0016768593410929177 0.00390625
0 0.34360820674689285 0.8740234375 0.00424146774511738 0.00390625
0 0.4196093904123101 0.87353515625 0.003748273821266522 0.00390625
0 0.3497238114026435 0.873046875 0.0036496350364963502 0.005859375
0 0.3664430854211876 0.87353515625 0.004537384099427895 0.0078125
0 0.24501874136910634 0.87744140625 0.010258433616097849 0.015625
0 0.2830439928980075 0.8701171875 0.001085026632471888 0.001953125
0 0.19047149339120142 0.87060546875 0.002959163543105149 0.0029296875
0 0.5334878674294733 0.869873046875 0.002071414480173604 0.00244140625
0 0.2795423160386664 0.868408203125 0.0039455513908068654 0.00341796875
0 0.3616591043598343 0.869873046875 0.0066087985796014995 0.00732421875
0 0.3081475636220162 0.8671875 0.002170053264943776 0.001953125
0 0.34059972381140263 0.868408203125 0.008088380351154074 0.00537109375
0 0.3263957388044979 0.867919921875 0.0039455513908068654 0.00537109375
0 0.24773130795028606 0.868408203125 0.005030578023278753 0.00634765625
0 0.4469816531860327 0.86572265625 0.002465969619254291 0.001953125
0 0.42207536003156443 0.868408203125 0.0051292168080489245 0.01025390625
0 0.24067863483921878 0.864990234375 0.0039455513908068654 0.00341796875
0 0.44318405997238114 0.86279296875 0.0019727756954034327 0.001953125
0 0.3292069441704478 0.86376953125 0.001874136910633261 0.0048828125
0 0.5055730913395147 0.862060546875 0.0022686920497139475 0.00244140625
0 0.38020319589662654 0.8642578125 0.00897612941408562 0.0068359375
0 0.4347504438745315 0.86376953125 0.009370684553166305 0.0078125
0 0.36496350364963503 0.8642578125 0.004340106529887552 0.0087890625
0 0.22923653580587888 0.8623046875 0.007891102781613731 0.0068359375
0 0.23490826593016373 0.861083984375 0.006016965870980469 0.00537109375
0 0.263217597159203 0.8603515625 0.0044387453146577235 0.0048828125
0 0.24250345235746695 0.85986328125 0.004636022884198066 0.0048828125
0 0.30380745709212864 0.85693359375 0.0011836654172420597 0.001953125
0 0.3297494574866838 0.860595703125 0.0072992700729927005 0.01025390625
0 0.31623594397317023 0.85595703125 0.0017754981258630894 0.001953125
0 0.32383113040047345 0.85888671875 0.005918327086210298 0.0087890625
0 0.24344052081278358 0.85498046875 0.0017754981258630894 0.0029296875
0 0.22183862694811599 0.856201171875 0.003156441112645492 0.00537109375
0 0.1920003945551391 0.8544921875 0.0016768593410929177 0.001953125
0 0.3674294732688893 0.854248046875 0.002959163543105149 0.00439453125
0 0.4348490826593016 0.852783203125 0.00424146774511738 0.00244140625
0 0.3164825409350957 0.8525390625 0.003255079897415664 0.001953125
0 0.22790491221148154 0.853271484375 0.0016768593410929177 0.00341796875
0 0.4239001775498126 0.853759765625 0.005819688301440126 0.00537109375
0 0.3079502860524758 0.85205078125 0.0017754981258630894 0.001953125
0 0.3320674689287828 0.854248046875 0.006806076149141842 0.00732421875
0 0.2989248372460051 0.8515625 0.002663247188794634 0.001953125
0 0.2685934109291774 0.853515625 0.003550996251726179 0.005859375
0 0.2357466956007102 0.850830078125 0.0013809429867824028 0.00244140625
0 0.19076740974551193 0.85107421875 0.005326494377589268 0.00390625
0 0.31322746103768 0.84912109375 0.002663247188794634 0.001953125
0 0.3550503057802328 0.849853515625 0.002071414480173604 0.00537109375
0 0.438498717695798 0.84765625 0.002071414480173604 0.001953125
0 0.18376405602682974 0.84814453125 0.0009863878477017164 0.0029296875
0 0.23106135332412706 0.84814453125 0.0044387453146577235 0.00390625
0 0.23875517853620043 0.849609375 0.004636022884198066 0.0078125
0 0.3014894456500296 0.8466796875 0.003452357466956007 0.0029296875
0 0.2959656737029 0.8466796875 0.003255079897415664 0.0029296875
0 0.32590254488064707 0.847412109375 0.005523771947129611 0.00634765625
0 0.453442493588479 0.8447265625 0.0013809429867824028 0.001953125
0 0.3060268297494575 0.844970703125 0.004044190175577037 0.00341796875
0 0.19579798776879068 0.845947265625 0.0039455513908068654 0.00537109375
0 0.2347109883606234 0.845458984375 0.0036496350364963502 0.00537109375
0 0.36215229828368517 0.843994140625 0.002465969619254291 0.00341796875
0 0.31618662458078517 0.84375 0.002663247188794634 0.0029296875
0 0.4328763069638982 0.84326171875 0.005622410731899783 0.0029296875
0 0.41679818504636024 0.8427734375 0.0022686920497139475 0.0029296875
0 0.32072400868021306 0.845703125 0.00424146774511738 0.0087890625
0 0.25572104951666996 0.84375 0.004636022884198066 0.0068359375
0 0.4458966265535609 0.84130859375 0.0016768593410929177 0.0029296875
0 0.30153876504241467 0.840576171875 0.0039455513908068654 0.00244140625
0 0.4394357861511146 0.83740234375 0.001578220556322746 0.001953125
0 0.32047741171828764 0.838134765625 0.003748273821266522 0.00341796875
0 0.26203393174196093 0.836669921875 0.0016768593410929177 0.00244140625
0 0.25749654764253305 0.83642578125 0.0016768593410929177 0.0029296875
0 0.24975340303807458 0.83984375 0.007496547642533044 0.01171875
0 0.32141448017360424 0.833740234375 0.002071414480173604 0.00244140625
0 0.3177648451371079 0.8330078125 0.0016768593410929177 0.0029296875
0 0.24398303412901953 0.833251953125 0.0014795817715525744 0.00341796875
0 0.41354310514894455 0.833251953125 0.003452357466956007 0.00439453125
0 0.2832412704675478 0.831787109375 0.002663247188794634 0.00439453125
0 0.26435194318405997 0.83203125 0.0025646084040244622 0.005859375
0 0.42991714342079307 0.829833984375 0.002071414480173604 0.00244140625
0 0.23293549023476032 0.82958984375 0.0028605247583349774 0.0029296875
0 0.31416452949299667 0.829345703125 0.005326494377589268 0.00341796875
0 0.30652002367330833 0.8291015625 0.004636022884198066 0.0048828125
0 0.28555928190964686 0.828125 0.0017754981258630894 0.0029296875
0 0.3199348984020517 0.827880859375 0.009173406983625962 0.00537109375
0 0.2677056618662458 0.825927734375 0.002170053264943776 0.00244140625
0 0.4822943381337542 0.825439453125 0.0022686920497139475 0.00244140625
0 0.4381041625567173 0.8251953125 0.001874136910633261 0.001953125
0 0.3519431840599724 0.828857421875 0.01144209903333991 0.00927734375
0 0.3093805484316433 0.825439453125 0.002071414480173604 0.00244140625
0 0.3117971986585125 0.82470703125 0.0023673308344841193 0.001953125
0 0.2309133951469718 0.824951171875 0.0025646084040244622 0.00244140625
0 0.4277964095482344 0.824462890625 0.004340106529887552 0.00244140625
0 0.2621325705267311 0.82421875 0.0022686920497139475 0.001953125
0 0.2158709804695206 0.826171875 0.005622410731899783 0.0068359375
0 0.25 0.824951171875 0.005030578023278753 0.00634765625
0 0.21365160781219175 0.8232421875 0.0017754981258630894 0.0029296875
0 0.4099427895048333 0.822509765625 0.003550996251726179 0.00537109375
0 0.19841191556520024 0.821044921875 0.00483330045373841 0.00439453125
0 0.35307753008482934 0.8212890625 0.009962517261787335 0.0068359375
0 0.29601499309528506 0.81982421875 0.005523771947129611 0.0048828125
0 0.24368711777470903 0.819580078125 0.0016768593410929177 0.00439453125
0 0.31899782994673503 0.818359375 0.0039455513908068654 0.0029296875
0 0.20492207536003157 0.821533203125 0.00483330045373841 0.00927734375
0 0.18835075951864272 0.81787109375 0.001085026632471888 0.001953125
0 0.3008482935490235 0.819091796875 0.0033537186821858355 0.00537109375
0 0.22736239889524562 0.8193359375 0.0033537186821858355 0.005859375
0 0.22346616689682383 0.8203125 0.0036496350364963502 0.0087890625
0 0.3820773328072598 0.816650390625 0.0028605247583349774 0.00341796875
0 0.2541921483527323 0.820556640625 0.007891102781613731 0.01123046875
0 0.27406786348392187 0.81689453125 0.003255079897415664 0.0048828125
0 0.2625271256658118 0.81689453125 0.002663247188794634 0.0048828125
0 0.2974945748668376 0.814697265625 0.003156441112645492 0.00244140625
0 0.25991319786940226 0.814208984375 0.0013809429867824028 0.00244140625
0 0.23702899980272243 0.815185546875 0.002170053264943776 0.00439453125
0 0.2468928782797396 0.814697265625 0.0025646084040244622 0.00537109375
0 0.22760899585717104 0.8134765625 0.004636022884198066 0.0029296875
0 0.3434602485697376 0.812744140625 0.0025646084040244622 0.00244140625
0 0.3143124876701519 0.812744140625 0.003255079897415664 0.00244140625
0 0.3005030578023279 0.811279296875 0.002663247188794634 0.00244140625
0 0.3315742750049319 0.8115234375 0.002465969619254291 0.0048828125
0 0.21907674097455118 0.81005859375 0.0013809429867824028 0.001953125
0 0.3182580390609588 0.810791015625 0.00424146774511738 0.00439453125
0 0.22321956993489842 0.81103515625 0.005721049516669955 0.0048828125
0 0.2072894061945157 0.8115234375 0.00483330045373841 0.0078125
0 0.2519234563030183 0.807373046875 0.0013809429867824028 0.00146484375
0 0.236782402840797 0.80712890625 0.001874136910633261 0.0029296875
0 0.21651213257052673 0.806884765625 0.0011836654172420597 0.00244140625
0 0.21340501085026634 0.806640625 0.0016768593410929177 0.001953125
0 0.20408364568948512 0.806884765625 0.0019727756954034327 0.00244140625
0 0.20127244032353522 0.805908203125 0.001085026632471888 0.00244140625
0 0.3049418031169856 0.80517578125 0.0016768593410929177 0.0029296875
0 0.24595580982442297 0.805908203125 0.002071414480173604 0.00439453125
0 0.633852830933123 0.804443359375 0.004142828960347208 0.00244140625
0 0.2635135135135135 0.8046875 0.001874136910633261 0.00390625
0 0.3181594002761886 0.8037109375 0.00542513316235944 0.00390625
0 0.24038271848490828 0.803955078125 0.0025646084040244622 0.00439453125
0 0.2980864075754587 0.802490234375 0.003156441112645492 0.00244140625
0 0.2291872164134938 0.80517578125 0.003452357466956007 0.0087890625
0 0.30864075754586706 0.801513671875 0.0033537186821858355 0.00341796875
0 0.3010948905109489 0.798583984375 0.001874136910633261 0.00244140625
0 0.24363779838232394 0.798583984375 0.0011836654172420597 0.00244140625
0 0.2305188400078911 0.798583984375 0.002959163543105149 0.00439453125
0 0.3002564608404025 0.79541015625 0.0019727756954034327 0.0029296875
0 0.2499506806076149 0.794921875 0.0017754981258630894 0.001953125
0 0.23658512527125666 0.796875 0.00424146774511738 0.005859375
0 0.3291576247780627 0.79833984375 0.008088380351154074 0.009765625
0 0.22124679423949498 0.79443359375 0.0027618859735648055 0.0029296875
0 0.19604458473071612 0.79443359375 0.001874136910633261 0.0029296875
0 0.226425330439929 0.79541015625 0.004044190175577037 0.005859375
0 0.20556322746103767 0.793701171875 0.002959163543105149 0.00244140625
0 0.2930558295521799 0.793212890625 0.002170053264943776 0.00244140625
0 0.2631682777668179 0.793701171875 0.0017754981258630894 0.00341796875
0 0.24378575655947918 0.792724609375 0.003255079897415664 0.00244140625
0 0.20255474452554745 0.79248046875 0.002663247188794634 0.00390625
0 0.22164134937857566 0.791015625 0.000789110278161373 0.001953125
0 0.24077727362398896 0.791015625 0.0027618859735648055 0.0029296875
0 0.2536003156441113 0.790283203125 0.001578220556322746 0.00341796875
0 0.2089169461432235 0.787841796875 0.001578220556322746 0.00244140625
0 0.2388538173209706 0.787109375 0.002663247188794634 0.001953125
0 0.19999013612152297 0.78759765625 0.0014795817715525744 0.0029296875
0 0.24842177944367724 0.78759765625 0.0044387453146577235 0.00390625
0 0.2343657526139278 0.7841796875 0.002170053264943776 0.001953125
0 0.2236141250739791 0.784912109375 0.005721049516669955 0.00341796875
0 0.19737620832511343 0.784912109375 0.003550996251726179 0.00537109375
0 0.24191161964884592 0.782958984375 0.0030578023278753207 0.00244140625
0 0.2016669954626159 0.7822265625 0.0022686920497139475 0.001953125
0 0.1909153679226672 0.7861328125 0.007200631288222529 0.009765625
0 0.2200138094298678 0.78125 0.001874136910633261 0.0029296875
0 0.1964884592621819 0.781005859375 0.0019727756954034327 0.00244140625
0 0.23510554349970408 0.780029296875 0.001874136910633261 0.00244140625
0 0.18687117774709017 0.7783203125 0.002465969619254291 0.0029296875
0 0.2405799960544486 0.776611328125 0.0009863878477017164 0.00244140625
0 0.23693036101795226 0.777587890625 0.006312882225290984 0.00537109375
0 0.1310909449595581 0.773193359375 0.002959163543105149 0.00341796875
0 0.2308640757545867 0.7724609375 0.002663247188794634 0.0029296875
0 0.21498323140658906 0.774658203125 0.006016965870980469 0.00732421875
0 0.19668573683172225 0.773193359375 0.002959163543105149 0.00537109375
0 0.18075557309133952 0.772216796875 0.0038469126060366936 0.00439453125
0 0.24669560071019925 0.7724609375 0.003156441112645492 0.005859375
0 0.2283981061353324 0.769775390625 0.0008877490629315447 0.00244140625
0 0.1359242454132965 0.771728515625 0.006510159794831328 0.00634765625
0 0.21927401854409154 0.76904296875 0.001578220556322746 0.001953125
0 0.2033931741960939 0.770751953125 0.001578220556322746 0.00537109375
0 0.09789899388439534 0.77099609375 0.006214243440520813 0.005859375
0 0.22346616689682383 0.7724609375 0.007989741566383901 0.009765625
0 0.1864273032156244 0.770263671875 0.003550996251726179 0.00537109375
0 0.14110278161373052 0.768310546875 0.0022686920497139475 0.00244140625
0 0.23323140658907082 0.767578125 0.003452357466956007 0.00390625
0 0.12058591438153482 0.767822265625 0.006016965870980469 0.00537109375
0 0.14376602880252515 0.766845703125 0.0028605247583349774 0.00439453125
0 0.10579009666600908 0.76611328125 0.003255079897415664 0.0029296875
0 0.24205957782600118 0.7646484375 0.001578220556322746 0.001953125
0 0.1342967054645887 0.764892578125 0.0014795817715525744 0.00244140625
0 0.23599329256263563 0.762451171875 0.0016768593410929177 0.00244140625
0 0.19096468731505228 0.7626953125 0.0039455513908068654 0.0029296875
0 0.12971000197277568 0.763671875 0.0051292168080489245 0.0048828125
0 0.21473663444466365 0.7626953125 0.003550996251726179 0.00390625
0 0.22736239889524562 0.76123046875 0.001578220556322746 0.001953125
0 0.19841191556520024 0.763916015625 0.0028605247583349774 0.00830078125
0 0.210347208522391 0.760009765625 0.0016768593410929177 0.00244140625
0 0.20319589662655357 0.762451171875 0.005326494377589268 0.00732421875
0 0.13814361807062536 0.76025390625 0.00483330045373841 0.00390625
0 0.1317320970605642 0.7587890625 0.0016768593410929177 0.001953125
0 0.23633852830933122 0.75830078125 0.0017754981258630894 0.001953125
0 0.18884395344249358 0.75830078125 0.0016768593410929177 0.001953125
0 0.2187315052278556 0.758056640625 0.003255079897415664 0.00341796875
0 0.22524166502268692 0.757080078125 0.001874136910633261 0.00244140625
0 0.20018741369106333 0.75634765625 0.0036496350364963502 0.0029296875
0 0.1359242454132965 0.75634765625 0.0027618859735648055 0.00390625
0 0.19160583941605838 0.755126953125 0.002663247188794634 0.00244140625
0 0.233330045373841 0.75439453125 0.002465969619254291 0.001953125
0 0.20265338331031763 0.75439453125 0.001085026632471888 0.001953125
0 0.10554349970408365 0.75537109375 0.003550996251726179 0.005859375
0 0.14194121128427697 0.751708984375 0.0023673308344841193 0.00244140625
0 0.128723614125074 0.751953125 0.0017754981258630894 0.0029296875
0 0.21685736831722233 0.74951171875 0.0008877490629315447 0.001953125
0 0.09582757940422174 0.75048828125 0.0028605247583349774 0.00390625
0 0.16364174393371472 0.75 0.007101992503452358 0.0048828125
0 0.12389031367133557 0.752197265625 0.0061156046557506415 0.01025390625
0 0.10470507003353718 0.748291015625 0.002663247188794634 0.00244140625
0 0.20817715525744723 0.74755859375 0.001085026632471888 0.001953125
0 0.20156835667784573 0.747802734375 0.0012823042020122311 0.00244140625
0 0.09962517261787335 0.748046875 0.004537384099427895 0.0029296875
0 0.2131584138883409 0.745849609375 0.0009863878477017164 0.00146484375
0 0.1825803906095877 0.745849609375 0.0019727756954034327 0.00244140625
0 0.21044584730716118 0.746826171875 0.002465969619254291 0.00537109375
0 0.2048234365752614 0.745361328125 0.003452357466956007 0.00341796875
0 0.19175379759321365 0.745361328125 0.0025646084040244622 0.00341796875
0 0.1884493983034129 0.745849609375 0.001085026632471888 0.00439453125
0 0.31756756756756754 0.74365234375 0.0008877490629315447 0.001953125
0 0.11190570132175971 0.744384765625 0.002071414480173604 0.00341796875
0 0.11599921088972184 0.746337890625 0.006707437364371671 0.00830078125
0 0.10766423357664233 0.744384765625 0.00542513316235944 0.00439453125
0 0.22262773722627738 0.7431640625 0.0017754981258630894 0.0029296875
0 0.2142434405208128 0.7431640625 0.0011836654172420597 0.00390625
0 0.12078319195107516 0.741943359375 0.002465969619254291 0.00341796875
0 0.10066087985796016 0.7412109375 0.0066087985796014995 0.0068359375
0 0.21113631880055236 0.739501953125 0.002071414480173604 0.00439453125
0 0.18026237916748866 0.74072265625 0.006214243440520813 0.0078125
0 0.12384099427895048 0.73681640625 0.0012823042020122311 0.001953125
0 0.11210297889130005 0.73779296875 0.004044190175577037 0.00390625
0 0.13582560662852633 0.737548828125 0.0039455513908068654 0.00439453125
0 0.3223515486289209 0.736328125 0.000789110278161373 0.0029296875
0 0.3002564608404025 0.736083984375 0.0011836654172420597 0.00244140625
0 0.21340501085026634 0.736572265625 0.002465969619254291 0.00341796875
0 0.101154073781811 0.73583984375 0.001874136910633261 0.001953125
0 0.1926415466561452 0.735107421875 0.0019727756954034327 0.00244140625
0 0.29468336950088775 0.736083984375 0.002663247188794634 0.00927734375
0 0.1650720063128822 0.732666015625 0.0014795817715525744 0.00244140625
0 0.2089169461432235 0.7333984375 0.0019727756954034327 0.0048828125
0 0.19589662655356085 0.733642578125 0.002959163543105149 0.00634765625
0 0.15145985401459855 0.732177734375 0.002071414480173604 0.00341796875
0 0.1046557506411521 0.731201171875 0.001578220556322746 0.00244140625
0 0.31278358650621424 0.7314453125 0.001578220556322746 0.005859375
0 0.1349378575655948 0.729248046875 0.0019727756954034327 0.00244140625
0 0.31820871966857367 0.7294921875 0.0013809429867824028 0.00390625
0 0.14223712763858748 0.728759765625 0.0011836654172420597 0.00244140625
0 0.15599723811402644 0.72998046875 0.006214243440520813 0.005859375
0 0.09780035509962517 0.728759765625 0.0022686920497139475 0.00341796875
0 0.0935095679621227 0.72705078125 0.0013809429867824028 0.001953125
0 0.12354507792463996 0.72705078125 0.002071414480173604 0.0029296875
0 0.32309133951469715 0.726806640625 0.001085026632471888 0.00341796875
0 0.1995462615900572 0.726806640625 0.0011836654172420597 0.00341796875
0 0.16536792266719275 0.7275390625 0.003255079897415664 0.0048828125
0 0.18652594200039455 0.72607421875 0.003156441112645492 0.0029296875
0 0.20270270270270271 0.7265625 0.0039455513908068654 0.005859375
0 0.11274413099230618 0.724609375 0.0011836654172420597 0.001953125
0 0.1554054054054054 0.724365234375 0.001085026632471888 0.00244140625
0 0.31613730518840005 0.723388671875 0.0011836654172420597 0.00341796875
0 0.16936279345038469 0.723388671875 0.0023673308344841193 0.00341796875
0 0.1867232195699349 0.721923828125 0.0011836654172420597 0.00244140625
0 0.16087985796014992 0.72119140625 0.002170053264943776 0.001953125
0 0.16191556520023673 0.724365234375 0.005227855592819097 0.01318359375
0 0.15811797198658512 0.71923828125 0.003156441112645492 0.0048828125
0 0.16734069836259619 0.71826171875 0.0028605247583349774 0.0048828125
0 0.17858551982639573 0.716552734375 0.0022686920497139475 0.00244140625
0 0.17084237522193726 0.7177734375 0.003748273821266522 0.0048828125
0 0.15491221148155454 0.715576171875 0.004636022884198066 0.00341796875
0 0.2934503846912606 0.71435546875 0.001578220556322746 0.0048828125
0 0.2249950680607615 0.714111328125 0.001578220556322746 0.00439453125
0 0.31603866640362993 0.7158203125 0.002170053264943776 0.0087890625
0 0.22055632274610376 0.712890625 0.002959163543105149 0.0048828125
0 0.21271453935687512 0.709228515625 0.0036496350364963502 0.00439453125
0 0.2167094101400671 0.709716796875 0.004142828960347208 0.00634765625
0 0.3244722825014796 0.70703125 0.0006904714933912014 0.001953125
0 0.3134740579996054 0.705322265625 0.0009863878477017164 0.00341796875
0 0.30933122903925825 0.6923828125 0.0011836654172420597 0.00390625
0 0.2978891300059183 0.693359375 0.0019727756954034327 0.0078125
