0 0.1623101203393174 0.998779296875 0.0008877490629315447 0.00244140625
0 0.3777372262773723 0.99853515625 0.0028605247583349774 0.0029296875
0 0.32871375024659694 0.99853515625 0.002663247188794634 0.0029296875
0 0.1290195304793845 0.998291015625 0.0023673308344841193 0.00341796875
0 0.4003255079897416 0.997802734375 0.003255079897415664 0.00439453125
0 0.38587492602091145 0.99609375 0.0017754981258630894 0.00390625
0 0.6226573288617084 0.99560546875 0.008384296705464589 0.0048828125
0 0.2469421976721247 0.99658203125 0.006016965870980469 0.0068359375
0 0.6093410929177353 0.996337890625 0.009567962122706648 0.00732421875
0 0.2958670349181298 0.993408203125 0.0022686920497139475 0.00244140625
0 0.2830933122903926 0.994384765625 0.0023673308344841193 0.00439453125
0 0.24127046754783982 0.994384765625 0.004537384099427895 0.00537109375
0 0.32116788321167883 0.990966796875 0.0017754981258630894 0.00244140625
0 0.27752022095087786 0.990966796875 0.0028605247583349774 0.00244140625
0 0.40456697573485895 0.99072265625 0.0014795817715525744 0.0029296875
0 0.6635924245413296 0.993896484375 0.01213257052673111 0.01220703125
0 0.14164529492996647 0.9921875 0.004340106529887552 0.0087890625
0 0.13760110475438941 0.98681640625 0.0011836654172420597 0.001953125
0 0.4117182876306964 0.989501953125 0.013612152298283685 0.00927734375
0 0.6077135529690274 0.984619140625 0.0023673308344841193 0.00244140625
0 0.6713848885381732 0.987548828125 0.006411521010061156 0.01025390625
0 0.622361412507398 0.984375 0.00542513316235944 0.00390625
0 0.13395146971789307 0.984130859375 0.0023673308344841193 0.00341796875
0 0.1790787137502466 0.98291015625 0.005622410731899783 0.0029296875
0 0.4242947326888933 0.984375 0.01154073781811008 0.0078125
0 0.6020911422371277 0.98046875 0.0013809429867824028 0.001953125
0 0.13222529098441507 0.98046875 0.002071414480173604 0.0029296875
0 0.11905701321759717 0.98193359375 0.004340106529887552 0.005859375
0 0.3623002564608404 0.98046875 0.0017754981258630894 0.00390625
0 0.6624580785164726 0.9794921875 0.0013809429867824028 0.0029296875
0 0.17335766423357665 0.979248046875 0.0028605247583349774 0.00341796875
0 0.1290195304793845 0.978515625 0.0011836654172420597 0.0029296875
0 0.6720260406391794 0.978515625 0.0072992700729927005 0.0078125
0 0.3563819293746301 0.97802734375 0.008877490629315447 0.0068359375
0 0.29552179917143423 0.975830078125 0.0009863878477017164 0.00244140625
0 0.2044288814361807 0.97802734375 0.003452357466956007 0.0078125
0 0.19170447820082856 0.975341796875 0.0016768593410929177 0.00244140625
0 0.4911225093706846 0.97802734375 0.0025646084040244622 0.0087890625
0 0.4099921088972184 0.976318359375 0.007003353718682186 0.00732421875
0 0.28186032748076545 0.975830078125 0.006411521010061156 0.00634765625
0 0.112645492207536 0.974365234375 0.0009863878477017164 0.00341796875
0 0.4023476030775301 0.974365234375 0.007496547642533044 0.00537109375
0 0.2756460840402446 0.9736328125 0.005227855592819097 0.00390625
0 0.2283981061353324 0.973876953125 0.0036496350364963502 0.00439453125
0 0.3008482935490235 0.97265625 0.0013809429867824028 0.0029296875
0 0.2559183270862103 0.973388671875 0.005227855592819097 0.00537109375
0 0.18889327283487867 0.971923828125 0.0025646084040244622 0.00341796875
0 0.14633063720654962 0.971923828125 0.0008877490629315447 0.00341796875
0 0.12507397908857762 0.97314453125 0.005918327086210298 0.005859375
0 0.15698362596172816 0.970947265625 0.0008877490629315447 0.00244140625
0 0.15851252712566583 0.970947265625 0.001578220556322746 0.00341796875
0 0.42962122706648254 0.970458984375 0.003255079897415664 0.00439453125
0 0.4354409153679227 0.9716796875 0.007595186427303216 0.0078125
0 0.22400868021305978 0.96826171875 0.002170053264943776 0.0029296875
0 0.33019333201814954 0.9677734375 0.001874136910633261 0.0029296875
0 0.4209410140067074 0.96728515625 0.006411521010061156 0.0048828125
0 0.6808048924837246 0.966796875 0.005326494377589268 0.0048828125
0 0.4142335766423358 0.966064453125 0.0036496350364963502 0.00341796875
0 0.47701716314855 0.9658203125 0.001578220556322746 0.00390625
0 0.456894851055435 0.966064453125 0.002959163543105149 0.00439453125
0 0.6660090747681988 0.964599609375 0.005721049516669955 0.00341796875
0 0.135628329058986 0.964599609375 0.0017754981258630894 0.00341796875
0 0.4571907674097455 0.962890625 0.0023673308344841193 0.001953125
0 0.17468928782797397 0.961669921875 0.0013809429867824028 0.00244140625
0 0.1814953639771158 0.96142578125 0.001578220556322746 0.0029296875
0 0.17256855395541526 0.9609375 0.0008877490629315447 0.001953125
0 0.10485302821069245 0.961669921875 0.003550996251726179 0.00439453125
0 0.33714736634444664 0.9619140625 0.0061156046557506415 0.005859375
0 0.1332116788321168 0.961181640625 0.003452357466956007 0.00439453125
0 0.4349970408364569 0.958740234375 0.004340106529887552 0.00439453125
0 0.2658315249556125 0.959716796875 0.004537384099427895 0.00634765625
0 0.6006608798579601 0.95849609375 0.00483330045373841 0.0048828125
0 0.44081672913789705 0.95751953125 0.0009863878477017164 0.0029296875
0 0.6699053067666206 0.95751953125 0.004636022884198066 0.00390625
0 0.4482146379956599 0.960205078125 0.006312882225290984 0.01220703125
0 0.2999112250937068 0.956298828125 0.004636022884198066 0.00537109375
0 0.2587788518445453 0.95654296875 0.006016965870980469 0.0068359375
0 0.2158709804695206 0.95556640625 0.0028605247583349774 0.0048828125
0 0.6127441309923062 0.959228515625 0.015979483132767803 0.01318359375
0 0.25044387453146577 0.955810546875 0.007101992503452358 0.00634765625
0 0.24521601893864667 0.95556640625 0.003550996251726179 0.005859375
0 0.16270467547839812 0.9560546875 0.008187019135924246 0.0087890625
0 0.31929374630104557 0.952392578125 0.0019727756954034327 0.00244140625
0 0.4321365160781219 0.951904296875 0.003748273821266522 0.00244140625
0 0.15634247386072203 0.95361328125 0.004734661668968239 0.005859375
0 0.22958177155257448 0.955322265625 0.007989741566383901 0.01123046875
0 0.3895245610574078 0.951416015625 0.005918327086210298 0.00439453125
0 0.44796804103373444 0.94970703125 0.0012823042020122311 0.0029296875
0 0.19915170645097652 0.94921875 0.0009863878477017164 0.001953125
0 0.1446537778654567 0.952392578125 0.006411521010061156 0.00830078125
0 0.60628329058986 0.95068359375 0.007989741566383901 0.005859375
0 0.3935687512329848 0.94921875 0.001578220556322746 0.0029296875
0 0.6635431051489445 0.95263671875 0.008680213059775104 0.0107421875
0 0.14080686525942002 0.948974609375 0.002071414480173604 0.00439453125
0 0.15200236733083447 0.94775390625 0.0025646084040244622 0.0029296875
0 0.09972381140264353 0.948974609375 0.005721049516669955 0.00537109375
0 0.12112842769777077 0.9462890625 0.0013809429867824028 0.0029296875
0 0.210347208522391 0.946044921875 0.001874136910633261 0.00341796875
0 0.14914184257249952 0.945556640625 0.0019727756954034327 0.00244140625
0 0.366097849674492 0.945556640625 0.002071414480173604 0.00341796875
0 0.41916551588084433 0.947021484375 0.014894456500295916 0.00830078125
0 0.39351943184059973 0.94482421875 0.003255079897415664 0.00390625
0 0.4417044782008286 0.947021484375 0.004734661668968239 0.00927734375
0 0.18036101795225884 0.945068359375 0.007989741566383901 0.00537109375
0 0.13774906293154468 0.943603515625 0.0016768593410929177 0.00244140625
0 0.13548037088183074 0.943603515625 0.0022686920497139475 0.00244140625
0 0.37492602091142235 0.94287109375 0.007101992503452358 0.00390625
0 0.36101795225882816 0.943603515625 0.006904714933912014 0.00537109375
0 0.11407575458670349 0.943115234375 0.0012823042020122311 0.00439453125
0 0.38010455711185637 0.943115234375 0.004636022884198066 0.00537109375
0 0.17217399881633458 0.942138671875 0.0038469126060366936 0.00341796875
0 0.13301440126257644 0.942138671875 0.002663247188794634 0.00341796875
0 0.39711974748471096 0.942138671875 0.003748273821266522 0.00439453125
0 0.4380055237719471 0.94140625 0.0044387453146577235 0.00390625
0 0.3563819293746301 0.9404296875 0.0011836654172420597 0.0029296875
0 0.29996054448609194 0.93994140625 0.004537384099427895 0.0029296875
0 0.6168376405602684 0.939208984375 0.002071414480173604 0.00244140625
0 0.23352732294338133 0.94140625 0.007003353718682186 0.0068359375
0 0.1887946340501085 0.939208984375 0.0011836654172420597 0.00244140625
0 0.2524166502268692 0.941650390625 0.004734661668968239 0.00830078125
0 0.6468731505227856 0.938232421875 0.003550996251726179 0.00341796875
0 0.44643913986979683 0.940185546875 0.004734661668968239 0.00732421875
0 0.1637403827184849 0.939697265625 0.006510159794831328 0.00634765625
0 0.13030183468139672 0.939453125 0.002170053264943776 0.005859375
0 0.11047543894259222 0.938232421875 0.0011836654172420597 0.00341796875
0 0.09927993687117774 0.93896484375 0.002465969619254291 0.0048828125
0 0.33512527125665814 0.937744140625 0.006214243440520813 0.00341796875
0 0.20990333399092523 0.936279296875 0.003156441112645492 0.00244140625
0 0.3442000394555139 0.93603515625 0.002465969619254291 0.0029296875
0 0.4137403827184849 0.93505859375 0.0030578023278753207 0.0029296875
0 0.6650226869204972 0.934326171875 0.0027618859735648055 0.00341796875
0 0.6196981653186032 0.935302734375 0.00483330045373841 0.00537109375
0 0.2065002959163543 0.93408203125 0.0022686920497139475 0.0029296875
0 0.12073387255869007 0.933349609375 0.0013809429867824028 0.00244140625
0 0.20191359242454132 0.9326171875 0.0025646084040244622 0.0029296875
0 0.22923653580587888 0.9345703125 0.006312882225290984 0.0087890625
0 0.21759715920299863 0.93212890625 0.0025646084040244622 0.00390625
0 0.09646873150522786 0.933349609375 0.0051292168080489245 0.00634765625
0 0.6778950483330045 0.933837890625 0.007200631288222529 0.00830078125
0 0.6665022686920498 0.933349609375 0.005326494377589268 0.00732421875
0 0.6607318997829946 0.931884765625 0.0014795817715525744 0.00537109375
0 0.1717301242848688 0.930419921875 0.004340106529887552 0.00439453125
0 0.15101597948313278 0.930419921875 0.003550996251726179 0.00537109375
0 0.14697178930755572 0.928955078125 0.001578220556322746 0.00244140625
0 0.17779640954823436 0.929443359375 0.007003353718682186 0.00439453125
0 0.14371670941014006 0.927734375 0.0013809429867824028 0.001953125
0 0.2518248175182482 0.927490234375 0.006904714933912014 0.00537109375
0 0.14144801736042611 0.926025390625 0.0009863878477017164 0.00244140625
0 0.4423949496942198 0.927001953125 0.0051292168080489245 0.00634765625
0 0.661471690668771 0.92626953125 0.01144209903333991 0.005859375
0 0.19880647070428092 0.924072265625 0.0008877490629315447 0.00244140625
0 0.32634641941211284 0.921630859375 0.001874136910633261 0.00341796875
0 0.11338528309331229 0.92236328125 0.002663247188794634 0.0048828125
0 0.332166107713553 0.920654296875 0.006806076149141842 0.00341796875
0 0.203442493588479 0.920654296875 0.006016965870980469 0.00439453125
0 0.311501282304202 0.919189453125 0.0017754981258630894 0.00244140625
0 0.12408759124087591 0.920166015625 0.0023673308344841193 0.00439453125
0 0.1345433024265141 0.919677734375 0.007693825212073387 0.00732421875
0 0.6725685539554153 0.9169921875 0.001874136910633261 0.0029296875
0 0.10963700927204577 0.917236328125 0.0022686920497139475 0.00341796875
0 0.28866640362990725 0.916748046875 0.004044190175577037 0.00341796875
0 0.6629019530479384 0.917724609375 0.00424146774511738 0.00634765625
0 0.45294929966462816 0.918212890625 0.007693825212073387 0.00732421875
0 0.44135924245413294 0.9169921875 0.013513513513513514 0.0068359375
0 0.09913197869402249 0.9140625 0.0019727756954034327 0.0029296875
0 0.14490037482738213 0.91650390625 0.007101992503452358 0.0087890625
0 0.3995857171039653 0.9140625 0.005326494377589268 0.0048828125
0 0.2511836654172421 0.912841796875 0.0012823042020122311 0.00244140625
0 0.6461826790293943 0.91552734375 0.017163148550009864 0.0087890625
0 0.4290293943578615 0.91455078125 0.009567962122706648 0.0078125
0 0.11797198658512527 0.9130859375 0.0027618859735648055 0.0048828125
0 0.23185046360228842 0.9130859375 0.0066087985796014995 0.005859375
0 0.13853817320970604 0.91015625 0.0044387453146577235 0.00390625
0 0.19801736042611956 0.908935546875 0.003452357466956007 0.00244140625
0 0.10509962517261787 0.91015625 0.0030578023278753207 0.0048828125
0 0.6586604853028211 0.9091796875 0.004636022884198066 0.00390625
0 0.1508680213059775 0.908447265625 0.001085026632471888 0.00244140625
0 0.22292365358058788 0.91064453125 0.014401262576445058 0.009765625
0 0.19486091931347405 0.907470703125 0.0014795817715525744 0.00341796875
0 0.4553659498914973 0.90673828125 0.005622410731899783 0.00390625
0 0.20186427303215623 0.906005859375 0.002663247188794634 0.00341796875
0 0.1320773328072598 0.90625 0.0017754981258630894 0.00390625
0 0.35539554152692837 0.905029296875 0.0023673308344841193 0.00244140625
0 0.36525942000394557 0.904541015625 0.0025646084040244622 0.00244140625
0 0.17049713947524167 0.904296875 0.00483330045373841 0.0029296875
0 0.12882225290984414 0.9033203125 0.001578220556322746 0.0029296875
0 0.11013020319589663 0.906982421875 0.011343460248569737 0.01123046875
0 0.3027717498520418 0.902587890625 0.0044387453146577235 0.00341796875
0 0.6602880252515289 0.90185546875 0.004734661668968239 0.0029296875
0 0.238508581574275 0.903564453125 0.009863878477017163 0.00634765625
0 0.3455809824422963 0.90087890625 0.0038469126060366936 0.00390625
0 0.17750049319392386 0.901123046875 0.0077924639968435586 0.00439453125
0 0.1463799565989347 0.90234375 0.0061156046557506415 0.0078125
0 0.11807062536989545 0.89990234375 0.002959163543105149 0.0029296875
0 0.39628131781416454 0.90087890625 0.00424146774511738 0.0068359375
0 0.13814361807062536 0.898681640625 0.00424146774511738 0.00439453125
0 0.12172026040639179 0.899169921875 0.0027618859735648055 0.00537109375
0 0.449990136121523 0.89697265625 0.0019727756954034327 0.001953125
0 0.22060564213848885 0.898193359375 0.0077924639968435586 0.00634765625
0 0.14159597553758138 0.89794921875 0.0030578023278753207 0.005859375
0 0.4265634247386072 0.897216796875 0.010357072400868021 0.00537109375
0 0.16221148155454726 0.8955078125 0.0014795817715525744 0.0029296875
0 0.10080883803511541 0.89453125 0.0011836654172420597 0.0029296875
0 0.3984020516867232 0.893310546875 0.003550996251726179 0.00341796875
0 0.2852633655553364 0.892822265625 0.0017754981258630894 0.00341796875
0 0.15486289208916945 0.892578125 0.0017754981258630894 0.00390625
0 0.13261984612349575 0.89306640625 0.0044387453146577235 0.0068359375
0 0.11777470901558493 0.89306640625 0.004340106529887552 0.0068359375
0 0.6515091734069837 0.89111328125 0.005326494377589268 0.00390625
0 0.12423554941803117 0.890380859375 0.00424146774511738 0.00244140625
0 0.3067173012428487 0.890625 0.005819688301440126 0.00390625
0 0.4174886565397514 0.891357421875 0.01154073781811008 0.00634765625
0 0.37083251134346024 0.890625 0.007200631288222529 0.0048828125
0 0.15698362596172816 0.8896484375 0.0008877490629315447 0.0029296875
0 0.4088577628723614 0.88916015625 0.004734661668968239 0.0029296875
0 0.21084040244624186 0.88818359375 0.0016768593410929177 0.001953125
0 0.31914578812389033 0.888671875 0.007595186427303216 0.00390625
0 0.12172026040639179 0.8876953125 0.0023673308344841193 0.001953125
0 0.112645492207536 0.88720703125 0.0011836654172420597 0.0029296875
0 0.29779049122114815 0.88525390625 0.0017754981258630894 0.0029296875
0 0.29182284474255277 0.88427734375 0.001874136910633261 0.001953125
0 0.19239494969421977 0.885009765625 0.003452357466956007 0.00341796875
0 0.28980074965476427 0.8837890625 0.0013809429867824028 0.001953125
0 0.14080686525942002 0.885498046875 0.00424146774511738 0.00537109375
0 0.1164924048135727 0.880615234375 0.004142828960347208 0.00439453125
0 0.136220161767607 0.8798828125 0.004537384099427895 0.00390625
0 0.3032156243835076 0.88037109375 0.009469323337936477 0.005859375
0 0.16221148155454726 0.878173828125 0.0006904714933912014 0.00244140625
0 0.2055139080686526 0.877685546875 0.00424146774511738 0.00341796875
0 0.20245610574077727 0.87646484375 0.0016768593410929177 0.001953125
0 0.13691063326099823 0.8759765625 0.002170053264943776 0.001953125
0 0.3087393963306372 0.875 0.0017754981258630894 0.001953125
0 0.38365555336358254 0.875 0.005030578023278753 0.0029296875
0 0.25498125863089366 0.87451171875 0.0013809429867824028 0.001953125
0 0.3062734267113829 0.8740234375 0.0027618859735648055 0.0029296875
0 0.10746695600710199 0.874267578125 0.004044190175577037 0.00341796875
0 0.3036101795225883 0.872802734375 0.0017754981258630894 0.00244140625
0 0.15466561451962912 0.871826171875 0.0033537186821858355 0.00244140625
0 0.13834089564016572 0.871826171875 0.0014795817715525744 0.00244140625
0 0.11836654172420595 0.872314453125 0.0025646084040244622 0.00341796875
0 0.4526040639179325 0.8720703125 0.006411521010061156 0.00390625
0 0.22524166502268692 0.871337890625 0.0022686920497139475 0.00244140625
0 0.21685736831722233 0.871337890625 0.0028605247583349774 0.00244140625
0 0.22302229236535806 0.87109375 0.001578220556322746 0.0029296875
0 0.15870980469520615 0.871337890625 0.0039455513908068654 0.00341796875
0 0.44081672913789705 0.87109375 0.003156441112645492 0.00390625
0 0.4377589268100217 0.871337890625 0.0023673308344841193 0.00439453125
0 0.31450976523969226 0.871337890625 0.0036496350364963502 0.00439453125
0 0.4335667784572894 0.870849609375 0.005227855592819097 0.00439453125
0 0.15022686920497139 0.870849609375 0.006312882225290984 0.00439453125
0 0.6558492799368711 0.869873046875 0.004931939238508582 0.00341796875
0 0.1784375616492405 0.86962890625 0.004537384099427895 0.0048828125
0 0.21231998421779444 0.868408203125 0.0038469126060366936 0.00341796875
0 0.20797987768790688 0.8671875 0.0016768593410929177 0.001953125
0 0.44619254290787136 0.867431640625 0.0036496350364963502 0.00341796875
0 0.28915959755375814 0.866943359375 0.0030578023278753207 0.00244140625
0 0.13858749260209113 0.86767578125 0.003156441112645492 0.0048828125
0 0.11570329453541132 0.866455078125 0.0017754981258630894 0.00244140625
0 0.31914578812389033 0.865234375 0.0022686920497139475 0.0029296875
0 0.14312487670151905 0.86572265625 0.006312882225290984 0.0068359375
0 0.30272243045965674 0.86376953125 0.005326494377589268 0.00390625
0 0.23249161570329455 0.864013671875 0.0025646084040244622 0.00439453125
0 0.400572104951667 0.8623046875 0.0033537186821858355 0.0029296875
0 0.3237324916157033 0.86376953125 0.010061156046557506 0.0068359375
0 0.316679818504636 0.862548828125 0.002663247188794634 0.00634765625
0 0.22617873347800355 0.8623046875 0.0025646084040244622 0.005859375
0 0.24388439534424936 0.861083984375 0.005030578023278753 0.00439453125
0 0.20571118563819293 0.860595703125 0.002071414480173604 0.00341796875
0 0.13054843164332217 0.8623046875 0.00483330045373841 0.0068359375
0 0.10342276583152496 0.860107421875 0.002465969619254291 0.00341796875
0 0.10943973170250543 0.861083984375 0.006214243440520813 0.00634765625
0 0.39041231012033933 0.859375 0.007891102781613731 0.00390625
0 0.2548333004537384 0.85888671875 0.004636022884198066 0.0029296875
0 0.2813178141645295 0.858154296875 0.0009863878477017164 0.00244140625
0 0.2617873347800355 0.85888671875 0.002170053264943776 0.00390625
0 0.2755474452554745 0.857177734375 0.002663247188794634 0.00244140625
0 0.3403531268494772 0.857666015625 0.0036496350364963502 0.00439453125
0 0.20329453541132372 0.8564453125 0.003156441112645492 0.0029296875
0 0.3932728348786743 0.8544921875 0.006904714933912014 0.0048828125
0 0.316679818504636 0.8525390625 0.0016768593410929177 0.001953125
0 0.3303906095876899 0.852783203125 0.00542513316235944 0.00341796875
0 0.2399388439534425 0.855712890625 0.00897612941408562 0.00927734375
0 0.21162951272440322 0.8515625 0.0030578023278753207 0.0029296875
0 0.426464785953837 0.851318359375 0.005030578023278753 0.00439453125
0 0.20146971789307555 0.849365234375 0.001874136910633261 0.00244140625
0 0.4016078121917538 0.848876953125 0.002663247188794634 0.00341796875
0 0.2391990530676662 0.8486328125 0.0025646084040244622 0.0029296875
0 0.4491517064509765 0.847900390625 0.0030578023278753207 0.00341796875
0 0.43100217005326497 0.84814453125 0.004636022884198066 0.00390625
0 0.4412606036693628 0.845703125 0.001085026632471888 0.0029296875
0 0.2966561451962912 0.84521484375 0.002071414480173604 0.001953125
0 0.2910337344643914 0.843505859375 0.002465969619254291 0.00244140625
0 0.26203393174196093 0.84375 0.0028605247583349774 0.0029296875
0 0.2880252515289012 0.843017578125 0.0011836654172420597 0.00244140625
0 0.23357664233576642 0.841796875 0.0013809429867824028 0.001953125
0 0.22908857762872362 0.842529296875 0.005227855592819097 0.00341796875
0 0.31436180706253697 0.84228515625 0.006707437364371671 0.00390625
0 0.3042513316235944 0.841796875 0.003255079897415664 0.0029296875
0 0.17962122706648254 0.84228515625 0.00848293549023476 0.005859375
0 0.5311698559873742 0.83984375 0.002959163543105149 0.0029296875
0 0.6627046754783981 0.8388671875 0.003255079897415664 0.0029296875
0 0.2781120536594989 0.83837890625 0.002071414480173604 0.001953125
0 0.23456303018346814 0.837890625 0.0039455513908068654 0.0029296875
0 0.325853225488262 0.838134765625 0.007595186427303216 0.00439453125
0 0.2291378970211087 0.837646484375 0.006707437364371671 0.00341796875
0 0.21577234168475046 0.837158203125 0.003255079897415664 0.00341796875
0 0.21256658117971985 0.837158203125 0.002170053264943776 0.00341796875
0 0.10648056815940028 0.83837890625 0.010159794831327678 0.005859375
0 0.09198066679818505 0.837158203125 0.0038469126060366936 0.00341796875
0 0.19880647070428092 0.833984375 0.003255079897415664 0.0029296875
0 0.3113040047346617 0.83251953125 0.001578220556322746 0.001953125
0 0.27485697376208323 0.83251953125 0.001874136910633261 0.001953125
0 0.2506411521010061 0.836669921875 0.004537384099427895 0.01025390625
0 0.24452554744525548 0.833740234375 0.007496547642533044 0.00537109375
0 0.43997829946735056 0.830078125 0.00542513316235944 0.0029296875
0 0.2604557111856382 0.830078125 0.007397908857762872 0.00390625
0 0.23357664233576642 0.8291015625 0.0019727756954034327 0.0029296875
0 0.19831327678043006 0.828369140625 0.002663247188794634 0.00341796875
0 0.19278950483330046 0.827880859375 0.002663247188794634 0.00244140625
0 0.2781120536594989 0.8271484375 0.0016768593410929177 0.001953125
0 0.30883803511540736 0.82763671875 0.0039455513908068654 0.00390625
0 0.4346518050897613 0.82763671875 0.0036496350364963502 0.0048828125
0 0.30237719471296115 0.824951171875 0.0028605247583349774 0.00244140625
0 0.22514302623791674 0.82470703125 0.0030578023278753207 0.001953125
0 0.21917537975932136 0.82568359375 0.004734661668968239 0.005859375
0 0.20950877885184455 0.823974609375 0.001578220556322746 0.00244140625
0 0.26232984809627147 0.822265625 0.0012823042020122311 0.001953125
0 0.27101006115604653 0.8212890625 0.002071414480173604 0.001953125
0 0.2998125863089367 0.82080078125 0.0012823042020122311 0.001953125
0 0.4456993489840205 0.822021484375 0.003452357466956007 0.00537109375
0 0.2278062734267114 0.819580078125 0.0022686920497139475 0.00341796875
0 0.18652594200039455 0.8193359375 0.004142828960347208 0.00390625
0 0.26913592424541327 0.81689453125 0.0022686920497139475 0.001953125
0 0.12709607417636615 0.818603515625 0.009370684553166305 0.00830078125
0 0.22154271059380548 0.81591796875 0.0033537186821858355 0.00390625
0 0.21843558887354508 0.815673828125 0.002663247188794634 0.00341796875
0 0.2106924442690866 0.814697265625 0.003156441112645492 0.00244140625
0 0.22662260800946932 0.813720703125 0.0012823042020122311 0.00244140625
0 0.2742651410534622 0.8134765625 0.003255079897415664 0.0029296875
0 0.21375024659696193 0.811767578125 0.0017754981258630894 0.00244140625
0 0.19456500295916354 0.8115234375 0.00424146774511738 0.0029296875
0 0.44846123495758533 0.810791015625 0.00483330045373841 0.00341796875
0 0.4312487670151904 0.812255859375 0.007693825212073387 0.00927734375
0 0.2561156046557506 0.808837890625 0.0008877490629315447 0.00244140625
0 0.23313276780430064 0.808349609375 0.0008877490629315447 0.00244140625
0 0.2920694417044782 0.806396484375 0.004340106529887552 0.00341796875
0 0.24709015584927993 0.8056640625 0.001578220556322746 0.001953125
0 0.260899585717104 0.805908203125 0.004142828960347208 0.00341796875
0 0.25123298480962714 0.8046875 0.004340106529887552 0.0029296875
0 0.16275399487078318 0.804443359375 0.004142828960347208 0.00341796875
0 0.2433418820280134 0.8056640625 0.004734661668968239 0.0068359375
0 0.23520418228447426 0.80322265625 0.005819688301440126 0.0029296875
0 0.22869402248964293 0.8017578125 0.005030578023278753 0.0029296875
0 0.21675872953245215 0.80224609375 0.003255079897415664 0.0048828125
0 0.4384493983034129 0.800537109375 0.002170053264943776 0.00341796875
0 0.2364371670941014 0.798095703125 0.0033537186821858355 0.00341796875
0 0.24008680213059774 0.795654296875 0.004142828960347208 0.00244140625
0 0.17690866048530282 0.794921875 0.00483330045373841 0.0029296875
0 0.2587788518445453 0.79443359375 0.0044387453146577235 0.0029296875
0 0.1989544288814362 0.794189453125 0.002959163543105149 0.00244140625
0 0.25414282896034723 0.793701171875 0.00483330045373841 0.00244140625
0 0.23323140658907082 0.7919921875 0.003255079897415664 0.001953125
0 0.2263760110475439 0.792724609375 0.0039455513908068654 0.00341796875
0 0.22326888932728348 0.793701171875 0.0036496350364963502 0.00634765625
0 0.1773032156243835 0.7900390625 0.004636022884198066 0.0048828125
0 0.29719865851252714 0.788818359375 0.005721049516669955 0.00537109375
0 0.2807259814559085 0.786376953125 0.0017754981258630894 0.00244140625
0 0.09641941211284277 0.787109375 0.00483330045373841 0.00390625
0 0.27692838824225685 0.78564453125 0.002465969619254291 0.001953125
0 0.26819885579009667 0.785888671875 0.0019727756954034327 0.00244140625
0 0.2377687906884987 0.784912109375 0.001874136910633261 0.00244140625
0 0.2444762280528704 0.7841796875 0.0012823042020122311 0.001953125
0 0.25197277569540344 0.784423828125 0.004044190175577037 0.00341796875
0 0.24802722430459656 0.783447265625 0.0036496350364963502 0.00244140625
0 0.2332807259814559 0.783935546875 0.0013809429867824028 0.00341796875
0 0.2159202998619057 0.783935546875 0.006707437364371671 0.00341796875
0 0.17049713947524167 0.779541015625 0.006806076149141842 0.00341796875
0 0.2934010652988755 0.77880859375 0.004044190175577037 0.0029296875
0 0.30439928980074965 0.77783203125 0.002170053264943776 0.0029296875
0 0.28279739593608205 0.7783203125 0.0013809429867824028 0.00390625
0 0.30070033537186824 0.778076171875 0.003255079897415664 0.00439453125
0 0.34987176957979876 0.7763671875 0.0017754981258630894 0.001953125
0 0.23697968041033735 0.7763671875 0.001874136910633261 0.001953125
0 0.19801736042611956 0.77685546875 0.0038469126060366936 0.0029296875
0 0.2559183270862103 0.776123046875 0.003255079897415664 0.00341796875
0 0.22869402248964293 0.775390625 0.0016768593410929177 0.0029296875
0 0.23988952456105742 0.77490234375 0.0033537186821858355 0.0029296875
0 0.21690668770960742 0.775146484375 0.004340106529887552 0.00341796875
0 0.12117774709015584 0.776123046875 0.0077924639968435586 0.00537109375
0 0.2430459656737029 0.774169921875 0.001578220556322746 0.00244140625
0 0.34755375813769973 0.773681640625 0.0028605247583349774 0.00244140625
0 0.2214440718090353 0.77392578125 0.0023673308344841193 0.0029296875
0 0.1272933517459065 0.77294921875 0.004636022884198066 0.0029296875
0 0.15949891497336752 0.771240234375 0.003156441112645492 0.00244140625
0 0.2938942592227264 0.769775390625 0.001085026632471888 0.00244140625
0 0.44135924245413294 0.769287109375 0.0036496350364963502 0.00244140625
0 0.21878082462024068 0.76904296875 0.0025646084040244622 0.001953125
0 0.2103965279147761 0.769287109375 0.004931939238508582 0.00244140625
0 0.10791083053856776 0.769775390625 0.004142828960347208 0.00341796875
0 0.12862497534030382 0.76806640625 0.003748273821266522 0.0048828125
0 0.4156638390215033 0.765380859375 0.0019727756954034327 0.00146484375
0 0.20936082067468928 0.765625 0.0036496350364963502 0.001953125
0 0.17227263760110476 0.765380859375 0.004044190175577037 0.00341796875
0 0.12714539356875124 0.763916015625 0.0023673308344841193 0.00439453125
0 0.30346222134543305 0.7626953125 0.002663247188794634 0.00390625
0 0.29399289800749656 0.76220703125 0.0016768593410929177 0.0029296875
0 0.2993687117774709 0.760986328125 0.004931939238508582 0.00244140625
0 0.4433813375419215 0.7578125 0.005721049516669955 0.0029296875
0 0.41216216216216217 0.75830078125 0.005227855592819097 0.00390625
0 0.16221148155454726 0.757568359375 0.002465969619254291 0.00244140625
0 0.17567567567567569 0.756591796875 0.0051292168080489245 0.00341796875
0 0.2997632669165516 0.756103515625 0.003748273821266522 0.00341796875
0 0.13059775103570723 0.757080078125 0.006312882225290984 0.00537109375
0 0.21892878279739594 0.75341796875 0.0014795817715525744 0.001953125
0 0.2301736042611955 0.751708984375 0.0044387453146577235 0.00244140625
0 0.2249457486683764 0.751953125 0.00483330045373841 0.0029296875
0 0.2462024067863484 0.7490234375 0.0009863878477017164 0.001953125
0 0.20704280923259025 0.749267578125 0.002959163543105149 0.00244140625
0 0.21301045571118563 0.74853515625 0.00424146774511738 0.0029296875
0 0.22035904517656343 0.747802734375 0.0017754981258630894 0.00244140625
0 0.3366048530282107 0.74462890625 0.00542513316235944 0.0029296875
0 0.3658019333201815 0.744873046875 0.004636022884198066 0.00439453125
0 0.3115506016965871 0.7431640625 0.0022686920497139475 0.001953125
0 0.19683369500887749 0.744140625 0.007003353718682186 0.00390625
0 0.2083251134346025 0.74267578125 0.0019727756954034327 0.001953125
0 0.4002761885973565 0.7421875 0.002959163543105149 0.001953125
0 0.30124284868810414 0.74267578125 0.004537384099427895 0.0029296875
0 0.21458867626750838 0.741455078125 0.0036496350364963502 0.00341796875
0 0.3644209903333991 0.7392578125 0.002465969619254291 0.0029296875
0 0.22445255474452555 0.73876953125 0.0028605247583349774 0.00390625
0 0.3565298875517854 0.7373046875 0.006411521010061156 0.00390625
0 0.2075853225488262 0.7373046875 0.003452357466956007 0.00390625
0 0.315496153087394 0.736083984375 0.007003353718682186 0.00439453125
0 0.19446636417439336 0.73193359375 0.0008877490629315447 0.001953125
0 0.21680804892483724 0.730224609375 0.0023673308344841193 0.00244140625
0 0.20260406391793254 0.731201171875 0.004340106529887552 0.00634765625
0 0.33487867429473267 0.728515625 0.0039455513908068654 0.0029296875
0 0.3109587689879661 0.730224609375 0.005622410731899783 0.00634765625
0 0.23910041428289602 0.728271484375 0.0013809429867824028 0.00244140625
0 0.3026731110672716 0.730712890625 0.007595186427303216 0.00830078125
0 0.24087591240875914 0.72802734375 0.0013809429867824028 0.0029296875
0 0.30775300848293546 0.725830078125 0.002170053264943776 0.00244140625
0 0.1755770368909055 0.7255859375 0.003156441112645492 0.001953125
0 0.21128427697770763 0.724853515625 0.0019727756954034327 0.00244140625
0 0.21754783981061354 0.724609375 0.0016768593410929177 0.0029296875
0 0.2955711185638193 0.723876953125 0.0030578023278753207 0.00244140625
0 0.21513118958374433 0.724365234375 0.0027618859735648055 0.00341796875
0 0.16531860327480766 0.723388671875 0.0011836654172420597 0.00244140625
0 0.16023870585914382 0.7236328125 0.0036496350364963502 0.00390625
0 0.1995462615900572 0.72216796875 0.0017754981258630894 0.0029296875
0 0.1679325310712172 0.722412109375 0.0022686920497139475 0.00341796875
0 0.3073091339514697 0.720458984375 0.0038469126060366936 0.00244140625
0 0.36328664430854213 0.720458984375 0.005326494377589268 0.00439453125
0 0.20709212862497534 0.718505859375 0.001874136910633261 0.00244140625
0 0.3252120733872559 0.717529296875 0.0025646084040244622 0.00244140625
0 0.16265535608601303 0.717529296875 0.0023673308344841193 0.00244140625
0 0.14687315052278557 0.717041015625 0.0011836654172420597 0.00244140625
0 0.24452554744525548 0.71728515625 0.0023673308344841193 0.00390625
0 0.16960939041231013 0.71630859375 0.001085026632471888 0.0029296875
0 0.15520812783586507 0.71630859375 0.001085026632471888 0.0029296875
0 0.1745413296508187 0.716064453125 0.002663247188794634 0.00341796875
0 0.23372460051292168 0.715087890625 0.0008877490629315447 0.00244140625
0 0.15801933320181497 0.71435546875 0.003156441112645492 0.00390625
0 0.15343262971000196 0.71337890625 0.0012823042020122311 0.0029296875
0 0.36269481159992106 0.71044921875 0.0009863878477017164 0.001953125
0 0.3070625369895443 0.7119140625 0.0061156046557506415 0.0048828125
0 0.20299861905701322 0.7099609375 0.003156441112645492 0.00390625
0 0.21394752416650226 0.70654296875 0.0025646084040244622 0.00390625
0 0.20921286249753404 0.70751953125 0.0023673308344841193 0.0068359375
0 0.2214440718090353 0.7041015625 0.001578220556322746 0.00390625
0 0.19915170645097652 0.703125 0.002959163543105149 0.00390625
0 0.2336752811205366 0.703857421875 0.003748273821266522 0.00634765625
0 0.15880844347997633 0.702392578125 0.002959163543105149 0.00439453125
0 0.22272637601104756 0.700927734375 0.0019727756954034327 0.00244140625
0 0.16521996449003748 0.7001953125 0.002170053264943776 0.00390625
0 0.20571118563819293 0.700927734375 0.004636022884198066 0.00634765625
0 0.2141448017360426 0.6953125 0.0033537186821858355 0.0048828125
0 0.22095087788518444 0.693603515625 0.0009863878477017164 0.00244140625
0 0.21853422765831526 0.693359375 0.0014795817715525744 0.001953125
0 0.27140461629512724 0.693359375 0.0016768593410929177 0.0029296875
0 0.30341290195304793 0.693359375 0.0033537186821858355 0.00390625
0 0.30893667390017754 0.69189453125 0.0025646084040244622 0.001953125
0 0.20245610574077727 0.69189453125 0.0028605247583349774 0.0029296875
0 0.23377391990530677 0.691650390625 0.0013809429867824028 0.00439453125
0 0.3055829552179917 0.689208984375 0.0023673308344841193 0.00341796875
0 0.30020714144801736 0.688720703125 0.0006904714933912014 0.00244140625
0 0.2301736042611955 0.6884765625 0.0016768593410929177 0.001953125
0 0.20220950877885185 0.687744140625 0.0019727756954034327 0.00244140625
0 0.2048234365752614 0.686767578125 0.0016768593410929177 0.00244140625
0 0.2228250147958177 0.687255859375 0.003748273821266522 0.00537109375
0 0.21409548234365752 0.684326171875 0.0030578023278753207 0.00341796875
0 0.21118563819293745 0.681396484375 0.0011836654172420597 0.00244140625
0 0.3061254685342277 0.67919921875 0.001085026632471888 0.0029296875
