0 0.6223120931150128 0.998046875 0.000789110278161373 0.001953125
0 0.550552377194713 0.99853515625 0.0008877490629315447 0.0029296875
0 0.637946340501085 0.998291015625 0.001874136910633261 0.00341796875
0 0.62645492207536 0.998046875 0.004142828960347208 0.00390625
0 0.47267705661866244 0.998046875 0.001578220556322746 0.00390625
0 0.3675281120536595 0.998046875 0.0017754981258630894 0.00390625
0 0.6602387058591438 0.9970703125 0.0014795817715525744 0.0029296875
0 0.5182974945748668 0.9970703125 0.001085026632471888 0.0029296875
0 0.5030578023278753 0.99755859375 0.001578220556322746 0.0048828125
0 0.6365653975143026 0.995849609375 0.0022686920497139475 0.00439453125
0 0.5276681791280331 0.99560546875 0.0016768593410929177 0.00390625
0 0.48352732294338135 0.994384765625 0.0027618859735648055 0.00439453125
0 0.6127934503846912 0.994384765625 0.0030578023278753207 0.00634765625
0 0.4743539159597554 0.994873046875 0.0072992700729927005 0.01025390625
0 0.49284868810416255 0.990234375 0.0008877490629315447 0.0029296875
0 0.6402643519431841 0.991943359375 0.004142828960347208 0.00732421875
0 0.6224600512921681 0.991943359375 0.003255079897415664 0.00732421875
0 0.6592523180114421 0.99072265625 0.002071414480173604 0.005859375
0 0.5205661866245808 0.9912109375 0.0030578023278753207 0.0068359375
0 0.37329848096271456 0.9892578125 0.0016768593410929177 0.0029296875
0 0.5019727756954034 0.98974609375 0.002170053264943776 0.0048828125
0 0.7285460643124877 0.99169921875 0.005721049516669955 0.009765625
0 0.725290984415072 0.990478515625 0.0027618859735648055 0.00830078125
0 0.7210001972775696 0.992919921875 0.008778851844545275 0.01416015625
0 0.7048727559676464 0.987548828125 0.001578220556322746 0.00634765625
0 0.4347504438745315 0.986572265625 0.001085026632471888 0.00439453125
0 0.3678733478003551 0.987060546875 0.0022686920497139475 0.00634765625
0 0.5226376011047544 0.98779296875 0.003452357466956007 0.0087890625
0 0.4805188400078911 0.988037109375 0.002663247188794634 0.00927734375
0 0.5417735253501677 0.98486328125 0.002663247188794634 0.0068359375
0 0.5164233576642335 0.982666015625 0.001874136910633261 0.00439453125
0 0.4693233379364766 0.981689453125 0.001578220556322746 0.00244140625
0 0.5041428289603472 0.986083984375 0.004340106529887552 0.01220703125
0 0.5086802130597751 0.980712890625 0.0009863878477017164 0.00244140625
0 0.5433517459064904 0.979736328125 0.001874136910633261 0.00439453125
0 0.5487768790688499 0.9814453125 0.0036496350364963502 0.0087890625
0 0.39282896034720854 0.97802734375 0.0022686920497139475 0.0029296875
0 0.48027224304596566 0.97802734375 0.002170053264943776 0.00390625
0 0.3295521799171434 0.978515625 0.001578220556322746 0.0048828125
0 0.6579700138094299 0.9765625 0.0014795817715525744 0.0029296875
0 0.47297297297297297 0.978515625 0.0025646084040244622 0.0068359375
0 0.541378970211087 0.97607421875 0.0014795817715525744 0.0029296875
0 0.728200828565792 0.978759765625 0.00483330045373841 0.00927734375
0 0.5455217991714342 0.977294921875 0.002071414480173604 0.00634765625
0 0.5199250345235746 0.976318359375 0.003550996251726179 0.00439453125
0 0.38991911619648845 0.9765625 0.003156441112645492 0.0048828125
0 0.5612053659498915 0.97607421875 0.0038469126060366936 0.0048828125
0 0.5150424146774512 0.97509765625 0.0012823042020122311 0.00390625
0 0.49492010258433616 0.974853515625 0.002071414480173604 0.00439453125
0 0.6400177549812587 0.9736328125 0.0016768593410929177 0.00390625
0 0.5571611757743145 0.973876953125 0.001085026632471888 0.00439453125
0 0.5106529887551785 0.973388671875 0.0019727756954034327 0.00341796875
0 0.5052771749852042 0.97314453125 0.0012823042020122311 0.0029296875
0 0.48135726967843756 0.97265625 0.001578220556322746 0.0029296875
0 0.37122706648254095 0.973876953125 0.002071414480173604 0.00537109375
0 0.39554152692838823 0.976318359375 0.003550996251726179 0.01220703125
0 0.6429275991319787 0.97119140625 0.0027618859735648055 0.00390625
0 0.5468534227658315 0.97119140625 0.0025646084040244622 0.00390625
0 0.7266719274018544 0.970947265625 0.0039455513908068654 0.00439453125
0 0.4913197869402249 0.97802734375 0.0051292168080489245 0.0185546875
0 0.5492207536003156 0.969482421875 0.0005918327086210298 0.00244140625
0 0.49970408364568947 0.9697265625 0.001578220556322746 0.0029296875
0 0.5081376997435392 0.9697265625 0.0016768593410929177 0.0048828125
0 0.5584927993687118 0.972412109375 0.0027618859735648055 0.01123046875
0 0.5220950877885184 0.968505859375 0.0019727756954034327 0.00341796875
0 0.38331031761688694 0.968505859375 0.0025646084040244622 0.00341796875
0 0.6620142039850069 0.96923828125 0.00483330045373841 0.0068359375
0 0.5516374038271848 0.969970703125 0.002663247188794634 0.00830078125
0 0.5549911225093707 0.96875 0.0036496350364963502 0.0078125
0 0.4832807259814559 0.96923828125 0.003452357466956007 0.0087890625
0 0.5371375024659696 0.96630859375 0.001085026632471888 0.00390625
0 0.49610376800157824 0.966064453125 0.0014795817715525744 0.00341796875
0 0.5327973959360821 0.964111328125 0.002071414480173604 0.00244140625
0 0.4679423949496942 0.965576171875 0.0023673308344841193 0.00537109375
0 0.4871769579798777 0.9638671875 0.0009863878477017164 0.00390625
0 0.43583547050700333 0.966552734375 0.008778851844545275 0.01220703125
0 0.48480962714539355 0.962646484375 0.0013809429867824028 0.00537109375
0 0.3682679029394358 0.96142578125 0.0014795817715525744 0.0048828125
0 0.7190274215821661 0.959228515625 0.002465969619254291 0.00439453125
0 0.3950483330045374 0.958740234375 0.0013809429867824028 0.00341796875
0 0.38444466364174396 0.961181640625 0.002663247188794634 0.00830078125
0 0.4021010061156047 0.95849609375 0.0014795817715525744 0.00390625
0 0.49309528506608796 0.96044921875 0.003748273821266522 0.0087890625
0 0.7159202998619058 0.957763671875 0.0025646084040244622 0.00732421875
0 0.48446439139869796 0.95654296875 0.0028605247583349774 0.0048828125
0 0.33783783783783783 0.955078125 0.000789110278161373 0.001953125
0 0.6338035115407378 0.95556640625 0.002071414480173604 0.00390625
0 0.527569540343263 0.955078125 0.001085026632471888 0.00390625
0 0.47918721641349377 0.957763671875 0.0027618859735648055 0.00927734375
0 0.43302426514105347 0.95458984375 0.0011836654172420597 0.0029296875
0 0.3432136516078122 0.95556640625 0.0012823042020122311 0.0048828125
0 0.5082856579206945 0.95361328125 0.0017754981258630894 0.005859375
0 0.4202505425133162 0.952392578125 0.001874136910633261 0.00439453125
0 0.41176760702308146 0.951904296875 0.002663247188794634 0.00341796875
0 0.7265239692246992 0.951171875 0.0022686920497139475 0.0029296875
0 0.42962122706648254 0.950927734375 0.0014795817715525744 0.00341796875
0 0.4891990530676662 0.950439453125 0.0008877490629315447 0.00341796875
0 0.5010357072400868 0.952880859375 0.0028605247583349774 0.00927734375
0 0.5261885973564806 0.951171875 0.0016768593410929177 0.0068359375
0 0.47898993884395347 0.94970703125 0.0013809429867824028 0.00390625
0 0.4394357861511146 0.948974609375 0.0011836654172420597 0.00341796875
0 0.4317419609390412 0.94970703125 0.0013809429867824028 0.0048828125
0 0.41571315841388834 0.947998046875 0.002071414480173604 0.00341796875
0 0.4252318011442099 0.94677734375 0.002170053264943776 0.00390625
0 0.5077431446044585 0.947265625 0.004636022884198066 0.0078125
0 0.715525744722825 0.9462890625 0.003748273821266522 0.0068359375
0 0.43479976326691655 0.94482421875 0.0023673308344841193 0.0048828125
0 0.3944071809035313 0.945068359375 0.0016768593410929177 0.00537109375
0 0.5289998027224304 0.945556640625 0.004734661668968239 0.01025390625
0 0.5225882817123693 0.942138671875 0.0027618859735648055 0.00537109375
0 0.5191359242454133 0.940673828125 0.0011836654172420597 0.00244140625
0 0.4985697376208325 0.94580078125 0.006806076149141842 0.013671875
0 0.41882028013414874 0.941650390625 0.001578220556322746 0.00537109375
0 0.5035509962517262 0.94140625 0.002959163543105149 0.005859375
0 0.42296310909449597 0.942626953125 0.003748273821266522 0.00927734375
0 0.40599723811402644 0.93994140625 0.0027618859735648055 0.00390625
0 0.5317616886959953 0.939208984375 0.0009863878477017164 0.00341796875
0 0.3974156638390215 0.939208984375 0.001578220556322746 0.00341796875
0 0.5374827382126652 0.9384765625 0.001578220556322746 0.0029296875
0 0.43203787729335175 0.936767578125 0.0025646084040244622 0.00634765625
0 0.48732491615703294 0.9375 0.0036496350364963502 0.0087890625
0 0.5362990727954232 0.933837890625 0.0025646084040244622 0.00439453125
0 0.5023673308344841 0.932861328125 0.0017754981258630894 0.00341796875
0 0.47918721641349377 0.9326171875 0.0009863878477017164 0.00390625
0 0.5007891102781614 0.9296875 0.0011836654172420597 0.001953125
0 0.5072992700729927 0.929443359375 0.0023673308344841193 0.00341796875
0 0.6540737818110081 0.928466796875 0.002170053264943776 0.00341796875
0 0.5325014795817715 0.9287109375 0.001874136910633261 0.0048828125
0 0.5150917340698362 0.927734375 0.0009863878477017164 0.0029296875
0 0.48377391990530677 0.927734375 0.0008877490629315447 0.0029296875
0 0.4144801736042612 0.928955078125 0.002170053264943776 0.00537109375
0 0.511491418425725 0.92724609375 0.0012823042020122311 0.0029296875
0 0.4346518050897613 0.927978515625 0.0022686920497139475 0.00439453125
0 0.7227263760110475 0.928466796875 0.002170053264943776 0.00732421875
0 0.4936377983823239 0.926025390625 0.002071414480173604 0.00439453125
0 0.5238705859143815 0.925537109375 0.0011836654172420597 0.00439453125
0 0.49743539159597555 0.92578125 0.004142828960347208 0.0048828125
0 0.7251430262379167 0.926025390625 0.002465969619254291 0.00634765625
0 0.43376405602682977 0.92431640625 0.0016768593410929177 0.0029296875
0 0.5533142631682778 0.922607421875 0.001085026632471888 0.00244140625
0 0.5093706845531663 0.923583984375 0.0025646084040244622 0.00439453125
0 0.47524166502268694 0.923583984375 0.001578220556322746 0.00439453125
0 0.5579009666600907 0.922119140625 0.0009863878477017164 0.00244140625
0 0.4270566186624581 0.9248046875 0.00424146774511738 0.0078125
0 0.6565397514302623 0.923095703125 0.005918327086210298 0.00537109375
0 0.5020220950877885 0.924072265625 0.00424146774511738 0.00732421875
0 0.5413296508187019 0.921875 0.002959163543105149 0.00390625
0 0.4314953639771158 0.92236328125 0.002071414480173604 0.0048828125
0 0.7318011442099034 0.919189453125 0.001578220556322746 0.00341796875
0 0.5327973959360821 0.9189453125 0.0014795817715525744 0.0029296875
0 0.5182481751824818 0.92138671875 0.008285657920694417 0.0078125
0 0.4857466956007102 0.920166015625 0.003255079897415664 0.00537109375
0 0.7186328664430854 0.919677734375 0.00483330045373841 0.00537109375
0 0.43514499901361214 0.91650390625 0.0016768593410929177 0.0029296875
0 0.552870388636812 0.916015625 0.0019727756954034327 0.0029296875
0 0.5490727954231603 0.91845703125 0.005030578023278753 0.0078125
0 0.5124778062734268 0.915283203125 0.001874136910633261 0.00341796875
0 0.4943775892681002 0.91552734375 0.0017754981258630894 0.00390625
0 0.4763266916551588 0.914794921875 0.0011836654172420597 0.00341796875
0 0.47173998816334584 0.915283203125 0.0028605247583349774 0.00439453125
0 0.5453245216018938 0.914794921875 0.002465969619254291 0.00439453125
0 0.5403432629710002 0.9150390625 0.0013809429867824028 0.0048828125
0 0.5023180114420991 0.91455078125 0.004044190175577037 0.00390625
0 0.7196192542907871 0.913330078125 0.0012823042020122311 0.00244140625
0 0.5278654566975735 0.9140625 0.001085026632471888 0.00390625
0 0.49013612152298286 0.914794921875 0.003550996251726179 0.00537109375
0 0.4328763069638982 0.915771484375 0.002465969619254291 0.00732421875
0 0.47331820871966857 0.9130859375 0.002663247188794634 0.0048828125
0 0.5434010652988756 0.910400390625 0.0011836654172420597 0.00439453125
0 0.7280035509962517 0.9072265625 0.0012823042020122311 0.00390625
0 0.6604853028210692 0.905029296875 0.0011836654172420597 0.00244140625
0 0.6516571315841388 0.905517578125 0.002663247188794634 0.00341796875
0 0.4832314065890708 0.9052734375 0.0013809429867824028 0.0029296875
0 0.5327480765436969 0.907958984375 0.003156441112645492 0.00927734375
0 0.5075458670349181 0.90576171875 0.001874136910633261 0.0048828125
0 0.4276977707634642 0.9052734375 0.001578220556322746 0.0048828125
0 0.6581179719865852 0.904052734375 0.0013809429867824028 0.00341796875
0 0.5389623199842178 0.906005859375 0.004931939238508582 0.00732421875
0 0.4719372657328862 0.90283203125 0.0008877490629315447 0.0029296875
0 0.6507693825212073 0.901123046875 0.0016768593410929177 0.00244140625
0 0.4815545472479779 0.8994140625 0.0009863878477017164 0.0029296875
0 0.6581672913789702 0.898681640625 0.0014795817715525744 0.00244140625
0 0.655208127835865 0.90087890625 0.003255079897415664 0.0068359375
0 0.5325014795817715 0.897705078125 0.0014795817715525744 0.00341796875
0 0.48934701124482144 0.899169921875 0.004537384099427895 0.00634765625
0 0.5385184454527521 0.897705078125 0.0030578023278753207 0.00634765625
0 0.5415269283882422 0.894775390625 0.0013809429867824028 0.00244140625
0 0.6576247780627342 0.8935546875 0.004142828960347208 0.0048828125
0 0.5384691260603669 0.892578125 0.002170053264943776 0.0029296875
0 0.65515880844348 0.8916015625 0.0017754981258630894 0.0029296875
0 0.5439435786151114 0.89306640625 0.002071414480173604 0.0068359375
0 0.6601893864667587 0.890380859375 0.0023673308344841193 0.00341796875
0 0.47593213651607813 0.889404296875 0.0017754981258630894 0.00341796875
0 0.6627046754783981 0.887451171875 0.002071414480173604 0.00244140625
0 0.44456500295916357 0.88720703125 0.0011836654172420597 0.001953125
0 0.5979483132767804 0.886962890625 0.0017754981258630894 0.00244140625
0 0.7079798776879069 0.886474609375 0.0016768593410929177 0.00439453125
0 0.7207536003156441 0.885009765625 0.0027618859735648055 0.00537109375
0 0.569589662655356 0.881103515625 0.001085026632471888 0.00244140625
0 0.5424146774511738 0.88134765625 0.0017754981258630894 0.00390625
0 0.7133556914578812 0.8798828125 0.0009863878477017164 0.001953125
0 0.5470013809429868 0.8798828125 0.0014795817715525744 0.001953125
0 0.6628526336555534 0.880859375 0.001578220556322746 0.0048828125
0 0.6044584730716117 0.87939453125 0.0013809429867824028 0.001953125
0 0.6538271848490826 0.88037109375 0.0022686920497139475 0.0048828125
0 0.5679128033142632 0.879150390625 0.0036496350364963502 0.00732421875
0 0.47297297297297297 0.87646484375 0.0009863878477017164 0.0029296875
0 0.7130104557111856 0.8759765625 0.001874136910633261 0.0029296875
0 0.5434997040836457 0.876953125 0.0033537186821858355 0.0048828125
0 0.6446537778654567 0.876953125 0.00483330045373841 0.0068359375
0 0.5702801341487473 0.875 0.002071414480173604 0.00390625
0 0.4223712763858749 0.873291015625 0.0011836654172420597 0.00244140625
0 0.6521996449003749 0.873046875 0.002170053264943776 0.0029296875
0 0.7186821858354705 0.87841796875 0.008088380351154074 0.0146484375
0 0.5519826395738805 0.87353515625 0.0025646084040244622 0.005859375
0 0.6000690471493392 0.869384765625 0.0012823042020122311 0.00244140625
0 0.5503057802327875 0.86865234375 0.0017754981258630894 0.005859375
0 0.7130597751035708 0.866455078125 0.000789110278161373 0.00244140625
0 0.683912014203985 0.86474609375 0.0012823042020122311 0.001953125
0 0.6564904320378773 0.864501953125 0.0022686920497139475 0.00537109375
0 0.5557802327875321 0.86474609375 0.006806076149141842 0.0068359375
0 0.6813967251923456 0.864990234375 0.003550996251726179 0.00927734375
0 0.49136910633261 0.862060546875 0.0022686920497139475 0.00341796875
0 0.6052969027421582 0.862060546875 0.0028605247583349774 0.00439453125
0 0.7141448017360427 0.8603515625 0.0027618859735648055 0.0029296875
0 0.6535312684947722 0.862548828125 0.003452357466956007 0.00732421875
0 0.6030775300848293 0.8583984375 0.0013809429867824028 0.0029296875
0 0.7165614519629118 0.85693359375 0.0006904714933912014 0.001953125
0 0.6808048924837246 0.857177734375 0.0023673308344841193 0.00244140625
0 0.7008778851844545 0.857666015625 0.003452357466956007 0.00439453125
0 0.6343460248569738 0.857666015625 0.0023673308344841193 0.00439453125
0 0.6788321167883211 0.85595703125 0.0027618859735648055 0.0029296875
0 0.6072203590451766 0.855224609375 0.0011836654172420597 0.00244140625
0 0.6216709410140067 0.85693359375 0.0030578023278753207 0.0068359375
0 0.5985894653777866 0.855224609375 0.0012823042020122311 0.00439453125
0 0.668918918918919 0.853759765625 0.001085026632471888 0.00244140625
0 0.6108206746892878 0.853759765625 0.0012823042020122311 0.00244140625
0 0.5730420201223121 0.8544921875 0.0030578023278753207 0.005859375
0 0.7049713947524167 0.852783203125 0.0017754981258630894 0.00341796875
0 0.6065298875517854 0.85205078125 0.0017754981258630894 0.001953125
0 0.5761984612349575 0.853759765625 0.0028605247583349774 0.00634765625
0 0.677549812586309 0.851318359375 0.0009863878477017164 0.00244140625
0 0.555139080686526 0.853515625 0.0017754981258630894 0.0068359375
0 0.6620142039850069 0.8515625 0.0014795817715525744 0.00390625
0 0.6234464391398697 0.8505859375 0.0008877490629315447 0.001953125
0 0.7131090944959558 0.850341796875 0.0014795817715525744 0.00244140625
0 0.702258828171237 0.85107421875 0.0030578023278753207 0.00390625
0 0.46789307555730913 0.85107421875 0.001085026632471888 0.00390625
0 0.6766620635233774 0.850341796875 0.002170053264943776 0.00439453125
0 0.5941014006707437 0.84716796875 0.0009863878477017164 0.001953125
0 0.6096370092720458 0.846923828125 0.0014795817715525744 0.00244140625
0 0.600019727756954 0.84765625 0.0033537186821858355 0.005859375
0 0.5958768987966069 0.849853515625 0.0033537186821858355 0.01025390625
0 0.7092621818899191 0.845703125 0.0014795817715525744 0.0029296875
0 0.6974748471098836 0.84765625 0.002959163543105149 0.0068359375
0 0.6172815150917341 0.845458984375 0.0013809429867824028 0.00244140625
0 0.707486683764056 0.845458984375 0.0012823042020122311 0.00341796875
0 0.6376997435391596 0.84423828125 0.000789110278161373 0.001953125
0 0.6559479187216414 0.843994140625 0.0009863878477017164 0.00244140625
0 0.705119352929572 0.8427734375 0.0014795817715525744 0.001953125
0 0.6917044782008286 0.843994140625 0.001874136910633261 0.00439453125
0 0.621818899191162 0.845947265625 0.0039455513908068654 0.00830078125
0 0.6214736634444664 0.8427734375 0.0014795817715525744 0.001953125
0 0.6530380745709213 0.84033203125 0.0012823042020122311 0.0029296875
0 0.7115308739396331 0.843017578125 0.003255079897415664 0.00927734375
0 0.6990037482738213 0.8427734375 0.005227855592819097 0.0087890625
0 0.6274413099230618 0.8408203125 0.0027618859735648055 0.005859375
0 0.6723712763858749 0.839111328125 0.002465969619254291 0.00341796875
0 0.5596764647859538 0.838134765625 0.0011836654172420597 0.00244140625
0 0.633359637009272 0.838623046875 0.0019727756954034327 0.00537109375
0 0.6801144209903334 0.837890625 0.0019727756954034327 0.0068359375
0 0.5573091339514697 0.83642578125 0.0009863878477017164 0.00390625
0 0.6123002564608404 0.835205078125 0.0014795817715525744 0.00341796875
0 0.6148648648648649 0.835205078125 0.002663247188794634 0.00439453125
0 0.6571315841388834 0.834228515625 0.0017754981258630894 0.00341796875
0 0.6320773328072599 0.8349609375 0.0019727756954034327 0.005859375
0 0.6306470704280923 0.833251953125 0.0014795817715525744 0.00341796875
0 0.6884000789110278 0.833740234375 0.0033537186821858355 0.00732421875
0 0.6227559676464786 0.8310546875 0.0008877490629315447 0.001953125
0 0.6750345235746695 0.8330078125 0.00542513316235944 0.0068359375
0 0.6604853028210692 0.830078125 0.0009863878477017164 0.001953125
0 0.6248273821266522 0.830078125 0.0008877490629315447 0.001953125
0 0.6398697968041034 0.83154296875 0.003748273821266522 0.005859375
0 0.6821365160781219 0.831298828125 0.00483330045373841 0.00634765625
0 0.6629019530479384 0.830078125 0.0014795817715525744 0.00390625
0 0.6144209903333991 0.830078125 0.001578220556322746 0.0048828125
0 0.6923456303018347 0.82861328125 0.000789110278161373 0.0029296875
0 0.6208325113434603 0.82958984375 0.0023673308344841193 0.0078125
0 0.616097849674492 0.82861328125 0.001578220556322746 0.005859375
0 0.6043105148944565 0.827392578125 0.0014795817715525744 0.00341796875
0 0.6853915959755376 0.827880859375 0.0022686920497139475 0.00537109375
0 0.6344939830341291 0.82763671875 0.0030578023278753207 0.0048828125
0 0.6118070625369896 0.827880859375 0.0036496350364963502 0.00537109375
0 0.6365653975143026 0.825927734375 0.001874136910633261 0.00244140625
0 0.6188104162556717 0.826416015625 0.0016768593410929177 0.00341796875
0 0.6404123101203393 0.82568359375 0.0016768593410929177 0.0029296875
0 0.6435194318405997 0.829345703125 0.003550996251726179 0.01123046875
0 0.657476819885579 0.827880859375 0.004636022884198066 0.01025390625
0 0.658611165910436 0.822509765625 0.0009863878477017164 0.00244140625
0 0.6297100019727757 0.822509765625 0.000789110278161373 0.00244140625
0 0.6018445452752023 0.823974609375 0.0030578023278753207 0.00537109375
0 0.6795719076740975 0.823486328125 0.0014795817715525744 0.00537109375
0 0.6457388044979285 0.82275390625 0.002663247188794634 0.00390625
0 0.6951075162753995 0.82177734375 0.0011836654172420597 0.0029296875
0 0.6882521207338725 0.82373046875 0.0030578023278753207 0.0087890625
0 0.677056618662458 0.82177734375 0.002170053264943776 0.0048828125
0 0.6700532649437759 0.822021484375 0.002170053264943776 0.00537109375
0 0.5777273623988952 0.81982421875 0.0033537186821858355 0.0048828125
0 0.6418425724995068 0.81982421875 0.006312882225290984 0.005859375
0 0.656884987176958 0.819091796875 0.0016768593410929177 0.00537109375
0 0.6525942000394556 0.819580078125 0.0027618859735648055 0.00634765625
0 0.6234464391398697 0.817626953125 0.0014795817715525744 0.00244140625
0 0.6167390017754981 0.8173828125 0.0012823042020122311 0.001953125
0 0.6910140067074374 0.81689453125 0.0006904714933912014 0.001953125
0 0.5829552179917143 0.81884765625 0.0027618859735648055 0.0068359375
0 0.5742256855395541 0.816650390625 0.0016768593410929177 0.00244140625
0 0.6068751232984809 0.818359375 0.00424146774511738 0.0068359375
0 0.6517557703689091 0.821044921875 0.008384296705464589 0.01416015625
0 0.6365160781219176 0.81689453125 0.0033537186821858355 0.005859375
0 0.6536792266719273 0.814208984375 0.0011836654172420597 0.00341796875
0 0.6323732491615703 0.81494140625 0.001578220556322746 0.0048828125
0 0.6267508384296705 0.81494140625 0.0013809429867824028 0.0048828125
0 0.6685243637798383 0.813720703125 0.0030578023278753207 0.00341796875
0 0.6447524166502269 0.8125 0.0016768593410929177 0.0029296875
0 0.6200927204576839 0.8154296875 0.0036496350364963502 0.0087890625
0 0.6485993292562635 0.814697265625 0.00542513316235944 0.00830078125
0 0.5764943775892681 0.812255859375 0.0022686920497139475 0.00341796875
0 0.6521996449003749 0.811767578125 0.0011836654172420597 0.00341796875
0 0.6139771158019334 0.810791015625 0.0016768593410929177 0.00244140625
0 0.5869994081672913 0.810791015625 0.0009863878477017164 0.00341796875
0 0.693134740579996 0.8095703125 0.0009863878477017164 0.0029296875
0 0.6739001775498126 0.812255859375 0.0027618859735648055 0.00927734375
0 0.6374531465772342 0.808837890625 0.0036496350364963502 0.00537109375
0 0.6163444466364174 0.81005859375 0.002663247188794634 0.0078125
0 0.6082067468928782 0.807373046875 0.0011836654172420597 0.00244140625
0 0.6491911619648846 0.808349609375 0.0022686920497139475 0.00537109375
0 0.6030775300848293 0.81103515625 0.006707437364371671 0.0107421875
0 0.6226080094693234 0.806884765625 0.0023673308344841193 0.00341796875
0 0.5561747879266128 0.806884765625 0.0012823042020122311 0.00341796875
0 0.6951075162753995 0.806640625 0.001578220556322746 0.005859375
0 0.6593016374038272 0.8076171875 0.0051292168080489245 0.009765625
0 0.644851055434997 0.805908203125 0.0038469126060366936 0.00634765625
0 0.6044584730716117 0.806884765625 0.005326494377589268 0.00830078125
0 0.6728151509173407 0.803466796875 0.0013809429867824028 0.00244140625
0 0.6649240481357269 0.803955078125 0.003550996251726179 0.00439453125
0 0.6191063326099823 0.802490234375 0.0012823042020122311 0.00244140625
0 0.6810021700532649 0.803955078125 0.0023673308344841193 0.00634765625
0 0.654024462418623 0.802734375 0.001874136910633261 0.0048828125
0 0.6150128230420201 0.8037109375 0.0033537186821858355 0.0078125
0 0.600019727756954 0.801513671875 0.0033537186821858355 0.00341796875
0 0.6242355494180312 0.7998046875 0.0028605247583349774 0.0029296875
0 0.613188005523772 0.799560546875 0.001085026632471888 0.00244140625
0 0.6104754389425923 0.7998046875 0.002959163543105149 0.0029296875
0 0.6774018544091537 0.79931640625 0.001874136910633261 0.0029296875
0 0.6736042611955021 0.799072265625 0.0009863878477017164 0.00341796875
0 0.6209311501282304 0.79931640625 0.0025646084040244622 0.00390625
0 0.5950877885184455 0.80029296875 0.0027618859735648055 0.0068359375
0 0.6176267508384297 0.7978515625 0.002071414480173604 0.0048828125
0 0.6969816531860328 0.7958984375 0.0017754981258630894 0.005859375
0 0.6541231012033931 0.794921875 0.001874136910633261 0.00390625
0 0.6135332412704676 0.794921875 0.001578220556322746 0.00390625
0 0.5945945945945946 0.795166015625 0.0011836654172420597 0.00439453125
0 0.6645788123890314 0.7939453125 0.0014795817715525744 0.00390625
0 0.6086999408167292 0.794677734375 0.006510159794831328 0.00634765625
0 0.604557111856382 0.79345703125 0.0009863878477017164 0.00390625
0 0.671236930361018 0.793701171875 0.002170053264943776 0.00537109375
0 0.6006115604655751 0.793212890625 0.0027618859735648055 0.00439453125
0 0.5913395146971789 0.79150390625 0.0009863878477017164 0.0029296875
0 0.674196093904123 0.791259765625 0.0011836654172420597 0.00439453125
0 0.6950581968830144 0.789306640625 0.0014795817715525744 0.00244140625
0 0.597159202998619 0.7890625 0.0009863878477017164 0.001953125
0 0.6216216216216216 0.78955078125 0.003550996251726179 0.00390625
0 0.6113631880055238 0.789794921875 0.0019727756954034327 0.00439453125
0 0.6534326297100019 0.786865234375 0.0006904714933912014 0.00244140625
0 0.6732590254488064 0.78564453125 0.001874136910633261 0.0048828125
0 0.6126948115999211 0.78466796875 0.001085026632471888 0.0029296875
0 0.659745511935293 0.78515625 0.005030578023278753 0.005859375
0 0.6219668573683172 0.783447265625 0.001085026632471888 0.00244140625
0 0.6199940816729138 0.783203125 0.002071414480173604 0.00390625
0 0.6154073781811008 0.785888671875 0.0027618859735648055 0.00927734375
0 0.608601302031959 0.783203125 0.0013809429867824028 0.0048828125
0 0.5965180508976129 0.7841796875 0.0016768593410929177 0.0068359375
0 0.6119057013217597 0.781494140625 0.001085026632471888 0.00244140625
0 0.616640362990728 0.781005859375 0.001085026632471888 0.00244140625
0 0.6052475833497731 0.782470703125 0.0033537186821858355 0.00537109375
0 0.6013020319589663 0.783447265625 0.003156441112645492 0.00830078125
0 0.6616196488459262 0.77734375 0.0008877490629315447 0.001953125
0 0.6668475044387453 0.775390625 0.0008877490629315447 0.001953125
0 0.6147662260800947 0.77734375 0.003452357466956007 0.005859375
0 0.6736042611955021 0.774169921875 0.000789110278161373 0.00244140625
0 0.6122016176760702 0.774658203125 0.0012823042020122311 0.00341796875
0 0.6458867626750838 0.77294921875 0.000789110278161373 0.001953125
0 0.6843065693430657 0.77294921875 0.001085026632471888 0.0029296875
0 0.6706450976523969 0.772705078125 0.0009863878477017164 0.00244140625
0 0.6173801538765042 0.772705078125 0.000789110278161373 0.00244140625
0 0.6035214046162951 0.772216796875 0.0014795817715525744 0.00244140625
0 0.6072203590451766 0.771484375 0.0019727756954034327 0.0029296875
0 0.7000394555139081 0.769775390625 0.0009863878477017164 0.00244140625
0 0.623594397317025 0.76953125 0.0011836654172420597 0.0029296875
0 0.6638883408956402 0.768798828125 0.0016768593410929177 0.00244140625
0 0.6154073781811008 0.769287109375 0.0019727756954034327 0.00439453125
0 0.6032748076543697 0.766845703125 0.000789110278161373 0.00244140625
0 0.6754783981061353 0.766845703125 0.0011836654172420597 0.00341796875
0 0.6554547247977905 0.76513671875 0.000789110278161373 0.0029296875
0 0.6523969224699152 0.76513671875 0.000789110278161373 0.0029296875
0 0.6853915959755376 0.761474609375 0.0012823042020122311 0.00341796875
0 0.5780232787532058 0.756591796875 0.0013809429867824028 0.00244140625
0 0.6270467547839811 0.755859375 0.0005918327086210298 0.001953125
0 0.6517557703689091 0.756103515625 0.0014795817715525744 0.00341796875
0 0.6783389228644703 0.750732421875 0.0013809429867824028 0.00244140625
