0 0.5231801144209903 0.999267578125 0.0013809429867824028 0.00146484375
0 0.5401459854014599 0.99853515625 0.0017754981258630894 0.0029296875
0 0.26277372262773724 0.99853515625 0.0009863878477017164 0.0029296875
0 0.24457486683764057 0.998046875 0.007397908857762872 0.00390625
0 0.42607023081475637 0.997314453125 0.0044387453146577235 0.00341796875
0 0.5355099625172618 0.997314453125 0.003156441112645492 0.00537109375
0 0.2809232590254488 0.99609375 0.0019727756954034327 0.0029296875
0 0.41808048924837243 0.995849609375 0.004044190175577037 0.00439453125
0 0.39376602880252515 0.996826171875 0.005326494377589268 0.00634765625
0 0.43238311304004734 0.996337890625 0.006806076149141842 0.00732421875
0 0.2539455513908069 0.993896484375 0.0012823042020122311 0.00244140625
0 0.2711086999408167 0.99365234375 0.0028605247583349774 0.0029296875
0 0.46266521996449006 0.995849609375 0.002663247188794634 0.00830078125
0 0.5184454527520221 0.9931640625 0.0011836654172420597 0.00390625
0 0.16378970211087 0.995361328125 0.002465969619254291 0.00927734375
0 0.5279640954823437 0.992431640625 0.0030578023278753207 0.00439453125
0 0.51726178733478 0.991943359375 0.0009863878477017164 0.00341796875
0 0.35682580390609586 0.99462890625 0.006214243440520813 0.0087890625
0 0.16640362990727955 0.99169921875 0.000789110278161373 0.0029296875
0 0.4716906687709607 0.990966796875 0.0013809429867824028 0.00244140625
0 0.305188400078911 0.991455078125 0.0009863878477017164 0.00341796875
0 0.28871572302229237 0.99169921875 0.0019727756954034327 0.00390625
0 0.3922371276385875 0.989990234375 0.003255079897415664 0.00244140625
0 0.3634839218780825 0.9931640625 0.005918327086210298 0.0087890625
0 0.45423160386664035 0.990234375 0.0019727756954034327 0.0048828125
0 0.37793450384691263 0.98974609375 0.0014795817715525744 0.00390625
0 0.46577234168475046 0.989501953125 0.005918327086210298 0.00634765625
0 0.3323140658907082 0.98779296875 0.003748273821266522 0.0029296875
0 0.3058788715723022 0.987548828125 0.0011836654172420597 0.00244140625
0 0.3659992108897218 0.9912109375 0.007397908857762872 0.0107421875
0 0.2329848096271454 0.98681640625 0.0019727756954034327 0.0029296875
0 0.5360524758334977 0.9873046875 0.0066087985796014995 0.0048828125
0 0.5127244032353522 0.986328125 0.002170053264943776 0.00390625
0 0.41536792266719275 0.9873046875 0.003156441112645492 0.005859375
0 0.3748273821266522 0.985595703125 0.0009863878477017164 0.00244140625
0 0.22307161175774315 0.98681640625 0.0030578023278753207 0.0048828125
0 0.6839613335963701 0.987060546875 0.004931939238508582 0.00634765625
0 0.26588084434799764 0.988525390625 0.006016965870980469 0.00927734375
0 0.6876109686328664 0.984619140625 0.0017754981258630894 0.00244140625
0 0.35001972775695406 0.98779296875 0.00483330045373841 0.0087890625
0 0.4238015387650424 0.984130859375 0.0016768593410929177 0.00341796875
0 0.4150720063128822 0.9833984375 0.0009863878477017164 0.001953125
0 0.2531564411126455 0.9873046875 0.005819688301440126 0.009765625
0 0.16107713552969027 0.984375 0.0011836654172420597 0.0048828125
0 0.5186920497139476 0.984619140625 0.0030578023278753207 0.00634765625
0 0.5148451371079108 0.983154296875 0.002071414480173604 0.00341796875
0 0.4100414282896035 0.982666015625 0.0017754981258630894 0.00244140625
0 0.3411915565200237 0.98486328125 0.0019727756954034327 0.0068359375
0 0.2861017952258828 0.98583984375 0.002663247188794634 0.0087890625
0 0.4516176760702308 0.98291015625 0.001085026632471888 0.00390625
0 0.4478200828565792 0.9833984375 0.0019727756954034327 0.0048828125
0 0.42685934109291773 0.982421875 0.0030578023278753207 0.0029296875
0 0.36698559873742354 0.98291015625 0.0012823042020122311 0.00390625
0 0.45768396133359635 0.981689453125 0.0009863878477017164 0.00341796875
0 0.452850660879858 0.981201171875 0.0011836654172420597 0.00244140625
0 0.4071809035312685 0.981201171875 0.0017754981258630894 0.00244140625
0 0.46670941014006706 0.9814453125 0.002663247188794634 0.00390625
0 0.42917735253501677 0.982666015625 0.0017754981258630894 0.00634765625
0 0.21537778654566975 0.980712890625 0.0006904714933912014 0.00244140625
0 0.37053659498914976 0.98095703125 0.002071414480173604 0.00390625
0 0.3004044190175577 0.98388671875 0.009567962122706648 0.009765625
0 0.25927204576839613 0.98046875 0.001085026632471888 0.0029296875
0 0.36427303215624385 0.9794921875 0.000789110278161373 0.0029296875
0 0.35204182284474256 0.9814453125 0.005523771947129611 0.0068359375
0 0.2911323732491616 0.98291015625 0.008778851844545275 0.009765625
0 0.49141842572499506 0.980224609375 0.004734661668968239 0.00634765625
0 0.24768198855790097 0.97998046875 0.0033537186821858355 0.0078125
0 0.6838626948115999 0.977294921875 0.0019727756954034327 0.00341796875
0 0.30124284868810414 0.976806640625 0.0013809429867824028 0.00244140625
0 0.28314263168277765 0.98046875 0.0030578023278753207 0.009765625
0 0.5151410534622214 0.976318359375 0.001085026632471888 0.00244140625
0 0.5185440915367923 0.975830078125 0.0011836654172420597 0.00244140625
0 0.32003353718682187 0.97607421875 0.001085026632471888 0.00390625
0 0.6605346222134544 0.974609375 0.0012823042020122311 0.0029296875
0 0.521256658117972 0.975830078125 0.002663247188794634 0.00537109375
0 0.40205168672321956 0.97314453125 0.000789110278161373 0.0029296875
0 0.29073781811008087 0.97314453125 0.0016768593410929177 0.0029296875
0 0.2670151903728546 0.9736328125 0.005721049516669955 0.00390625
0 0.5061649240481357 0.971435546875 0.0030578023278753207 0.00341796875
0 0.7049220753600316 0.9765625 0.014697178930755573 0.0146484375
0 0.3448905109489051 0.971435546875 0.004636022884198066 0.00439453125
0 0.32047741171828764 0.970703125 0.000789110278161373 0.0029296875
0 0.6737028999802722 0.97021484375 0.0025646084040244622 0.0048828125
0 0.4233576642335766 0.970947265625 0.006904714933912014 0.00634765625
0 0.3607220359045177 0.96923828125 0.001578220556322746 0.0029296875
0 0.20630301834681397 0.96923828125 0.0030578023278753207 0.0029296875
0 0.36654172420595776 0.97119140625 0.003156441112645492 0.0078125
0 0.4001775498125863 0.968994140625 0.002170053264943776 0.00439453125
0 0.35278161373051886 0.96875 0.0022686920497139475 0.00390625
0 0.2187315052278556 0.971923828125 0.007595186427303216 0.01025390625
0 0.6660090747681988 0.96826171875 0.0025646084040244622 0.00390625
0 0.3306372065496153 0.96826171875 0.001578220556322746 0.00390625
0 0.129315446833695 0.968017578125 0.0019727756954034327 0.00341796875
0 0.5085815742750049 0.96875 0.004931939238508582 0.005859375
0 0.2928092325902545 0.968505859375 0.002465969619254291 0.00537109375
0 0.5031564411126455 0.967041015625 0.0019727756954034327 0.00341796875
0 0.41512132570526733 0.96875 0.005819688301440126 0.0068359375
0 0.2993193923850858 0.96728515625 0.0016768593410929177 0.00390625
0 0.25641152101006115 0.9716796875 0.016472677056618663 0.013671875
0 0.7106431248767016 0.96630859375 0.0014795817715525744 0.00390625
0 0.48757151311895836 0.9658203125 0.0019727756954034327 0.00390625
0 0.37221345433024267 0.96533203125 0.002465969619254291 0.0029296875
0 0.3055829552179917 0.965576171875 0.0017754981258630894 0.00341796875
0 0.2596172815150917 0.96484375 0.0011836654172420597 0.001953125
0 0.2416650226869205 0.96728515625 0.009863878477017163 0.0068359375
0 0.48111067271651214 0.965087890625 0.001085026632471888 0.00341796875
0 0.3800552377194713 0.964599609375 0.0013809429867824028 0.00244140625
0 0.3456303018346814 0.964599609375 0.0025646084040244622 0.00244140625
0 0.3032156243835076 0.965576171875 0.0023673308344841193 0.00439453125
0 0.6411521010061156 0.96630859375 0.007101992503452358 0.0068359375
0 0.3529295719076741 0.964111328125 0.001578220556322746 0.00244140625
0 0.21320773328072598 0.96484375 0.0038469126060366936 0.00390625
0 0.4520122312093115 0.96337890625 0.0022686920497139475 0.0029296875
0 0.22272637601104756 0.964111328125 0.004142828960347208 0.00439453125
0 0.6345433024265141 0.963623046875 0.003550996251726179 0.00439453125
0 0.348836062339712 0.963134765625 0.0036496350364963502 0.00341796875
0 0.36668968238311306 0.966552734375 0.007200631288222529 0.01123046875
0 0.4988163345827579 0.963623046875 0.0051292168080489245 0.00634765625
0 0.36175774314460446 0.96142578125 0.0006904714933912014 0.001953125
0 0.1648747287433419 0.962646484375 0.0022686920497139475 0.00439453125
0 0.403432629710002 0.961181640625 0.004734661668968239 0.00439453125
0 0.3149043203787729 0.960693359375 0.001085026632471888 0.00341796875
0 0.5934602485697377 0.960205078125 0.0030578023278753207 0.00341796875
0 0.5008877490629315 0.959716796875 0.0011836654172420597 0.00244140625
0 0.28491812980864073 0.96142578125 0.0022686920497139475 0.005859375
0 0.3009962517261787 0.959716796875 0.0038469126060366936 0.00341796875
0 0.27046754783981064 0.965087890625 0.010455711185638194 0.01416015625
0 0.6939238508581574 0.95947265625 0.0013809429867824028 0.00390625
0 0.6920497139475241 0.958740234375 0.001578220556322746 0.00244140625
0 0.4949694219767212 0.9580078125 0.001578220556322746 0.001953125
0 0.31855395541526926 0.95849609375 0.0016768593410929177 0.0029296875
0 0.5305780232787533 0.957763671875 0.002170053264943776 0.00244140625
0 0.40732886170842375 0.9580078125 0.0012823042020122311 0.0029296875
0 0.3667390017754981 0.957763671875 0.0013809429867824028 0.00244140625
0 0.354606431248767 0.9580078125 0.0025646084040244622 0.0029296875
0 0.3237818110080884 0.962646484375 0.011935292957190768 0.01318359375
0 0.640856184651805 0.95703125 0.0019727756954034327 0.0029296875
0 0.7203590451765635 0.958740234375 0.004142828960347208 0.00732421875
0 0.4553659498914973 0.9560546875 0.001874136910633261 0.001953125
0 0.3898697968041034 0.9609375 0.011935292957190768 0.01171875
0 0.35830538567764847 0.95947265625 0.004636022884198066 0.0087890625
0 0.3216610771355297 0.955810546875 0.003156441112645492 0.00244140625
0 0.26795225882817125 0.95556640625 0.0008877490629315447 0.001953125
0 0.466660090747682 0.955322265625 0.0013809429867824028 0.00244140625
0 0.3804004734661669 0.956787109375 0.003255079897415664 0.00537109375
0 0.3473564805681594 0.955322265625 0.0022686920497139475 0.00244140625
0 0.3414874728743342 0.957275390625 0.003550996251726179 0.00634765625
0 0.5431544683369501 0.955078125 0.0008877490629315447 0.0029296875
0 0.3852830933122904 0.955322265625 0.001578220556322746 0.00341796875
0 0.3759124087591241 0.95458984375 0.0011836654172420597 0.001953125
0 0.33680213059775105 0.955078125 0.0008877490629315447 0.0029296875
0 0.35056224107318995 0.95361328125 0.0009863878477017164 0.001953125
0 0.2089169461432235 0.95703125 0.005523771947129611 0.0087890625
0 0.37221345433024267 0.953857421875 0.005622410731899783 0.00341796875
0 0.10332412704675478 0.954833984375 0.002663247188794634 0.00537109375
0 0.594249358847899 0.953125 0.0014795817715525744 0.0029296875
0 0.5404419017557703 0.952880859375 0.000789110278161373 0.00244140625
0 0.6611264549220753 0.95263671875 0.0012823042020122311 0.0029296875
0 0.40530676662063525 0.952880859375 0.0017754981258630894 0.00341796875
0 0.5225882817123693 0.951171875 0.002170053264943776 0.0029296875
0 0.32945354113237324 0.951416015625 0.0013809429867824028 0.00439453125
0 0.3151015979483133 0.951416015625 0.00542513316235944 0.00439453125
0 0.3748273821266522 0.949951171875 0.003550996251726179 0.00244140625
0 0.5510455711185638 0.953125 0.010554349970408364 0.009765625
0 0.5456697573485895 0.950439453125 0.0033537186821858355 0.00439453125
0 0.6334582757940422 0.949462890625 0.0011836654172420597 0.00341796875
0 0.357466956007102 0.94921875 0.002170053264943776 0.0029296875
0 0.6305484316433222 0.949951171875 0.003452357466956007 0.00537109375
0 0.5260899585717104 0.949462890625 0.003255079897415664 0.00439453125
0 0.4898402051686723 0.948974609375 0.004142828960347208 0.00439453125
0 0.48145590846320774 0.947998046875 0.0017754981258630894 0.00244140625
0 0.32575458670349183 0.9501953125 0.004636022884198066 0.0068359375
0 0.321266521996449 0.949951171875 0.001578220556322746 0.00634765625
0 0.40940027618859737 0.947509765625 0.0038469126060366936 0.00341796875
0 0.3913000591832709 0.947998046875 0.0051292168080489245 0.00439453125
0 0.6093904123101204 0.946533203125 0.0011836654172420597 0.00244140625
0 0.4981751824817518 0.94677734375 0.0014795817715525744 0.0029296875
0 0.43731505227855594 0.94775390625 0.003452357466956007 0.0048828125
0 0.5025152890116393 0.9501953125 0.005819688301440126 0.0107421875
0 0.34888538173209704 0.947021484375 0.003156441112645492 0.00439453125
0 0.6953541132373249 0.9462890625 0.003452357466956007 0.00390625
0 0.6439139869796804 0.947265625 0.001578220556322746 0.005859375
0 0.2986289208916946 0.947265625 0.004636022884198066 0.005859375
0 0.2768297494574867 0.949951171875 0.009962517261787335 0.01123046875
0 0.44140856184651805 0.945068359375 0.0009863878477017164 0.00244140625
0 0.5108995857171039 0.94775390625 0.008778851844545275 0.009765625
0 0.27071414480173606 0.9462890625 0.0016768593410929177 0.0068359375
0 0.5349181298086407 0.943603515625 0.000789110278161373 0.00244140625
0 0.3966758729532452 0.946044921875 0.001874136910633261 0.00732421875
0 0.3849871769579799 0.9453125 0.004537384099427895 0.005859375
0 0.24482146379956599 0.947021484375 0.003748273821266522 0.00927734375
0 0.18262971000197278 0.943603515625 0.001874136910633261 0.00244140625
0 0.3048431643322154 0.947021484375 0.007200631288222529 0.01025390625
0 0.16921483527322945 0.94482421875 0.0044387453146577235 0.0078125
0 0.5689978299467351 0.942138671875 0.002663247188794634 0.00341796875
0 0.4105346222134543 0.94189453125 0.0017754981258630894 0.0029296875
0 0.39761294140856185 0.94140625 0.0009863878477017164 0.001953125
0 0.3751726178733478 0.942138671875 0.0014795817715525744 0.00341796875
0 0.3295521799171434 0.941650390625 0.0009863878477017164 0.00244140625
0 0.17883211678832117 0.9423828125 0.0011836654172420597 0.00390625
0 0.5305287038863681 0.942138671875 0.00424146774511738 0.00439453125
0 0.49635036496350365 0.94140625 0.0011836654172420597 0.0029296875
0 0.3251134346024857 0.941162109375 0.0005918327086210298 0.00244140625
0 0.3046952061550602 0.943359375 0.002959163543105149 0.0068359375
0 0.3140165713158414 0.943603515625 0.015683566778457288 0.00830078125
0 0.2906391793253107 0.94091796875 0.0012823042020122311 0.0029296875
0 0.27993687117774707 0.941162109375 0.0025646084040244622 0.00341796875
0 0.6536299072795423 0.943115234375 0.007003353718682186 0.00830078125
0 0.553462221345433 0.940185546875 0.000789110278161373 0.00244140625
0 0.4220260406391793 0.940185546875 0.002465969619254291 0.00341796875
0 0.2680015782205563 0.940185546875 0.0017754981258630894 0.00341796875
0 0.29576839613335965 0.940185546875 0.004636022884198066 0.00439453125
0 0.22381140264351942 0.9404296875 0.003156441112645492 0.0048828125
0 0.5834977313079502 0.938720703125 0.0030578023278753207 0.00244140625
0 0.4755375813769974 0.939697265625 0.0039455513908068654 0.00439453125
0 0.4446636417439337 0.93896484375 0.0025646084040244622 0.0048828125
0 0.28457289406194514 0.9462890625 0.0051292168080489245 0.01953125
0 0.43583547050700333 0.9375 0.0012823042020122311 0.0029296875
0 0.6462319984217795 0.937744140625 0.002071414480173604 0.00537109375
0 0.44180311698559876 0.9384765625 0.0033537186821858355 0.0068359375
0 0.42123693036101795 0.936279296875 0.0008877490629315447 0.00244140625
0 0.2565101597948313 0.9365234375 0.00542513316235944 0.00390625
0 0.4401262576445058 0.934814453125 0.0019727756954034327 0.00146484375
0 0.40131189583744326 0.935791015625 0.0014795817715525744 0.00341796875
0 0.27717498520418227 0.9365234375 0.002170053264943776 0.0048828125
0 0.5238705859143815 0.9345703125 0.000789110278161373 0.001953125
0 0.46019925034523573 0.934814453125 0.002071414480173604 0.00244140625
0 0.5200236733083449 0.9365234375 0.006510159794831328 0.0068359375
0 0.34686328664430854 0.93505859375 0.0028605247583349774 0.00390625
0 0.28112053659498915 0.934326171875 0.0011836654172420597 0.00244140625
0 0.24097455119352928 0.937255859375 0.012231209311501283 0.00830078125
0 0.17015190372854608 0.934814453125 0.0009863878477017164 0.00341796875
0 0.4378575655947919 0.93408203125 0.0019727756954034327 0.0029296875
0 0.3779838232392977 0.9345703125 0.004734661668968239 0.00390625
0 0.34306569343065696 0.933837890625 0.0019727756954034327 0.00244140625
0 0.5008384296705465 0.9345703125 0.002071414480173604 0.0048828125
0 0.45699348984020516 0.933349609375 0.0025646084040244622 0.00341796875
0 0.393124876701519 0.932861328125 0.0012823042020122311 0.00244140625
0 0.5055730913395147 0.931640625 0.001085026632471888 0.0029296875
0 0.5039948707831919 0.93115234375 0.001085026632471888 0.001953125
0 0.3213651607812192 0.934326171875 0.005523771947129611 0.00830078125
0 0.2991714342079306 0.931396484375 0.002959163543105149 0.00341796875
0 0.44200039455513906 0.931640625 0.002170053264943776 0.0048828125
0 0.4607417636614717 0.93017578125 0.0019727756954034327 0.0029296875
0 0.3565298875517854 0.929931640625 0.001085026632471888 0.00244140625
0 0.31337541921483525 0.93212890625 0.0017754981258630894 0.0068359375
0 0.22307161175774315 0.93212890625 0.008187019135924246 0.0068359375
0 0.48564805681594003 0.92919921875 0.0016768593410929177 0.001953125
0 0.4516669954626159 0.931884765625 0.005326494377589268 0.00732421875
0 0.30400473466166894 0.92919921875 0.0013809429867824028 0.001953125
0 0.1443085421187611 0.932861328125 0.005523771947129611 0.00927734375
0 0.6299565989347011 0.9296875 0.002465969619254291 0.00390625
0 0.46409548234365755 0.930419921875 0.004340106529887552 0.00537109375
0 0.3991911619648846 0.928466796875 0.0013809429867824028 0.00244140625
0 0.2570526731110673 0.928466796875 0.000789110278161373 0.00244140625
0 0.5045373840994279 0.92822265625 0.000789110278161373 0.0029296875
0 0.28748273821266523 0.927978515625 0.0030578023278753207 0.00244140625
0 0.6583152495561254 0.927490234375 0.0009863878477017164 0.00244140625
0 0.4209410140067074 0.929931640625 0.007989741566383901 0.00732421875
0 0.3210199250345236 0.927001953125 0.0008877490629315447 0.00244140625
0 0.20408364568948512 0.927490234375 0.0019727756954034327 0.00341796875
0 0.42858551982639576 0.9267578125 0.0019727756954034327 0.0029296875
0 0.2906884987176958 0.927001953125 0.0023673308344841193 0.00341796875
0 0.546557506411521 0.927001953125 0.004142828960347208 0.00537109375
0 0.5296902742158217 0.92724609375 0.0019727756954034327 0.005859375
0 0.4627145393568751 0.925537109375 0.001578220556322746 0.00244140625
0 0.255178536200434 0.927001953125 0.003550996251726179 0.00537109375
0 0.44653777865456695 0.925048828125 0.0013809429867824028 0.00244140625
0 0.22864470309725785 0.925048828125 0.001578220556322746 0.00244140625
0 0.225290984415072 0.926025390625 0.0033537186821858355 0.00634765625
0 0.5548924837246005 0.923583984375 0.0008877490629315447 0.00244140625
0 0.5211580193332018 0.9248046875 0.005030578023278753 0.0048828125
0 0.47977904912211483 0.923583984375 0.0019727756954034327 0.00244140625
0 0.36422371276385873 0.925048828125 0.006806076149141842 0.00537109375
0 0.2735253501676859 0.927978515625 0.007101992503452358 0.01123046875
0 0.26361215229828366 0.925048828125 0.004636022884198066 0.00537109375
0 0.6814953639771159 0.92333984375 0.0017754981258630894 0.0029296875
0 0.5458177155257448 0.922119140625 0.0028605247583349774 0.00244140625
0 0.47065496153087394 0.92431640625 0.00483330045373841 0.0068359375
0 0.24018544091536792 0.925048828125 0.005721049516669955 0.00830078125
0 0.6349378575655948 0.921875 0.004142828960347208 0.00390625
0 0.3883408956401657 0.92138671875 0.001578220556322746 0.0029296875
0 0.34025448806470704 0.924072265625 0.0030578023278753207 0.00830078125
0 0.28871572302229237 0.922119140625 0.003156441112645492 0.00439453125
0 0.2711580193332018 0.921142578125 0.002170053264943776 0.00244140625
0 0.1523476030775301 0.922119140625 0.0016768593410929177 0.00439453125
0 0.4590155849279937 0.920654296875 0.001874136910633261 0.00244140625
0 0.3567271651213257 0.9208984375 0.001085026632471888 0.0029296875
0 0.2513316235943973 0.920654296875 0.001578220556322746 0.00244140625
0 0.32323929769185245 0.9208984375 0.0025646084040244622 0.00390625
0 0.3087393963306372 0.9228515625 0.003156441112645492 0.0078125
0 0.2601104754389426 0.920166015625 0.0011836654172420597 0.00244140625
0 0.44767212467942397 0.920654296875 0.00542513316235944 0.00439453125
0 0.4266620635233774 0.920166015625 0.003452357466956007 0.00341796875
0 0.25429078713750247 0.92041015625 0.0017754981258630894 0.00390625
0 0.11407575458670349 0.919921875 0.0016768593410929177 0.0029296875
0 0.4516669954626159 0.91943359375 0.0033537186821858355 0.0029296875
0 0.40106529887551784 0.9208984375 0.0033537186821858355 0.005859375
0 0.6673900177549813 0.918701171875 0.002959163543105149 0.00244140625
0 0.3192444269086605 0.919921875 0.00424146774511738 0.0048828125
0 0.2670151903728546 0.920166015625 0.005523771947129611 0.00537109375
0 0.6455415269283883 0.918212890625 0.0006904714933912014 0.00244140625
0 0.65234760307753 0.91845703125 0.007200631288222529 0.00390625
0 0.43396133359637007 0.9208984375 0.007595186427303216 0.0087890625
0 0.40634247386072203 0.917724609375 0.0008877490629315447 0.00244140625
0 0.6578220556322746 0.918212890625 0.004734661668968239 0.00439453125
0 0.5510455711185638 0.917236328125 0.001874136910633261 0.00244140625
0 0.4130499112250937 0.917236328125 0.0022686920497139475 0.00244140625
0 0.20526731110672716 0.91796875 0.0009863878477017164 0.00390625
0 0.6719767212467942 0.917724609375 0.004044190175577037 0.00439453125
0 0.6642828960347209 0.91748046875 0.002071414480173604 0.00390625
0 0.2565101597948313 0.916748046875 0.001085026632471888 0.00244140625
0 0.6382915762477807 0.916015625 0.000789110278161373 0.001953125
0 0.4412606036693628 0.916259765625 0.002071414480173604 0.00244140625
0 0.41048530282106926 0.916015625 0.0014795817715525744 0.001953125
0 0.7036397711580193 0.918701171875 0.009173406983625962 0.00830078125
0 0.5115900572104952 0.915283203125 0.0016768593410929177 0.00244140625
0 0.4510751627539949 0.915283203125 0.0025646084040244622 0.00244140625
0 0.3059281909646873 0.914794921875 0.0012823042020122311 0.00244140625
0 0.24926020911422372 0.9150390625 0.0013809429867824028 0.0029296875
0 0.4896922469915171 0.916015625 0.0036496350364963502 0.005859375
0 0.4457486683764056 0.914794921875 0.0013809429867824028 0.00341796875
0 0.4071315841388834 0.913818359375 0.0008877490629315447 0.00244140625
0 0.6723219569934898 0.913330078125 0.0013809429867824028 0.00244140625
0 0.3949496942197672 0.916015625 0.006312882225290984 0.0078125
0 0.31317814164529495 0.91455078125 0.005721049516669955 0.0048828125
0 0.43405997238114025 0.912353515625 0.0016768593410929177 0.00244140625
0 0.18613138686131386 0.915283203125 0.006510159794831328 0.00830078125
0 0.35692444269086604 0.9150390625 0.007989741566383901 0.0087890625
0 0.3501183665417242 0.91259765625 0.0016768593410929177 0.00390625
0 0.22430459656737028 0.9150390625 0.00907476819885579 0.0087890625
0 0.09577826001183666 0.912841796875 0.0033537186821858355 0.00439453125
0 0.37329848096271456 0.91552734375 0.005227855592819097 0.0107421875
0 0.23663444466364175 0.912841796875 0.004340106529887552 0.00537109375
0 0.21759715920299863 0.91259765625 0.004537384099427895 0.0048828125
0 0.33285657920694417 0.91064453125 0.0006904714933912014 0.001953125
0 0.31820871966857367 0.9111328125 0.0009863878477017164 0.0029296875
0 0.4981751824817518 0.91064453125 0.0012823042020122311 0.0029296875
0 0.35800946932333794 0.91015625 0.004044190175577037 0.00390625
0 0.43519431840599726 0.908447265625 0.002959163543105149 0.00341796875
0 0.423554941803117 0.908935546875 0.002959163543105149 0.00439453125
0 0.40012823042020124 0.910400390625 0.003452357466956007 0.00732421875
0 0.5714637995659894 0.908935546875 0.002465969619254291 0.00537109375
0 0.3181100808838035 0.907470703125 0.0011836654172420597 0.00244140625
0 0.42878279739593606 0.90771484375 0.004142828960347208 0.00390625
0 0.5526237916748865 0.90625 0.0008877490629315447 0.001953125
0 0.4690274215821661 0.90673828125 0.001578220556322746 0.0029296875
0 0.2441309923061748 0.906494140625 0.0013809429867824028 0.00244140625
0 0.45664825409350956 0.9072265625 0.003452357466956007 0.005859375
0 0.26854409153679226 0.9052734375 0.002071414480173604 0.001953125
0 0.5817222331820872 0.905517578125 0.002071414480173604 0.00341796875
0 0.22815150917340699 0.905517578125 0.002959163543105149 0.00341796875
0 0.14909252318011443 0.90576171875 0.0016768593410929177 0.00390625
0 0.4605444860919313 0.90966796875 0.006312882225290984 0.0126953125
0 0.3248668376405603 0.907958984375 0.0077924639968435586 0.00927734375
0 0.24043203787729336 0.90625 0.003255079897415664 0.005859375
0 0.23619057013217598 0.906005859375 0.00424146774511738 0.00537109375
0 0.2644012625764451 0.903564453125 0.0008877490629315447 0.00244140625
0 0.6301045571118564 0.905029296875 0.010455711185638194 0.00732421875
0 0.5766423357664233 0.904541015625 0.003156441112645492 0.00634765625
0 0.49985204182284476 0.90283203125 0.001874136910633261 0.0029296875
0 0.5532156243835076 0.902099609375 0.001874136910633261 0.00244140625
0 0.44540343262971 0.90380859375 0.0038469126060366936 0.005859375
0 0.5461629512724403 0.902099609375 0.0061156046557506415 0.00341796875
0 0.475290984415072 0.90185546875 0.002465969619254291 0.0029296875
0 0.2590747681988558 0.903076171875 0.00424146774511738 0.00537109375
0 0.23185046360228842 0.904052734375 0.004636022884198066 0.00732421875
0 0.45196291181692644 0.90087890625 0.000789110278161373 0.001953125
0 0.47968041033734465 0.9013671875 0.0051292168080489245 0.0048828125
0 0.3317715525744723 0.90087890625 0.0038469126060366936 0.00390625
0 0.4548234365752614 0.900146484375 0.0025646084040244622 0.00439453125
0 0.41512132570526733 0.8994140625 0.0012823042020122311 0.0029296875
0 0.5397514302623792 0.898681640625 0.0009863878477017164 0.00244140625
0 0.3515979483132768 0.903076171875 0.005227855592819097 0.01123046875
0 0.6850956796212271 0.90234375 0.005819688301440126 0.0107421875
0 0.6348392187808246 0.8984375 0.0013809429867824028 0.0029296875
0 0.5664825409350956 0.90087890625 0.004142828960347208 0.0078125
0 0.5738804497928586 0.89990234375 0.008680213059775104 0.0068359375
0 0.37951272440323536 0.8984375 0.0016768593410929177 0.00390625
0 0.22992700729927007 0.89794921875 0.0011836654172420597 0.0029296875
0 0.4936377983823239 0.8974609375 0.005030578023278753 0.0029296875
0 0.40180508976129414 0.897705078125 0.002465969619254291 0.00341796875
0 0.6506707437364372 0.897705078125 0.0028605247583349774 0.00439453125
0 0.42029986190570134 0.89794921875 0.003550996251726179 0.0048828125
0 0.3821266521996449 0.898193359375 0.003748273821266522 0.00634765625
0 0.1345926218188992 0.89599609375 0.0008877490629315447 0.001953125
0 0.6368613138686131 0.896240234375 0.0016768593410929177 0.00341796875
0 0.5054251331623595 0.8955078125 0.0009863878477017164 0.001953125
0 0.3473071611757743 0.89697265625 0.003550996251726179 0.0048828125
0 0.639080686525942 0.895263671875 0.000789110278161373 0.00244140625
0 0.4715920299861906 0.895263671875 0.0009863878477017164 0.00244140625
0 0.39583744328269876 0.896240234375 0.0023673308344841193 0.00439453125
0 0.4067863483921878 0.895263671875 0.0027618859735648055 0.00439453125
0 0.3862694811599921 0.89453125 0.0025646084040244622 0.0029296875
0 0.21828763069638982 0.8974609375 0.003550996251726179 0.0087890625
0 0.5352633655553364 0.895263671875 0.003452357466956007 0.00537109375
0 0.4130005918327086 0.8955078125 0.0023673308344841193 0.005859375
0 0.4096468731505228 0.89501953125 0.002170053264943776 0.0048828125
0 0.6545176563424738 0.894287109375 0.0038469126060366936 0.00439453125
0 0.7047247977904912 0.893310546875 0.001874136910633261 0.00341796875
0 0.477559676464786 0.893798828125 0.006806076149141842 0.00439453125
0 0.43243243243243246 0.89404296875 0.0027618859735648055 0.0048828125
0 0.36220161767607023 0.896728515625 0.006904714933912014 0.01025390625
0 0.5170645097652397 0.893310546875 0.004734661668968239 0.00439453125
0 0.3556914578812389 0.89404296875 0.005721049516669955 0.0068359375
0 0.5974551193529296 0.892822265625 0.003156441112645492 0.00537109375
0 0.40244624186230027 0.892578125 0.003748273821266522 0.0048828125
0 0.261491418425725 0.89111328125 0.000789110278161373 0.001953125
0 0.2562142434405208 0.891845703125 0.0012823042020122311 0.00341796875
0 0.5137601104754389 0.890625 0.002071414480173604 0.0029296875
0 0.45497139475241666 0.890869140625 0.002071414480173604 0.00341796875
0 0.43731505227855594 0.89111328125 0.001874136910633261 0.00390625
0 0.32659301637403826 0.890380859375 0.002170053264943776 0.00244140625
0 0.21917537975932136 0.890869140625 0.0039455513908068654 0.00341796875
0 0.279295719076741 0.889892578125 0.001085026632471888 0.00244140625
0 0.5825606628526336 0.8896484375 0.0011836654172420597 0.0029296875
0 0.5305287038863681 0.89111328125 0.006214243440520813 0.005859375
0 0.3571217202604064 0.889404296875 0.001874136910633261 0.00341796875
0 0.3081475636220162 0.88916015625 0.003550996251726179 0.0029296875
0 0.3452357466956007 0.8896484375 0.0061156046557506415 0.0048828125
0 0.4443677253896232 0.88818359375 0.0025646084040244622 0.0029296875
0 0.5182974945748668 0.88720703125 0.0012823042020122311 0.0029296875
0 0.40742750049319393 0.888671875 0.007595186427303216 0.005859375
0 0.1662556717301243 0.8876953125 0.0012823042020122311 0.00390625
0 0.31135332412704675 0.886474609375 0.0016768593410929177 0.00244140625
0 0.2599625172617873 0.887451171875 0.0016768593410929177 0.00439453125
0 0.572992700729927 0.88720703125 0.0025646084040244622 0.0048828125
0 0.3885381732097061 0.8876953125 0.0033537186821858355 0.005859375
0 0.3550996251726179 0.88623046875 0.0009863878477017164 0.0029296875
0 0.16324718879463404 0.890869140625 0.0033537186821858355 0.01220703125
0 0.511491418425725 0.88623046875 0.004044190175577037 0.00390625
0 0.5019727756954034 0.88623046875 0.004931939238508582 0.00390625
0 0.4692740185440915 0.88623046875 0.0038469126060366936 0.00390625
0 0.39795817715525744 0.8857421875 0.002071414480173604 0.0029296875
0 0.36422371276385873 0.88623046875 0.0014795817715525744 0.00390625
0 0.3474057999605445 0.88671875 0.003156441112645492 0.0048828125
0 0.1912606036693628 0.891357421875 0.0072992700729927005 0.01416015625
0 0.4179818504636023 0.884765625 0.002465969619254291 0.0029296875
0 0.31589070822647464 0.885009765625 0.0036496350364963502 0.00341796875
0 0.38508581574275 0.8837890625 0.0011836654172420597 0.001953125
0 0.341388834089564 0.883544921875 0.0013809429867824028 0.00244140625
0 0.33187019135924245 0.883544921875 0.0014795817715525744 0.00244140625
0 0.24383507595186427 0.8876953125 0.011244821463799567 0.0107421875
0 0.15826593016374038 0.884033203125 0.0030578023278753207 0.00341796875
0 0.5060169658709804 0.883544921875 0.0027618859735648055 0.00341796875
0 0.45359045176563423 0.8828125 0.0008877490629315447 0.001953125
0 0.368958374432827 0.884765625 0.005622410731899783 0.005859375
0 0.36259617281515094 0.883056640625 0.0017754981258630894 0.00244140625
0 0.4325803906095877 0.883544921875 0.002071414480173604 0.00439453125
0 0.3779838232392977 0.883544921875 0.004340106529887552 0.00439453125
0 0.2640067074373644 0.883056640625 0.002663247188794634 0.00341796875
0 0.25088774906293154 0.8837890625 0.002071414480173604 0.0048828125
0 0.21079108305385677 0.8857421875 0.007891102781613731 0.0087890625
0 0.40540540540540543 0.88134765625 0.000789110278161373 0.001953125
0 0.2785066087985796 0.883056640625 0.002663247188794634 0.00537109375
0 0.6602387058591438 0.881591796875 0.0014795817715525744 0.00341796875
0 0.3895245610574078 0.88134765625 0.0023673308344841193 0.0029296875
0 0.3829157624778063 0.881103515625 0.0013809429867824028 0.00244140625
0 0.46370092720457684 0.880615234375 0.001578220556322746 0.00244140625
0 0.3926316827776682 0.8818359375 0.003255079897415664 0.0048828125
0 0.3376898796606826 0.880859375 0.002071414480173604 0.0029296875
0 0.2550305780232788 0.8837890625 0.005819688301440126 0.0087890625
0 0.23288617084237523 0.8857421875 0.006707437364371671 0.0126953125
0 0.5955809824422963 0.88330078125 0.007496547642533044 0.0087890625
0 0.42434405208127834 0.882080078125 0.004142828960347208 0.00634765625
0 0.43001578220556325 0.8828125 0.0022686920497139475 0.0087890625
0 0.5225389623199842 0.879638671875 0.0016768593410929177 0.00341796875
0 0.4472282501479582 0.879638671875 0.0017754981258630894 0.00341796875
0 0.3592917735253502 0.880615234375 0.003255079897415664 0.00537109375
0 0.36358256066285266 0.879150390625 0.004931939238508582 0.00341796875
0 0.37122706648254095 0.87841796875 0.0012823042020122311 0.0029296875
0 0.2563622016176761 0.878662109375 0.002170053264943776 0.00341796875
0 0.3407476819885579 0.87890625 0.001874136910633261 0.0048828125
0 0.22815150917340699 0.87939453125 0.004537384099427895 0.005859375
0 0.38779838232392977 0.877197265625 0.002465969619254291 0.00244140625
0 0.4686821858354705 0.876708984375 0.001874136910633261 0.00244140625
0 0.5688498717695798 0.878662109375 0.012033931741960938 0.00732421875
0 0.3375419214835273 0.87646484375 0.001578220556322746 0.0029296875
0 0.5312191753797593 0.877685546875 0.004044190175577037 0.00634765625
0 0.4417044782008286 0.876953125 0.004142828960347208 0.0048828125
0 0.3991911619648846 0.87646484375 0.0061156046557506415 0.00390625
0 0.2766324718879463 0.875732421875 0.0022686920497139475 0.00244140625
0 0.7027027027027027 0.875244140625 0.000789110278161373 0.00244140625
0 0.4174886565397514 0.87646484375 0.002071414480173604 0.0048828125
0 0.289652791477609 0.876220703125 0.005030578023278753 0.00439453125
0 0.43026237916748866 0.875732421875 0.0039455513908068654 0.00439453125
0 0.37887157230222923 0.874755859375 0.0009863878477017164 0.00244140625
0 0.3824225685539554 0.87646484375 0.0019727756954034327 0.0068359375
0 0.46153087393963305 0.875244140625 0.004340106529887552 0.00634765625
0 0.4482146379956599 0.873046875 0.000789110278161373 0.001953125
0 0.3705859143815348 0.873046875 0.0011836654172420597 0.001953125
0 0.18598342868415862 0.878173828125 0.006214243440520813 0.01220703125
0 0.6818899191161965 0.873291015625 0.0009863878477017164 0.00341796875
0 0.4360820674689288 0.8740234375 0.007496547642533044 0.0048828125
0 0.31880055237719473 0.872802734375 0.0011836654172420597 0.00244140625
0 0.22479779049122114 0.87451171875 0.004142828960347208 0.005859375
0 0.5598737423554941 0.872314453125 0.0013809429867824028 0.00244140625
0 0.5134641941211284 0.873291015625 0.004044190175577037 0.00634765625
0 0.46685736831722235 0.871337890625 0.0009863878477017164 0.00244140625
0 0.3882915762477806 0.87109375 0.0008877490629315447 0.001953125
0 0.44032353521404616 0.87109375 0.0011836654172420597 0.0029296875
0 0.4092523180114421 0.87109375 0.0023673308344841193 0.0029296875
0 0.6667981850463602 0.871337890625 0.0027618859735648055 0.00439453125
0 0.5081376997435392 0.870849609375 0.0008877490629315447 0.00341796875
0 0.22889130005918326 0.8720703125 0.005030578023278753 0.005859375
0 0.6315841388834089 0.8701171875 0.002959163543105149 0.0029296875
0 0.4124580785164727 0.873046875 0.008187019135924246 0.0087890625
0 0.6818899191161965 0.869384765625 0.0025646084040244622 0.00244140625
0 0.6121522982836851 0.869873046875 0.004142828960347208 0.00341796875
0 0.42651410534622214 0.869873046875 0.004931939238508582 0.00341796875
0 0.39978299467350564 0.86962890625 0.002170053264943776 0.0029296875
0 0.5418721641349379 0.869384765625 0.002071414480173604 0.00341796875
0 0.3233379364766226 0.869384765625 0.0019727756954034327 0.00341796875
0 0.2791970802919708 0.868896484375 0.0012823042020122311 0.00244140625
0 0.4306569343065693 0.8681640625 0.0019727756954034327 0.001953125
0 0.45324521601893863 0.8681640625 0.0027618859735648055 0.0029296875
0 0.35105543499704084 0.867919921875 0.001578220556322746 0.00244140625
0 0.5211580193332018 0.86962890625 0.003452357466956007 0.0068359375
0 0.4019530479384494 0.86767578125 0.0011836654172420597 0.0029296875
0 0.41882028013414874 0.8671875 0.0011836654172420597 0.0029296875
0 0.34637009272045766 0.869384765625 0.00483330045373841 0.00732421875
0 0.38054843164332214 0.86669921875 0.004931939238508582 0.0029296875
0 0.3579601499309529 0.86962890625 0.004142828960347208 0.0087890625
0 0.47977904912211483 0.869140625 0.017360426119550208 0.0087890625
0 0.2700236733083448 0.86767578125 0.003452357466956007 0.005859375
0 0.38335963700927206 0.86669921875 0.002465969619254291 0.0048828125
0 0.3659992108897218 0.8662109375 0.0016768593410929177 0.00390625
0 0.4530972578417834 0.86474609375 0.0022686920497139475 0.0029296875
0 0.34888538173209704 0.865478515625 0.003550996251726179 0.00439453125
0 0.2673111067271651 0.86474609375 0.002959163543105149 0.0029296875
0 0.26376011047543896 0.864990234375 0.003748273821266522 0.00341796875
0 0.3127342671138292 0.8642578125 0.0012823042020122311 0.0029296875
0 0.28363582560662853 0.86328125 0.001085026632471888 0.001953125
0 0.23845926218188992 0.86376953125 0.0028605247583349774 0.0029296875
0 0.2274117182876307 0.8642578125 0.001085026632471888 0.00390625
0 0.5023673308344841 0.86376953125 0.002959163543105149 0.00390625
0 0.46789307555730913 0.8623046875 0.001085026632471888 0.001953125
0 0.3625468534227658 0.867431640625 0.0044387453146577235 0.01220703125
0 0.3562832905898599 0.86328125 0.0039455513908068654 0.00390625
0 0.27668179128033143 0.86328125 0.0023673308344841193 0.00390625
0 0.21887946340501085 0.86767578125 0.007101992503452358 0.0126953125
0 0.40634247386072203 0.8623046875 0.002071414480173604 0.0029296875
0 0.3125863089366739 0.868896484375 0.011244821463799567 0.01611328125
0 0.710939041231012 0.8623046875 0.006016965870980469 0.0048828125
0 0.42192740185440913 0.8623046875 0.006214243440520813 0.0048828125
0 0.3848885381732097 0.861083984375 0.002170053264943776 0.00244140625
0 0.33951469717893074 0.86181640625 0.004931939238508582 0.00390625
0 0.3156934306569343 0.8623046875 0.002071414480173604 0.0048828125
0 0.21059380548431644 0.86279296875 0.008680213059775104 0.0078125
0 0.4850069047149339 0.860107421875 0.002959163543105149 0.00341796875
0 0.4113237324916157 0.861572265625 0.003748273821266522 0.00634765625
0 0.3946537778654567 0.8623046875 0.003550996251726179 0.0078125
0 0.3784770171631486 0.860107421875 0.0039455513908068654 0.00341796875
0 0.4016571315841389 0.85986328125 0.004142828960347208 0.00390625
0 0.4607417636614717 0.859130859375 0.0019727756954034327 0.00341796875
0 0.4503353718682186 0.85888671875 0.002663247188794634 0.0029296875
0 0.37364371670941016 0.8583984375 0.000789110278161373 0.001953125
0 0.30346222134543305 0.859130859375 0.002663247188794634 0.00341796875
0 0.23490826593016373 0.860595703125 0.002663247188794634 0.00634765625
0 0.4405208127835865 0.859619140625 0.0027618859735648055 0.00537109375
0 0.36777470901558496 0.8583984375 0.001085026632471888 0.0029296875
0 0.2591240875912409 0.8583984375 0.003156441112645492 0.00390625
0 0.3303412901953048 0.857177734375 0.0013809429867824028 0.00244140625
0 0.6498816334582758 0.857666015625 0.0036496350364963502 0.00537109375
0 0.31194515683566776 0.856201171875 0.002071414480173604 0.00244140625
0 0.15076938252120733 0.856201171875 0.0012823042020122311 0.00244140625
0 0.4381041625567173 0.8564453125 0.002465969619254291 0.00390625
0 0.27618859735648055 0.85595703125 0.004537384099427895 0.0029296875
0 0.45590846320773326 0.85546875 0.002170053264943776 0.0029296875
0 0.38429670546458866 0.85546875 0.003550996251726179 0.0029296875
0 0.35164726770566185 0.856201171875 0.007101992503452358 0.00439453125
0 0.44175379759321365 0.8544921875 0.0012823042020122311 0.001953125
0 0.3171730124284869 0.855224609375 0.002071414480173604 0.00341796875
0 0.2444762280528704 0.855712890625 0.007595186427303216 0.00439453125
0 0.2016669954626159 0.854736328125 0.0014795817715525744 0.00244140625
0 0.3698461234957585 0.85546875 0.00483330045373841 0.0048828125
0 0.2816630499112251 0.856689453125 0.0044387453146577235 0.00732421875
0 0.21991517064509766 0.85498046875 0.0044387453146577235 0.00390625
0 0.47859538370487276 0.853759765625 0.0013809429867824028 0.00244140625
0 0.4636516078121918 0.8544921875 0.006806076149141842 0.00390625
0 0.36412507397908855 0.8544921875 0.0036496350364963502 0.00390625
0 0.3249654764253304 0.854248046875 0.002465969619254291 0.00341796875
0 0.29912211481554546 0.8544921875 0.00483330045373841 0.00390625
0 0.5903038074570921 0.85400390625 0.0028605247583349774 0.00390625
0 0.4150720063128822 0.85400390625 0.005523771947129611 0.00390625
0 0.42483724600512923 0.8525390625 0.0017754981258630894 0.001953125
0 0.41068258039060956 0.853271484375 0.0036496350364963502 0.00341796875
0 0.1936279345038469 0.85400390625 0.0039455513908068654 0.005859375
0 0.4046656145196291 0.852294921875 0.0030578023278753207 0.00341796875
0 0.39090550404419017 0.8525390625 0.0017754981258630894 0.00390625
0 0.3817814164529493 0.852294921875 0.0012823042020122311 0.00341796875
0 0.5137601104754389 0.851318359375 0.0012823042020122311 0.00244140625
0 0.47701716314855 0.851318359375 0.0017754981258630894 0.00244140625
0 0.48480962714539355 0.850830078125 0.003748273821266522 0.00244140625
0 0.38898204774117184 0.850830078125 0.002465969619254291 0.00244140625
0 0.6418425724995068 0.850830078125 0.0019727756954034327 0.00341796875
0 0.3920398500690471 0.85009765625 0.001085026632471888 0.001953125
0 0.4889524561057408 0.849853515625 0.000789110278161373 0.00244140625
0 0.44584730716117577 0.85107421875 0.003550996251726179 0.0048828125
0 0.4008680213059775 0.85009765625 0.0017754981258630894 0.0029296875
0 0.2778654566975735 0.849853515625 0.0027618859735648055 0.00244140625
0 0.4415565200236733 0.8505859375 0.0044387453146577235 0.0048828125
0 0.3383803511540738 0.849365234375 0.0022686920497139475 0.00244140625
0 0.42296310909449597 0.84912109375 0.003156441112645492 0.0029296875
0 0.27101006115604653 0.850830078125 0.002663247188794634 0.00634765625
0 0.5107023081475637 0.848388671875 0.0014795817715525744 0.00341796875
0 0.40313671335569146 0.84765625 0.0017754981258630894 0.001953125
0 0.2309133951469718 0.847900390625 0.000789110278161373 0.00244140625
0 0.3242750049319392 0.847412109375 0.0014795817715525744 0.00244140625
0 0.5496646281317814 0.847900390625 0.001874136910633261 0.00439453125
0 0.37749062931544686 0.846923828125 0.0027618859735648055 0.00341796875
0 0.3400572104951667 0.84619140625 0.001085026632471888 0.001953125
0 0.2343657526139278 0.850830078125 0.005918327086210298 0.01123046875
0 0.6341980666798185 0.84619140625 0.0016768593410929177 0.00390625
0 0.5467054645886763 0.846435546875 0.0036496350364963502 0.00439453125
0 0.3491812980864076 0.84521484375 0.000789110278161373 0.001953125
0 0.2253403038074571 0.845703125 0.0022686920497139475 0.0029296875
0 0.212073387255869 0.84716796875 0.004734661668968239 0.005859375
0 0.6900276188597356 0.845458984375 0.001874136910633261 0.00341796875
0 0.6734069836259617 0.8447265625 0.0009863878477017164 0.001953125
0 0.43386269481159995 0.846923828125 0.003255079897415664 0.00634765625
0 0.21473663444466365 0.845458984375 0.003550996251726179 0.00341796875
0 0.45230814756362203 0.844970703125 0.003452357466956007 0.00341796875
0 0.34449595580982445 0.845703125 0.006016965870980469 0.0048828125
0 0.6067764845137108 0.843994140625 0.002071414480173604 0.00244140625
0 0.4638982047741172 0.84375 0.0017754981258630894 0.001953125
0 0.41808048924837243 0.84423828125 0.0016768593410929177 0.00390625
0 0.19742552771749852 0.84375 0.003452357466956007 0.0029296875
0 0.5706253698954429 0.84375 0.0027618859735648055 0.00390625
0 0.34755375813769973 0.843017578125 0.002465969619254291 0.00244140625
0 0.2688400078911028 0.843017578125 0.0008877490629315447 0.00244140625
0 0.574127046754784 0.842529296875 0.001085026632471888 0.00244140625
0 0.3173209706056421 0.845703125 0.004537384099427895 0.0087890625
0 0.4578812389031367 0.845947265625 0.008877490629315447 0.01025390625
0 0.39677451173801537 0.841552734375 0.0022686920497139475 0.00244140625
0 0.3946537778654567 0.8427734375 0.002959163543105149 0.0048828125
0 0.3561353324127047 0.847412109375 0.010948905109489052 0.01416015625
0 0.3389721838626948 0.841796875 0.0014795817715525744 0.0029296875
0 0.5415269283882422 0.841064453125 0.0019727756954034327 0.00244140625
0 0.3139179325310712 0.841796875 0.0036496350364963502 0.00390625
0 0.2641546656145196 0.84130859375 0.0013809429867824028 0.0029296875
0 0.2581376997435392 0.841064453125 0.001578220556322746 0.00244140625
0 0.2461530873939633 0.842041015625 0.00424146774511738 0.00439453125
0 0.5072499506806076 0.841064453125 0.004044190175577037 0.00341796875
0 0.36728151509173407 0.84033203125 0.001085026632471888 0.001953125
0 0.2670645097652397 0.843505859375 0.003255079897415664 0.00830078125
0 0.243095285066088 0.84033203125 0.0008877490629315447 0.001953125
0 0.5553363582560663 0.840576171875 0.0019727756954034327 0.00341796875
0 0.27332807259814557 0.840576171875 0.004931939238508582 0.00341796875
0 0.6583152495561254 0.83984375 0.003550996251726179 0.0029296875
0 0.5484316433221542 0.84130859375 0.003156441112645492 0.005859375
0 0.456894851055435 0.839111328125 0.0011836654172420597 0.00244140625
0 0.40432037877293353 0.839111328125 0.002170053264943776 0.00244140625
0 0.3823239297691852 0.84130859375 0.005326494377589268 0.0068359375
0 0.3345334385480371 0.83935546875 0.0022686920497139475 0.0048828125
0 0.22435391595975537 0.838623046875 0.002465969619254291 0.00439453125
0 0.17123693036101795 0.83740234375 0.000789110278161373 0.001953125
0 0.4263168277766818 0.837158203125 0.0009863878477017164 0.00244140625
0 0.5265831524955612 0.83642578125 0.0008877490629315447 0.001953125
0 0.42996646281317813 0.841552734375 0.003550996251726179 0.01220703125
0 0.3255573091339515 0.8369140625 0.0016768593410929177 0.0029296875
0 0.7064016571315841 0.83740234375 0.002663247188794634 0.0048828125
0 0.6284770171631485 0.836181640625 0.002663247188794634 0.00341796875
0 0.2607023081475636 0.8359375 0.002959163543105149 0.0029296875
0 0.15653975143026239 0.83642578125 0.0011836654172420597 0.00390625
0 0.37901953047938447 0.8369140625 0.0038469126060366936 0.005859375
0 0.25665811797198657 0.836181640625 0.003156441112645492 0.00439453125
0 0.3876011047543894 0.835693359375 0.0014795817715525744 0.00439453125
0 0.4005227855592819 0.835693359375 0.003255079897415664 0.00537109375
0 0.44895442888143616 0.833984375 0.0022686920497139475 0.0029296875
0 0.39554152692838823 0.833740234375 0.000789110278161373 0.00244140625
0 0.3077036890905504 0.83544921875 0.0038469126060366936 0.005859375
0 0.23076543696981652 0.834716796875 0.005227855592819097 0.00439453125
0 0.4227658315249556 0.83447265625 0.0011836654172420597 0.0048828125
0 0.3967251923456303 0.8330078125 0.000789110278161373 0.001953125
0 0.35800946932333794 0.834228515625 0.0030578023278753207 0.00439453125
0 0.3386762675083843 0.835693359375 0.009567962122706648 0.00732421875
0 0.3305878871572302 0.833740234375 0.0066087985796014995 0.00341796875
0 0.24600512921680806 0.835205078125 0.009469323337936477 0.00634765625
0 0.45206155060169656 0.832763671875 0.002170053264943776 0.00244140625
0 0.3922864470309726 0.835205078125 0.006510159794831328 0.00732421875
0 0.351154073781811 0.832763671875 0.003748273821266522 0.00341796875
0 0.4472282501479582 0.83203125 0.001578220556322746 0.0029296875
0 0.490234760307753 0.83154296875 0.0013809429867824028 0.0029296875
0 0.41433221542710597 0.831298828125 0.001874136910633261 0.00244140625
0 0.46123495758532257 0.8310546875 0.0017754981258630894 0.0029296875
0 0.4193134740579996 0.832763671875 0.001578220556322746 0.00634765625
0 0.3731012033931742 0.832763671875 0.005819688301440126 0.00634765625
0 0.35539554152692837 0.830810546875 0.0013809429867824028 0.00244140625
0 0.30691457881238904 0.83203125 0.003452357466956007 0.0048828125
0 0.26617676070230817 0.833251953125 0.0038469126060366936 0.00732421875
0 0.20102584336160978 0.830810546875 0.0013809429867824028 0.00244140625
0 0.664332215427106 0.8310546875 0.0025646084040244622 0.00390625
0 0.6185144999013612 0.83056640625 0.001085026632471888 0.0029296875
0 0.47499506806076147 0.83056640625 0.001085026632471888 0.0029296875
0 0.41709410140067077 0.830810546875 0.0014795817715525744 0.00341796875
0 0.279887551785362 0.830322265625 0.0012823042020122311 0.00244140625
0 0.15910435983428683 0.83056640625 0.0011836654172420597 0.0029296875
0 0.4582264746498323 0.830322265625 0.003255079897415664 0.00341796875
0 0.32205563227461037 0.830810546875 0.004931939238508582 0.00439453125
0 0.5162753994870783 0.83056640625 0.0027618859735648055 0.0048828125
0 0.4781021897810219 0.829833984375 0.0017754981258630894 0.00341796875
0 0.3438054843164332 0.829345703125 0.0012823042020122311 0.00244140625
0 0.2590747681988558 0.82958984375 0.001085026632471888 0.0029296875
0 0.42439337147366346 0.830078125 0.0022686920497139475 0.0048828125
0 0.21981653186032749 0.8310546875 0.005227855592819097 0.0068359375
0 0.42301242848688103 0.828857421875 0.0014795817715525744 0.00341796875
0 0.4526040639179325 0.82763671875 0.001085026632471888 0.001953125
0 0.35697376208325116 0.82763671875 0.0009863878477017164 0.001953125
0 0.47992700729927007 0.828125 0.001085026632471888 0.00390625
0 0.1922469915170645 0.8291015625 0.009469323337936477 0.005859375
0 0.6042118761096863 0.826904296875 0.0006904714933912014 0.00244140625
0 0.5531169855987375 0.82958984375 0.006214243440520813 0.0078125
0 0.3024265141053462 0.82958984375 0.004340106529887552 0.0078125
0 0.22726376011047544 0.827880859375 0.0033537186821858355 0.00439453125
0 0.563769974353916 0.82666015625 0.00424146774511738 0.0029296875
0 0.46010061156046556 0.825927734375 0.001085026632471888 0.00244140625
0 0.33956401657131585 0.828125 0.00483330045373841 0.0068359375
0 0.4944762280528704 0.82666015625 0.004734661668968239 0.0048828125
0 0.4199546261590057 0.825927734375 0.001874136910633261 0.00341796875
0 0.42148352732294336 0.824951171875 0.0009863878477017164 0.00244140625
0 0.38444466364174396 0.824951171875 0.0012823042020122311 0.00244140625
0 0.3646675872953245 0.826416015625 0.005326494377589268 0.00537109375
0 0.34676464785953837 0.825439453125 0.002663247188794634 0.00341796875
0 0.23046952061550602 0.8271484375 0.0016768593410929177 0.0068359375
0 0.48767015190372853 0.824462890625 0.0017754981258630894 0.00244140625
0 0.4845137107910831 0.82421875 0.0013809429867824028 0.001953125
0 0.3785756559479187 0.824462890625 0.0023673308344841193 0.00244140625
0 0.3225981455908463 0.824951171875 0.0022686920497139475 0.00341796875
0 0.3184553166304991 0.825439453125 0.00542513316235944 0.00439453125
0 0.5866541724205958 0.82373046875 0.0016768593410929177 0.001953125
0 0.545423160386664 0.822998046875 0.0008877490629315447 0.00244140625
0 0.3442000394555139 0.822998046875 0.002071414480173604 0.00244140625
0 0.2768790688498718 0.822998046875 0.0013809429867824028 0.00244140625
0 0.30030578023278753 0.8232421875 0.003452357466956007 0.00390625
0 0.4006707437364372 0.822021484375 0.001578220556322746 0.00244140625
0 0.3932235154862892 0.822509765625 0.0036496350364963502 0.00341796875
0 0.37329848096271456 0.822998046875 0.0044387453146577235 0.00439453125
0 0.35830538567764847 0.82275390625 0.003452357466956007 0.00390625
0 0.32708621029788915 0.823486328125 0.003156441112645492 0.00537109375
0 0.28220556322746104 0.822509765625 0.0025646084040244622 0.00341796875
0 0.4715427105938055 0.822265625 0.0028605247583349774 0.00390625
0 0.46789307555730913 0.821533203125 0.002465969619254291 0.00244140625
0 0.43682185835470505 0.821044921875 0.0012823042020122311 0.00244140625
0 0.26376011047543896 0.823974609375 0.00907476819885579 0.00830078125
0 0.6443085421187611 0.821044921875 0.004734661668968239 0.00341796875
0 0.27973959360820677 0.8203125 0.0011836654172420597 0.001953125
0 0.5522292365358059 0.8203125 0.002663247188794634 0.0029296875
0 0.31480568159400274 0.821533203125 0.0028605247583349774 0.00537109375
0 0.3029197080291971 0.8212890625 0.0011836654172420597 0.0048828125
0 0.3962319984217794 0.81982421875 0.0009863878477017164 0.0029296875
0 0.38217597159203 0.819580078125 0.0016768593410929177 0.00244140625
0 0.5796508187019136 0.819091796875 0.0014795817715525744 0.00244140625
0 0.604606431248767 0.81982421875 0.0030578023278753207 0.0048828125
0 0.5282600118366542 0.818359375 0.0038469126060366936 0.0029296875
0 0.27199644900374825 0.818603515625 0.002663247188794634 0.00341796875
0 0.45571118563819296 0.8193359375 0.005326494377589268 0.005859375
0 0.40792069441704476 0.818359375 0.003255079897415664 0.00390625
0 0.22731307950286053 0.8173828125 0.0028605247583349774 0.0029296875
0 0.6525448806470704 0.81689453125 0.0022686920497139475 0.0029296875
0 0.4638488853817321 0.816650390625 0.001085026632471888 0.00244140625
0 0.21907674097455118 0.816650390625 0.0009863878477017164 0.00244140625
0 0.1355790096666009 0.819091796875 0.0028605247583349774 0.00732421875
0 0.6602880252515289 0.81640625 0.003550996251726179 0.0029296875
0 0.6691161964884592 0.816162109375 0.0012823042020122311 0.00341796875
0 0.6650226869204972 0.81640625 0.0033537186821858355 0.00390625
0 0.5206155060169658 0.81591796875 0.0033537186821858355 0.0029296875
0 0.5013316235943973 0.816650390625 0.0038469126060366936 0.00439453125
0 0.46527914776089957 0.815185546875 0.001578220556322746 0.00244140625
0 0.2788025251528901 0.815673828125 0.0022686920497139475 0.00341796875
0 0.27668179128033143 0.81494140625 0.000789110278161373 0.001953125
0 0.4857466956007102 0.814697265625 0.0022686920497139475 0.00244140625
0 0.47657328861708426 0.81591796875 0.0077924639968435586 0.0048828125
0 0.5246103768001579 0.81494140625 0.003255079897415664 0.00390625
0 0.42271651213257055 0.814453125 0.0038469126060366936 0.0029296875
0 0.20733872558690078 0.814697265625 0.003156441112645492 0.00341796875
0 0.4456993489840205 0.814208984375 0.001085026632471888 0.00341796875
0 0.3268396133359637 0.813720703125 0.001874136910633261 0.00244140625
0 0.18687117774709017 0.814697265625 0.004636022884198066 0.00537109375
0 0.23801538765042415 0.816162109375 0.007101992503452358 0.01025390625
0 0.41092917735253504 0.811767578125 0.002170053264943776 0.00244140625
0 0.3524363779838232 0.812744140625 0.0025646084040244622 0.00439453125
0 0.2875813769974354 0.817138671875 0.006214243440520813 0.01318359375
0 0.24916157032945355 0.815185546875 0.006312882225290984 0.00927734375
0 0.22652396922469914 0.812255859375 0.0044387453146577235 0.00439453125
0 0.5386664036299073 0.811279296875 0.0019727756954034327 0.00341796875
0 0.37324916157032945 0.810791015625 0.001578220556322746 0.00341796875
0 0.3762083251134346 0.810791015625 0.004142828960347208 0.00439453125
0 0.38010455711185637 0.809326171875 0.0030578023278753207 0.00244140625
0 0.25547445255474455 0.8095703125 0.0025646084040244622 0.0029296875
0 0.4698658512527126 0.8095703125 0.0022686920497139475 0.00390625
0 0.4330735845334385 0.80908203125 0.002465969619254291 0.0029296875
0 0.3957388044979286 0.81298828125 0.007693825212073387 0.0107421875
0 0.3313276780430065 0.80908203125 0.0025646084040244622 0.0029296875
0 0.2960643124876702 0.809814453125 0.0044387453146577235 0.00439453125
0 0.24462418623002566 0.80859375 0.000789110278161373 0.001953125
0 0.5550404419017557 0.80859375 0.0017754981258630894 0.0029296875
0 0.46123495758532257 0.809326171875 0.002959163543105149 0.00439453125
0 0.4200039455513908 0.813232421875 0.006904714933912014 0.01220703125
0 0.2807259814559085 0.80859375 0.0023673308344841193 0.00390625
0 0.3369500887749063 0.807373046875 0.0019727756954034327 0.00244140625
0 0.3112053659498915 0.8076171875 0.0027618859735648055 0.0029296875
0 0.49008680213059774 0.80712890625 0.001085026632471888 0.0029296875
0 0.4061451962911817 0.80712890625 0.002465969619254291 0.0029296875
0 0.34508778851844546 0.80712890625 0.0014795817715525744 0.0029296875
0 0.6854409153679226 0.806396484375 0.0011836654172420597 0.00244140625
0 0.48278753205760505 0.807861328125 0.00424146774511738 0.00537109375
0 0.368415861116591 0.80859375 0.007101992503452358 0.0068359375
0 0.3556914578812389 0.806396484375 0.0017754981258630894 0.00244140625
0 0.2704182284474255 0.8076171875 0.0044387453146577235 0.0048828125
0 0.6110179522588282 0.806396484375 0.002663247188794634 0.00341796875
0 0.4144801736042612 0.807861328125 0.004142828960347208 0.00634765625
0 0.3435588873545078 0.8056640625 0.000789110278161373 0.001953125
0 0.6777470901558493 0.805419921875 0.006312882225290984 0.00341796875
0 0.6644801736042611 0.80615234375 0.0016768593410929177 0.0048828125
0 0.6170349181298086 0.804931640625 0.0030578023278753207 0.00341796875
0 0.40205168672321956 0.803955078125 0.0019727756954034327 0.00244140625
0 0.29946735056224105 0.8046875 0.007101992503452358 0.00390625
0 0.27584336160978495 0.803955078125 0.003255079897415664 0.00244140625
0 0.6257151311895838 0.804443359375 0.0014795817715525744 0.00439453125
0 0.4293746301045571 0.806884765625 0.00848293549023476 0.00927734375
0 0.6418918918918919 0.802978515625 0.002071414480173604 0.00341796875
0 0.4118169264154666 0.802490234375 0.0009863878477017164 0.00244140625
0 0.31559479187216416 0.804443359375 0.0016768593410929177 0.00634765625
0 0.26588084434799764 0.803955078125 0.002465969619254291 0.00537109375
0 0.36945156835667786 0.802001953125 0.001085026632471888 0.00244140625
0 0.3480469520615506 0.803955078125 0.006016965870980469 0.00634765625
0 0.44663641743933713 0.802978515625 0.0027618859735648055 0.00537109375
0 0.38025251528901166 0.803955078125 0.004734661668968239 0.00732421875
0 0.4812093115012823 0.80126953125 0.0016768593410929177 0.0029296875
0 0.44382521207338727 0.804931640625 0.005227855592819097 0.01025390625
0 0.41916551588084433 0.80224609375 0.0028605247583349774 0.0048828125
0 0.375863089366739 0.801025390625 0.0012823042020122311 0.00244140625
0 0.3715229828368514 0.8017578125 0.001874136910633261 0.00390625
0 0.33473071611757743 0.802490234375 0.001874136910633261 0.00537109375
0 0.6097356480568159 0.80078125 0.003452357466956007 0.0029296875
0 0.4406194515683567 0.80126953125 0.0023673308344841193 0.00390625
0 0.4089070822647465 0.80224609375 0.002663247188794634 0.005859375
0 0.23623988952456107 0.802001953125 0.005326494377589268 0.00537109375
0 0.5261392779640954 0.801025390625 0.0017754981258630894 0.00439453125
0 0.2429966462813178 0.80078125 0.0036496350364963502 0.00390625
0 0.31722233182087195 0.800048828125 0.0017754981258630894 0.00341796875
0 0.43790688498717695 0.7998046875 0.003255079897415664 0.00390625
0 0.34474255277174987 0.800537109375 0.003156441112645492 0.00537109375
0 0.32432432432432434 0.79931640625 0.002170053264943776 0.0029296875
0 0.21468731505227856 0.801513671875 0.004044190175577037 0.00732421875
0 0.4627638587492602 0.79833984375 0.0008877490629315447 0.001953125
0 0.5248569737620833 0.7978515625 0.0011836654172420597 0.001953125
0 0.42222331820871967 0.800048828125 0.002465969619254291 0.00634765625
0 0.3661471690668771 0.80078125 0.007891102781613731 0.0078125
0 0.4257249950680608 0.797607421875 0.0009863878477017164 0.00244140625
0 0.340205168672322 0.801025390625 0.005523771947129611 0.00927734375
0 0.1797691852436378 0.798095703125 0.001874136910633261 0.00341796875
0 0.3841980666798185 0.798828125 0.005918327086210298 0.005859375
0 0.362053659498915 0.79736328125 0.0014795817715525744 0.0029296875
0 0.4000789110278161 0.79736328125 0.002170053264943776 0.00390625
0 0.5145492207536003 0.796142578125 0.001874136910633261 0.00244140625
0 0.5118859735648057 0.79638671875 0.0016768593410929177 0.0029296875
0 0.4967942394949694 0.796142578125 0.001085026632471888 0.00244140625
0 0.3949496942197672 0.798095703125 0.006510159794831328 0.00634765625
0 0.5972578417833893 0.79638671875 0.0017754981258630894 0.00390625
0 0.35860130203195895 0.796630859375 0.004044190175577037 0.00537109375
0 0.46335569145788125 0.79443359375 0.0008877490629315447 0.001953125
0 0.35297889130005916 0.795654296875 0.0036496350364963502 0.00439453125
0 0.31623594397317023 0.794677734375 0.0017754981258630894 0.00244140625
0 0.4305582955217992 0.795166015625 0.001578220556322746 0.00439453125
0 0.4144308542118761 0.794921875 0.0028605247583349774 0.00390625
0 0.4098934701124482 0.794189453125 0.0014795817715525744 0.00244140625
0 0.6821365160781219 0.794677734375 0.001874136910633261 0.00439453125
0 0.38814361807062536 0.79443359375 0.003156441112645492 0.00390625
0 0.25774314460445846 0.796875 0.005918327086210298 0.0087890625
0 0.40111461826790296 0.793701171875 0.006016965870980469 0.00341796875
0 0.37625764450581967 0.794677734375 0.007397908857762872 0.00537109375
0 0.5615999210889722 0.797607421875 0.007003353718682186 0.01318359375
0 0.42015190372854605 0.79248046875 0.004044190175577037 0.0048828125
0 0.32836851449990134 0.794677734375 0.00966660090747682 0.00927734375
0 0.6995462615900572 0.7919921875 0.003748273821266522 0.0048828125
0 0.6652199644900375 0.791015625 0.004931939238508582 0.00390625
0 0.6449003748273822 0.790283203125 0.0011836654172420597 0.00244140625
0 0.5623397119747485 0.79052734375 0.000789110278161373 0.0029296875
0 0.5109982245018742 0.791259765625 0.0030578023278753207 0.00439453125
0 0.4565496153087394 0.7919921875 0.002663247188794634 0.005859375
0 0.6186624580785165 0.78955078125 0.001578220556322746 0.001953125
0 0.47391004142828963 0.7919921875 0.003452357466956007 0.0068359375
0 0.43396133359637007 0.79150390625 0.005227855592819097 0.005859375
0 0.6405602682974946 0.789306640625 0.003550996251726179 0.00244140625
0 0.3099723811402644 0.78955078125 0.0044387453146577235 0.0029296875
0 0.31978694022489645 0.789306640625 0.0017754981258630894 0.00341796875
0 0.5326001183665418 0.7880859375 0.0012823042020122311 0.001953125
0 0.4501874136910633 0.788818359375 0.0011836654172420597 0.00341796875
0 0.208621029788913 0.788818359375 0.004142828960347208 0.00439453125
0 0.5027618859735649 0.787353515625 0.0019727756954034327 0.00244140625
0 0.7085223910041428 0.788330078125 0.0061156046557506415 0.00537109375
0 0.5753600315644112 0.787353515625 0.003748273821266522 0.00341796875
0 0.4981751824817518 0.787109375 0.001085026632471888 0.0029296875
0 0.35263365555336357 0.787109375 0.0017754981258630894 0.0029296875
0 0.30306766620635234 0.787841796875 0.002663247188794634 0.00439453125
0 0.4961530873939633 0.787109375 0.0017754981258630894 0.00390625
0 0.34780035509962515 0.78662109375 0.003748273821266522 0.0029296875
0 0.23964292759913197 0.786865234375 0.002071414480173604 0.00341796875
0 0.6719767212467942 0.7861328125 0.0022686920497139475 0.0029296875
0 0.4669560071019925 0.78564453125 0.003550996251726179 0.00390625
0 0.42685934109291773 0.78515625 0.0014795817715525744 0.0029296875
0 0.5627835865062143 0.7841796875 0.0008877490629315447 0.001953125
0 0.47030972578417835 0.78466796875 0.0023673308344841193 0.0029296875
0 0.379907279542316 0.785400390625 0.007595186427303216 0.00439453125
0 0.23288617084237523 0.784912109375 0.001578220556322746 0.00341796875
0 0.21794239494969422 0.784423828125 0.001085026632471888 0.00244140625
0 0.4392878279739594 0.7841796875 0.0016768593410929177 0.0029296875
0 0.630499112250937 0.7841796875 0.0023673308344841193 0.00390625
0 0.5102584336160978 0.78369140625 0.0013809429867824028 0.00390625
0 0.33714736634444664 0.78369140625 0.0023673308344841193 0.00390625
0 0.4514203985006905 0.782470703125 0.0014795817715525744 0.00244140625
0 0.4431347405799961 0.787109375 0.01213257052673111 0.01171875
0 0.3521897810218978 0.78271484375 0.002663247188794634 0.0029296875
0 0.45807851647267706 0.78271484375 0.004340106529887552 0.00390625
0 0.42434405208127834 0.7822265625 0.002170053264943776 0.0029296875
0 0.3863188005523772 0.78173828125 0.0006904714933912014 0.001953125
0 0.3559380548431643 0.783447265625 0.004044190175577037 0.00537109375
0 0.6992996646281318 0.78173828125 0.0012823042020122311 0.0029296875
0 0.26420398500690473 0.782470703125 0.0022686920497139475 0.00439453125
0 0.200581968830144 0.78125 0.0014795817715525744 0.001953125
0 0.43070625369895443 0.78369140625 0.005227855592819097 0.0078125
0 0.5191359242454133 0.781005859375 0.0023673308344841193 0.00341796875
0 0.40481357269678436 0.78076171875 0.0023673308344841193 0.0029296875
0 0.48278753205760505 0.781982421875 0.0028605247583349774 0.00634765625
0 0.4767212467942395 0.78076171875 0.0033537186821858355 0.00390625
0 0.3932235154862892 0.781494140625 0.0028605247583349774 0.00537109375
0 0.2389031367133557 0.781005859375 0.005523771947129611 0.00439453125
0 0.4283389228644703 0.7802734375 0.00483330045373841 0.00390625
0 0.30129216808048925 0.779296875 0.0012823042020122311 0.001953125
0 0.3835569145788124 0.779541015625 0.0044387453146577235 0.00341796875
0 0.363237324916157 0.779052734375 0.0014795817715525744 0.00244140625
0 0.30785164726770564 0.780029296875 0.006312882225290984 0.00439453125
0 0.27993687117774707 0.779296875 0.0017754981258630894 0.0029296875
0 0.4510751627539949 0.7783203125 0.004142828960347208 0.0029296875
0 0.3730518840007891 0.7783203125 0.004537384099427895 0.0029296875
0 0.3605247583349773 0.7783203125 0.002170053264943776 0.0029296875
0 0.6841092917735253 0.779296875 0.006016965870980469 0.0068359375
0 0.4462418623002565 0.77734375 0.0011836654172420597 0.0029296875
0 0.39090550404419017 0.7783203125 0.003748273821266522 0.0048828125
0 0.6403136713355692 0.777587890625 0.0030578023278753207 0.00439453125
0 0.32575458670349183 0.7802734375 0.010751627539948707 0.009765625
0 0.23323140658907082 0.77685546875 0.0038469126060366936 0.0029296875
0 0.3665910435983429 0.77783203125 0.0022686920497139475 0.005859375
0 0.35455711185638195 0.77685546875 0.007200631288222529 0.00390625
0 0.494229631090945 0.775634765625 0.00542513316235944 0.00341796875
0 0.4687315052278556 0.77587890625 0.002170053264943776 0.00390625
0 0.29088577628723616 0.777587890625 0.0025646084040244622 0.00732421875
0 0.35066087985796013 0.7744140625 0.0011836654172420597 0.001953125
0 0.5096172815150918 0.775634765625 0.002071414480173604 0.00537109375
0 0.329305582955218 0.774658203125 0.0016768593410929177 0.00341796875
0 0.38720654961530876 0.77587890625 0.0036496350364963502 0.0068359375
0 0.382767804300651 0.774169921875 0.002071414480173604 0.00341796875
0 0.4607910830538568 0.77294921875 0.0008877490629315447 0.001953125
0 0.3974156638390215 0.7734375 0.0017754981258630894 0.0029296875
0 0.3619057013217597 0.7734375 0.001578220556322746 0.0029296875
0 0.46542710593805486 0.77392578125 0.002663247188794634 0.0048828125
0 0.3150522785559282 0.772216796875 0.0017754981258630894 0.00244140625
0 0.6843065693430657 0.771728515625 0.001085026632471888 0.00244140625
0 0.6682777668179128 0.771484375 0.000789110278161373 0.001953125
0 0.5476425330439929 0.771484375 0.0009863878477017164 0.001953125
0 0.5201716314855 0.771728515625 0.0014795817715525744 0.00244140625
0 0.34794831327678044 0.772216796875 0.0030578023278753207 0.00341796875
0 0.30508976129414084 0.77294921875 0.008088380351154074 0.0048828125
0 0.2958670349181298 0.77294921875 0.00424146774511738 0.0048828125
0 0.48076543696981655 0.77099609375 0.0019727756954034327 0.0029296875
0 0.4858453343854804 0.77294921875 0.007397908857762872 0.0087890625
0 0.21483527322943383 0.771240234375 0.0039455513908068654 0.00537109375
0 0.5575557309133952 0.770263671875 0.002465969619254291 0.00439453125
0 0.41669954626159006 0.769775390625 0.0022686920497139475 0.00341796875
0 0.5162260800946933 0.77001953125 0.002071414480173604 0.0048828125
0 0.4705070033537187 0.7685546875 0.0013809429867824028 0.001953125
0 0.1303511540737818 0.768798828125 0.001085026632471888 0.00244140625
0 0.33783783783783783 0.7705078125 0.0061156046557506415 0.0068359375
0 0.2712073387255869 0.77197265625 0.007595186427303216 0.009765625
0 0.3411422371276386 0.767578125 0.0012823042020122311 0.001953125
0 0.45566186624580785 0.76708984375 0.001085026632471888 0.001953125
0 0.46606825803906093 0.767578125 0.004142828960347208 0.00390625
0 0.4625665811797199 0.766845703125 0.0014795817715525744 0.00244140625
0 0.4089070822647465 0.766845703125 0.0014795817715525744 0.00244140625
0 0.3918425724995068 0.767333984375 0.005227855592819097 0.00439453125
0 0.3226474649832314 0.768798828125 0.0027618859735648055 0.00732421875
0 0.29705070033537184 0.76513671875 0.001874136910633261 0.001953125
0 0.1912112842769777 0.766845703125 0.003452357466956007 0.00537109375
0 0.5027618859735649 0.7646484375 0.000789110278161373 0.001953125
0 0.4044190175577037 0.764892578125 0.0019727756954034327 0.00244140625
0 0.34291773525350167 0.766357421875 0.002071414480173604 0.00537109375
0 0.3532748076543697 0.7646484375 0.001085026632471888 0.0029296875
0 0.607516275399487 0.763916015625 0.0017754981258630894 0.00244140625
0 0.5216512132570527 0.7646484375 0.002663247188794634 0.00390625
0 0.6693627934503847 0.76318359375 0.0009863878477017164 0.001953125
0 0.5360524758334977 0.763427734375 0.0012823042020122311 0.00244140625
0 0.35840402446241865 0.764892578125 0.008581574275004932 0.00537109375
0 0.3140165713158414 0.763671875 0.004044190175577037 0.0029296875
0 0.30898599329256266 0.76513671875 0.006016965870980469 0.005859375
0 0.5449792858551983 0.763427734375 0.002959163543105149 0.00341796875
0 0.4527027027027027 0.763671875 0.0038469126060366936 0.00390625
0 0.42192740185440913 0.7666015625 0.008187019135924246 0.009765625
0 0.42577431446044584 0.763671875 0.002663247188794634 0.0048828125
0 0.45842375221937265 0.7626953125 0.005227855592819097 0.00390625
0 0.3848885381732097 0.76220703125 0.0019727756954034327 0.0029296875
0 0.3751726178733478 0.764892578125 0.005030578023278753 0.00927734375
0 0.5046360228841981 0.76123046875 0.0011836654172420597 0.0029296875
0 0.6444565002959164 0.760498046875 0.002071414480173604 0.00244140625
0 0.42893075557309135 0.760986328125 0.0012823042020122311 0.00341796875
0 0.32595186427303213 0.763671875 0.008384296705464589 0.0087890625
0 0.40673702899980274 0.760009765625 0.001874136910633261 0.00244140625
0 0.31904714933912015 0.759765625 0.003452357466956007 0.001953125
0 0.7095580982442297 0.759765625 0.001874136910633261 0.0029296875
0 0.41808048924837243 0.760498046875 0.005819688301440126 0.00439453125
0 0.37926612744130994 0.759765625 0.0027618859735648055 0.0029296875
0 0.47267705661866244 0.75927734375 0.0013809429867824028 0.0029296875
0 0.38266916551588087 0.7587890625 0.001085026632471888 0.001953125
0 0.3499210889721839 0.760498046875 0.00483330045373841 0.00537109375
0 0.4142335766423358 0.759033203125 0.001874136910633261 0.00341796875
0 0.39687315052278554 0.760009765625 0.0022686920497139475 0.00537109375
0 0.39208916946143224 0.758544921875 0.0017754981258630894 0.00244140625
0 0.5247583349773131 0.758056640625 0.001578220556322746 0.00244140625
0 0.4990629315446834 0.758056640625 0.0016768593410929177 0.00244140625
0 0.3848885381732097 0.7578125 0.0011836654172420597 0.001953125
0 0.44875715131189586 0.75927734375 0.00542513316235944 0.005859375
0 0.36353324127046754 0.759033203125 0.003255079897415664 0.00537109375
0 0.3434602485697376 0.757568359375 0.0027618859735648055 0.00244140625
0 0.3355691457881239 0.7578125 0.0011836654172420597 0.0029296875
0 0.43203787729335175 0.757080078125 0.0011836654172420597 0.00244140625
0 0.4276484513710791 0.757080078125 0.0012823042020122311 0.00244140625
0 0.3884395344249359 0.75927734375 0.004931939238508582 0.0068359375
0 0.3581574275004932 0.757080078125 0.002959163543105149 0.00244140625
0 0.44540343262971 0.75732421875 0.0022686920497139475 0.00390625
0 0.42991714342079307 0.75634765625 0.0008877490629315447 0.001953125
0 0.4217794436772539 0.757080078125 0.0061156046557506415 0.00341796875
0 0.48411915565200236 0.756103515625 0.001578220556322746 0.00244140625
0 0.4547741171828763 0.755859375 0.0012823042020122311 0.001953125
0 0.5196784375616492 0.755859375 0.0016768593410929177 0.0029296875
0 0.2968041033734464 0.756103515625 0.004537384099427895 0.00341796875
0 0.29285855198263955 0.755615234375 0.0013809429867824028 0.00244140625
0 0.2861511146182679 0.754638671875 0.0013809429867824028 0.00244140625
0 0.5102584336160978 0.75390625 0.001578220556322746 0.001953125
0 0.41334582757940425 0.75439453125 0.0022686920497139475 0.0029296875
0 0.28314263168277765 0.75390625 0.002071414480173604 0.0029296875
0 0.20975537581376996 0.754150390625 0.0030578023278753207 0.00341796875
0 0.6954527520220951 0.754150390625 0.0022686920497139475 0.00439453125
0 0.4864864864864865 0.751708984375 0.0013809429867824028 0.00244140625
0 0.461481554547248 0.752197265625 0.00424146774511738 0.00537109375
0 0.2239593608206747 0.750732421875 0.0014795817715525744 0.00244140625
0 0.35726967843756163 0.750732421875 0.003156441112645492 0.00341796875
0 0.3428190964687315 0.750244140625 0.0014795817715525744 0.00244140625
0 0.4790885776287236 0.749755859375 0.003156441112645492 0.00244140625
0 0.4395344249358848 0.75 0.0025646084040244622 0.0029296875
0 0.3701913592424541 0.749755859375 0.002170053264943776 0.00244140625
0 0.6837147366344447 0.749267578125 0.002071414480173604 0.00244140625
0 0.5087295324521602 0.747314453125 0.0012823042020122311 0.00244140625
0 0.4920595778260012 0.747314453125 0.0012823042020122311 0.00244140625
0 0.42641546656145196 0.74853515625 0.003748273821266522 0.0048828125
0 0.5354113237324916 0.74658203125 0.0017754981258630894 0.001953125
0 0.4349970408364569 0.746826171875 0.000789110278161373 0.00244140625
0 0.39677451173801537 0.7470703125 0.0022686920497139475 0.0029296875
0 0.26622608009469323 0.746826171875 0.0017754981258630894 0.00244140625
0 0.47208522391004143 0.74658203125 0.0025646084040244622 0.0029296875
0 0.3671828763069639 0.7470703125 0.003255079897415664 0.00390625
0 0.2510357072400868 0.747314453125 0.002959163543105149 0.00439453125
0 0.46394752416650226 0.74609375 0.0014795817715525744 0.0029296875
0 0.34124087591240876 0.747802734375 0.002663247188794634 0.00634765625
0 0.42809232590254487 0.7451171875 0.0017754981258630894 0.001953125
0 0.5471493391201421 0.7451171875 0.0019727756954034327 0.0029296875
0 0.5107023081475637 0.744873046875 0.0014795817715525744 0.00244140625
0 0.4079700138094299 0.74658203125 0.010258433616097849 0.005859375
0 0.5694417044782009 0.744384765625 0.000789110278161373 0.00244140625
0 0.5382225290984415 0.744873046875 0.0012823042020122311 0.00341796875
0 0.4439731702505425 0.744873046875 0.002959163543105149 0.00439453125
0 0.4387946340501085 0.743896484375 0.005622410731899783 0.00341796875
0 0.3248668376405603 0.745361328125 0.005030578023278753 0.00634765625
0 0.2820576050503058 0.7431640625 0.001085026632471888 0.001953125
0 0.673012428486881 0.741943359375 0.000789110278161373 0.00244140625
0 0.3541132373249162 0.744873046875 0.004142828960347208 0.00830078125
0 0.26903728546064315 0.741943359375 0.0006904714933912014 0.00244140625
0 0.4950680607614914 0.7421875 0.004734661668968239 0.00390625
0 0.4251824817518248 0.7412109375 0.0014795817715525744 0.001953125
0 0.38582560662852633 0.743408203125 0.0044387453146577235 0.00634765625
0 0.3627441309923062 0.741943359375 0.004044190175577037 0.00439453125
0 0.345975537581377 0.742431640625 0.004044190175577037 0.00537109375
0 0.509814559084632 0.74072265625 0.0016768593410929177 0.0029296875
0 0.35056224107318995 0.740478515625 0.002170053264943776 0.00244140625
0 0.27046754783981064 0.7412109375 0.0009863878477017164 0.00390625
0 0.44426908660485304 0.739990234375 0.0009863878477017164 0.00244140625
0 0.33404024462418624 0.740478515625 0.006411521010061156 0.00341796875
0 0.5866048530282106 0.739501953125 0.0009863878477017164 0.00244140625
0 0.4314953639771158 0.740478515625 0.0038469126060366936 0.00439453125
0 0.27500493193923853 0.740234375 0.004734661668968239 0.00390625
0 0.7056618662458078 0.739013671875 0.0009863878477017164 0.00244140625
0 0.4916157032945354 0.739013671875 0.002959163543105149 0.00244140625
0 0.4829354902347603 0.7392578125 0.003748273821266522 0.0029296875
0 0.3967251923456303 0.73876953125 0.0013809429867824028 0.001953125
0 0.22460051292168082 0.7392578125 0.0039455513908068654 0.0029296875
0 0.2079305582955218 0.7392578125 0.0017754981258630894 0.00390625
0 0.4696685736831722 0.739013671875 0.00424146774511738 0.00439453125
0 0.37231209311501284 0.738037109375 0.0022686920497139475 0.00341796875
0 0.3428684158611166 0.7373046875 0.000789110278161373 0.001953125
0 0.36703491812980865 0.737548828125 0.005326494377589268 0.00341796875
0 0.27174985204182284 0.737060546875 0.0011836654172420597 0.00244140625
0 0.40244624186230027 0.73828125 0.006312882225290984 0.005859375
0 0.39416058394160586 0.736572265625 0.0011836654172420597 0.00244140625
0 0.4089564016571316 0.73876953125 0.004340106529887552 0.0078125
0 0.21656145196291182 0.73583984375 0.0012823042020122311 0.001953125
0 0.47677056618662456 0.736328125 0.003452357466956007 0.00390625
0 0.4234563030183468 0.7373046875 0.002959163543105149 0.005859375
0 0.2791970802919708 0.736083984375 0.002071414480173604 0.00341796875
0 0.24176366147169068 0.73583984375 0.0027618859735648055 0.0029296875
0 0.5260899585717104 0.735107421875 0.0008877490629315447 0.00244140625
0 0.4269579798776879 0.73486328125 0.0006904714933912014 0.001953125
0 0.42266719274018544 0.734375 0.0009863878477017164 0.001953125
0 0.34710988360623396 0.73486328125 0.0013809429867824028 0.0029296875
0 0.4610869994081673 0.734375 0.001874136910633261 0.0029296875
0 0.46680804892483724 0.733642578125 0.0044387453146577235 0.00244140625
0 0.4174886565397514 0.736572265625 0.008581574275004932 0.00830078125
0 0.4896922469915171 0.733154296875 0.0028605247583349774 0.00244140625
0 0.455760505030578 0.73291015625 0.003255079897415664 0.0029296875
0 0.39006707437364374 0.732421875 0.0030578023278753207 0.001953125
0 0.3676760702308148 0.732666015625 0.001085026632471888 0.00244140625
0 0.3102189781021898 0.73291015625 0.0025646084040244622 0.0029296875
0 0.536249753403038 0.73291015625 0.0030578023278753207 0.00390625
0 0.4293746301045571 0.73193359375 0.0027618859735648055 0.001953125
0 0.35406391793253106 0.734375 0.004636022884198066 0.0068359375
0 0.39351943184059973 0.7314453125 0.0008877490629315447 0.001953125
0 0.20936082067468928 0.73291015625 0.0016768593410929177 0.0048828125
0 0.731061353324127 0.73095703125 0.0008877490629315447 0.001953125
0 0.52589268100217 0.731201171875 0.0008877490629315447 0.00244140625
0 0.3604754389425922 0.73193359375 0.0022686920497139475 0.00390625
0 0.4514203985006905 0.73095703125 0.0008877490629315447 0.0029296875
0 0.3637305188400079 0.730712890625 0.0008877490629315447 0.00244140625
0 0.4180311698559874 0.731201171875 0.0017754981258630894 0.00439453125
0 0.2308147563622016 0.730224609375 0.0023673308344841193 0.00244140625
0 0.5116886959952653 0.72998046875 0.0014795817715525744 0.0029296875
0 0.4819984217794437 0.72998046875 0.0016768593410929177 0.0029296875
0 0.4360327480765437 0.7294921875 0.0016768593410929177 0.001953125
0 0.3854310514894457 0.729248046875 0.0038469126060366936 0.00341796875
0 0.3821266521996449 0.728759765625 0.0023673308344841193 0.00244140625
0 0.48840994278950484 0.7275390625 0.0012823042020122311 0.001953125
0 0.4749457486683764 0.728759765625 0.005523771947129611 0.00537109375
0 0.44796804103373444 0.727294921875 0.002071414480173604 0.00244140625
0 0.4328269875715131 0.724853515625 0.000789110278161373 0.00244140625
0 0.43085421187610967 0.72607421875 0.002170053264943776 0.005859375
0 0.30508976129414084 0.724365234375 0.004931939238508582 0.00244140625
0 0.24871769579798778 0.7255859375 0.0014795817715525744 0.0048828125
0 0.345383704872756 0.7236328125 0.0012823042020122311 0.001953125
0 0.28043006510159796 0.7236328125 0.002170053264943776 0.001953125
0 0.35633260998224503 0.723876953125 0.0016768593410929177 0.00341796875
0 0.5146971789307556 0.722900390625 0.002170053264943776 0.00244140625
0 0.5084336160978496 0.72216796875 0.0008877490629315447 0.001953125
0 0.4043696981653186 0.722900390625 0.003452357466956007 0.00341796875
0 0.45571118563819296 0.7216796875 0.0017754981258630894 0.001953125
0 0.4949694219767212 0.7216796875 0.0023673308344841193 0.0029296875
0 0.37842769777076346 0.7216796875 0.003452357466956007 0.0029296875
0 0.29843164332215427 0.720947265625 0.0012823042020122311 0.00244140625
0 0.42710593805484315 0.72021484375 0.000789110278161373 0.001953125
0 0.4248865653975143 0.720458984375 0.0008877490629315447 0.00244140625
0 0.41778457289406196 0.720703125 0.0016768593410929177 0.0029296875
0 0.36762675083842966 0.7216796875 0.004537384099427895 0.0048828125
0 0.47302229236535803 0.72021484375 0.002663247188794634 0.0029296875
0 0.39559084632077335 0.721923828125 0.003255079897415664 0.00634765625
0 0.3829157624778063 0.720458984375 0.0027618859735648055 0.00341796875
0 0.5031071217202604 0.71923828125 0.0006904714933912014 0.001953125
0 0.402298283685145 0.719482421875 0.002465969619254291 0.00341796875
0 0.3893766028802525 0.71826171875 0.0016768593410929177 0.001953125
0 0.45990333399092526 0.71728515625 0.0008877490629315447 0.001953125
0 0.3324127046754784 0.717529296875 0.004931939238508582 0.00244140625
0 0.3994870783191951 0.717041015625 0.0017754981258630894 0.00244140625
0 0.3029197080291971 0.717041015625 0.0013809429867824028 0.00244140625
0 0.4412606036693628 0.718505859375 0.009567962122706648 0.00634765625
0 0.35450779246399683 0.716552734375 0.002170053264943776 0.00244140625
0 0.38395146971789307 0.716064453125 0.0022686920497139475 0.00341796875
0 0.5384691260603669 0.715087890625 0.0027618859735648055 0.00341796875
0 0.5137107910830538 0.71435546875 0.001578220556322746 0.001953125
0 0.38671335569145787 0.71484375 0.005622410731899783 0.00390625
0 0.4647366344446636 0.713623046875 0.0014795817715525744 0.00244140625
0 0.48076543696981655 0.7138671875 0.002170053264943776 0.00390625
0 0.4757348589465378 0.712890625 0.002170053264943776 0.001953125
0 0.4386959952653383 0.713134765625 0.001085026632471888 0.00244140625
0 0.2628230420201223 0.71337890625 0.0012823042020122311 0.0029296875
0 0.4493489840205169 0.712646484375 0.0008877490629315447 0.00244140625
0 0.4108798579601499 0.712646484375 0.002663247188794634 0.00341796875
0 0.22208522391004143 0.712158203125 0.0008877490629315447 0.00244140625
0 0.23964292759913197 0.7109375 0.0014795817715525744 0.001953125
0 0.491960939041231 0.711181640625 0.0030578023278753207 0.00439453125
0 0.4421976721246794 0.710205078125 0.000789110278161373 0.00244140625
0 0.30247583349773133 0.709228515625 0.0016768593410929177 0.00244140625
0 0.5000986387847701 0.709228515625 0.002170053264943776 0.00341796875
0 0.31219175379759323 0.708740234375 0.0017754981258630894 0.00244140625
0 0.41512132570526733 0.7099609375 0.0028605247583349774 0.005859375
0 0.47440323535214046 0.70849609375 0.0036496350364963502 0.00390625
0 0.39065890708226475 0.708984375 0.0012823042020122311 0.0048828125
0 0.45635233773919903 0.706787109375 0.002071414480173604 0.00244140625
0 0.3789702110869994 0.708251953125 0.002170053264943776 0.00537109375
0 0.307457092128625 0.709716796875 0.0072992700729927005 0.00830078125
0 0.48170250542513315 0.70751953125 0.002465969619254291 0.0048828125
0 0.47726376011047544 0.70654296875 0.0014795817715525744 0.0029296875
0 0.3734464391398698 0.708251953125 0.003748273821266522 0.00634765625
0 0.6575261392779641 0.705322265625 0.002170053264943776 0.00244140625
0 0.39711974748471096 0.705322265625 0.000789110278161373 0.00244140625
0 0.6129907279542316 0.70458984375 0.0008877490629315447 0.001953125
0 0.4164036299072795 0.705078125 0.002465969619254291 0.0029296875
0 0.46301045571118565 0.704833984375 0.001578220556322746 0.00341796875
0 0.5424639968435588 0.703125 0.0012823042020122311 0.001953125
0 0.4124580785164727 0.70361328125 0.002663247188794634 0.0029296875
0 0.2581376997435392 0.703125 0.000789110278161373 0.001953125
0 0.5519333201814953 0.702880859375 0.0014795817715525744 0.00244140625
0 0.45571118563819296 0.70263671875 0.000789110278161373 0.001953125
0 0.4526040639179325 0.70263671875 0.0012823042020122311 0.001953125
0 0.20975537581376996 0.703369140625 0.0012823042020122311 0.00341796875
0 0.40649043203787727 0.7021484375 0.0011836654172420597 0.001953125
0 0.4273525350167686 0.702880859375 0.002465969619254291 0.00439453125
0 0.2145393568751233 0.70166015625 0.0013809429867824028 0.0029296875
0 0.4349477214440718 0.701416015625 0.0014795817715525744 0.00341796875
0 0.3957388044979286 0.70068359375 0.002170053264943776 0.001953125
0 0.22746103768001577 0.700927734375 0.0009863878477017164 0.00341796875
0 0.3866640362990728 0.69970703125 0.002170053264943776 0.001953125
0 0.5055237719471296 0.69873046875 0.0017754981258630894 0.001953125
0 0.3761096863286644 0.698486328125 0.001578220556322746 0.00244140625
0 0.6472677056618662 0.69775390625 0.000789110278161373 0.001953125
0 0.4582757940422174 0.69873046875 0.003550996251726179 0.0048828125
0 0.4103866640362991 0.69873046875 0.0016768593410929177 0.0048828125
0 0.38962319984217797 0.697509765625 0.0011836654172420597 0.00244140625
0 0.47233182087196685 0.697021484375 0.002465969619254291 0.00244140625
0 0.37038863681199446 0.697265625 0.001578220556322746 0.0029296875
0 0.45492207536003154 0.6962890625 0.0013809429867824028 0.0029296875
0 0.4623693036101795 0.69482421875 0.001085026632471888 0.001953125
0 0.554004734661669 0.6943359375 0.0006904714933912014 0.001953125
0 0.6694121128427698 0.694580078125 0.002465969619254291 0.00341796875
0 0.37191753797593213 0.693115234375 0.0008877490629315447 0.00244140625
0 0.44367725389623197 0.691650390625 0.0009863878477017164 0.00244140625
0 0.4107318997829947 0.69189453125 0.0019727756954034327 0.0029296875
0 0.32777668179128033 0.691650390625 0.0005918327086210298 0.00244140625
0 0.41142237127638587 0.6884765625 0.0009863878477017164 0.001953125
0 0.3164825409350957 0.688720703125 0.001874136910633261 0.00244140625
0 0.6740481357269679 0.68798828125 0.0012823042020122311 0.0029296875
0 0.4033339909252318 0.685546875 0.0011836654172420597 0.001953125
0 0.33749260209114224 0.6865234375 0.001874136910633261 0.00390625
0 0.6858354705070033 0.68408203125 0.000789110278161373 0.001953125
0 0.40456697573485895 0.68310546875 0.001085026632471888 0.0029296875
0 0.28570724008680215 0.68212890625 0.0014795817715525744 0.0029296875
0 0.41009074768198855 0.68115234375 0.001085026632471888 0.001953125
0 0.45709212862497534 0.67724609375 0.0013809429867824028 0.001953125
0 0.3756164924048136 0.675048828125 0.0013809429867824028 0.00244140625
0 0.4475734858946538 0.6728515625 0.001085026632471888 0.0029296875
