0 0.566679818504636 0.998779296875 0.0017754981258630894 0.00244140625
0 0.5474452554744526 0.998779296875 0.0017754981258630894 0.00244140625
0 0.3770467547839811 0.998779296875 0.0028605247583349774 0.00244140625
0 0.19096468731505228 0.998779296875 0.0009863878477017164 0.00244140625
0 0.6481554547247977 0.99853515625 0.0033537186821858355 0.0029296875
0 0.6064805681594003 0.998291015625 0.005227855592819097 0.00341796875
0 0.25991319786940226 0.997802734375 0.004340106529887552 0.00244140625
0 0.5818208719668574 0.998046875 0.0028605247583349774 0.00390625
0 0.5580982442296311 0.997314453125 0.0033537186821858355 0.00244140625
0 0.2791970802919708 0.997314453125 0.00424146774511738 0.00244140625
0 0.2222331820871967 0.99755859375 0.0019727756954034327 0.0029296875
0 0.1947622805287039 0.998046875 0.0016768593410929177 0.00390625
0 0.683912014203985 0.99658203125 0.0012823042020122311 0.001953125
0 0.37329848096271456 0.99755859375 0.0012823042020122311 0.0048828125
0 0.34503846912606034 0.99755859375 0.005523771947129611 0.0048828125
0 0.2941408561846518 0.99755859375 0.008285657920694417 0.0048828125
0 0.19712961136318802 0.996826171875 0.003255079897415664 0.00341796875
0 0.14351943184059973 0.99755859375 0.005326494377589268 0.0048828125
0 0.4920102584336161 0.99609375 0.0025646084040244622 0.0029296875
0 0.4850069047149339 0.997314453125 0.004142828960347208 0.00537109375
0 0.2329848096271454 0.997314453125 0.009469323337936477 0.00537109375
0 0.1387847701716315 0.99609375 0.002170053264943776 0.0029296875
0 0.5385677648451371 0.9970703125 0.004931939238508582 0.005859375
0 0.575261392779641 0.9951171875 0.0033537186821858355 0.0029296875
0 0.4394357861511146 0.996826171875 0.0061156046557506415 0.00634765625
0 0.434503846912606 0.9951171875 0.002170053264943776 0.0029296875
0 0.38227461037680016 0.995849609375 0.002465969619254291 0.00439453125
0 0.3153481949102387 0.996337890625 0.009272045768396133 0.00537109375
0 0.6388834089564016 0.995361328125 0.004734661668968239 0.00439453125
0 0.5111955020714145 0.99462890625 0.003452357466956007 0.0029296875
0 0.23974156638390215 0.994384765625 0.0028605247583349774 0.00341796875
0 0.5983428684158612 0.993896484375 0.002170053264943776 0.00341796875
0 0.528161373051884 0.995361328125 0.00542513316235944 0.00634765625
0 0.45359045176563423 0.99365234375 0.0016768593410929177 0.0029296875
0 0.2899487078319195 0.993408203125 0.0044387453146577235 0.00244140625
0 0.21769579798776878 0.994140625 0.0013809429867824028 0.00390625
0 0.11836654172420595 0.994384765625 0.0017754981258630894 0.00439453125
0 0.6192049713947524 0.99267578125 0.001085026632471888 0.001953125
0 0.10297889130005919 0.993408203125 0.0009863878477017164 0.00341796875
0 0.4788419806667982 0.99560546875 0.009173406983625962 0.0087890625
0 0.3937167094101401 0.992431640625 0.002071414480173604 0.00244140625
0 0.3759124087591241 0.992919921875 0.0027618859735648055 0.00341796875
0 0.2519234563030183 0.9921875 0.0009863878477017164 0.001953125
0 0.5627835865062143 0.995361328125 0.005622410731899783 0.00927734375
0 0.38622016176760704 0.9921875 0.0028605247583349774 0.0029296875
0 0.11377983823239297 0.99365234375 0.00424146774511738 0.005859375
0 0.32516275399487077 0.9951171875 0.00424146774511738 0.009765625
0 0.5795521799171435 0.9921875 0.00424146774511738 0.0048828125
0 0.40708226474649833 0.990966796875 0.0017754981258630894 0.00244140625
0 0.2030479384493983 0.992919921875 0.005227855592819097 0.00634765625
0 0.5460643124876702 0.990478515625 0.0011836654172420597 0.00244140625
0 0.41226080094693235 0.990234375 0.0030578023278753207 0.001953125
0 0.2791477608995857 0.99267578125 0.007891102781613731 0.0068359375
0 0.21532846715328466 0.990234375 0.001578220556322746 0.001953125
0 0.525843361609785 0.991943359375 0.005918327086210298 0.00634765625
0 0.28531268494772144 0.990234375 0.0022686920497139475 0.0029296875
0 0.20995265338331032 0.989990234375 0.0012823042020122311 0.00244140625
0 0.19352929571907673 0.993896484375 0.004734661668968239 0.01025390625
0 0.6653186032748076 0.9892578125 0.0019727756954034327 0.001953125
0 0.11072203590451765 0.989501953125 0.0012823042020122311 0.00244140625
0 0.10825606628526337 0.98974609375 0.001874136910633261 0.0029296875
0 0.27752022095087786 0.990234375 0.00424146774511738 0.0048828125
0 0.2648944565002959 0.989990234375 0.005622410731899783 0.00439453125
0 0.2197178930755573 0.99169921875 0.0028605247583349774 0.0078125
0 0.2555237719471296 0.98876953125 0.002663247188794634 0.0029296875
0 0.09903333990925232 0.992431640625 0.0061156046557506415 0.01025390625
0 0.5766423357664233 0.988525390625 0.002170053264943776 0.00341796875
0 0.5431544683369501 0.9912109375 0.004636022884198066 0.009765625
0 0.3633852830933123 0.9892578125 0.004142828960347208 0.005859375
0 0.2238607220359045 0.98828125 0.0022686920497139475 0.0048828125
0 0.47963109094495954 0.9873046875 0.004044190175577037 0.00390625
0 0.5102584336160978 0.986328125 0.0027618859735648055 0.0029296875
0 0.2536003156441113 0.987060546875 0.002170053264943776 0.00439453125
0 0.24575853225488262 0.986083984375 0.0012823042020122311 0.00244140625
0 0.2420102584336161 0.987548828125 0.008384296705464589 0.00537109375
0 0.2318997829946735 0.98828125 0.0051292168080489245 0.0068359375
0 0.1992503452357467 0.986083984375 0.001578220556322746 0.00244140625
0 0.4911225093706846 0.986083984375 0.0033537186821858355 0.00341796875
0 0.23584533438548036 0.985595703125 0.002170053264943776 0.00244140625
0 0.20437956204379562 0.985595703125 0.0009863878477017164 0.00244140625
0 0.29458473071611757 0.985107421875 0.001874136910633261 0.00244140625
0 0.529295719076741 0.987548828125 0.007693825212073387 0.00830078125
0 0.2577924639968436 0.985107421875 0.0022686920497139475 0.00341796875
0 0.4168968238311304 0.986328125 0.00424146774511738 0.0068359375
0 0.5990826593016374 0.9833984375 0.0012823042020122311 0.001953125
0 0.4332708621029789 0.984130859375 0.0016768593410929177 0.00341796875
0 0.29922075360031564 0.98779296875 0.00424146774511738 0.0107421875
0 0.4098934701124482 0.984375 0.00424146774511738 0.005859375
0 0.31628526336555535 0.98291015625 0.002071414480173604 0.0029296875
0 0.2516768593410929 0.982666015625 0.006214243440520813 0.00439453125
0 0.18415861116591042 0.982421875 0.0039455513908068654 0.00390625
0 0.09952653383310317 0.985107421875 0.008877490629315447 0.00927734375
0 0.4818504636022884 0.981689453125 0.003748273821266522 0.00439453125
0 0.23900177549812587 0.980712890625 0.0009863878477017164 0.00244140625
0 0.43026237916748866 0.980712890625 0.003550996251726179 0.00439453125
0 0.37364371670941016 0.984619140625 0.005523771947129611 0.01220703125
0 0.2854606431248767 0.98193359375 0.006312882225290984 0.0068359375
0 0.22854606431248767 0.980224609375 0.004142828960347208 0.00341796875
0 0.2225290984415072 0.980712890625 0.0017754981258630894 0.00439453125
0 0.2158709804695206 0.982177734375 0.005622410731899783 0.00732421875
0 0.4541822844742553 0.980224609375 0.005227855592819097 0.00439453125
0 0.38681199447622805 0.98388671875 0.006806076149141842 0.01171875
0 0.39445650029591633 0.98095703125 0.004931939238508582 0.0068359375
0 0.23268889327283487 0.97900390625 0.003748273821266522 0.0029296875
0 0.562093115012823 0.979736328125 0.004044190175577037 0.00537109375
0 0.2756460840402446 0.980224609375 0.007989741566383901 0.00634765625
0 0.20817715525744723 0.978271484375 0.0014795817715525744 0.00244140625
0 0.578713750246597 0.978271484375 0.0023673308344841193 0.00341796875
0 0.24141842572499506 0.978515625 0.004044190175577037 0.0048828125
0 0.5227855592819096 0.976806640625 0.0017754981258630894 0.00244140625
0 0.4192641546656145 0.9765625 0.0008877490629315447 0.001953125
0 0.3829157624778063 0.9775390625 0.0039455513908068654 0.00390625
0 0.24807654369698165 0.97607421875 0.001578220556322746 0.001953125
0 0.21049516669954627 0.98095703125 0.003748273821266522 0.01171875
0 0.3917932531071217 0.976318359375 0.004734661668968239 0.00341796875
0 0.1259124087591241 0.975830078125 0.0008877490629315447 0.00244140625
0 0.46527914776089957 0.974609375 0.003550996251726179 0.001953125
0 0.2141941211284277 0.976318359375 0.003255079897415664 0.00537109375
0 0.22272637601104756 0.97412109375 0.0009863878477017164 0.0029296875
0 0.09572894061945157 0.974365234375 0.0022686920497139475 0.00341796875
0 0.4328269875715131 0.975341796875 0.002959163543105149 0.00634765625
0 0.38646675872953246 0.973388671875 0.003748273821266522 0.00341796875
0 0.39726770566186625 0.974365234375 0.005227855592819097 0.00634765625
0 0.5000493193923851 0.972900390625 0.002663247188794634 0.00439453125
0 0.21759715920299863 0.97265625 0.0013809429867824028 0.0048828125
0 0.2754488064707043 0.97119140625 0.003255079897415664 0.0029296875
0 0.2560169658709805 0.97216796875 0.003255079897415664 0.0048828125
0 0.18465180508976128 0.972412109375 0.0039455513908068654 0.00537109375
0 0.3773919905306767 0.971923828125 0.001578220556322746 0.00537109375
0 0.2526632471887946 0.97021484375 0.002071414480173604 0.00390625
0 0.10924245413296509 0.969970703125 0.0016768593410929177 0.00341796875
0 0.580439928980075 0.9716796875 0.008581574275004932 0.0078125
0 0.4221739988163346 0.96875 0.0013809429867824028 0.001953125
0 0.23352732294338133 0.969970703125 0.0038469126060366936 0.00439453125
0 0.19708029197080293 0.96875 0.0027618859735648055 0.001953125
0 0.1043105148944565 0.971435546875 0.007595186427303216 0.00732421875
0 0.4417044782008286 0.969970703125 0.0027618859735648055 0.00537109375
0 0.24284868810416255 0.968505859375 0.0013809429867824028 0.00244140625
0 0.23826198461234957 0.96875 0.0044387453146577235 0.0029296875
0 0.21547642533043992 0.9697265625 0.0022686920497139475 0.0048828125
0 0.2659794831327678 0.968505859375 0.002465969619254291 0.00439453125
0 0.41645294929966464 0.96728515625 0.0023673308344841193 0.0029296875
0 0.09178338922864471 0.967529296875 0.0036496350364963502 0.00341796875
0 0.43815348194910236 0.966552734375 0.002170053264943776 0.00244140625
0 0.424146774511738 0.966552734375 0.0009863878477017164 0.00244140625
0 0.38439534424935884 0.96728515625 0.003156441112645492 0.00390625
0 0.3789702110869994 0.966552734375 0.0013809429867824028 0.00244140625
0 0.5611560465575064 0.966064453125 0.0013809429867824028 0.00244140625
0 0.4840698362596173 0.9658203125 0.0022686920497139475 0.001953125
0 0.27791477608995857 0.965576171875 0.003255079897415664 0.00244140625
0 0.27391990530676663 0.967041015625 0.0039455513908068654 0.00537109375
0 0.22272637601104756 0.966552734375 0.0019727756954034327 0.00439453125
0 0.21212270664825408 0.96630859375 0.0022686920497139475 0.00390625
0 0.20990333399092523 0.964599609375 0.0011836654172420597 0.00244140625
0 0.2591240875912409 0.964111328125 0.001578220556322746 0.00244140625
0 0.21379956598934702 0.9638671875 0.0012823042020122311 0.0029296875
0 0.20240678634839218 0.964599609375 0.0025646084040244622 0.00537109375
0 0.41729137897021107 0.96240234375 0.0016768593410929177 0.001953125
0 0.24926020911422372 0.963134765625 0.002959163543105149 0.00341796875
0 0.5136121522982837 0.962646484375 0.0023673308344841193 0.00341796875
0 0.4527027027027027 0.963623046875 0.006806076149141842 0.00537109375
0 0.486782402840797 0.962158203125 0.0033537186821858355 0.00341796875
0 0.24403235352140462 0.964111328125 0.004734661668968239 0.00732421875
0 0.2249950680607615 0.963623046875 0.003550996251726179 0.00634765625
0 0.5834977313079502 0.96142578125 0.0036496350364963502 0.0029296875
0 0.11082067468928783 0.961669921875 0.003255079897415664 0.00341796875
0 0.48071611757743143 0.961181640625 0.004044190175577037 0.00341796875
0 0.43790688498717695 0.961181640625 0.002071414480173604 0.00439453125
0 0.20679621227066483 0.961181640625 0.0030578023278753207 0.00439453125
0 0.19841191556520024 0.960205078125 0.0016768593410929177 0.00244140625
0 0.19579798776879068 0.9609375 0.002959163543105149 0.00390625
0 0.5070526731110673 0.962646484375 0.005819688301440126 0.00927734375
0 0.42750049319392386 0.958984375 0.0013809429867824028 0.001953125
0 0.20285066087985795 0.959228515625 0.0012823042020122311 0.00244140625
0 0.22903925823633853 0.960205078125 0.004537384099427895 0.00537109375
0 0.13518445452752023 0.959228515625 0.0008877490629315447 0.00341796875
0 0.46024856973762085 0.95849609375 0.0025646084040244622 0.0029296875
0 0.24181298086407577 0.958740234375 0.001874136910633261 0.00341796875
0 0.191951075162754 0.958740234375 0.003550996251726179 0.00439453125
0 0.2162655356086013 0.958251953125 0.004044190175577037 0.00439453125
0 0.28181100808838033 0.958984375 0.004340106529887552 0.0068359375
0 0.21024856973762082 0.95703125 0.0012823042020122311 0.0029296875
0 0.2486683764056027 0.95654296875 0.000789110278161373 0.0029296875
0 0.09834286841586112 0.95849609375 0.008088380351154074 0.0068359375
0 0.41176760702308146 0.95751953125 0.005227855592819097 0.005859375
0 0.21256658117971985 0.95654296875 0.0019727756954034327 0.00390625
0 0.27239100414282896 0.95556640625 0.005819688301440126 0.0029296875
0 0.20216018938646677 0.955322265625 0.0016768593410929177 0.00244140625
0 0.4298185046360229 0.954833984375 0.0014795817715525744 0.00341796875
0 0.2455119352929572 0.955810546875 0.004931939238508582 0.00537109375
0 0.1056914578812389 0.956787109375 0.006411521010061156 0.00732421875
0 0.25833497731307953 0.955322265625 0.0039455513908068654 0.00537109375
0 0.4426415466561452 0.95361328125 0.0022686920497139475 0.0029296875
0 0.40792069441704476 0.95263671875 0.002071414480173604 0.001953125
0 0.2447228250147958 0.9521484375 0.0013809429867824028 0.001953125
0 0.44727756954034326 0.951904296875 0.0028605247583349774 0.00341796875
0 0.43100217005326497 0.95166015625 0.001085026632471888 0.0029296875
0 0.1898796606825804 0.952880859375 0.006707437364371671 0.00537109375
0 0.39968435588873547 0.95068359375 0.0017754981258630894 0.001953125
0 0.1964391398697968 0.95166015625 0.0014795817715525744 0.0048828125
0 0.23964292759913197 0.94873046875 0.001874136910633261 0.001953125
0 0.4492503452357467 0.94873046875 0.002071414480173604 0.0029296875
0 0.4235056224107319 0.94873046875 0.003255079897415664 0.0029296875
0 0.4043696981653186 0.94921875 0.0028605247583349774 0.00390625
0 0.2640067074373644 0.9501953125 0.004636022884198066 0.005859375
0 0.2475340303807457 0.9482421875 0.0006904714933912014 0.001953125
0 0.20945945945945946 0.95068359375 0.002663247188794634 0.0068359375
0 0.24980272243045964 0.948486328125 0.003255079897415664 0.00341796875
0 0.2429966462813178 0.94873046875 0.003255079897415664 0.0048828125
0 0.18909055040441902 0.947265625 0.004142828960347208 0.0029296875
0 0.5239692246991517 0.9482421875 0.004734661668968239 0.0068359375
0 0.1933320181495364 0.94677734375 0.003550996251726179 0.00390625
0 0.4342572499506806 0.945556640625 0.0030578023278753207 0.00341796875
0 0.2862497534030381 0.947265625 0.01085026632471888 0.0078125
0 0.2472381140264352 0.943359375 0.0012823042020122311 0.001953125
0 0.41142237127638587 0.943115234375 0.0033537186821858355 0.00244140625
0 0.1982146379956599 0.94580078125 0.00542513316235944 0.0078125
0 0.4398303412901953 0.946044921875 0.003748273821266522 0.00927734375
0 0.40145985401459855 0.945068359375 0.0051292168080489245 0.00732421875
0 0.4211876109686329 0.942626953125 0.0027618859735648055 0.00341796875
0 0.17291378970211088 0.9423828125 0.0011836654172420597 0.0029296875
0 0.4078220556322746 0.94189453125 0.002465969619254291 0.0029296875
0 0.21636417439337147 0.942626953125 0.002071414480173604 0.00439453125
0 0.4252318011442099 0.94091796875 0.0019727756954034327 0.0029296875
0 0.24521601893864667 0.941162109375 0.002170053264943776 0.00341796875
0 0.2823535214046163 0.9404296875 0.007397908857762872 0.0048828125
0 0.2013217597159203 0.93896484375 0.003156441112645492 0.001953125
0 0.1268987966068258 0.939453125 0.0012823042020122311 0.0029296875
0 0.21784375616492405 0.93798828125 0.0012823042020122311 0.001953125
0 0.41630499112250935 0.94140625 0.005819688301440126 0.009765625
0 0.40496153087393966 0.9375 0.0012823042020122311 0.001953125
0 0.4433813375419215 0.937744140625 0.0025646084040244622 0.00341796875
0 0.3969717893075557 0.937255859375 0.0014795817715525744 0.00244140625
0 0.41477608995857174 0.93701171875 0.0023673308344841193 0.0029296875
0 0.2591240875912409 0.9375 0.003550996251726179 0.005859375
0 0.21133359637009272 0.93603515625 0.0022686920497139475 0.0029296875
0 0.45171631485500097 0.939697265625 0.006411521010061156 0.01123046875
0 0.43825212073387254 0.935546875 0.005721049516669955 0.0048828125
0 0.39381534819491026 0.934814453125 0.003255079897415664 0.00341796875
0 0.24013612152298283 0.934326171875 0.002071414480173604 0.00244140625
0 0.4002761885973565 0.9345703125 0.006904714933912014 0.0048828125
0 0.29088577628723616 0.9326171875 0.0011836654172420597 0.001953125
0 0.21818899191161964 0.9326171875 0.0011836654172420597 0.0029296875
0 0.0921286249753403 0.932861328125 0.004142828960347208 0.00341796875
0 0.41452949299664626 0.93115234375 0.0022686920497139475 0.0029296875
0 0.4334188202801342 0.9306640625 0.0019727756954034327 0.0029296875
0 0.21222134543302426 0.93115234375 0.0016768593410929177 0.00390625
0 0.20985401459854014 0.9306640625 0.002071414480173604 0.0029296875
0 0.4413099230617479 0.93017578125 0.002170053264943776 0.0029296875
0 0.266669954626159 0.930419921875 0.0012823042020122311 0.00341796875
0 0.216660090747682 0.930908203125 0.002071414480173604 0.00439453125
0 0.23791674886565398 0.929443359375 0.001578220556322746 0.00244140625
0 0.2642533043992898 0.9306640625 0.002959163543105149 0.005859375
0 0.24496942197672125 0.927734375 0.0008877490629315447 0.001953125
0 0.2194712961136319 0.928466796875 0.0013809429867824028 0.00341796875
0 0.20408364568948512 0.9345703125 0.004931939238508582 0.015625
0 0.3939633063720655 0.928955078125 0.006707437364371671 0.00537109375
0 0.37911816926415465 0.92822265625 0.0014795817715525744 0.00390625
0 0.17824028407970013 0.92724609375 0.0009863878477017164 0.001953125
0 0.24990136121522982 0.92626953125 0.0006904714933912014 0.001953125
0 0.24871769579798778 0.92626953125 0.0012823042020122311 0.001953125
0 0.1992503452357467 0.927978515625 0.0039455513908068654 0.00537109375
0 0.46991517064509764 0.927490234375 0.004537384099427895 0.00634765625
0 0.4006707437364372 0.927490234375 0.003156441112645492 0.00634765625
0 0.3914480173604261 0.925537109375 0.0014795817715525744 0.00244140625
0 0.41462813178141644 0.92578125 0.004636022884198066 0.005859375
0 0.25675675675675674 0.925048828125 0.003156441112645492 0.00439453125
0 0.18060761491418426 0.924072265625 0.0013809429867824028 0.00244140625
0 0.44071809035312687 0.923583984375 0.0017754981258630894 0.00244140625
0 0.210347208522391 0.92333984375 0.0008877490629315447 0.001953125
0 0.11052475833497731 0.924072265625 0.00542513316235944 0.00439453125
0 0.24329256263562832 0.922607421875 0.0014795817715525744 0.00244140625
0 0.4381041625567173 0.92431640625 0.002663247188794634 0.0068359375
0 0.41773525350167684 0.921630859375 0.002170053264943776 0.00244140625
0 0.39978299467350564 0.922607421875 0.005721049516669955 0.00537109375
0 0.4444170447820083 0.92333984375 0.004636022884198066 0.0078125
0 0.20393568751232985 0.920654296875 0.0008877490629315447 0.00244140625
0 0.19989149733675282 0.921142578125 0.0016768593410929177 0.00341796875
0 0.40806865259420005 0.920166015625 0.002170053264943776 0.00244140625
0 0.24575853225488262 0.920654296875 0.002071414480173604 0.00341796875
0 0.19352929571907673 0.92041015625 0.004931939238508582 0.0029296875
0 0.2511836654172421 0.919677734375 0.0014795817715525744 0.00244140625
0 0.41226080094693235 0.920166015625 0.005227855592819097 0.00439453125
0 0.2619846123495759 0.92138671875 0.007891102781613731 0.0068359375
0 0.29266127441309925 0.92041015625 0.004931939238508582 0.005859375
0 0.2540935095679621 0.921142578125 0.007891102781613731 0.00732421875
0 0.20738804497928587 0.92138671875 0.003452357466956007 0.0078125
0 0.4398796606825804 0.91845703125 0.0022686920497139475 0.0029296875
0 0.45013809429867824 0.920166015625 0.007595186427303216 0.00732421875
0 0.41595975537581376 0.917724609375 0.0017754981258630894 0.00244140625
0 0.40935095679621225 0.917236328125 0.0023673308344841193 0.00244140625
0 0.21197474847109884 0.916259765625 0.0013809429867824028 0.00244140625
0 0.43001578220556325 0.917236328125 0.002663247188794634 0.00537109375
0 0.25434010652988753 0.91650390625 0.0030578023278753207 0.00390625
0 0.21335569145788125 0.91552734375 0.000789110278161373 0.0029296875
0 0.43563819293746303 0.9150390625 0.001874136910633261 0.0029296875
0 0.43958374432826985 0.9140625 0.002465969619254291 0.0029296875
0 0.42750049319392386 0.91357421875 0.0025646084040244622 0.0029296875
0 0.42291378970211085 0.9130859375 0.0014795817715525744 0.001953125
0 0.41462813178141644 0.914306640625 0.0038469126060366936 0.00439453125
0 0.2855099625172618 0.9169921875 0.003255079897415664 0.009765625
0 0.19584730716117577 0.9140625 0.002071414480173604 0.00390625
0 0.4454527520220951 0.9140625 0.002170053264943776 0.0048828125
0 0.2603077530084829 0.9130859375 0.001578220556322746 0.0029296875
0 0.24496942197672125 0.91357421875 0.00424146774511738 0.00390625
0 0.24930952850660879 0.913818359375 0.002465969619254291 0.00537109375
0 0.21014993095285067 0.912353515625 0.0006904714933912014 0.00244140625
0 0.43100217005326497 0.91162109375 0.001085026632471888 0.001953125
0 0.26193529295719076 0.912109375 0.002071414480173604 0.0029296875
0 0.21774511738015387 0.9189453125 0.007595186427303216 0.0166015625
0 0.3771947129611363 0.911376953125 0.0009863878477017164 0.00244140625
0 0.39060958768987963 0.911376953125 0.001578220556322746 0.00341796875
0 0.2536003156441113 0.911865234375 0.005326494377589268 0.00439453125
0 0.2660288025251529 0.909912109375 0.001578220556322746 0.00244140625
0 0.2399881633458276 0.91064453125 0.0023673308344841193 0.0048828125
0 0.2225290984415072 0.909423828125 0.000789110278161373 0.00244140625
0 0.19831327678043006 0.91015625 0.005622410731899783 0.00390625
0 0.27796409548234363 0.90869140625 0.0023673308344841193 0.00390625
0 0.20408364568948512 0.91015625 0.004142828960347208 0.0068359375
0 0.4334188202801342 0.908935546875 0.0033537186821858355 0.00537109375
0 0.19288814361807063 0.909912109375 0.0036496350364963502 0.00830078125
0 0.4318899191161965 0.90673828125 0.002071414480173604 0.0029296875
0 0.25044387453146577 0.906982421875 0.004931939238508582 0.00341796875
0 0.21291181692641548 0.909912109375 0.003255079897415664 0.00927734375
0 0.448263957388045 0.9072265625 0.004636022884198066 0.0068359375
0 0.4670053264943776 0.906005859375 0.0030578023278753207 0.00537109375
0 0.24487078319195107 0.906982421875 0.007003353718682186 0.00830078125
0 0.4270566186624581 0.905517578125 0.0044387453146577235 0.00634765625
0 0.4182777668179128 0.906005859375 0.006411521010061156 0.00830078125
0 0.2643026237916749 0.90380859375 0.0012823042020122311 0.00390625
0 0.43716709410140064 0.902587890625 0.003550996251726179 0.00341796875
0 0.2009765239692247 0.90087890625 0.0016768593410929177 0.001953125
0 0.2732787532057605 0.89990234375 0.0008877490629315447 0.001953125
0 0.2604557111856382 0.90185546875 0.008187019135924246 0.0068359375
0 0.44451568356677845 0.901123046875 0.0044387453146577235 0.00732421875
0 0.24344052081278358 0.898681640625 0.0025646084040244622 0.00244140625
0 0.20354113237324917 0.90185546875 0.0038469126060366936 0.0087890625
0 0.4273032156243835 0.899169921875 0.0039455513908068654 0.00537109375
0 0.27618859735648055 0.8984375 0.003748273821266522 0.00390625
0 0.24526533833103176 0.897216796875 0.002465969619254291 0.00341796875
0 0.42616886959952655 0.895263671875 0.0016768593410929177 0.00341796875
0 0.4390412310120339 0.894775390625 0.0013809429867824028 0.00341796875
0 0.4356875123298481 0.89453125 0.0017754981258630894 0.0029296875
0 0.20260406391793254 0.894287109375 0.0019727756954034327 0.00244140625
0 0.19076740974551193 0.8955078125 0.0027618859735648055 0.0048828125
0 0.42182876306963896 0.89404296875 0.007003353718682186 0.0068359375
0 0.2732787532057605 0.892333984375 0.006411521010061156 0.00341796875
0 0.24260209114223713 0.892578125 0.0038469126060366936 0.0048828125
0 0.5233773919905307 0.891845703125 0.002959163543105149 0.00439453125
0 0.4480666798185046 0.89306640625 0.007003353718682186 0.0068359375
0 0.4145788123890314 0.890869140625 0.0023673308344841193 0.00341796875
0 0.20516867232195699 0.891845703125 0.0025646084040244622 0.00537109375
0 0.44367725389623197 0.89111328125 0.002959163543105149 0.0048828125
0 0.2593213651607812 0.8896484375 0.0017754981258630894 0.0029296875
0 0.1989544288814362 0.88916015625 0.0013809429867824028 0.001953125
0 0.1908660485302821 0.8896484375 0.0025646084040244622 0.00390625
0 0.19441704478200827 0.890869140625 0.004340106529887552 0.00830078125
0 0.4241960939041231 0.888427734375 0.0028605247583349774 0.00439453125
0 0.2433912014203985 0.887939453125 0.0012823042020122311 0.00341796875
0 0.21325705267311107 0.887939453125 0.0011836654172420597 0.00341796875
0 0.43997829946735056 0.890625 0.005030578023278753 0.009765625
0 0.4548727559676465 0.888427734375 0.0028605247583349774 0.00732421875
0 0.27525152890116394 0.887451171875 0.002071414480173604 0.00537109375
0 0.2852633655553364 0.88720703125 0.004931939238508582 0.005859375
0 0.5187906884987177 0.8857421875 0.0044387453146577235 0.00390625
0 0.44417044782008286 0.88623046875 0.005326494377589268 0.005859375
0 0.2625271256658118 0.885498046875 0.0022686920497139475 0.00439453125
0 0.2796409548234366 0.887451171875 0.005721049516669955 0.01025390625
0 0.3029197080291971 0.883544921875 0.0019727756954034327 0.00439453125
0 0.21044584730716118 0.883544921875 0.001085026632471888 0.00439453125
0 0.20467547839810613 0.885009765625 0.006904714933912014 0.00732421875
0 0.24284868810416255 0.880615234375 0.000789110278161373 0.00244140625
0 0.21680804892483724 0.880859375 0.001578220556322746 0.0029296875
0 0.1975734858946538 0.88134765625 0.003156441112645492 0.00390625
0 0.45181495363977114 0.8828125 0.0044387453146577235 0.0078125
0 0.42592227263760113 0.88037109375 0.0019727756954034327 0.0029296875
0 0.2851647267705662 0.881103515625 0.006904714933912014 0.00439453125
0 0.24595580982442297 0.88232421875 0.00542513316235944 0.0068359375
0 0.30124284868810414 0.881103515625 0.003156441112645492 0.00634765625
0 0.28279739593608205 0.87646484375 0.0027618859735648055 0.0029296875
0 0.2577924639968436 0.877685546875 0.005622410731899783 0.00732421875
0 0.4578812389031367 0.875 0.0025646084040244622 0.0029296875
0 0.19767212467942394 0.874755859375 0.002170053264943776 0.00341796875
0 0.4280430065101598 0.873046875 0.003255079897415664 0.0029296875
0 0.2629710001972776 0.872802734375 0.000789110278161373 0.00244140625
0 0.21532846715328466 0.873046875 0.003156441112645492 0.00390625
0 0.41536792266719275 0.872314453125 0.0025646084040244622 0.00341796875
0 0.1933813375419215 0.8759765625 0.005030578023278753 0.0107421875
0 0.2565101597948313 0.8720703125 0.005819688301440126 0.0048828125
0 0.24570921286249753 0.870849609375 0.003550996251726179 0.00439453125
0 0.2876800157822056 0.87060546875 0.003452357466956007 0.0048828125
0 0.5447820082856579 0.869384765625 0.0019727756954034327 0.00341796875
0 0.2521207338725587 0.87158203125 0.0027618859735648055 0.0078125
0 0.20408364568948512 0.87158203125 0.007101992503452358 0.0087890625
0 0.45733872558690075 0.868896484375 0.0066087985796014995 0.00634765625
0 0.27525152890116394 0.86572265625 0.0008877490629315447 0.001953125
0 0.5242651410534622 0.865478515625 0.0013809429867824028 0.00244140625
0 0.4461432235154863 0.866943359375 0.004142828960347208 0.00537109375
0 0.4383507595186427 0.86767578125 0.0033537186821858355 0.0068359375
0 0.2200631288222529 0.864990234375 0.0019727756954034327 0.00244140625
0 0.5509469323337937 0.86474609375 0.001874136910633261 0.0029296875
0 0.2660288025251529 0.865478515625 0.0017754981258630894 0.00439453125
0 0.19076740974551193 0.864013671875 0.0013809429867824028 0.00146484375
0 0.20107516275399487 0.86767578125 0.0066087985796014995 0.009765625
0 0.27031958966265535 0.8642578125 0.0028605247583349774 0.00390625
0 0.2548826198461235 0.8642578125 0.002959163543105149 0.0048828125
0 0.24955612546853423 0.8642578125 0.0051292168080489245 0.005859375
0 0.21088972183862695 0.86767578125 0.004537384099427895 0.0126953125
0 0.46049516669954627 0.863037109375 0.007200631288222529 0.00439453125
0 0.21439139869796803 0.86181640625 0.0016768593410929177 0.00390625
0 0.1912112842769777 0.860107421875 0.001874136910633261 0.00244140625
0 0.4513217597159203 0.861572265625 0.004636022884198066 0.00634765625
0 0.4920102584336161 0.859130859375 0.0017754981258630894 0.00244140625
0 0.45881830735845336 0.859130859375 0.004636022884198066 0.00439453125
0 0.537384099427895 0.857421875 0.0013809429867824028 0.001953125
0 0.19604458473071612 0.858642578125 0.0038469126060366936 0.00537109375
0 0.21103768001578221 0.8583984375 0.0016768593410929177 0.005859375
0 0.5427599131978694 0.85693359375 0.0030578023278753207 0.005859375
0 0.527569540343263 0.8564453125 0.002071414480173604 0.0048828125
0 0.4480666798185046 0.857421875 0.004636022884198066 0.0068359375
0 0.22021108699940817 0.85546875 0.0012823042020122311 0.0029296875
0 0.19855987374235548 0.85888671875 0.004734661668968239 0.009765625
0 0.4529986190570132 0.855224609375 0.004636022884198066 0.00439453125
0 0.25088774906293154 0.85595703125 0.004044190175577037 0.005859375
0 0.28807457092128624 0.8544921875 0.0030578023278753207 0.00390625
0 0.21892878279739594 0.853271484375 0.0012823042020122311 0.00244140625
0 0.20679621227066483 0.853515625 0.0012823042020122311 0.00390625
0 0.47124679423949495 0.855712890625 0.0077924639968435586 0.00927734375
0 0.5281120536594989 0.851806640625 0.001578220556322746 0.00244140625
0 0.5142533043992898 0.852294921875 0.004636022884198066 0.00537109375
0 0.2030972578417834 0.85546875 0.004734661668968239 0.01171875
0 0.5311698559873742 0.850830078125 0.0011836654172420597 0.00341796875
0 0.2792463996843559 0.85400390625 0.004142828960347208 0.009765625
0 0.24531465772341685 0.851806640625 0.003156441112645492 0.00537109375
0 0.19668573683172225 0.85107421875 0.0033537186821858355 0.00390625
0 0.20457683961333598 0.8505859375 0.0011836654172420597 0.00390625
0 0.4769678437561649 0.85107421875 0.002465969619254291 0.005859375
0 0.45216018938646674 0.849365234375 0.0009863878477017164 0.00244140625
0 0.290787137502466 0.849365234375 0.002170053264943776 0.00244140625
0 0.5566679818504636 0.849365234375 0.001874136910633261 0.00341796875
0 0.47233182087196685 0.8486328125 0.001874136910633261 0.0029296875
0 0.4564509765239692 0.84814453125 0.001085026632471888 0.001953125
0 0.288518445452752 0.849365234375 0.0023673308344841193 0.00537109375
0 0.2645985401459854 0.848388671875 0.0022686920497139475 0.00341796875
0 0.5453245216018938 0.849609375 0.005819688301440126 0.0068359375
0 0.21744920102584336 0.849609375 0.0022686920497139475 0.0068359375
0 0.25231801144209903 0.84765625 0.004142828960347208 0.005859375
0 0.4502367330834484 0.845947265625 0.003255079897415664 0.00341796875
0 0.47548826198461236 0.84619140625 0.004044190175577037 0.0048828125
0 0.19668573683172225 0.845947265625 0.0023673308344841193 0.00439453125
0 0.28437561649240484 0.844970703125 0.003550996251726179 0.00341796875
0 0.5173111067271651 0.845458984375 0.003255079897415664 0.00537109375
0 0.24871769579798778 0.845458984375 0.0028605247583349774 0.00537109375
0 0.45541526928388243 0.84375 0.0019727756954034327 0.0029296875
0 0.2757447228250148 0.84228515625 0.003255079897415664 0.001953125
0 0.4710988360623397 0.8427734375 0.0013809429867824028 0.00390625
0 0.4433320181495364 0.84326171875 0.0028605247583349774 0.0048828125
0 0.29458473071611757 0.84326171875 0.002465969619254291 0.0048828125
0 0.24531465772341685 0.84326171875 0.0017754981258630894 0.0048828125
0 0.27944367725389624 0.84228515625 0.0033537186821858355 0.0048828125
0 0.4989642927599132 0.840576171875 0.0014795817715525744 0.00244140625
0 0.26923456303018345 0.840576171875 0.0012823042020122311 0.00341796875
0 0.25138094298678243 0.8408203125 0.003452357466956007 0.00390625
0 0.17676070230814755 0.83984375 0.000789110278161373 0.0029296875
0 0.4638488853817321 0.8408203125 0.001874136910633261 0.005859375
0 0.45112448214637996 0.840576171875 0.00424146774511738 0.00537109375
0 0.2910337344643914 0.84228515625 0.004636022884198066 0.0087890625
0 0.42725389623199844 0.841796875 0.005227855592819097 0.0087890625
0 0.47450187413691064 0.839599609375 0.004636022884198066 0.00634765625
0 0.46961925429078716 0.839111328125 0.003748273821266522 0.00537109375
0 0.45738804497928587 0.837646484375 0.0039455513908068654 0.00439453125
0 0.4335174590649043 0.83837890625 0.004734661668968239 0.0068359375
0 0.5138094298678241 0.83935546875 0.003550996251726179 0.009765625
0 0.4478200828565792 0.836669921875 0.001578220556322746 0.00537109375
0 0.26760702308147566 0.835205078125 0.0025646084040244622 0.00244140625
0 0.45985401459854014 0.83447265625 0.0011836654172420597 0.001953125
0 0.19796804103373447 0.837646484375 0.004931939238508582 0.00830078125
0 0.5046853422765831 0.8349609375 0.002465969619254291 0.00390625
0 0.46370092720457684 0.83447265625 0.0013809429867824028 0.0029296875
0 0.5224896429275991 0.834228515625 0.0009863878477017164 0.00341796875
0 0.5223416847504438 0.840087890625 0.007397908857762872 0.01513671875
0 0.19717893075557308 0.8330078125 0.0013809429867824028 0.001953125
0 0.2812684947721444 0.832763671875 0.001874136910633261 0.00244140625
0 0.25231801144209903 0.8330078125 0.002170053264943776 0.00390625
0 0.5500098638784771 0.832275390625 0.0023673308344841193 0.00439453125
0 0.47238114026435196 0.83154296875 0.003748273821266522 0.005859375
0 0.2941901755770369 0.830810546875 0.002663247188794634 0.00537109375
0 0.45699348984020516 0.829833984375 0.004734661668968239 0.00439453125
0 0.5463109094495956 0.8291015625 0.0030578023278753207 0.00390625
0 0.442542907871375 0.828857421875 0.0036496350364963502 0.00341796875
0 0.5607614914184257 0.828857421875 0.0011836654172420597 0.00439453125
0 0.26159005721049516 0.82861328125 0.003550996251726179 0.0048828125
0 0.25700335371868216 0.83154296875 0.005622410731899783 0.0107421875
0 0.43396133359637007 0.8291015625 0.007200631288222529 0.0068359375
0 0.43933714736634444 0.826904296875 0.002170053264943776 0.00341796875
0 0.464933912014204 0.82763671875 0.0077924639968435586 0.0068359375
0 0.28595383704872757 0.824951171875 0.0011836654172420597 0.00244140625
0 0.21296113631880056 0.8251953125 0.0019727756954034327 0.0029296875
0 0.6045077924639969 0.823974609375 0.0022686920497139475 0.00244140625
0 0.45151903728546067 0.8291015625 0.005819688301440126 0.0126953125
0 0.19683369500887749 0.823974609375 0.002663247188794634 0.00341796875
0 0.44456500295916357 0.830322265625 0.010652988755178536 0.01708984375
0 0.5412310120339318 0.822265625 0.0009863878477017164 0.001953125
0 0.2972479779049122 0.825439453125 0.003255079897415664 0.00927734375
0 0.5441901755770369 0.822265625 0.0011836654172420597 0.00390625
0 0.43026237916748866 0.822509765625 0.0039455513908068654 0.00537109375
0 0.24348984020516867 0.820556640625 0.0014795817715525744 0.00244140625
0 0.2048234365752614 0.82080078125 0.001874136910633261 0.0029296875
0 0.2159202998619057 0.82080078125 0.0019727756954034327 0.0048828125
0 0.21379956598934702 0.819580078125 0.001085026632471888 0.00439453125
0 0.1951075162753995 0.819091796875 0.0017754981258630894 0.00341796875
0 0.45043401065298877 0.81787109375 0.0014795817715525744 0.001953125
0 0.2023574669560071 0.81884765625 0.0012823042020122311 0.00390625
0 0.44525547445255476 0.8212890625 0.004340106529887552 0.009765625
0 0.46611757743144605 0.81787109375 0.003255079897415664 0.00390625
0 0.4423949496942198 0.81982421875 0.0051292168080489245 0.0078125
0 0.2805780232787532 0.818359375 0.004044190175577037 0.0048828125
0 0.5462122706648254 0.81640625 0.0028605247583349774 0.001953125
0 0.5427599131978694 0.816650390625 0.0008877490629315447 0.00244140625
0 0.27520220950877883 0.81787109375 0.002170053264943776 0.0048828125
0 0.4944762280528704 0.8173828125 0.005326494377589268 0.0048828125
0 0.25221937265732886 0.816162109375 0.001578220556322746 0.00244140625
0 0.19851055434997042 0.816162109375 0.0006904714933912014 0.00244140625
0 0.4753896231998422 0.815673828125 0.002465969619254291 0.00439453125
0 0.4354409153679227 0.818115234375 0.005622410731899783 0.00927734375
0 0.19377589268100218 0.81396484375 0.001085026632471888 0.001953125
0 0.19219767212467942 0.81494140625 0.0016768593410929177 0.00390625
0 0.4579798776879069 0.81982421875 0.0051292168080489245 0.0146484375
0 0.2861511146182679 0.813720703125 0.0025646084040244622 0.00341796875
0 0.24669560071019925 0.81396484375 0.0009863878477017164 0.00390625
0 0.5016275399487078 0.814208984375 0.0022686920497139475 0.00537109375
0 0.4500887749062932 0.81201171875 0.001578220556322746 0.001953125
0 0.44042217399881634 0.812255859375 0.0017754981258630894 0.00244140625
0 0.2698263957388045 0.81201171875 0.0016768593410929177 0.001953125
0 0.2500986387847702 0.81298828125 0.002663247188794634 0.00390625
0 0.25572104951666996 0.81396484375 0.003255079897415664 0.0068359375
0 0.2447721444071809 0.813232421875 0.001874136910633261 0.00537109375
0 0.4898895245610574 0.815185546875 0.0028605247583349774 0.01025390625
0 0.45294929966462816 0.8125 0.002170053264943776 0.0048828125
0 0.4714933912014204 0.811767578125 0.0039455513908068654 0.00439453125
0 0.4475734858946538 0.81201171875 0.0012823042020122311 0.0048828125
0 0.2588774906293154 0.810791015625 0.0008877490629315447 0.00244140625
0 0.24393371473663444 0.80908203125 0.0011836654172420597 0.001953125
0 0.6056421384888538 0.809326171875 0.003550996251726179 0.00537109375
0 0.20847307161175774 0.8076171875 0.0008877490629315447 0.001953125
0 0.4372657328861708 0.80908203125 0.006904714933912014 0.005859375
0 0.4436279345038469 0.8076171875 0.005227855592819097 0.0048828125
0 0.18351745906490433 0.80810546875 0.0028605247583349774 0.005859375
0 0.48791674886565395 0.807861328125 0.0028605247583349774 0.00634765625
0 0.20640165713158415 0.811279296875 0.003255079897415664 0.01318359375
0 0.5740777273623989 0.804931640625 0.0011836654172420597 0.00244140625
0 0.464933912014204 0.804931640625 0.0008877490629315447 0.00244140625
0 0.2824028407970014 0.806396484375 0.0019727756954034327 0.00537109375
0 0.5446340501085026 0.806396484375 0.002465969619254291 0.00634765625
0 0.47894061945156835 0.804931640625 0.003452357466956007 0.00341796875
0 0.5072992700729927 0.804443359375 0.0039455513908068654 0.00341796875
0 0.24782994673505623 0.804443359375 0.0014795817715525744 0.00341796875
0 0.6566877096074176 0.806396484375 0.0036496350364963502 0.00830078125
0 0.4599526533833103 0.802734375 0.0019727756954034327 0.0029296875
0 0.29744525547445255 0.80712890625 0.004636022884198066 0.01171875
0 0.2059084632077333 0.80224609375 0.003452357466956007 0.001953125
0 0.5017754981258631 0.802490234375 0.0013809429867824028 0.00341796875
0 0.47608009469323337 0.805419921875 0.0028605247583349774 0.00927734375
0 0.4627145393568751 0.80224609375 0.0011836654172420597 0.0029296875
0 0.19318405997238114 0.802001953125 0.001085026632471888 0.00244140625
0 0.6042611955020715 0.802490234375 0.0019727756954034327 0.00439453125
0 0.28841980666798184 0.8037109375 0.003156441112645492 0.0068359375
0 0.2552278555928191 0.805419921875 0.005227855592819097 0.01025390625
0 0.48697968041033735 0.801513671875 0.0017754981258630894 0.00341796875
0 0.5537581376997436 0.8017578125 0.0023673308344841193 0.0048828125
0 0.19550207141448017 0.801025390625 0.0019727756954034327 0.00341796875
0 0.633852830933123 0.802734375 0.007101992503452358 0.0078125
0 0.5046360228841981 0.8017578125 0.0025646084040244622 0.005859375
0 0.4840205168672322 0.800048828125 0.0017754981258630894 0.00244140625
0 0.456894851055435 0.803466796875 0.003156441112645492 0.01025390625
0 0.2903925823633853 0.7998046875 0.0027618859735648055 0.00390625
0 0.26479581771552574 0.7998046875 0.0016768593410929177 0.00390625
0 0.2441803116985599 0.801513671875 0.0038469126060366936 0.00732421875
0 0.18055829552179917 0.800048828125 0.002071414480173604 0.00634765625
0 0.6392779640954823 0.799560546875 0.0027618859735648055 0.00634765625
0 0.5411816926415467 0.79833984375 0.002465969619254291 0.00390625
0 0.52589268100217 0.798828125 0.0012823042020122311 0.0048828125
0 0.48175182481751827 0.802978515625 0.0039455513908068654 0.01318359375
0 0.43371473663444465 0.799560546875 0.001578220556322746 0.00634765625
0 0.2940422173998816 0.802490234375 0.0039455513908068654 0.01220703125
0 0.21463799565989347 0.797119140625 0.0013809429867824028 0.00244140625
0 0.6364174393371473 0.79833984375 0.003748273821266522 0.005859375
0 0.48145590846320774 0.795654296875 0.0009863878477017164 0.00146484375
0 0.45423160386664035 0.798095703125 0.004734661668968239 0.00634765625
0 0.2821562438350759 0.796875 0.0028605247583349774 0.00390625
0 0.4527520220950878 0.79541015625 0.0005918327086210298 0.001953125
0 0.2705168672321957 0.79541015625 0.0030578023278753207 0.001953125
0 0.2471887946340501 0.795654296875 0.0009863878477017164 0.00244140625
0 0.46572302229236534 0.796142578125 0.004044190175577037 0.00439453125
0 0.2932037877293352 0.795166015625 0.002071414480173604 0.00244140625
0 0.5274709015584927 0.795166015625 0.001085026632471888 0.00341796875
0 0.47474847109883606 0.797119140625 0.004142828960347208 0.00732421875
0 0.4482146379956599 0.794921875 0.0011836654172420597 0.0029296875
0 0.29887551785362004 0.79443359375 0.000789110278161373 0.001953125
0 0.5558295521799171 0.794189453125 0.0011836654172420597 0.00244140625
0 0.29744525547445255 0.796142578125 0.0030578023278753207 0.00634765625
0 0.2058098244229631 0.794921875 0.004044190175577037 0.00390625
0 0.5412803314263168 0.793701171875 0.0028605247583349774 0.00244140625
0 0.5023180114420991 0.795166015625 0.002071414480173604 0.00537109375
0 0.29058985993292563 0.793701171875 0.0013809429867824028 0.00341796875
0 0.4863385283093312 0.79296875 0.002071414480173604 0.00390625
0 0.21192542907871376 0.794677734375 0.0036496350364963502 0.00732421875
0 0.5049319392385085 0.791015625 0.0011836654172420597 0.0029296875
0 0.4963996843558887 0.794677734375 0.005622410731899783 0.01025390625
0 0.2934997040836457 0.791259765625 0.0044387453146577235 0.00341796875
0 0.21848490826593017 0.790771484375 0.0011836654172420597 0.00244140625
0 0.21231998421779444 0.791259765625 0.0016768593410929177 0.00341796875
0 0.543105148944565 0.79052734375 0.0013809429867824028 0.0029296875
0 0.46947129611363186 0.791259765625 0.0012823042020122311 0.00439453125
0 0.1822351548628921 0.79541015625 0.0038469126060366936 0.0126953125
0 0.4938843953442494 0.790771484375 0.0019727756954034327 0.00439453125
0 0.47825014795817716 0.7919921875 0.003255079897415664 0.0068359375
0 0.6713355691457881 0.790283203125 0.004142828960347208 0.00439453125
0 0.46202406786348393 0.791259765625 0.003156441112645492 0.00634765625
0 0.19703097257841784 0.793701171875 0.0036496350364963502 0.01123046875
0 0.19387453146577235 0.79052734375 0.0022686920497139475 0.0048828125
0 0.4868317222331821 0.788818359375 0.0012823042020122311 0.00244140625
0 0.4828368514499901 0.79150390625 0.004537384099427895 0.0078125
0 0.20822647464983232 0.790283203125 0.002959163543105149 0.00537109375
0 0.20161767607023082 0.792724609375 0.0051292168080489245 0.01025390625
0 0.6488952456105741 0.789306640625 0.004636022884198066 0.00439453125
0 0.27599131978694025 0.788330078125 0.0013809429867824028 0.00244140625
0 0.5320576050503057 0.791748046875 0.006707437364371671 0.01025390625
0 0.502860524758335 0.787841796875 0.0005918327086210298 0.00244140625
0 0.4728743341882028 0.788818359375 0.0013809429867824028 0.00439453125
0 0.2872854606431249 0.7880859375 0.0022686920497139475 0.0029296875
0 0.4575360031564411 0.7880859375 0.0030578023278753207 0.00390625
0 0.2541921483527323 0.78857421875 0.0017754981258630894 0.0048828125
0 0.18036101795225884 0.787109375 0.0014795817715525744 0.0029296875
0 0.6621128427697771 0.786865234375 0.002465969619254291 0.00341796875
0 0.44500887749062934 0.787353515625 0.002071414480173604 0.00439453125
0 0.2973466166896824 0.786376953125 0.0028605247583349774 0.00341796875
0 0.25 0.788330078125 0.0030578023278753207 0.00830078125
0 0.6545176563424738 0.7861328125 0.00542513316235944 0.0048828125
0 0.6282797395936082 0.784912109375 0.0012823042020122311 0.00244140625
0 0.2854113237324916 0.78515625 0.002071414480173604 0.0029296875
0 0.19214835273229433 0.785888671875 0.0023673308344841193 0.00439453125
0 0.25123298480962714 0.785400390625 0.0019727756954034327 0.00439453125
0 0.5056224107318997 0.78369140625 0.0013809429867824028 0.001953125
0 0.5003452357466956 0.78466796875 0.002465969619254291 0.00390625
0 0.4637502465969619 0.784423828125 0.0016768593410929177 0.00341796875
0 0.2876306963898205 0.783935546875 0.0017754981258630894 0.00244140625
0 0.7062043795620438 0.783447265625 0.0016768593410929177 0.00244140625
0 0.6079601499309528 0.783935546875 0.0008877490629315447 0.00341796875
0 0.6060366936279346 0.782958984375 0.0025646084040244622 0.00244140625
0 0.4785460643124877 0.782958984375 0.001085026632471888 0.00244140625
0 0.6397218386269481 0.782470703125 0.001874136910633261 0.00244140625
0 0.5079404221739988 0.7880859375 0.0044387453146577235 0.013671875
0 0.2777174985204182 0.781982421875 0.0012823042020122311 0.00146484375
0 0.578171236930361 0.783935546875 0.0016768593410929177 0.00634765625
0 0.4731702505425133 0.782470703125 0.002170053264943776 0.00439453125
0 0.6440126257644506 0.781982421875 0.005918327086210298 0.00439453125
0 0.4940816729137897 0.78125 0.0017754981258630894 0.0029296875
0 0.4503353718682186 0.780517578125 0.0022686920497139475 0.00244140625
0 0.6998914973367528 0.783447265625 0.009370684553166305 0.00927734375
0 0.19762280528703888 0.780517578125 0.0014795817715525744 0.00341796875
0 0.6700039455513908 0.77978515625 0.0036496350364963502 0.0029296875
0 0.5984415072006313 0.779541015625 0.0017754981258630894 0.00244140625
0 0.24437758926810021 0.779296875 0.0012823042020122311 0.0029296875
0 0.7109883606233971 0.779052734375 0.0025646084040244622 0.00341796875
0 0.7062536989544289 0.7783203125 0.0023673308344841193 0.001953125
0 0.2690866048530282 0.77783203125 0.000789110278161373 0.001953125
0 0.2114322351548629 0.78369140625 0.005622410731899783 0.013671875
0 0.5109489051094891 0.77734375 0.0009863878477017164 0.001953125
0 0.509814559084632 0.77783203125 0.001085026632471888 0.00390625
0 0.44234563030183466 0.77734375 0.0028605247583349774 0.0029296875
0 0.21739988163345828 0.77783203125 0.0011836654172420597 0.00390625
0 0.6411027816137305 0.77685546875 0.002071414480173604 0.0029296875
0 0.44535411323732493 0.77587890625 0.0025646084040244622 0.001953125
0 0.29537384099427894 0.777099609375 0.002071414480173604 0.00439453125
0 0.21547642533043992 0.77587890625 0.0022686920497139475 0.001953125
0 0.2520220950877885 0.775634765625 0.0017754981258630894 0.00244140625
0 0.24916157032945355 0.77734375 0.0017754981258630894 0.005859375
0 0.6062339711974748 0.775634765625 0.0023673308344841193 0.00341796875
0 0.24048135726967843 0.77734375 0.002170053264943776 0.0068359375
0 0.19875715131189584 0.776611328125 0.0019727756954034327 0.00537109375
0 0.6953541132373249 0.775390625 0.00542513316235944 0.00390625
0 0.622361412507398 0.77587890625 0.0036496350364963502 0.0048828125
0 0.5009370684553166 0.774169921875 0.002071414480173604 0.00244140625
0 0.4766226080094693 0.774169921875 0.0011836654172420597 0.00244140625
0 0.7210495166699546 0.774169921875 0.0017754981258630894 0.00341796875
0 0.7073387255869008 0.773193359375 0.0013809429867824028 0.00244140625
0 0.2036890905504044 0.7734375 0.003550996251726179 0.0029296875
0 0.6036693627934504 0.7734375 0.0019727756954034327 0.00390625
0 0.5906983625961728 0.77734375 0.0044387453146577235 0.01171875
0 0.43874531465772343 0.77392578125 0.0019727756954034327 0.0048828125
0 0.3097257841783389 0.773193359375 0.0011836654172420597 0.00341796875
0 0.20008877490629315 0.77294921875 0.0016768593410929177 0.0029296875
0 0.6135825606628527 0.7724609375 0.0022686920497139475 0.0029296875
0 0.6450483330045373 0.77294921875 0.002465969619254291 0.0048828125
0 0.2983330045373841 0.7734375 0.0036496350364963502 0.005859375
0 0.2924639968435589 0.77197265625 0.002959163543105149 0.0029296875
0 0.7262773722627737 0.772216796875 0.006904714933912014 0.00439453125
0 0.6538765042414677 0.771484375 0.002170053264943776 0.0029296875
0 0.6262576445058197 0.771240234375 0.0019727756954034327 0.00244140625
0 0.5479877687906884 0.77783203125 0.006806076149141842 0.015625
0 0.21789307555730913 0.771240234375 0.001578220556322746 0.00244140625
0 0.5083842967054646 0.772216796875 0.001578220556322746 0.00537109375
0 0.4787926612744131 0.771728515625 0.0017754981258630894 0.00439453125
0 0.22065496153087394 0.774169921875 0.003156441112645492 0.00927734375
0 0.6422371276385875 0.7705078125 0.002170053264943776 0.0029296875
0 0.5876898796606825 0.771240234375 0.001578220556322746 0.00439453125
0 0.44214835273229436 0.770263671875 0.001874136910633261 0.00244140625
0 0.22400868021305978 0.772216796875 0.0027618859735648055 0.00634765625
0 0.4912211481554547 0.76953125 0.001578220556322746 0.001953125
0 0.47405799960544487 0.772216796875 0.002170053264943776 0.00732421875
0 0.4437265732886171 0.769775390625 0.0008877490629315447 0.00244140625
0 0.6096863286644308 0.773193359375 0.0027618859735648055 0.01025390625
0 0.598885381732097 0.76904296875 0.0016768593410929177 0.001953125
0 0.4460939041231012 0.77001953125 0.002663247188794634 0.00390625
0 0.2518248175182482 0.769287109375 0.0017754981258630894 0.00244140625
0 0.6579700138094299 0.771728515625 0.004044190175577037 0.00927734375
0 0.6206352337739199 0.768310546875 0.0013809429867824028 0.00341796875
0 0.49334188202801343 0.767578125 0.001085026632471888 0.001953125
0 0.27456105740777276 0.768310546875 0.0036496350364963502 0.00341796875
0 0.7171532846715328 0.768310546875 0.005819688301440126 0.00439453125
0 0.6141743933714736 0.7685546875 0.002663247188794634 0.0048828125
0 0.5839909252318012 0.76806640625 0.0014795817715525744 0.00390625
0 0.5809824422963109 0.768310546875 0.004340106529887552 0.00439453125
0 0.4690767409745512 0.767578125 0.0014795817715525744 0.0029296875
0 0.3010948905109489 0.767578125 0.001085026632471888 0.0029296875
0 0.7274117182876307 0.767822265625 0.007003353718682186 0.00439453125
0 0.46296113631880054 0.766845703125 0.001085026632471888 0.00244140625
0 0.21794239494969422 0.76708984375 0.0008877490629315447 0.0029296875
0 0.18248175182481752 0.768310546875 0.004537384099427895 0.00537109375
0 0.6894357861511147 0.77001953125 0.006411521010061156 0.009765625
0 0.4572894061945157 0.76953125 0.005326494377589268 0.0087890625
0 0.3057802327875321 0.766357421875 0.0011836654172420597 0.00244140625
0 0.48480962714539355 0.765869140625 0.0009863878477017164 0.00244140625
0 0.20191359242454132 0.767578125 0.0061156046557506415 0.005859375
0 0.1995955809824423 0.765869140625 0.0014795817715525744 0.00244140625
0 0.5953837048727559 0.765380859375 0.0017754981258630894 0.00244140625
0 0.2883704872755968 0.765625 0.002663247188794634 0.0029296875
0 0.22016176760702308 0.767333984375 0.0019727756954034327 0.00634765625
0 0.6555040441901756 0.764892578125 0.0016768593410929177 0.00244140625
0 0.7211481554547248 0.765380859375 0.003550996251726179 0.00439453125
0 0.6614223712763859 0.764404296875 0.004044190175577037 0.00341796875
0 0.7019135924245413 0.763427734375 0.004340106529887552 0.00244140625
0 0.6901262576445059 0.763916015625 0.0030578023278753207 0.00341796875
0 0.6152101006115605 0.76318359375 0.001578220556322746 0.001953125
0 0.47869402248964293 0.76318359375 0.000789110278161373 0.001953125
0 0.18632866443085422 0.764892578125 0.0023673308344841193 0.00537109375
0 0.6843558887354508 0.762939453125 0.0025646084040244622 0.00244140625
0 0.5195797987768791 0.762939453125 0.0016768593410929177 0.00244140625
0 0.28388242256855395 0.7626953125 0.000789110278161373 0.001953125
0 0.18302426514105347 0.763427734375 0.0022686920497139475 0.00341796875
0 0.6204379562043796 0.76318359375 0.0039455513908068654 0.00390625
0 0.4655750641152101 0.76220703125 0.000789110278161373 0.001953125
0 0.20137107910830537 0.761962890625 0.00424146774511738 0.00244140625
0 0.6974255277174986 0.761962890625 0.004636022884198066 0.00341796875
0 0.5306766620635234 0.76171875 0.0013809429867824028 0.0029296875
0 0.4979285855198264 0.76220703125 0.003748273821266522 0.00390625
0 0.4536890905504044 0.76220703125 0.0016768593410929177 0.00390625
0 0.29744525547445255 0.76513671875 0.00542513316235944 0.009765625
0 0.6496843558887354 0.760986328125 0.0016768593410929177 0.00244140625
0 0.46404616295127243 0.760986328125 0.0008877490629315447 0.00244140625
0 0.6573781811008088 0.761474609375 0.002071414480173604 0.00439453125
0 0.597159202998619 0.76171875 0.001578220556322746 0.0048828125
0 0.46646281317814164 0.76025390625 0.000789110278161373 0.001953125
0 0.30775300848293546 0.76171875 0.0023673308344841193 0.0048828125
0 0.6665022686920498 0.762451171875 0.004537384099427895 0.00732421875
0 0.6536299072795423 0.760009765625 0.0022686920497139475 0.00244140625
0 0.5888242256855396 0.759521484375 0.001085026632471888 0.00244140625
0 0.6456401657131584 0.760498046875 0.002465969619254291 0.00537109375
0 0.6087985796014993 0.759033203125 0.0011836654172420597 0.00244140625
0 0.5912901953047939 0.759033203125 0.0014795817715525744 0.00244140625
0 0.2433418820280134 0.76123046875 0.0027618859735648055 0.0068359375
0 0.47198658512527125 0.759033203125 0.0013809429867824028 0.00341796875
0 0.45003945551390806 0.7607421875 0.003255079897415664 0.0068359375
0 0.6903728546064313 0.758544921875 0.004537384099427895 0.00341796875
0 0.616640362990728 0.75830078125 0.0016768593410929177 0.0029296875
0 0.4808147563622016 0.759521484375 0.002071414480173604 0.00537109375
0 0.20857171039652792 0.7607421875 0.0028605247583349774 0.0078125
0 0.18243243243243243 0.758544921875 0.0008877490629315447 0.00341796875
0 0.37744130992306174 0.758544921875 0.002071414480173604 0.00439453125
0 0.28871572302229237 0.75732421875 0.002170053264943776 0.001953125
0 0.7260307753008483 0.758544921875 0.0038469126060366936 0.00537109375
0 0.7009765239692247 0.758544921875 0.004044190175577037 0.00537109375
0 0.21236930361017953 0.759033203125 0.0027618859735648055 0.00732421875
0 0.6115604655750642 0.760986328125 0.0039455513908068654 0.01220703125
0 0.6041625567173012 0.755859375 0.000789110278161373 0.001953125
0 0.5952850660879858 0.758056640625 0.002170053264943776 0.00634765625
0 0.6952554744525548 0.757080078125 0.00542513316235944 0.00537109375
0 0.6721739988163346 0.7548828125 0.0012823042020122311 0.001953125
0 0.6330144012625765 0.756591796875 0.003255079897415664 0.00537109375
0 0.5889721838626948 0.755859375 0.0019727756954034327 0.00390625
0 0.20566186624580785 0.757568359375 0.003550996251726179 0.00732421875
0 0.6196981653186032 0.756103515625 0.003255079897415664 0.00537109375
0 0.2941408561846518 0.755126953125 0.001578220556322746 0.00341796875
0 0.6764647859538371 0.756103515625 0.0039455513908068654 0.00634765625
0 0.6690668770960742 0.754150390625 0.0025646084040244622 0.00244140625
0 0.6369106332609982 0.754150390625 0.0013809429867824028 0.00244140625
0 0.6832708621029789 0.75390625 0.002959163543105149 0.0029296875
0 0.29611363188005524 0.753173828125 0.0013809429867824028 0.00244140625
0 0.198855790096666 0.75341796875 0.002170053264943776 0.0029296875
0 0.65515880844348 0.75244140625 0.002170053264943776 0.001953125
0 0.4938843953442494 0.7548828125 0.0051292168080489245 0.0068359375
0 0.17937463010455712 0.753662109375 0.0022686920497139475 0.00537109375
0 0.5550404419017557 0.7529296875 0.0019727756954034327 0.0048828125
0 0.4979285855198264 0.751708984375 0.001578220556322746 0.00244140625
0 0.23303412901953047 0.75634765625 0.006016965870980469 0.0126953125
0 0.3042020122312093 0.7509765625 0.0011836654172420597 0.0029296875
0 0.5924245413296508 0.75 0.0009863878477017164 0.001953125
0 0.5880844347997632 0.750244140625 0.0009863878477017164 0.00244140625
0 0.22958177155257448 0.753173828125 0.0038469126060366936 0.00830078125
0 0.1897810218978102 0.75146484375 0.0017754981258630894 0.0048828125
0 0.6983132767804301 0.750244140625 0.00483330045373841 0.00341796875
0 0.6668968238311304 0.74951171875 0.0013809429867824028 0.001953125
0 0.4870783191951075 0.750732421875 0.002170053264943776 0.00439453125
0 0.7134543302426514 0.7490234375 0.001578220556322746 0.001953125
0 0.6512625764450582 0.749755859375 0.002663247188794634 0.00341796875
0 0.7328368514499901 0.7490234375 0.0030578023278753207 0.0029296875
0 0.6449496942197672 0.749267578125 0.00483330045373841 0.00341796875
0 0.3084434799763267 0.75341796875 0.004537384099427895 0.01171875
0 0.62645492207536 0.749267578125 0.003156441112645492 0.00537109375
0 0.5904024462418623 0.7490234375 0.0012823042020122311 0.0048828125
0 0.5842375221937266 0.750732421875 0.0033537186821858355 0.00830078125
0 0.705168672321957 0.748046875 0.0027618859735648055 0.00390625
0 0.6206352337739199 0.747314453125 0.003550996251726179 0.00244140625
0 0.4433320181495364 0.747314453125 0.0008877490629315447 0.00244140625
0 0.30523771947129613 0.7470703125 0.0014795817715525744 0.001953125
0 0.29912211481554546 0.7470703125 0.0008877490629315447 0.001953125
0 0.6829256263562833 0.7470703125 0.002071414480173604 0.0029296875
0 0.6619155652002368 0.74951171875 0.0066087985796014995 0.0078125
0 0.5111955020714145 0.74755859375 0.0028605247583349774 0.00390625
0 0.31219175379759323 0.751708984375 0.0033537186821858355 0.01220703125
0 0.2954724797790491 0.746826171875 0.0016768593410929177 0.00244140625
0 0.38765042414677453 0.745849609375 0.0013809429867824028 0.00244140625
0 0.7274117182876307 0.745361328125 0.001874136910633261 0.00244140625
0 0.6504734661668968 0.745361328125 0.001085026632471888 0.00244140625
0 0.37640560268297496 0.745361328125 0.002170053264943776 0.00244140625
0 0.23860722035904516 0.74853515625 0.005721049516669955 0.0087890625
0 0.7294338133754192 0.74462890625 0.002170053264943776 0.001953125
0 0.5345728940619452 0.74462890625 0.001085026632471888 0.001953125
0 0.6393272834878674 0.744384765625 0.001874136910633261 0.00244140625
0 0.27559676464785954 0.74462890625 0.001578220556322746 0.0029296875
0 0.6771552574472283 0.743896484375 0.0017754981258630894 0.00244140625
0 0.5460643124876702 0.74853515625 0.004340106529887552 0.01171875
0 0.18297494574866838 0.7451171875 0.0019727756954034327 0.0048828125
0 0.6256164924048135 0.74365234375 0.002071414480173604 0.0029296875
0 0.3069638982047741 0.7451171875 0.0025646084040244622 0.005859375
0 0.6592029986190571 0.74267578125 0.0017754981258630894 0.001953125
0 0.6357762872361412 0.747314453125 0.005622410731899783 0.01123046875
0 0.48490826593016373 0.743408203125 0.0017754981258630894 0.00341796875
0 0.5949891497336752 0.742919921875 0.0019727756954034327 0.00341796875
0 0.5079404221739988 0.74267578125 0.001085026632471888 0.0029296875
0 0.501183665417242 0.74267578125 0.003156441112645492 0.0029296875
0 0.19328269875715132 0.7421875 0.001085026632471888 0.001953125
0 0.6803610179522588 0.741943359375 0.0016768593410929177 0.00244140625
0 0.5822647464983232 0.7451171875 0.003748273821266522 0.0087890625
0 0.5428092325902545 0.7431640625 0.001578220556322746 0.0048828125
0 0.36220161767607023 0.742919921875 0.0017754981258630894 0.00439453125
0 0.7035904517656343 0.74169921875 0.003550996251726179 0.0029296875
0 0.7216906687709608 0.741455078125 0.002465969619254291 0.00341796875
0 0.30405405405405406 0.741455078125 0.002071414480173604 0.00341796875
0 0.23441507200631287 0.7412109375 0.0014795817715525744 0.0029296875
0 0.23032156243835075 0.741943359375 0.0023673308344841193 0.00439453125
0 0.20847307161175774 0.7421875 0.0014795817715525744 0.0048828125
0 0.3853324127046755 0.74072265625 0.0016768593410929177 0.0029296875
0 0.2169560071019925 0.740478515625 0.001874136910633261 0.00341796875
0 0.6872657328861709 0.73974609375 0.0030578023278753207 0.0029296875
0 0.1728151509173407 0.73974609375 0.0013809429867824028 0.0029296875
0 0.30957782600118366 0.742919921875 0.0028605247583349774 0.01025390625
0 0.6406095876898796 0.738525390625 0.0014795817715525744 0.00244140625
0 0.604606431248767 0.739501953125 0.001874136910633261 0.00439453125
0 0.5871966857368317 0.739501953125 0.0017754981258630894 0.00439453125
0 0.18090353126849476 0.738525390625 0.0017754981258630894 0.00244140625
0 0.1773525350167686 0.739501953125 0.0013809429867824028 0.00439453125
0 0.7002860524758335 0.738037109375 0.002071414480173604 0.00244140625
0 0.6123495758532255 0.738037109375 0.000789110278161373 0.00244140625
0 0.22573485894653778 0.738525390625 0.0016768593410929177 0.00341796875
0 0.21330637206549616 0.738037109375 0.0006904714933912014 0.00244140625
0 0.19145788123890314 0.738525390625 0.0013809429867824028 0.00341796875
0 0.2997632669165516 0.739013671875 0.0013809429867824028 0.00537109375
0 0.2044782008285658 0.738037109375 0.0023673308344841193 0.00341796875
0 0.1992010258433616 0.7373046875 0.0006904714933912014 0.001953125
0 0.09380548431643322 0.74072265625 0.005721049516669955 0.0087890625
0 0.20704280923259025 0.737548828125 0.0011836654172420597 0.00341796875
0 0.5329946735056225 0.738525390625 0.003255079897415664 0.00634765625
0 0.4075261392779641 0.736572265625 0.004044190175577037 0.00244140625
0 0.6251232984809627 0.73681640625 0.0028605247583349774 0.00390625
0 0.1762181889919116 0.736083984375 0.0014795817715525744 0.00244140625
0 0.0907476819885579 0.736083984375 0.002959163543105149 0.00244140625
0 0.7128131781416452 0.736083984375 0.002071414480173604 0.00341796875
0 0.3060268297494575 0.73681640625 0.0014795817715525744 0.0048828125
0 0.16383902150325508 0.735107421875 0.002170053264943776 0.00244140625
0 0.702258828171237 0.735107421875 0.0022686920497139475 0.00341796875
0 0.5406391793253107 0.734619140625 0.000789110278161373 0.00244140625
0 0.43539159597553756 0.73876953125 0.0033537186821858355 0.0107421875
0 0.6925922272637601 0.734619140625 0.002465969619254291 0.00439453125
0 0.6863286644308542 0.73388671875 0.003748273821266522 0.0029296875
0 0.5090254488064707 0.73583984375 0.0022686920497139475 0.0078125
0 0.2249457486683764 0.733154296875 0.0008877490629315447 0.00244140625
0 0.18302426514105347 0.733642578125 0.0012823042020122311 0.00341796875
0 0.1745413296508187 0.7333984375 0.002071414480173604 0.0029296875
0 0.7145886762675084 0.73291015625 0.002663247188794634 0.0029296875
0 0.37354507792464 0.732421875 0.0013809429867824028 0.001953125
0 0.09267113829157625 0.732421875 0.0012823042020122311 0.0029296875
0 0.44007693825212074 0.734130859375 0.0038469126060366936 0.00732421875
0 0.4026928388242257 0.731689453125 0.0022686920497139475 0.00244140625
0 0.23283685144999014 0.734375 0.00424146774511738 0.0078125
0 0.21596961925429078 0.73193359375 0.001085026632471888 0.0029296875
0 0.12231209311501283 0.731689453125 0.0009863878477017164 0.00244140625
0 0.5866541724205958 0.732421875 0.002071414480173604 0.0048828125
0 0.2274117182876307 0.7333984375 0.0030578023278753207 0.0068359375
0 0.09000789110278161 0.731689453125 0.0008877490629315447 0.00341796875
0 0.7050700335371868 0.731201171875 0.0013809429867824028 0.00341796875
0 0.4576346419412113 0.7314453125 0.0016768593410929177 0.00390625
0 0.38730518840007894 0.73046875 0.0014795817715525744 0.001953125
0 0.38335963700927206 0.732666015625 0.003255079897415664 0.00634765625
0 0.6838133754192148 0.730224609375 0.0022686920497139475 0.00244140625
0 0.6301045571118564 0.72998046875 0.0011836654172420597 0.001953125
0 0.5375813769974354 0.734375 0.004734661668968239 0.0107421875
0 0.5111955020714145 0.72998046875 0.001085026632471888 0.001953125
0 0.19880647070428092 0.731201171875 0.0028605247583349774 0.00439453125
0 0.17187808246202407 0.73291015625 0.002071414480173604 0.0078125
0 0.09513710791083053 0.731689453125 0.0028605247583349774 0.00537109375
0 0.43899191161964884 0.729736328125 0.0012823042020122311 0.00244140625
0 0.6967350562241074 0.729248046875 0.001874136910633261 0.00244140625
0 0.45289998027224304 0.729248046875 0.0012823042020122311 0.00244140625
0 0.14105346222134543 0.730224609375 0.001578220556322746 0.00439453125
0 0.6696093904123102 0.728515625 0.0014795817715525744 0.001953125
0 0.6017952258828171 0.728759765625 0.0011836654172420597 0.00244140625
0 0.460347208522391 0.728515625 0.0013809429867824028 0.0029296875
0 0.2980864075754587 0.728515625 0.001578220556322746 0.0029296875
0 0.48377391990530677 0.7275390625 0.0006904714933912014 0.001953125
0 0.39830341290195304 0.72900390625 0.0025646084040244622 0.0048828125
0 0.3848885381732097 0.72705078125 0.002170053264943776 0.001953125
0 0.37354507792464 0.7275390625 0.0017754981258630894 0.0029296875
0 0.15969619254290787 0.727294921875 0.0011836654172420597 0.00244140625
0 0.4016078121917538 0.726318359375 0.0014795817715525744 0.00146484375
0 0.3883408956401657 0.7265625 0.001578220556322746 0.001953125
0 0.17414677451173802 0.728515625 0.0022686920497139475 0.005859375
0 0.6305484316433222 0.726318359375 0.0008877490629315447 0.00244140625
0 0.40382718484908264 0.72705078125 0.0025646084040244622 0.00390625
0 0.39933912014203987 0.7265625 0.0016768593410929177 0.0029296875
0 0.3101696587098047 0.726806640625 0.0012823042020122311 0.00341796875
0 0.21577234168475046 0.7265625 0.0008877490629315447 0.0029296875
0 0.5813769974353916 0.729248046875 0.0072992700729927005 0.00927734375
0 0.311501282304202 0.725341796875 0.0011836654172420597 0.00146484375
0 0.17789504833300454 0.728759765625 0.002663247188794634 0.00830078125
0 0.1018445452752022 0.72607421875 0.001874136910633261 0.0029296875
0 0.09794831327678043 0.7294921875 0.003748273821266522 0.009765625
0 0.6240875912408759 0.725341796875 0.002170053264943776 0.00244140625
0 0.5366936279345038 0.72607421875 0.0013809429867824028 0.00390625
0 0.1721246794239495 0.7255859375 0.0017754981258630894 0.0029296875
0 0.37566581179719866 0.727783203125 0.0022686920497139475 0.00830078125
0 0.1425823633852831 0.724609375 0.0014795817715525744 0.001953125
0 0.23293549023476032 0.72509765625 0.0030578023278753207 0.00390625
0 0.1043105148944565 0.72607421875 0.002465969619254291 0.005859375
0 0.44116196488459264 0.723388671875 0.0012823042020122311 0.00244140625
0 0.36964884592621816 0.722900390625 0.0014795817715525744 0.00146484375
0 0.6032748076543697 0.722900390625 0.001578220556322746 0.00244140625
0 0.5871966857368317 0.72314453125 0.0027618859735648055 0.0029296875
0 0.41083053856776486 0.72265625 0.000789110278161373 0.001953125
0 0.10228841980666799 0.72216796875 0.0009863878477017164 0.001953125
0 0.092523180114421 0.726318359375 0.004537384099427895 0.01025390625
0 0.4283882422568554 0.721923828125 0.002170053264943776 0.00244140625
0 0.40348194910238705 0.7216796875 0.0012823042020122311 0.001953125
0 0.12675083842967055 0.72216796875 0.0011836654172420597 0.0029296875
0 0.6265042414677451 0.72119140625 0.0012823042020122311 0.001953125
0 0.46883014401262574 0.721435546875 0.0013809429867824028 0.00244140625
0 0.6088478989938844 0.720703125 0.001085026632471888 0.001953125
0 0.5786151114618268 0.72119140625 0.0013809429867824028 0.0029296875
0 0.39736634444663643 0.720458984375 0.0028605247583349774 0.00341796875
0 0.5956796212270665 0.71923828125 0.0011836654172420597 0.001953125
0 0.23204774117182878 0.72021484375 0.0014795817715525744 0.00390625
0 0.6033734464391398 0.718994140625 0.0017754981258630894 0.00244140625
0 0.37472874334188205 0.72021484375 0.0027618859735648055 0.0048828125
0 0.30740777273623987 0.719482421875 0.001085026632471888 0.00341796875
0 0.17054645886762676 0.718994140625 0.0027618859735648055 0.00244140625
0 0.510307753008483 0.718505859375 0.0022686920497139475 0.00244140625
0 0.42099033339909253 0.718994140625 0.0013809429867824028 0.00341796875
0 0.3945551390806865 0.718505859375 0.0017754981258630894 0.00244140625
0 0.36560465575064116 0.72119140625 0.005030578023278753 0.0078125
0 0.1687216413493786 0.72314453125 0.004636022884198066 0.0126953125
0 0.1195995265338331 0.720947265625 0.0030578023278753207 0.00830078125
0 0.101154073781811 0.718994140625 0.002071414480173604 0.00439453125
0 0.22021108699940817 0.720458984375 0.003255079897415664 0.00830078125
0 0.5233280725981456 0.7177734375 0.0012823042020122311 0.00390625
0 0.3894259222726376 0.71826171875 0.002959163543105149 0.0048828125
0 0.29783981061353326 0.717041015625 0.0014795817715525744 0.00244140625
0 0.23836062339711975 0.7177734375 0.0014795817715525744 0.00390625
0 0.14859932925626357 0.71826171875 0.0016768593410929177 0.0048828125
0 0.5825606628526336 0.720458984375 0.0039455513908068654 0.01025390625
0 0.10539554152692839 0.71826171875 0.0014795817715525744 0.005859375
0 0.5972578417833893 0.716064453125 0.000789110278161373 0.00244140625
0 0.0907476819885579 0.71630859375 0.0013809429867824028 0.0029296875
0 0.37916748865653976 0.718505859375 0.003748273821266522 0.00830078125
0 0.223564805681594 0.7197265625 0.0036496350364963502 0.0107421875
0 0.09548234365752614 0.7177734375 0.002170053264943776 0.0068359375
0 0.551736042611955 0.71484375 0.0012823042020122311 0.001953125
0 0.5462122706648254 0.71484375 0.0022686920497139475 0.001953125
0 0.4241960939041231 0.71533203125 0.0036496350364963502 0.0029296875
0 0.3866147169066877 0.71875 0.0028605247583349774 0.009765625
0 0.3105642138488854 0.715087890625 0.0012823042020122311 0.00341796875
0 0.528161373051884 0.716064453125 0.001874136910633261 0.00634765625
0 0.14480173604261196 0.71484375 0.0013809429867824028 0.00390625
0 0.11782402840797002 0.71484375 0.0012823042020122311 0.00390625
0 0.511491418425725 0.71435546875 0.001085026632471888 0.00390625
0 0.412655356086013 0.713623046875 0.002071414480173604 0.00244140625
0 0.3755671730124285 0.71435546875 0.002465969619254291 0.00390625
0 0.1251726178733478 0.713623046875 0.0009863878477017164 0.00244140625
0 0.36017952258828173 0.713623046875 0.0014795817715525744 0.00341796875
0 0.6310909449595581 0.712646484375 0.0013809429867824028 0.00244140625
0 0.5813769974353916 0.713134765625 0.0011836654172420597 0.00341796875
0 0.414924048135727 0.717041015625 0.00542513316235944 0.01123046875
0 0.3620043401065299 0.7119140625 0.0011836654172420597 0.001953125
0 0.3912014203985007 0.71240234375 0.0013809429867824028 0.00390625
0 0.5233773919905307 0.711669921875 0.0023673308344841193 0.00341796875
0 0.582807259814559 0.7109375 0.0008877490629315447 0.0029296875
0 0.5135135135135135 0.713134765625 0.0019727756954034327 0.00732421875
0 0.42029986190570134 0.71240234375 0.004734661668968239 0.005859375
0 0.40496153087393966 0.712646484375 0.002071414480173604 0.00634765625
0 0.39509765239692246 0.710693359375 0.0012823042020122311 0.00244140625
0 0.14337147366344447 0.7138671875 0.0022686920497139475 0.0087890625
0 0.532205563227461 0.711181640625 0.001085026632471888 0.00439453125
0 0.5254981258630894 0.710693359375 0.0014795817715525744 0.00341796875
0 0.3782304202012231 0.7109375 0.002071414480173604 0.00390625
0 0.3194910238705859 0.7109375 0.0017754981258630894 0.00390625
0 0.5491714342079306 0.7099609375 0.001085026632471888 0.0029296875
0 0.5204182284474256 0.712646484375 0.002959163543105149 0.00830078125
0 0.3889327283487867 0.7099609375 0.0013809429867824028 0.0029296875
0 0.11940224896429276 0.711669921875 0.002465969619254291 0.00732421875
0 0.09957585322548826 0.709716796875 0.0022686920497139475 0.00341796875
0 0.43539159597553756 0.710205078125 0.0019727756954034327 0.00537109375
0 0.23111067271651214 0.709228515625 0.0027618859735648055 0.00341796875
0 0.35421187610968635 0.712646484375 0.0033537186821858355 0.01123046875
0 0.5337344643913987 0.70947265625 0.0025646084040244622 0.005859375
0 0.1525942000394555 0.708740234375 0.0013809429867824028 0.00439453125
0 0.5079404221739988 0.708740234375 0.002465969619254291 0.00537109375
0 0.34903333990925234 0.70751953125 0.0016768593410929177 0.0029296875
0 0.3318208719668574 0.707763671875 0.0019727756954034327 0.00341796875
0 0.5565200236733083 0.70703125 0.0009863878477017164 0.0029296875
0 0.5136614716906688 0.707275390625 0.002071414480173604 0.00341796875
0 0.5501085026632472 0.70703125 0.003748273821266522 0.00390625
0 0.12857565594791873 0.707275390625 0.0028605247583349774 0.00439453125
0 0.5924738607220359 0.70556640625 0.0008877490629315447 0.0029296875
0 0.5353126849477214 0.70556640625 0.0011836654172420597 0.0029296875
0 0.38128822252909844 0.709228515625 0.005227855592819097 0.01025390625
0 0.545373840994279 0.70703125 0.002959163543105149 0.0068359375
0 0.3342375221937266 0.7060546875 0.0022686920497139475 0.0048828125
0 0.10505030578023279 0.7060546875 0.0011836654172420597 0.0048828125
0 0.39460445847307163 0.704345703125 0.0016768593410929177 0.00244140625
0 0.3254586703491813 0.705810546875 0.0014795817715525744 0.00537109375
0 0.409202998619057 0.7041015625 0.0012823042020122311 0.0029296875
0 0.5753600315644112 0.70458984375 0.002959163543105149 0.0048828125
0 0.5340303807457092 0.703369140625 0.000789110278161373 0.00244140625
0 0.3289110278161373 0.7041015625 0.003255079897415664 0.00390625
0 0.6765141053462221 0.7021484375 0.0012823042020122311 0.001953125
0 0.35238705859143815 0.70263671875 0.002071414480173604 0.0029296875
0 0.13104162556717303 0.702880859375 0.0008877490629315447 0.00341796875
0 0.5542020122312094 0.701416015625 0.0008877490629315447 0.00244140625
0 0.5113927796409549 0.70458984375 0.004636022884198066 0.0087890625
0 0.09232590254488064 0.704833984375 0.004340106529887552 0.01123046875
0 0.5497139475241665 0.701171875 0.002170053264943776 0.0048828125
0 0.5475438942592227 0.70068359375 0.0009863878477017164 0.00390625
0 0.4349970408364569 0.700927734375 0.0017754981258630894 0.00537109375
0 0.33428684158611166 0.699951171875 0.0017754981258630894 0.00439453125
0 0.43756164924048135 0.699951171875 0.0019727756954034327 0.00732421875
0 0.5504537384099428 0.69677734375 0.0014795817715525744 0.00390625
0 0.5280134148747287 0.703369140625 0.006312882225290984 0.01708984375
0 0.5308246202406787 0.6953125 0.002663247188794634 0.0029296875
0 0.3536200434010653 0.695556640625 0.0013809429867824028 0.00341796875
0 0.5136121522982837 0.696533203125 0.0019727756954034327 0.00634765625
0 0.552278555928191 0.6962890625 0.0019727756954034327 0.0068359375
0 0.5328960347208522 0.6943359375 0.0012823042020122311 0.0029296875
0 0.509814559084632 0.6953125 0.002071414480173604 0.0048828125
0 0.33739396330637206 0.697265625 0.0022686920497139475 0.0087890625
0 0.5767409745511936 0.694091796875 0.001578220556322746 0.00537109375
0 0.5456697573485895 0.69384765625 0.0011836654172420597 0.0048828125
0 0.5567173012428487 0.692626953125 0.0011836654172420597 0.00341796875
0 0.5711678832116789 0.692626953125 0.001874136910633261 0.00439453125
0 0.5627342671138291 0.693603515625 0.003156441112645492 0.00732421875
0 0.5286052475833498 0.693115234375 0.0025646084040244622 0.00634765625
0 0.5311698559873742 0.691162109375 0.0011836654172420597 0.00341796875
0 0.5161767607023081 0.69189453125 0.0019727756954034327 0.005859375
0 0.5347701716314855 0.692138671875 0.0022686920497139475 0.00830078125
0 0.547741171828763 0.6923828125 0.002959163543105149 0.009765625
0 0.5128723614125074 0.688232421875 0.001085026632471888 0.00244140625
0 0.5583448411915565 0.6884765625 0.0016768593410929177 0.00390625
0 0.581574275004932 0.68701171875 0.0009863878477017164 0.001953125
0 0.6775004931939238 0.685302734375 0.001085026632471888 0.00244140625
0 0.5518840007891103 0.68603515625 0.0017754981258630894 0.00390625
0 0.5646084040244624 0.68603515625 0.0017754981258630894 0.0048828125
0 0.5606628526336556 0.685791015625 0.003156441112645492 0.00537109375
0 0.5703787729335175 0.68359375 0.0012823042020122311 0.0029296875
0 0.5760998224501874 0.6845703125 0.0016768593410929177 0.0068359375
0 0.5311205365949891 0.685302734375 0.0022686920497139475 0.00830078125
0 0.5281120536594989 0.682373046875 0.0011836654172420597 0.00439453125
0 0.5653481949102387 0.680419921875 0.0008877490629315447 0.00341796875
