0 0.5963700927204577 0.99853515625 0.0023673308344841193 0.0029296875
0 0.5743243243243243 0.998291015625 0.002071414480173604 0.00341796875
0 0.3717695797987769 0.998291015625 0.002959163543105149 0.00341796875
0 0.36782402840797 0.998046875 0.0009863878477017164 0.00390625
0 0.3650128230420201 0.9970703125 0.002663247188794634 0.005859375
0 0.7315052278555928 0.996826171875 0.002959163543105149 0.00634765625
0 0.11738015387650425 0.996337890625 0.0017754981258630894 0.00732421875
0 0.7073387255869008 0.995849609375 0.014993095285066088 0.00830078125
0 0.37196685736831725 0.993408203125 0.0023673308344841193 0.00341796875
0 0.3758137699743539 0.99462890625 0.0039455513908068654 0.0068359375
0 0.38227461037680016 0.98828125 0.0006904714933912014 0.001953125
0 0.37803314263168275 0.98828125 0.0016768593410929177 0.0048828125
0 0.3619550207141448 0.982177734375 0.0012823042020122311 0.00244140625
0 0.37181889919116196 0.980712890625 0.001874136910633261 0.00341796875
0 0.3770467547839811 0.980224609375 0.001874136910633261 0.00341796875
0 0.7306667981850463 0.97802734375 0.003255079897415664 0.00390625
0 0.3803018346813967 0.97607421875 0.0036496350364963502 0.00390625
0 0.3854310514894457 0.974853515625 0.0012823042020122311 0.00244140625
0 0.37196685736831725 0.97265625 0.0011836654172420597 0.001953125
0 0.37645492207536 0.972900390625 0.003255079897415664 0.00732421875
0 0.3637305188400079 0.96923828125 0.0036496350364963502 0.0078125
0 0.3670842375221937 0.97119140625 0.005622410731899783 0.013671875
0 0.3647662260800947 0.96240234375 0.0013809429867824028 0.001953125
0 0.3620043401065299 0.962890625 0.0011836654172420597 0.0029296875
0 0.3702899980272243 0.961181640625 0.002959163543105149 0.00537109375
0 0.37393963306372063 0.957763671875 0.0005918327086210298 0.00244140625
0 0.37640560268297496 0.960205078125 0.002959163543105149 0.01220703125
0 0.374136910633261 0.950439453125 0.002959163543105149 0.00634765625
0 0.3776385874926021 0.947998046875 0.0022686920497139475 0.00537109375
0 0.37946340501085024 0.945068359375 0.0017754981258630894 0.00341796875
0 0.16428289603472085 0.941650390625 0.001874136910633261 0.00537109375
0 0.37315052278555927 0.940185546875 0.005918327086210298 0.00732421875
0 0.3772933517459065 0.935791015625 0.002170053264943776 0.00341796875
0 0.1644801736042612 0.934814453125 0.0014795817715525744 0.00244140625
0 0.36318800552377195 0.935302734375 0.0025646084040244622 0.00537109375
0 0.36964884592621816 0.93505859375 0.0038469126060366936 0.005859375
0 0.39277964095482343 0.933349609375 0.0027618859735648055 0.00341796875
0 0.38020319589662654 0.931884765625 0.002663247188794634 0.00341796875
0 0.3820773328072598 0.929931640625 0.0006904714933912014 0.00244140625
0 0.3737916748865654 0.931396484375 0.0044387453146577235 0.00634765625
0 0.1637403827184849 0.929931640625 0.0019727756954034327 0.00439453125
0 0.15362990727954232 0.92919921875 0.001874136910633261 0.0029296875
0 0.3766028802525153 0.927490234375 0.001578220556322746 0.00439453125
0 0.37749062931544686 0.92578125 0.0009863878477017164 0.0029296875
0 0.36594989149733675 0.92724609375 0.006904714933912014 0.005859375
0 0.3715229828368514 0.92578125 0.0022686920497139475 0.00390625
0 0.1551094890510949 0.925048828125 0.0008877490629315447 0.00244140625
0 0.3607220359045177 0.92236328125 0.0011836654172420597 0.00390625
0 0.3779838232392977 0.919921875 0.0027618859735648055 0.0029296875
0 0.3685144999013612 0.92041015625 0.0025646084040244622 0.0087890625
0 0.36279345038469124 0.918212890625 0.002170053264943776 0.00439453125
0 0.3707831919510752 0.912841796875 0.003156441112645492 0.00341796875
0 0.36111659104359833 0.915771484375 0.003156441112645492 0.00927734375
0 0.3650128230420201 0.9150390625 0.0022686920497139475 0.0087890625
0 0.15101597948313278 0.912109375 0.001578220556322746 0.0029296875
0 0.3790688498717696 0.9111328125 0.0025646084040244622 0.0029296875
0 0.36733083448411913 0.911865234375 0.0033537186821858355 0.00634765625
0 0.38266916551588087 0.91015625 0.004044190175577037 0.0078125
0 0.3633852830933123 0.906005859375 0.0019727756954034327 0.00341796875
0 0.37098046952061553 0.90673828125 0.0019727756954034327 0.0078125
0 0.38192937463010457 0.905029296875 0.0017754981258630894 0.00537109375
0 0.3748767015190373 0.904052734375 0.002663247188794634 0.00341796875
0 0.37053659498914976 0.9013671875 0.0022686920497139475 0.0029296875
0 0.3800059183270862 0.89990234375 0.0014795817715525744 0.00390625
0 0.37433418820280134 0.899169921875 0.0019727756954034327 0.00244140625
0 0.3768001578220556 0.894287109375 0.0017754981258630894 0.00341796875
0 0.3578121917537976 0.89453125 0.0012823042020122311 0.00390625
0 0.16581179719865852 0.894775390625 0.003156441112645492 0.00634765625
0 0.15609587689879661 0.892578125 0.001085026632471888 0.001953125
0 0.3807950286052476 0.89453125 0.002071414480173604 0.0068359375
0 0.3536693627934504 0.889404296875 0.0012823042020122311 0.00341796875
0 0.3835075951864273 0.889404296875 0.0033537186821858355 0.00830078125
0 0.1575754586703492 0.8857421875 0.0030578023278753207 0.0048828125
0 0.15145985401459855 0.88232421875 0.0008877490629315447 0.0029296875
0 0.14909252318011443 0.882080078125 0.001085026632471888 0.00341796875
0 0.3885381732097061 0.88330078125 0.004734661668968239 0.0107421875
0 0.16275399487078318 0.8798828125 0.0019727756954034327 0.0068359375
0 0.16107713552969027 0.87744140625 0.0009863878477017164 0.001953125
0 0.37852633655553364 0.8779296875 0.002071414480173604 0.0048828125
0 0.37458078516472676 0.875732421875 0.002465969619254291 0.00537109375
0 0.3724600512921681 0.874755859375 0.0013809429867824028 0.00341796875
0 0.36688695995265336 0.87744140625 0.010159794831327678 0.009765625
0 0.1547642533043993 0.8740234375 0.0025646084040244622 0.00390625
0 0.17217399881633458 0.871826171875 0.001874136910633261 0.00244140625
0 0.379907279542316 0.871337890625 0.0014795817715525744 0.00341796875
0 0.1631485500098639 0.87109375 0.0023673308344841193 0.0029296875
0 0.37088183073584535 0.8701171875 0.003748273821266522 0.00390625
0 0.13824225685539554 0.865478515625 0.001874136910633261 0.00439453125
0 0.1417932531071217 0.866455078125 0.005227855592819097 0.00830078125
0 0.3832609982245019 0.864990234375 0.0038469126060366936 0.00732421875
0 0.145393568751233 0.8623046875 0.0033537186821858355 0.005859375
0 0.3679226671927402 0.860107421875 0.0013809429867824028 0.00537109375
0 0.38508581574275 0.857421875 0.0051292168080489245 0.0029296875
0 0.37073387255869006 0.859130859375 0.0030578023278753207 0.00634765625
0 0.16250739790885776 0.8583984375 0.0022686920497139475 0.0048828125
0 0.11708423752219373 0.857666015625 0.0033537186821858355 0.00341796875
0 0.37892089169461435 0.856689453125 0.0012823042020122311 0.00244140625
0 0.3751232984809627 0.857666015625 0.0027618859735648055 0.00634765625
0 0.15131189583744328 0.85595703125 0.0025646084040244622 0.0029296875
0 0.15427105938054844 0.85546875 0.0013809429867824028 0.0029296875
0 0.36728151509173407 0.854736328125 0.0012823042020122311 0.00244140625
0 0.38967251923456303 0.8583984375 0.0038469126060366936 0.01171875
0 0.3648155454724798 0.855712890625 0.00424146774511738 0.00732421875
0 0.1398204774117183 0.854736328125 0.003452357466956007 0.00537109375
0 0.137354507792464 0.857177734375 0.004044190175577037 0.01025390625
0 0.1581672913789702 0.855224609375 0.005227855592819097 0.00732421875
0 0.1320773328072598 0.854736328125 0.003550996251726179 0.00634765625
0 0.38513513513513514 0.852294921875 0.0014795817715525744 0.00244140625
0 0.17054645886762676 0.85205078125 0.0009863878477017164 0.001953125
0 0.14973367528112053 0.8544921875 0.004931939238508582 0.0087890625
0 0.38020319589662654 0.850830078125 0.00542513316235944 0.00439453125
0 0.1370092720457684 0.849853515625 0.0009863878477017164 0.00244140625
0 0.11284276977707634 0.853515625 0.0025646084040244622 0.009765625
0 0.38681199447622805 0.848876953125 0.0022686920497139475 0.00341796875
0 0.37122706648254095 0.8486328125 0.0016768593410929177 0.0029296875
0 0.3920398500690471 0.84814453125 0.0008877490629315447 0.0029296875
0 0.09997040836456896 0.8486328125 0.0028605247583349774 0.0048828125
0 0.38469126060366937 0.8466796875 0.0019727756954034327 0.001953125
0 0.36042611955020715 0.8525390625 0.004142828960347208 0.013671875
0 0.14356875123298482 0.8515625 0.006806076149141842 0.01171875
0 0.1390313671335569 0.846923828125 0.001874136910633261 0.00244140625
0 0.12004340106529887 0.84716796875 0.0013809429867824028 0.0029296875
0 0.3574176366147169 0.845703125 0.002071414480173604 0.0029296875
0 0.13523377391990532 0.845947265625 0.0013809429867824028 0.00341796875
0 0.10722035904517656 0.846923828125 0.003156441112645492 0.00537109375
0 0.16285263365555336 0.845458984375 0.0027618859735648055 0.00341796875
0 0.1318307358453344 0.845703125 0.0030578023278753207 0.00390625
0 0.10455711185638193 0.844482421875 0.001578220556322746 0.00341796875
0 0.15145985401459855 0.84423828125 0.004636022884198066 0.00390625
0 0.11565397514302624 0.845458984375 0.0022686920497139475 0.00634765625
0 0.391941211284277 0.844970703125 0.0038469126060366936 0.00634765625
0 0.16847504438745314 0.844482421875 0.004340106529887552 0.00634765625
0 0.11156046557506412 0.8427734375 0.004931939238508582 0.005859375
0 0.13478989938843952 0.84033203125 0.0008877490629315447 0.001953125
0 0.3866640362990728 0.84033203125 0.001578220556322746 0.0029296875
0 0.10588873545077924 0.841064453125 0.0016768593410929177 0.00537109375
0 0.14855000986387848 0.8388671875 0.000789110278161373 0.001953125
0 0.11624580785164727 0.839111328125 0.002071414480173604 0.00341796875
0 0.38271848490826593 0.83984375 0.005523771947129611 0.005859375
0 0.15520812783586507 0.841064453125 0.005227855592819097 0.00830078125
0 0.17168080489248372 0.838623046875 0.0022686920497139475 0.00439453125
0 0.09114223712763858 0.83837890625 0.0011836654172420597 0.00390625
0 0.10929177352535016 0.8369140625 0.0017754981258630894 0.001953125
0 0.35850266324718877 0.83837890625 0.001874136910633261 0.0068359375
0 0.1401657131584139 0.838134765625 0.0023673308344841193 0.00732421875
0 0.1355790096666009 0.835693359375 0.0012823042020122311 0.00244140625
0 0.39268100217005325 0.837646484375 0.003550996251726179 0.00732421875
0 0.35623397119747485 0.835693359375 0.001874136910633261 0.00341796875
0 0.16443085421187612 0.8369140625 0.0033537186821858355 0.005859375
0 0.15969619254290787 0.83837890625 0.0025646084040244622 0.0087890625
0 0.1487472874334188 0.8349609375 0.0009863878477017164 0.001953125
0 0.38301440126257646 0.834228515625 0.000789110278161373 0.00244140625
0 0.368415861116591 0.835205078125 0.0027618859735648055 0.00439453125
0 0.11116591043598342 0.8349609375 0.0011836654172420597 0.00390625
0 0.1387847701716315 0.832763671875 0.0025646084040244622 0.00244140625
0 0.1220654961530874 0.83349609375 0.0028605247583349774 0.00390625
0 0.10455711185638193 0.8359375 0.004142828960347208 0.0087890625
0 0.16748865653975142 0.832275390625 0.0027618859735648055 0.00244140625
0 0.39100414282896034 0.83154296875 0.0013809429867824028 0.001953125
0 0.15131189583744328 0.83251953125 0.002959163543105149 0.0048828125
0 0.35337344643913987 0.83349609375 0.0036496350364963502 0.0078125
0 0.1550601696587098 0.83056640625 0.003156441112645492 0.0029296875
0 0.3647169066877096 0.8310546875 0.003452357466956007 0.0048828125
0 0.38118958374432826 0.82958984375 0.0022686920497139475 0.0029296875
0 0.36234957585322547 0.830810546875 0.002071414480173604 0.00537109375
0 0.16038666403629906 0.83056640625 0.0017754981258630894 0.0048828125
0 0.1304004734661669 0.830078125 0.0013809429867824028 0.00390625
0 0.14746498323140658 0.82861328125 0.0013809429867824028 0.001953125
0 0.16260603669362794 0.828369140625 0.0022686920497139475 0.00244140625
0 0.13991911619648845 0.828369140625 0.001874136910633261 0.00244140625
0 0.39134937857565594 0.828125 0.0014795817715525744 0.0029296875
0 0.11673900177549812 0.829345703125 0.004636022884198066 0.00537109375
0 0.3607220359045177 0.826904296875 0.0011836654172420597 0.00244140625
0 0.15718090353126848 0.82568359375 0.0012823042020122311 0.001953125
0 0.14351943184059973 0.83154296875 0.005721049516669955 0.013671875
0 0.12364371670941014 0.825439453125 0.0028605247583349774 0.00341796875
0 0.10855198263957389 0.825439453125 0.004044190175577037 0.00341796875
0 0.3869106332609982 0.8291015625 0.0066087985796014995 0.01171875
0 0.1147662260800947 0.82373046875 0.0012823042020122311 0.001953125
0 0.1370585914381535 0.82275390625 0.001085026632471888 0.001953125
0 0.15382718484908267 0.8232421875 0.00424146774511738 0.00390625
0 0.16004142828960347 0.822509765625 0.0044387453146577235 0.00341796875
0 0.14416058394160583 0.822021484375 0.001874136910633261 0.00244140625
0 0.1386861313868613 0.821533203125 0.0009863878477017164 0.00244140625
0 0.13291576247780626 0.821533203125 0.0008877490629315447 0.00244140625
0 0.3528309331229039 0.822021484375 0.0017754981258630894 0.00439453125
0 0.1648254093509568 0.82275390625 0.0027618859735648055 0.0068359375
0 0.39268100217005325 0.821044921875 0.0013809429867824028 0.00439453125
0 0.38750246596961924 0.819580078125 0.0016768593410929177 0.00439453125
0 0.38188005523771945 0.8212890625 0.005819688301440126 0.0087890625
0 0.3744821463799566 0.818115234375 0.0008877490629315447 0.00244140625
0 0.37768790688498716 0.818115234375 0.0013809429867824028 0.00341796875
0 0.12389031367133557 0.81884765625 0.001578220556322746 0.0048828125
0 0.11003156441112645 0.818359375 0.001874136910633261 0.00390625
0 0.3650621424344052 0.819091796875 0.0019727756954034327 0.00634765625
0 0.16660090747681988 0.816650390625 0.0009863878477017164 0.00244140625
0 0.1147169066877096 0.816650390625 0.0009863878477017164 0.00244140625
0 0.13513513513513514 0.81640625 0.0009863878477017164 0.0029296875
0 0.12709607417636615 0.818115234375 0.00424146774511738 0.00634765625
0 0.14731702505425134 0.8154296875 0.0006904714933912014 0.001953125
0 0.3804004734661669 0.81494140625 0.0016768593410929177 0.0029296875
0 0.3173209706056421 0.81494140625 0.0019727756954034327 0.0029296875
0 0.1418425724995068 0.814453125 0.001578220556322746 0.001953125
0 0.10598737423554942 0.815673828125 0.001085026632471888 0.00439453125
0 0.130449792858552 0.814208984375 0.002071414480173604 0.00244140625
0 0.11693627934503847 0.81591796875 0.003255079897415664 0.005859375
0 0.15427105938054844 0.81396484375 0.001578220556322746 0.00390625
0 0.1446044584730716 0.81396484375 0.0019727756954034327 0.00390625
0 0.36979680410337346 0.8134765625 0.0017754981258630894 0.00390625
0 0.1384395344249359 0.814453125 0.0028605247583349774 0.005859375
0 0.3863188005523772 0.813232421875 0.0044387453146577235 0.00439453125
0 0.1290688498717696 0.8125 0.0008877490629315447 0.0029296875
0 0.12142434405208127 0.8125 0.0017754981258630894 0.0029296875
0 0.3609686328664431 0.816162109375 0.004636022884198066 0.01220703125
0 0.13469126060366937 0.8134765625 0.00424146774511738 0.0068359375
0 0.3664430854211876 0.8115234375 0.002170053264943776 0.00390625
0 0.15698362596172816 0.811279296875 0.0012823042020122311 0.00341796875
0 0.39041231012033933 0.813232421875 0.0023673308344841193 0.00830078125
0 0.16250739790885776 0.810302734375 0.002465969619254291 0.00244140625
0 0.34207930558295524 0.810546875 0.002170053264943776 0.00390625
0 0.1814460445847307 0.809814453125 0.0012823042020122311 0.00244140625
0 0.16743933714736634 0.81005859375 0.002465969619254291 0.0029296875
0 0.14208916946143224 0.809814453125 0.002071414480173604 0.00341796875
0 0.3495758532254883 0.809814453125 0.0023673308344841193 0.00439453125
0 0.1501775498125863 0.80859375 0.001874136910633261 0.0029296875
0 0.14820477411718289 0.808837890625 0.001085026632471888 0.00341796875
0 0.10347208522391003 0.810546875 0.002170053264943776 0.0068359375
0 0.09957585322548826 0.809326171875 0.0022686920497139475 0.00439453125
0 0.136220161767607 0.807861328125 0.002170053264943776 0.00244140625
0 0.3178634839218781 0.8076171875 0.0028605247583349774 0.00390625
0 0.12946340501085027 0.806396484375 0.0016768593410929177 0.00244140625
0 0.1703491812980864 0.80517578125 0.0013809429867824028 0.001953125
0 0.3590451765634247 0.8056640625 0.0011836654172420597 0.00390625
0 0.3320181495363977 0.804443359375 0.0019727756954034327 0.00244140625
0 0.13552969027421582 0.803955078125 0.0009863878477017164 0.00146484375
0 0.39268100217005325 0.807861328125 0.002959163543105149 0.01025390625
0 0.34306569343065696 0.805908203125 0.005918327086210298 0.00634765625
0 0.3273821266521996 0.804931640625 0.003550996251726179 0.00537109375
0 0.3140165713158414 0.808837890625 0.003452357466956007 0.01318359375
0 0.17651410534622214 0.8037109375 0.002071414480173604 0.0048828125
0 0.35031564411126453 0.804443359375 0.006016965870980469 0.00732421875
0 0.32106924442690865 0.802978515625 0.0051292168080489245 0.00439453125
0 0.1550601696587098 0.803955078125 0.0039455513908068654 0.00634765625
0 0.12941408561846518 0.801513671875 0.000789110278161373 0.00244140625
0 0.15762477806273426 0.802001953125 0.0019727756954034327 0.00439453125
0 0.1318307358453344 0.80078125 0.002071414480173604 0.00390625
0 0.11530873939633064 0.80029296875 0.001578220556322746 0.0029296875
0 0.39006707437364374 0.7998046875 0.0012823042020122311 0.00390625
0 0.33783783783783783 0.798828125 0.001578220556322746 0.001953125
0 0.33621029788913 0.798583984375 0.001085026632471888 0.00146484375
0 0.3307358453343855 0.799072265625 0.0025646084040244622 0.00244140625
0 0.13824225685539554 0.79931640625 0.0016768593410929177 0.0029296875
0 0.3457289406194516 0.79931640625 0.0033537186821858355 0.00390625
0 0.3330045373840994 0.798828125 0.000789110278161373 0.0029296875
0 0.35657920694417045 0.79833984375 0.0025646084040244622 0.0029296875
0 0.15663839021503256 0.7978515625 0.000789110278161373 0.001953125
0 0.12364371670941014 0.798583984375 0.002071414480173604 0.00341796875
0 0.1015486289208917 0.798095703125 0.0006904714933912014 0.00244140625
0 0.34133951469717894 0.79931640625 0.004044190175577037 0.005859375
0 0.13464194121128428 0.798095703125 0.002170053264943776 0.00341796875
0 0.10717103965279148 0.798095703125 0.001874136910633261 0.00341796875
0 0.36175774314460446 0.79736328125 0.0016768593410929177 0.0029296875
0 0.31495363977115803 0.79833984375 0.003156441112645492 0.005859375
0 0.3105148944565003 0.796875 0.002170053264943776 0.0029296875
0 0.387354507792464 0.79833984375 0.0033537186821858355 0.0078125
0 0.3717202604063918 0.795654296875 0.0022686920497139475 0.00244140625
0 0.35071019925034524 0.795654296875 0.0008877490629315447 0.00244140625
0 0.329305582955218 0.79443359375 0.0012823042020122311 0.001953125
0 0.16985598737423555 0.794677734375 0.0013809429867824028 0.00244140625
0 0.12951272440323536 0.79443359375 0.0009863878477017164 0.0029296875
0 0.35514894456500296 0.7939453125 0.0014795817715525744 0.0029296875
0 0.3226967843756165 0.794921875 0.007595186427303216 0.0048828125
0 0.2016669954626159 0.7939453125 0.0022686920497139475 0.00390625
0 0.11456894851055435 0.79296875 0.002465969619254291 0.0029296875
0 0.34612349575853224 0.79296875 0.0033537186821858355 0.0048828125
0 0.17227263760110476 0.79345703125 0.0030578023278753207 0.005859375
0 0.39652791477608995 0.791748046875 0.002170053264943776 0.00341796875
0 0.19979285855198264 0.791015625 0.0012823042020122311 0.001953125
0 0.15382718484908267 0.790771484375 0.0012823042020122311 0.00244140625
0 0.32590254488064707 0.7900390625 0.003748273821266522 0.0029296875
0 0.30765436969816534 0.788818359375 0.0011836654172420597 0.00244140625
0 0.39233576642335766 0.7880859375 0.001874136910633261 0.0029296875
0 0.3381830735845334 0.787841796875 0.001874136910633261 0.00244140625
0 0.12635628329058987 0.787841796875 0.0017754981258630894 0.00244140625
0 0.35490234760307754 0.788818359375 0.004142828960347208 0.00537109375
0 0.1321266521996449 0.786376953125 0.0012823042020122311 0.00244140625
0 0.41620635233773917 0.78662109375 0.002071414480173604 0.005859375
0 0.32728348786742945 0.78466796875 0.0009863878477017164 0.001953125
0 0.3247681988557901 0.784912109375 0.001874136910633261 0.00439453125
0 0.3980568159400276 0.784912109375 0.003255079897415664 0.00537109375
0 0.3548530282106924 0.783203125 0.001085026632471888 0.001953125
0 0.34050108502663246 0.783447265625 0.001578220556322746 0.00244140625
0 0.39208916946143224 0.782958984375 0.0023673308344841193 0.00244140625
0 0.363237324916157 0.7841796875 0.0030578023278753207 0.0048828125
0 0.3301440126257644 0.782958984375 0.0023673308344841193 0.00244140625
0 0.3167784572894062 0.783203125 0.0016768593410929177 0.0029296875
0 0.1815446833695009 0.783203125 0.001085026632471888 0.0029296875
0 0.17577431446044584 0.787353515625 0.004734661668968239 0.01123046875
0 0.12369303610179523 0.782958984375 0.0009863878477017164 0.00244140625
0 0.40062142434405207 0.783935546875 0.001874136910633261 0.00537109375
0 0.35874926020911424 0.7822265625 0.0009863878477017164 0.00390625
0 0.15022686920497139 0.78125 0.000789110278161373 0.001953125
0 0.3380351154073782 0.781005859375 0.0009863878477017164 0.00244140625
0 0.16610771355296902 0.78076171875 0.0013809429867824028 0.0029296875
0 0.13163345827579404 0.7802734375 0.0008877490629315447 0.001953125
0 0.3443973170250543 0.78173828125 0.002663247188794634 0.005859375
0 0.3361609784967449 0.78076171875 0.0023673308344841193 0.00390625
0 0.17508384296705465 0.779296875 0.0009863878477017164 0.001953125
0 0.12694811599921088 0.77978515625 0.003550996251726179 0.0029296875
0 0.13858749260209113 0.77880859375 0.000789110278161373 0.001953125
0 0.3518938646675873 0.77880859375 0.001085026632471888 0.0029296875
0 0.13020319589662654 0.77783203125 0.0011836654172420597 0.001953125
0 0.33191951075162757 0.777099609375 0.0039455513908068654 0.00244140625
0 0.3977608995857171 0.776611328125 0.0012823042020122311 0.00341796875
0 0.30834484119155653 0.779052734375 0.0023673308344841193 0.00830078125
0 0.3246202406786348 0.775634765625 0.000789110278161373 0.00244140625
0 0.31283290589859936 0.778076171875 0.003255079897415664 0.00732421875
0 0.38217597159203 0.775390625 0.0012823042020122311 0.0029296875
0 0.1678832116788321 0.776611328125 0.004734661668968239 0.00537109375
0 0.31041625567173015 0.7744140625 0.0011836654172420597 0.001953125
0 0.21375024659696193 0.777099609375 0.0017754981258630894 0.00732421875
0 0.20359045176563426 0.77734375 0.0019727756954034327 0.0078125
0 0.14864864864864866 0.77490234375 0.001578220556322746 0.0029296875
0 0.30449792858551983 0.774169921875 0.0017754981258630894 0.00244140625
0 0.337344643913987 0.77490234375 0.006312882225290984 0.005859375
0 0.3191951075162754 0.775390625 0.003550996251726179 0.0078125
0 0.38883408956401655 0.772705078125 0.0023673308344841193 0.00341796875
0 0.3169264154665615 0.773193359375 0.002170053264943776 0.00439453125
0 0.1975734858946538 0.77294921875 0.0025646084040244622 0.00390625
0 0.36387847701716314 0.76904296875 0.0009863878477017164 0.001953125
0 0.30153876504241467 0.769287109375 0.0011836654172420597 0.00244140625
0 0.13715723022292364 0.769287109375 0.0014795817715525744 0.00244140625
0 0.3401065298875518 0.768798828125 0.0011836654172420597 0.00244140625
0 0.3233872558690077 0.769775390625 0.002071414480173604 0.00439453125
0 0.2020615506016966 0.768798828125 0.0016768593410929177 0.00244140625
0 0.11964884592621819 0.768798828125 0.001578220556322746 0.00244140625
0 0.32106924442690865 0.767578125 0.0033537186821858355 0.00390625
0 0.31322746103768 0.76708984375 0.002663247188794634 0.0029296875
0 0.3316729137897021 0.76611328125 0.0028605247583349774 0.00390625
0 0.19984217794436773 0.767578125 0.0025646084040244622 0.0068359375
0 0.20526731110672716 0.769287109375 0.004537384099427895 0.01123046875
0 0.3817320970605642 0.764404296875 0.0005918327086210298 0.00244140625
0 0.3630400473466167 0.7646484375 0.0012823042020122311 0.00390625
0 0.3024265141053462 0.763916015625 0.0017754981258630894 0.00244140625
0 0.3909548234365753 0.7646484375 0.0016768593410929177 0.0048828125
0 0.14583744328269876 0.763427734375 0.0012823042020122311 0.00244140625
0 0.3258039060958769 0.76318359375 0.002959163543105149 0.0029296875
0 0.10554349970408365 0.762939453125 0.0009863878477017164 0.00244140625
0 0.3702406786348392 0.762939453125 0.001085026632471888 0.00341796875
0 0.20013809429867824 0.76220703125 0.000789110278161373 0.001953125
0 0.3934701124482146 0.766357421875 0.0033537186821858355 0.01123046875
0 0.3286151114618268 0.76171875 0.0016768593410929177 0.001953125
0 0.41428289603472085 0.76171875 0.000789110278161373 0.0029296875
0 0.2019629118169264 0.76171875 0.002071414480173604 0.0029296875
0 0.32032945354113235 0.7607421875 0.001085026632471888 0.001953125
0 0.17651410534622214 0.76025390625 0.0008877490629315447 0.001953125
0 0.1898303412901953 0.75927734375 0.001874136910633261 0.0048828125
0 0.2061550601696587 0.757080078125 0.0019727756954034327 0.00244140625
0 0.3848392187808246 0.7578125 0.003452357466956007 0.0048828125
0 0.364371670941014 0.75732421875 0.001578220556322746 0.00390625
0 0.3101696587098047 0.759521484375 0.0030578023278753207 0.00927734375
0 0.2044782008285658 0.757568359375 0.002170053264943776 0.00634765625
0 0.39618267902939436 0.759033203125 0.0030578023278753207 0.01025390625
0 0.19530479384493982 0.75537109375 0.001578220556322746 0.0029296875
0 0.3907082264746498 0.755615234375 0.0017754981258630894 0.00439453125
0 0.22543894259222727 0.754638671875 0.0016768593410929177 0.00244140625
0 0.21981653186032749 0.754638671875 0.0014795817715525744 0.00244140625
0 0.3936180706253699 0.7548828125 0.0012823042020122311 0.00390625
0 0.3813375419214835 0.75439453125 0.002170053264943776 0.0029296875
0 0.25789110278161376 0.75439453125 0.0008877490629315447 0.0029296875
0 0.11323732491615704 0.75439453125 0.0019727756954034327 0.0029296875
0 0.31416452949299667 0.755615234375 0.0023673308344841193 0.00634765625
0 0.30499112250937066 0.75439453125 0.003748273821266522 0.00390625
0 0.28102189781021897 0.7529296875 0.0011836654172420597 0.0029296875
0 0.21162951272440322 0.754638671875 0.0038469126060366936 0.00732421875
0 0.3854310514894457 0.751708984375 0.0014795817715525744 0.00244140625
0 0.32156243835075954 0.75146484375 0.0009863878477017164 0.001953125
0 0.3325113434602486 0.752197265625 0.0013809429867824028 0.00439453125
0 0.3288123890313671 0.752197265625 0.002071414480173604 0.00439453125
0 0.1842572499506806 0.7548828125 0.005326494377589268 0.009765625
0 0.23170250542513315 0.75146484375 0.002170053264943776 0.00390625
0 0.2458571710396528 0.753173828125 0.0030578023278753207 0.00830078125
0 0.19278950483330046 0.755126953125 0.00483330045373841 0.01220703125
0 0.389080686525942 0.750732421875 0.001085026632471888 0.00439453125
0 0.20240678634839218 0.751953125 0.004537384099427895 0.0068359375
0 0.19737620832511343 0.75048828125 0.003748273821266522 0.0048828125
0 0.255178536200434 0.75146484375 0.004142828960347208 0.0078125
0 0.20778260011836655 0.751220703125 0.003255079897415664 0.00732421875
0 0.35648056815940027 0.74853515625 0.0019727756954034327 0.0029296875
0 0.3114519629118169 0.748291015625 0.002071414480173604 0.00244140625
0 0.12971000197277568 0.74853515625 0.001578220556322746 0.0029296875
0 0.23791674886565398 0.749267578125 0.002959163543105149 0.00537109375
0 0.12127638587492602 0.747802734375 0.0008877490629315447 0.00244140625
0 0.24122114815545473 0.7470703125 0.001085026632471888 0.0029296875
0 0.30632274610376803 0.748046875 0.006016965870980469 0.005859375
0 0.3407476819885579 0.745849609375 0.0008877490629315447 0.00244140625
0 0.29912211481554546 0.748779296875 0.003255079897415664 0.00830078125
0 0.22213454330242652 0.747314453125 0.0017754981258630894 0.00634765625
0 0.39855000986387845 0.746826171875 0.004636022884198066 0.00634765625
0 0.22381140264351942 0.746337890625 0.0013809429867824028 0.00537109375
0 0.33497731307950285 0.744384765625 0.0011836654172420597 0.00244140625
0 0.3050404419017558 0.744384765625 0.0022686920497139475 0.00244140625
0 0.3094298678240284 0.74365234375 0.001578220556322746 0.001953125
0 0.24482146379956599 0.744384765625 0.0009863878477017164 0.00341796875
0 0.4164036299072795 0.744384765625 0.001085026632471888 0.00439453125
0 0.32550798974156636 0.74462890625 0.0017754981258630894 0.0048828125
0 0.2322943381337542 0.744873046875 0.0013809429867824028 0.00537109375
0 0.42641546656145196 0.7431640625 0.002170053264943776 0.0029296875
0 0.301736042611955 0.74365234375 0.002170053264943776 0.00390625
0 0.26617676070230817 0.74365234375 0.003255079897415664 0.00390625
0 0.24245413296508186 0.745849609375 0.0023673308344841193 0.00830078125
0 0.23658512527125666 0.74267578125 0.0008877490629315447 0.001953125
0 0.19915170645097652 0.745849609375 0.002959163543105149 0.00830078125
0 0.25542513316235943 0.744384765625 0.006214243440520813 0.00732421875
0 0.28664430854211875 0.74267578125 0.0013809429867824028 0.0048828125
0 0.18509567962122705 0.743896484375 0.002663247188794634 0.00732421875
0 0.13922864470309726 0.74169921875 0.0012823042020122311 0.0029296875
0 0.4286348392187808 0.741943359375 0.0012823042020122311 0.00439453125
0 0.19392385085815741 0.741455078125 0.0013809429867824028 0.00341796875
0 0.3766521996449004 0.740234375 0.0012823042020122311 0.001953125
0 0.2886170842375222 0.740966796875 0.0019727756954034327 0.00341796875
0 0.19565002959163544 0.7412109375 0.0016768593410929177 0.00390625
0 0.15944959558098246 0.740234375 0.0008877490629315447 0.001953125
0 0.13163345827579404 0.74169921875 0.002663247188794634 0.0048828125
0 0.18593410929177354 0.740234375 0.0009863878477017164 0.0029296875
0 0.33290589859932923 0.739501953125 0.0011836654172420597 0.00244140625
0 0.385628329058986 0.739990234375 0.002465969619254291 0.00439453125
0 0.30296902742158216 0.739013671875 0.0028605247583349774 0.00244140625
0 0.2009765239692247 0.740966796875 0.002465969619254291 0.00634765625
0 0.1905701321759716 0.743408203125 0.004537384099427895 0.01123046875
0 0.3911521010061156 0.741455078125 0.002663247188794634 0.00927734375
0 0.3117971986585125 0.73779296875 0.001578220556322746 0.001953125
0 0.3077036890905504 0.738037109375 0.0016768593410929177 0.00244140625
0 0.23900177549812587 0.738037109375 0.0017754981258630894 0.00244140625
0 0.20349181298086408 0.738525390625 0.001578220556322746 0.00341796875
0 0.34326297100019726 0.7373046875 0.0009863878477017164 0.001953125
0 0.3392681002170053 0.7392578125 0.002465969619254291 0.005859375
0 0.29927007299270075 0.737548828125 0.0023673308344841193 0.00341796875
0 0.22016176760702308 0.7373046875 0.0013809429867824028 0.0029296875
0 0.3357664233576642 0.738037109375 0.002959163543105149 0.00537109375
0 0.35455711185638195 0.73583984375 0.001085026632471888 0.0029296875
0 0.34858946537778657 0.735595703125 0.0011836654172420597 0.00244140625
0 0.2579897415663839 0.739013671875 0.00424146774511738 0.00927734375
0 0.33043992898007496 0.735107421875 0.000789110278161373 0.00244140625
0 0.3018346813967252 0.7353515625 0.0017754981258630894 0.0029296875
0 0.2673111067271651 0.7353515625 0.004142828960347208 0.0029296875
0 0.2357466956007102 0.73486328125 0.0009863878477017164 0.001953125
0 0.20023673308344841 0.73486328125 0.0009863878477017164 0.001953125
0 0.2837344643913987 0.738525390625 0.00424146774511738 0.01123046875
0 0.19328269875715132 0.734375 0.0014795817715525744 0.0029296875
0 0.3920398500690471 0.734130859375 0.0016768593410929177 0.00341796875
0 0.32757940422174 0.733642578125 0.0013809429867824028 0.00244140625
0 0.1008581574275005 0.734130859375 0.0022686920497139475 0.00439453125
0 0.2807259814559085 0.733642578125 0.0017754981258630894 0.00439453125
0 0.2159202998619057 0.732421875 0.0009863878477017164 0.001953125
0 0.3038567764845137 0.732177734375 0.002071414480173604 0.00244140625
0 0.23875517853620043 0.732421875 0.0016768593410929177 0.0029296875
0 0.28289603472085223 0.73193359375 0.002170053264943776 0.0029296875
0 0.2030972578417834 0.73291015625 0.003156441112645492 0.0048828125
0 0.30607614914184256 0.732421875 0.001578220556322746 0.0048828125
0 0.29843164332215427 0.73193359375 0.0022686920497139475 0.00390625
0 0.1324718879463405 0.731689453125 0.0009863878477017164 0.00341796875
0 0.24260209114223713 0.7353515625 0.0044387453146577235 0.01171875
0 0.18716709410140067 0.731201171875 0.002071414480173604 0.00341796875
0 0.3147563622016177 0.730224609375 0.0011836654172420597 0.00244140625
0 0.23727559676464785 0.730224609375 0.0008877490629315447 0.00244140625
0 0.5265338331031761 0.731689453125 0.004340106529887552 0.00634765625
0 0.3549516669954626 0.72998046875 0.0008877490629315447 0.0029296875
0 0.21162951272440322 0.73095703125 0.002465969619254291 0.0048828125
0 0.1909153679226672 0.7294921875 0.001874136910633261 0.001953125
0 0.507447228250148 0.729248046875 0.0008877490629315447 0.00244140625
0 0.3690076938252121 0.73095703125 0.002170053264943776 0.005859375
0 0.25641152101006115 0.729736328125 0.0012823042020122311 0.00341796875
0 0.20659893470112448 0.731689453125 0.002663247188794634 0.00732421875
0 0.28985006904714933 0.73095703125 0.001874136910633261 0.0068359375
0 0.2683468139672519 0.7294921875 0.0038469126060366936 0.00390625
0 0.36003156441112644 0.729736328125 0.004142828960347208 0.00537109375
0 0.24358847898993885 0.728271484375 0.001085026632471888 0.00244140625
0 0.23545077924639968 0.728271484375 0.0017754981258630894 0.00244140625
0 0.5292463996843559 0.727783203125 0.0014795817715525744 0.00341796875
0 0.2947326888932728 0.7275390625 0.0009863878477017164 0.0029296875
0 0.1874136910633261 0.7275390625 0.000789110278161373 0.0029296875
0 0.27308147563622015 0.7265625 0.0022686920497139475 0.001953125
0 0.18909055040441902 0.72705078125 0.0009863878477017164 0.0029296875
0 0.36594989149733675 0.72705078125 0.0011836654172420597 0.00390625
0 0.2523673308344841 0.72802734375 0.002071414480173604 0.005859375
0 0.19831327678043006 0.727294921875 0.002663247188794634 0.00439453125
0 0.29566975734858947 0.7255859375 0.001085026632471888 0.001953125
0 0.3676760702308148 0.725830078125 0.0008877490629315447 0.00341796875
0 0.28664430854211875 0.725341796875 0.0025646084040244622 0.00244140625
0 0.21838626948116 0.72509765625 0.0009863878477017164 0.001953125
0 0.1961925429078714 0.72802734375 0.0019727756954034327 0.0078125
0 0.25424146774511736 0.724365234375 0.0006904714933912014 0.00244140625
0 0.22440323535214046 0.72412109375 0.0013809429867824028 0.001953125
0 0.3897711580193332 0.724609375 0.002663247188794634 0.00390625
0 0.3623002564608404 0.72412109375 0.0011836654172420597 0.0029296875
0 0.3592917735253502 0.723876953125 0.0008877490629315447 0.00244140625
0 0.7328368514499901 0.72412109375 0.0012823042020122311 0.00390625
0 0.28220556322746104 0.725830078125 0.0027618859735648055 0.00732421875
0 0.3686624580785165 0.723388671875 0.001085026632471888 0.00341796875
0 0.24082659301637405 0.72314453125 0.001085026632471888 0.0029296875
0 0.7173505622410732 0.72509765625 0.0022686920497139475 0.0078125
0 0.3048431643322154 0.7216796875 0.001085026632471888 0.001953125
0 0.39317419609390414 0.721435546875 0.001578220556322746 0.00244140625
0 0.2711580193332018 0.722900390625 0.004931939238508582 0.00537109375
0 0.1415466561451963 0.721435546875 0.0009863878477017164 0.00244140625
0 0.517212467942395 0.722900390625 0.002071414480173604 0.00634765625
0 0.3068652594200039 0.720703125 0.0009863878477017164 0.001953125
0 0.2180903531268495 0.720703125 0.0009863878477017164 0.001953125
0 0.2142434405208128 0.7216796875 0.0011836654172420597 0.00390625
0 0.19796804103373447 0.721435546875 0.0013809429867824028 0.00341796875
0 0.3018346813967252 0.72021484375 0.0017754981258630894 0.001953125
0 0.25942000394555137 0.72021484375 0.0009863878477017164 0.001953125
0 0.22371276385874925 0.72021484375 0.000789110278161373 0.001953125
0 0.23071611757743143 0.72021484375 0.0017754981258630894 0.0029296875
0 0.17444269086604852 0.719970703125 0.0014795817715525744 0.00244140625
0 0.2970013809429868 0.719970703125 0.004537384099427895 0.00341796875
0 0.198855790096666 0.719482421875 0.0009863878477017164 0.00244140625
0 0.19234563030183469 0.72412109375 0.005721049516669955 0.01171875
0 0.2211974748471099 0.723876953125 0.0038469126060366936 0.01220703125
0 0.2447721444071809 0.7216796875 0.004044190175577037 0.0087890625
0 0.16112645492207536 0.7197265625 0.0022686920497139475 0.0048828125
0 0.44969421976721247 0.7197265625 0.0023673308344841193 0.005859375
0 0.3922864470309726 0.7177734375 0.0011836654172420597 0.001953125
0 0.3233872558690077 0.71875 0.0014795817715525744 0.00390625
0 0.3002564608404025 0.71826171875 0.0009863878477017164 0.0029296875
0 0.294239494969422 0.71875 0.0009863878477017164 0.00390625
0 0.2613927796409548 0.7177734375 0.000789110278161373 0.001953125
0 0.2489642927599132 0.721435546875 0.003748273821266522 0.00927734375
0 0.21044584730716118 0.719970703125 0.002071414480173604 0.00634765625
0 0.3204280923259025 0.717529296875 0.001874136910633261 0.00244140625
0 0.26972775695403434 0.717529296875 0.001874136910633261 0.00244140625
0 0.26745906490432036 0.71875 0.0022686920497139475 0.0048828125
0 0.3030183468139673 0.71728515625 0.0013809429867824028 0.0029296875
0 0.282748076543697 0.720458984375 0.007003353718682186 0.00927734375
0 0.14095482343657526 0.717041015625 0.000789110278161373 0.00244140625
0 0.2371276385874926 0.718994140625 0.003156441112645492 0.00732421875
0 0.2903925823633853 0.718017578125 0.0023673308344841193 0.00732421875
0 0.2325902544880647 0.7177734375 0.0017754981258630894 0.0068359375
0 0.39031367133556916 0.715087890625 0.0005918327086210298 0.00244140625
0 0.5588873545077925 0.71435546875 0.0009863878477017164 0.001953125
0 0.19027421582166107 0.714599609375 0.0011836654172420597 0.00244140625
0 0.4931446044584731 0.718994140625 0.004044190175577037 0.01220703125
0 0.2761392779640955 0.7138671875 0.0008877490629315447 0.001953125
0 0.4374136910633261 0.71435546875 0.0014795817715525744 0.00390625
0 0.22578417833892286 0.7138671875 0.0009863878477017164 0.0029296875
0 0.2003353718682186 0.71337890625 0.000789110278161373 0.001953125
0 0.7307654369698166 0.717041015625 0.0028605247583349774 0.01025390625
0 0.21991517064509766 0.7138671875 0.0022686920497139475 0.00390625
0 0.46296113631880054 0.71240234375 0.0012823042020122311 0.001953125
0 0.39233576642335766 0.71240234375 0.0006904714933912014 0.001953125
0 0.3000591832708621 0.712646484375 0.002170053264943776 0.00244140625
0 0.21192542907871376 0.713134765625 0.0014795817715525744 0.00341796875
0 0.4087098046952062 0.712890625 0.001874136910633261 0.00390625
0 0.4610376800157822 0.712158203125 0.0013809429867824028 0.00341796875
0 0.44929966462813176 0.712890625 0.0013809429867824028 0.0048828125
0 0.2791970802919708 0.712158203125 0.0022686920497139475 0.00341796875
0 0.2454626159005721 0.7119140625 0.002071414480173604 0.0029296875
0 0.21685736831722233 0.712158203125 0.0014795817715525744 0.00341796875
0 0.4213355691457881 0.71142578125 0.0008877490629315447 0.0029296875
0 0.5567173012428487 0.71337890625 0.0023673308344841193 0.0078125
0 0.5210593805484316 0.712158203125 0.003255079897415664 0.00537109375
0 0.44801736042611956 0.710693359375 0.0011836654172420597 0.00244140625
0 0.23076543696981652 0.711181640625 0.0008877490629315447 0.00341796875
0 0.10771355296902742 0.710693359375 0.0013809429867824028 0.00244140625
0 0.10475438942592227 0.712646484375 0.003550996251726179 0.00634765625
0 0.7256855395541527 0.71533203125 0.006707437364371671 0.0126953125
0 0.2973466166896824 0.710205078125 0.0008877490629315447 0.00244140625
0 0.2555730913395147 0.710205078125 0.0009863878477017164 0.00244140625
0 0.20679621227066483 0.7099609375 0.0008877490629315447 0.001953125
0 0.32526139277964095 0.709716796875 0.001874136910633261 0.00244140625
0 0.2958177155257447 0.710693359375 0.0017754981258630894 0.00439453125
0 0.25088774906293154 0.713623046875 0.00424146774511738 0.01123046875
0 0.4130499112250937 0.709716796875 0.0012823042020122311 0.00439453125
0 0.30775300848293546 0.708984375 0.0009863878477017164 0.0029296875
0 0.2634641941211284 0.708984375 0.001578220556322746 0.0029296875
0 0.258039060958769 0.7109375 0.0017754981258630894 0.0068359375
0 0.2100512921680805 0.709228515625 0.0014795817715525744 0.00341796875
0 0.19160583941605838 0.707763671875 0.0012823042020122311 0.00244140625
0 0.5188893272834879 0.70751953125 0.0012823042020122311 0.0029296875
0 0.2539455513908069 0.70751953125 0.002071414480173604 0.0029296875
0 0.7333793647662261 0.70703125 0.0017754981258630894 0.0029296875
0 0.4846616689682383 0.7109375 0.003452357466956007 0.0107421875
0 0.45447820082856577 0.70947265625 0.002663247188794634 0.0078125
0 0.4277964095482344 0.7080078125 0.0027618859735648055 0.0048828125
0 0.3368514499901361 0.707275390625 0.0011836654172420597 0.00341796875
0 0.29261195502071413 0.706787109375 0.0008877490629315447 0.00244140625
0 0.2607023081475636 0.709228515625 0.0033537186821858355 0.00732421875
0 0.22381140264351942 0.707275390625 0.0013809429867824028 0.00341796875
0 0.7291872164134938 0.70703125 0.0014795817715525744 0.00390625
0 0.4488064707042809 0.706787109375 0.001578220556322746 0.00341796875
0 0.18938646675872953 0.706787109375 0.0013809429867824028 0.00341796875
0 0.3904616295127244 0.7060546875 0.001085026632471888 0.0029296875
0 0.3144111264549221 0.7060546875 0.0008877490629315447 0.0029296875
0 0.19456500295916354 0.706787109375 0.0016768593410929177 0.00439453125
0 0.49768198855790097 0.70703125 0.0014795817715525744 0.005859375
0 0.2749556125468534 0.70556640625 0.002071414480173604 0.0029296875
0 0.27105938054843165 0.70556640625 0.0019727756954034327 0.0029296875
0 0.11575261392779641 0.70556640625 0.001085026632471888 0.0029296875
0 0.7230716117577431 0.70556640625 0.001874136910633261 0.00390625
0 0.5240185440915368 0.705810546875 0.002465969619254291 0.00439453125
0 0.4088577628723614 0.707763671875 0.002959163543105149 0.00830078125
0 0.29014598540145986 0.70654296875 0.001874136910633261 0.0068359375
0 0.7266226080094693 0.70556640625 0.00483330045373841 0.005859375
0 0.7041822844742552 0.70458984375 0.001578220556322746 0.00390625
0 0.2654862892089169 0.705322265625 0.0014795817715525744 0.00537109375
0 0.5091240875912408 0.70361328125 0.0016768593410929177 0.0029296875
0 0.48086407575458673 0.705810546875 0.0027618859735648055 0.00732421875
0 0.47869402248964293 0.703369140625 0.0011836654172420597 0.00244140625
0 0.5204182284474256 0.703125 0.0009863878477017164 0.0029296875
0 0.26824817518248173 0.706298828125 0.002465969619254291 0.00927734375
0 0.4255277174985204 0.7021484375 0.0009863878477017164 0.001953125
0 0.2075853225488262 0.702392578125 0.0006904714933912014 0.00244140625
0 0.19934898402051687 0.703125 0.0025646084040244622 0.00390625
0 0.6708916946143223 0.70361328125 0.0030578023278753207 0.005859375
0 0.49432826987571515 0.70166015625 0.0016768593410929177 0.001953125
0 0.4189189189189189 0.705810546875 0.002959163543105149 0.01025390625
0 0.44101400670743734 0.7021484375 0.001578220556322746 0.00390625
0 0.30237719471296115 0.70166015625 0.001085026632471888 0.0029296875
0 0.25986387847701714 0.701171875 0.001085026632471888 0.001953125
0 0.20921286249753404 0.702880859375 0.0013809429867824028 0.00537109375
0 0.29261195502071413 0.701171875 0.0012823042020122311 0.0029296875
0 0.263217597159203 0.700927734375 0.003255079897415664 0.00244140625
0 0.22193726573288616 0.70068359375 0.0009863878477017164 0.001953125
0 0.13163345827579404 0.701416015625 0.0028605247583349774 0.00341796875
0 0.7173505622410732 0.703125 0.002465969619254291 0.0078125
0 0.46330637206549613 0.704345703125 0.003550996251726179 0.01025390625
0 0.30070033537186824 0.700439453125 0.0012823042020122311 0.00244140625
0 0.7318997829946735 0.700927734375 0.0013809429867824028 0.00439453125
0 0.43647662260800946 0.700439453125 0.0009863878477017164 0.00341796875
0 0.40935095679621225 0.701171875 0.0017754981258630894 0.0048828125
0 0.2256855395541527 0.70068359375 0.0019727756954034327 0.00390625
0 0.1276385874926021 0.699951171875 0.0013809429867824028 0.00244140625
0 0.48382323929769183 0.700927734375 0.0025646084040244622 0.00537109375
0 0.3056322746103768 0.69921875 0.0008877490629315447 0.001953125
0 0.2864963503649635 0.69970703125 0.0012823042020122311 0.0029296875
0 0.2533537186821858 0.7001953125 0.0014795817715525744 0.00390625
0 0.7204576839613336 0.69970703125 0.004537384099427895 0.00390625
0 0.2318997829946735 0.69921875 0.0013809429867824028 0.0029296875
0 0.5233773919905307 0.700927734375 0.003748273821266522 0.00732421875
0 0.5197277569540343 0.699462890625 0.0019727756954034327 0.00439453125
0 0.23860722035904516 0.6982421875 0.000789110278161373 0.001953125
0 0.6764647859538371 0.69873046875 0.003748273821266522 0.00390625
0 0.27623791674886566 0.69775390625 0.0008877490629315447 0.001953125
0 0.6851943184059972 0.699462890625 0.004044190175577037 0.00634765625
0 0.4992602091142237 0.69873046875 0.001874136910633261 0.0048828125
0 0.19693233379364766 0.697509765625 0.0014795817715525744 0.00244140625
0 0.7157230222923654 0.699462890625 0.0023673308344841193 0.00732421875
0 0.4815545472479779 0.69775390625 0.0013809429867824028 0.00390625
0 0.4606431248767015 0.69677734375 0.0011836654172420597 0.001953125
0 0.216660090747682 0.69677734375 0.0008877490629315447 0.001953125
0 0.4947228250147958 0.697265625 0.003452357466956007 0.00390625
0 0.4251824817518248 0.696533203125 0.002071414480173604 0.00244140625
0 0.40244624186230027 0.697509765625 0.0013809429867824028 0.00439453125
0 0.7018149536397712 0.699462890625 0.0033537186821858355 0.00927734375
0 0.531663049911225 0.696533203125 0.0019727756954034327 0.00341796875
0 0.5119846123495758 0.697265625 0.0022686920497139475 0.0048828125
0 0.39080686525942 0.69873046875 0.004142828960347208 0.0078125
0 0.38720654961530876 0.69580078125 0.0008877490629315447 0.001953125
0 0.3302919708029197 0.69580078125 0.0006904714933912014 0.001953125
0 0.5065594791872164 0.696533203125 0.002465969619254291 0.00439453125
0 0.40831524955612547 0.696533203125 0.0012823042020122311 0.00439453125
0 0.3017853620043401 0.696044921875 0.002071414480173604 0.00341796875
0 0.2927105938054843 0.696533203125 0.002465969619254291 0.00439453125
0 0.6725192345630302 0.697998046875 0.0033537186821858355 0.00830078125
0 0.6786841586111659 0.696044921875 0.002071414480173604 0.00537109375
0 0.40708226474649833 0.69482421875 0.000789110278161373 0.0029296875
0 0.5276681791280331 0.698486328125 0.0044387453146577235 0.01123046875
0 0.4865358058788716 0.69482421875 0.001085026632471888 0.00390625
0 0.7087196685736832 0.696533203125 0.005721049516669955 0.00830078125
0 0.660337344643914 0.693359375 0.0012823042020122311 0.001953125
0 0.4154665614519629 0.696533203125 0.0025646084040244622 0.00830078125
0 0.27934503846912606 0.6943359375 0.0009863878477017164 0.00390625
0 0.3800059183270862 0.693603515625 0.0008877490629315447 0.00341796875
0 0.27377194712961134 0.69287109375 0.001085026632471888 0.001953125
0 0.6460347208522391 0.693359375 0.001085026632471888 0.00390625
0 0.4272045768396133 0.6923828125 0.000789110278161373 0.001953125
0 0.7119747484710989 0.69287109375 0.0009863878477017164 0.00390625
0 0.5112941408561846 0.6923828125 0.001874136910633261 0.0029296875
0 0.4830834484119156 0.693115234375 0.002071414480173604 0.00439453125
0 0.41946143223515486 0.69580078125 0.00483330045373841 0.009765625
0 0.2455119352929572 0.692138671875 0.0009863878477017164 0.00244140625
0 0.21789307555730913 0.69287109375 0.0009863878477017164 0.00390625
0 0.6123988952456105 0.69189453125 0.0016768593410929177 0.0029296875
0 0.5577036890905505 0.693603515625 0.001578220556322746 0.00634765625
0 0.43805484316433224 0.693359375 0.0019727756954034327 0.005859375
0 0.6740974551193529 0.692626953125 0.0013809429867824028 0.00537109375
0 0.4924541329650819 0.693359375 0.0028605247583349774 0.0068359375
0 0.2509863878477017 0.69189453125 0.002071414480173604 0.00390625
0 0.6199940816729138 0.692626953125 0.003452357466956007 0.00634765625
0 0.39702110869994084 0.69140625 0.0013809429867824028 0.00390625
0 0.6326691655158808 0.69287109375 0.003550996251726179 0.0078125
0 0.6155060169658709 0.694580078125 0.004537384099427895 0.01123046875
0 0.5214539356875123 0.690185546875 0.001085026632471888 0.00244140625
0 0.4708522391004143 0.694580078125 0.0044387453146577235 0.01123046875
0 0.26755770368909054 0.68994140625 0.0006904714933912014 0.001953125
0 0.6630005918327087 0.689697265625 0.0006904714933912014 0.00244140625
0 0.5279147760899586 0.689208984375 0.0013809429867824028 0.00244140625
0 0.4400276188597356 0.69189453125 0.0025646084040244622 0.0078125
0 0.42375221937265733 0.690185546875 0.0013809429867824028 0.00439453125
0 0.41773525350167684 0.689453125 0.0009863878477017164 0.0029296875
0 0.22933517459064903 0.690673828125 0.0013809429867824028 0.00537109375
0 0.6262083251134346 0.69091796875 0.0016768593410929177 0.0068359375
0 0.7243045965673703 0.6884765625 0.0011836654172420597 0.0029296875
0 0.48905109489051096 0.6884765625 0.0011836654172420597 0.0029296875
0 0.4860919313474058 0.688232421875 0.0005918327086210298 0.00244140625
0 0.7062043795620438 0.68798828125 0.0008877490629315447 0.0029296875
0 0.7023574669560071 0.690673828125 0.005819688301440126 0.00927734375
0 0.27885184454527523 0.6875 0.0009863878477017164 0.0029296875
0 0.6957486683764056 0.689453125 0.003255079897415664 0.0078125
0 0.6784375616492405 0.689208984375 0.003156441112645492 0.00732421875
0 0.6377983823239298 0.6884765625 0.002170053264943776 0.005859375
0 0.5261392779640954 0.68701171875 0.0019727756954034327 0.0029296875
0 0.6696093904123102 0.689453125 0.0022686920497139475 0.0087890625
0 0.3995857171039653 0.68603515625 0.0011836654172420597 0.0029296875
0 0.3977608995857171 0.68701171875 0.0014795817715525744 0.0048828125
0 0.2665713158413888 0.685791015625 0.0012823042020122311 0.00244140625
0 0.25927204576839613 0.68603515625 0.0008877490629315447 0.0029296875
0 0.6184158611165911 0.685302734375 0.001085026632471888 0.00244140625
0 0.3962319984217794 0.6865234375 0.0011836654172420597 0.0048828125
0 0.6038173209706057 0.684814453125 0.003255079897415664 0.00244140625
0 0.4727756954034326 0.684814453125 0.0013809429867824028 0.00244140625
0 0.2838331031761689 0.6845703125 0.0008877490629315447 0.001953125
0 0.469520615506017 0.685302734375 0.0017754981258630894 0.00439453125
0 0.6715821661077136 0.684326171875 0.002071414480173604 0.00341796875
0 0.4920595778260012 0.684814453125 0.002465969619254291 0.00537109375
0 0.36570329453541134 0.68310546875 0.0008877490629315447 0.001953125
0 0.6200927204576839 0.682861328125 0.0028605247583349774 0.00341796875
0 0.19777076346419412 0.68212890625 0.000789110278161373 0.001953125
0 0.5248076543696981 0.68359375 0.001874136910633261 0.005859375
0 0.3861708423752219 0.68212890625 0.000789110278161373 0.0029296875
0 0.3710297889130006 0.681884765625 0.0016768593410929177 0.00244140625
0 0.7061550601696587 0.68115234375 0.0009863878477017164 0.001953125
0 0.6680311698559874 0.68212890625 0.002071414480173604 0.00390625
0 0.6155553363582561 0.68212890625 0.0028605247583349774 0.00390625
0 0.5145985401459854 0.681884765625 0.0011836654172420597 0.00341796875
0 0.520122312093115 0.68310546875 0.005523771947129611 0.0068359375
0 0.37576445058196883 0.68017578125 0.001085026632471888 0.001953125
0 0.6789800749654764 0.679931640625 0.0008877490629315447 0.00244140625
0 0.5023673308344841 0.682373046875 0.0027618859735648055 0.00732421875
0 0.6842572499506806 0.68017578125 0.0017754981258630894 0.0048828125
0 0.6375024659696192 0.6806640625 0.004734661668968239 0.005859375
0 0.5579009666600907 0.6826171875 0.002959163543105149 0.009765625
0 0.49644900374827383 0.680419921875 0.0023673308344841193 0.00634765625
0 0.5511935292957191 0.67919921875 0.001578220556322746 0.0048828125
0 0.6998914973367528 0.67724609375 0.0016768593410929177 0.001953125
0 0.6967843756164924 0.680419921875 0.0033537186821858355 0.00927734375
0 0.6762181889919117 0.67919921875 0.003255079897415664 0.0068359375
0 0.6107713552969027 0.681640625 0.004931939238508582 0.01171875
0 0.4728743341882028 0.677001953125 0.000789110278161373 0.00244140625
0 0.3824718879463405 0.679931640625 0.0022686920497139475 0.00927734375
0 0.3489840205168672 0.677001953125 0.0011836654172420597 0.00341796875
0 0.6725192345630302 0.67626953125 0.0013809429867824028 0.0029296875
0 0.5280627342671138 0.67578125 0.0008877490629315447 0.001953125
0 0.710347208522391 0.67724609375 0.0077924639968435586 0.005859375
0 0.6627539948707832 0.67724609375 0.0025646084040244622 0.005859375
0 0.597159202998619 0.67626953125 0.0013809429867824028 0.00390625
0 0.521799171434208 0.67578125 0.000789110278161373 0.0029296875
0 0.3727066482540935 0.678955078125 0.0030578023278753207 0.00927734375
0 0.5348194910238706 0.67626953125 0.001578220556322746 0.0048828125
0 0.681594002761886 0.677490234375 0.004340106529887552 0.00830078125
0 0.35835470507003353 0.676025390625 0.0013809429867824028 0.00537109375
0 0.35416255671730124 0.6748046875 0.001085026632471888 0.0029296875
0 0.6874136910633261 0.6767578125 0.003748273821266522 0.0078125
0 0.6213257052673111 0.67626953125 0.004340106529887552 0.0068359375
0 0.5313178141645295 0.67529296875 0.002465969619254291 0.0048828125
0 0.6788321167883211 0.675537109375 0.0019727756954034327 0.00634765625
0 0.6570329453541133 0.67431640625 0.0025646084040244622 0.00390625
0 0.47992700729927007 0.677734375 0.005030578023278753 0.01171875
0 0.374136910633261 0.6748046875 0.0019727756954034327 0.005859375
0 0.6635924245413296 0.673095703125 0.0014795817715525744 0.00341796875
0 0.6322746103768001 0.67578125 0.0027618859735648055 0.0087890625
0 0.5442888143618071 0.673583984375 0.0033537186821858355 0.00439453125
0 0.5338331031761688 0.67333984375 0.001578220556322746 0.00390625
0 0.5030084829354903 0.67333984375 0.0014795817715525744 0.00390625
0 0.6678832116788321 0.674560546875 0.002959163543105149 0.00732421875
0 0.603422765831525 0.67236328125 0.0012823042020122311 0.0029296875
0 0.5946932333793647 0.67333984375 0.0011836654172420597 0.0048828125
0 0.5590353126849478 0.6728515625 0.001874136910633261 0.00390625
0 0.5097159202998619 0.67724609375 0.0044387453146577235 0.0126953125
0 0.703491812980864 0.67138671875 0.0017754981258630894 0.001953125
0 0.6462813178141645 0.675537109375 0.0033537186821858355 0.01025390625
0 0.5223416847504438 0.671142578125 0.0008877490629315447 0.00244140625
0 0.6992503452357467 0.6708984375 0.0009863878477017164 0.0029296875
0 0.6596961925429079 0.67236328125 0.003748273821266522 0.005859375
0 0.6531860327480765 0.675537109375 0.004142828960347208 0.01220703125
0 0.642483724600513 0.6708984375 0.0016768593410929177 0.0029296875
0 0.627589268100217 0.672119140625 0.0014795817715525744 0.00537109375
0 0.4850069047149339 0.676025390625 0.0039455513908068654 0.01318359375
0 0.6192542907871375 0.67041015625 0.0013809429867824028 0.0029296875
0 0.5265338331031761 0.67431640625 0.0033537186821858355 0.0107421875
0 0.507496547642533 0.671875 0.001578220556322746 0.005859375
0 0.5018741369106332 0.6708984375 0.0019727756954034327 0.00390625
0 0.3810909449595581 0.6728515625 0.0030578023278753207 0.0078125
0 0.6742454132965082 0.671142578125 0.0030578023278753207 0.00537109375
0 0.6404616295127245 0.669921875 0.0009863878477017164 0.0029296875
0 0.6831722233182087 0.669677734375 0.0009863878477017164 0.00341796875
0 0.51726178733478 0.67041015625 0.001578220556322746 0.0048828125
0 0.700581968830144 0.669189453125 0.0016768593410929177 0.00341796875
0 0.5151903728546064 0.67431640625 0.004340106529887552 0.013671875
0 0.5774314460445847 0.66845703125 0.0019727756954034327 0.0029296875
0 0.3685638192937463 0.669921875 0.001874136910633261 0.005859375
0 0.5671730124284868 0.67236328125 0.01085026632471888 0.01171875
0 0.5439928980074965 0.668212890625 0.0019727756954034327 0.00341796875
0 0.7090155849279937 0.66748046875 0.0011836654172420597 0.0029296875
0 0.6085519826395739 0.67236328125 0.004044190175577037 0.0126953125
0 0.48614125073979086 0.66845703125 0.002071414480173604 0.0048828125
0 0.5917340698362596 0.66796875 0.0025646084040244622 0.005859375
0 0.3701913592424541 0.66650390625 0.000789110278161373 0.0029296875
0 0.5885776287236141 0.667236328125 0.0033537186821858355 0.00537109375
0 0.534474255277175 0.666015625 0.0008877490629315447 0.0029296875
0 0.5208621029788914 0.66650390625 0.002071414480173604 0.0048828125
0 0.6623594397317025 0.6650390625 0.0013809429867824028 0.0029296875
0 0.364371670941014 0.6650390625 0.000789110278161373 0.0029296875
0 0.5473466166896824 0.66455078125 0.0009863878477017164 0.0029296875
0 0.36772538962319984 0.663818359375 0.000789110278161373 0.00244140625
0 0.45630301834681397 0.663330078125 0.001578220556322746 0.00244140625
0 0.5400473466166896 0.6630859375 0.0009863878477017164 0.00390625
0 0.5149930952850661 0.661865234375 0.0009863878477017164 0.00244140625
0 0.4866837640560268 0.662841796875 0.0019727756954034327 0.00439453125
0 0.6257151311895838 0.661376953125 0.0066087985796014995 0.00341796875
0 0.6161964884592622 0.66162109375 0.003748273821266522 0.00390625
0 0.5248569737620833 0.66162109375 0.0013809429867824028 0.0048828125
0 0.48411915565200236 0.660400390625 0.0023673308344841193 0.00439453125
0 0.35564213848885384 0.658935546875 0.0008877490629315447 0.00341796875
0 0.49358847898993885 0.661376953125 0.003748273821266522 0.01025390625
0 0.40481357269678436 0.6572265625 0.0009863878477017164 0.0029296875
0 0.5064115210100611 0.662841796875 0.004734661668968239 0.01513671875
0 0.5002465969619254 0.658203125 0.0030578023278753207 0.0068359375
0 0.5354113237324916 0.654052734375 0.0011836654172420597 0.00244140625
0 0.44150720063128823 0.654052734375 0.000789110278161373 0.00244140625
0 0.3812389031367134 0.65283203125 0.001578220556322746 0.005859375
0 0.5053264943775893 0.64990234375 0.000789110278161373 0.0029296875
0 0.3748273821266522 0.6533203125 0.002959163543105149 0.009765625
0 0.14332215427105938 0.6494140625 0.0009863878477017164 0.0029296875
0 0.3933221542710594 0.64453125 0.0012823042020122311 0.00390625
