0 0.14435786151114618 0.998779296875 0.002465969619254291 0.00244140625
0 0.41462813178141644 0.998291015625 0.005622410731899783 0.00341796875
0 0.38991911619648845 0.997314453125 0.002170053264943776 0.00244140625
0 0.14820477411718289 0.99755859375 0.002663247188794634 0.0029296875
0 0.1244821463799566 0.997802734375 0.003550996251726179 0.00439453125
0 0.10810810810810811 0.99755859375 0.002959163543105149 0.0048828125
0 0.3021799171434208 0.9970703125 0.006016965870980469 0.005859375
0 0.6601893864667587 0.9951171875 0.0019727756954034327 0.0029296875
0 0.29527520220950876 0.99560546875 0.006016965870980469 0.00390625
0 0.49561057407772735 0.99609375 0.009370684553166305 0.005859375
0 0.36496350364963503 0.996337890625 0.008088380351154074 0.00732421875
0 0.4822943381337542 0.99609375 0.004636022884198066 0.0078125
0 0.24141842572499506 0.99609375 0.010357072400868021 0.0078125
0 0.6733576642335767 0.99462890625 0.010554349970408364 0.005859375
0 0.2503452357466956 0.99267578125 0.004340106529887552 0.0029296875
0 0.2236634444663642 0.9951171875 0.01213257052673111 0.0078125
0 0.5806372065496153 0.992919921875 0.006806076149141842 0.00439453125
0 0.28565792069441703 0.994140625 0.011244821463799567 0.0068359375
0 0.23357664233576642 0.993896484375 0.010061156046557506 0.00634765625
0 0.10529690274215822 0.99267578125 0.0014795817715525744 0.005859375
0 0.47400868021305975 0.99462890625 0.014894456500295916 0.0107421875
0 0.326445058196883 0.990234375 0.0008877490629315447 0.001953125
0 0.09178338922864471 0.990966796875 0.001085026632471888 0.00341796875
0 0.30203195896626556 0.989990234375 0.0025646084040244622 0.00244140625
0 0.23688104162556717 0.98974609375 0.005227855592819097 0.00390625
0 0.6731110672716513 0.988525390625 0.0017754981258630894 0.00244140625
0 0.5454724797790491 0.988525390625 0.005326494377589268 0.00439453125
0 0.1659104359834287 0.987060546875 0.0017754981258630894 0.00244140625
0 0.6446537778654567 0.98828125 0.006214243440520813 0.005859375
0 0.5227855592819096 0.98828125 0.01144209903333991 0.005859375
0 0.3617084237522194 0.98779296875 0.0033537186821858355 0.0048828125
0 0.32274610376800156 0.98681640625 0.003550996251726179 0.0029296875
0 0.6788814361807063 0.986328125 0.004044190175577037 0.0029296875
0 0.6114618267902939 0.9873046875 0.007496547642533044 0.0048828125
0 0.6290688498717696 0.986328125 0.00483330045373841 0.00390625
0 0.29705070033537184 0.986083984375 0.002663247188794634 0.00341796875
0 0.29285855198263955 0.986572265625 0.004537384099427895 0.00537109375
0 0.11373051884000789 0.985107421875 0.0019727756954034327 0.00244140625
0 0.5938548037088183 0.98486328125 0.0016768593410929177 0.0029296875
0 0.5632274610376801 0.986572265625 0.00966660090747682 0.00634765625
0 0.223564805681594 0.985107421875 0.003255079897415664 0.00439453125
0 0.6854902347603078 0.98388671875 0.002465969619254291 0.0029296875
0 0.24344052081278358 0.98388671875 0.003748273821266522 0.0029296875
0 0.5705760505030578 0.985107421875 0.009173406983625962 0.00634765625
0 0.619500887749063 0.983154296875 0.0038469126060366936 0.00341796875
0 0.2102978891300059 0.982666015625 0.002959163543105149 0.00244140625
0 0.30449792858551983 0.982177734375 0.0013809429867824028 0.00244140625
0 0.21611757743144605 0.9853515625 0.007101992503452358 0.0087890625
0 0.4033339909252318 0.9814453125 0.003550996251726179 0.0029296875
0 0.11136318800552378 0.9814453125 0.002170053264943776 0.00390625
0 0.5900572104951667 0.98193359375 0.0051292168080489245 0.005859375
0 0.5039948707831919 0.98193359375 0.0038469126060366936 0.005859375
0 0.605790096666009 0.981689453125 0.007989741566383901 0.00634765625
0 0.3505129216808049 0.981689453125 0.009173406983625962 0.00634765625
0 0.5491221148155455 0.98046875 0.010652988755178536 0.005859375
0 0.2173505622410732 0.97900390625 0.0036496350364963502 0.0029296875
0 0.4753896231998422 0.98095703125 0.003452357466956007 0.0078125
0 0.4725290984415072 0.978759765625 0.0028605247583349774 0.00341796875
0 0.42685934109291773 0.97802734375 0.0014795817715525744 0.001953125
0 0.3418820280134149 0.980224609375 0.006904714933912014 0.00634765625
0 0.2708621029788913 0.9794921875 0.006312882225290984 0.0048828125
0 0.10011836654172421 0.978515625 0.0013809429867824028 0.0029296875
0 0.6656638390215033 0.97802734375 0.002465969619254291 0.0029296875
0 0.1050009863878477 0.97998046875 0.006411521010061156 0.0068359375
0 0.3628920891694614 0.979736328125 0.004734661668968239 0.00732421875
0 0.307457092128625 0.978759765625 0.004340106529887552 0.00537109375
0 0.10312684947721444 0.977294921875 0.0006904714933912014 0.00244140625
0 0.6402150325507989 0.97705078125 0.0038469126060366936 0.0029296875
0 0.5715624383507595 0.976806640625 0.0038469126060366936 0.00341796875
0 0.4116689682383113 0.976806640625 0.002071414480173604 0.00341796875
0 0.31702505425133165 0.97705078125 0.002170053264943776 0.00390625
0 0.3146577234168475 0.976806640625 0.0023673308344841193 0.00341796875
0 0.29502860524758334 0.97705078125 0.004142828960347208 0.00390625
0 0.40698362596172816 0.978515625 0.003748273821266522 0.0078125
0 0.3980568159400276 0.977294921875 0.0044387453146577235 0.00537109375
0 0.6606332609982245 0.975830078125 0.003255079897415664 0.00341796875
0 0.32121720260406394 0.9755859375 0.0036496350364963502 0.0029296875
0 0.2514302623791675 0.974853515625 0.0019727756954034327 0.00244140625
0 0.6502268692049714 0.9755859375 0.0061156046557506415 0.0048828125
0 0.4363286644308542 0.97412109375 0.001085026632471888 0.001953125
0 0.3531761688695995 0.9755859375 0.007200631288222529 0.005859375
0 0.3118958374432827 0.9736328125 0.003748273821266522 0.0029296875
0 0.6771059380548432 0.972900390625 0.0022686920497139475 0.00244140625
0 0.33438548037088184 0.972900390625 0.004537384099427895 0.00244140625
0 0.22178930755573092 0.973388671875 0.002465969619254291 0.00341796875
0 0.38991911619648845 0.971923828125 0.002170053264943776 0.00244140625
0 0.4391891891891892 0.971923828125 0.0022686920497139475 0.00341796875
0 0.3937167094101401 0.970458984375 0.0036496350364963502 0.00244140625
0 0.215525744722825 0.970458984375 0.0009863878477017164 0.00244140625
0 0.4726277372262774 0.970458984375 0.0028605247583349774 0.00341796875
0 0.44249358847898995 0.970947265625 0.0027618859735648055 0.00439453125
0 0.4366739001775498 0.970458984375 0.0027618859735648055 0.00341796875
0 0.34365752613927797 0.97021484375 0.004142828960347208 0.0029296875
0 0.3391201420398501 0.970458984375 0.0033537186821858355 0.00341796875
0 0.32970013809429866 0.97314453125 0.006411521010061156 0.0087890625
0 0.40323535214046163 0.97021484375 0.005523771947129611 0.00390625
0 0.3209212862497534 0.970458984375 0.004636022884198066 0.00439453125
0 0.12063523377391991 0.970703125 0.0061156046557506415 0.005859375
0 0.6092424541329651 0.969482421875 0.006411521010061156 0.00537109375
0 0.35450779246399683 0.967529296875 0.0017754981258630894 0.00244140625
0 0.2938942592227264 0.971435546875 0.013118958374432827 0.01025390625
0 0.5812783586506214 0.967041015625 0.004734661668968239 0.00439453125
0 0.24250345235746695 0.96826171875 0.012921680804892484 0.0068359375
0 0.22124679423949498 0.96533203125 0.0017754981258630894 0.001953125
0 0.10366936279345039 0.965576171875 0.0027618859735648055 0.00341796875
0 0.5447820082856579 0.965087890625 0.005721049516669955 0.00341796875
0 0.11807062536989545 0.96435546875 0.0009863878477017164 0.001953125
0 0.6955020714144802 0.96435546875 0.004340106529887552 0.00390625
0 0.25724995068060763 0.9658203125 0.007496547642533044 0.0078125
0 0.4313967251923456 0.96240234375 0.0014795817715525744 0.001953125
0 0.3515979483132768 0.9619140625 0.0008877490629315447 0.001953125
0 0.3098737423554942 0.963623046875 0.00542513316235944 0.00537109375
0 0.5554843164332215 0.9619140625 0.004044190175577037 0.0029296875
0 0.10071019925034523 0.961669921875 0.001578220556322746 0.00244140625
0 0.5881337541921483 0.962890625 0.006016965870980469 0.005859375
0 0.4638982047741172 0.962158203125 0.0033537186821858355 0.00439453125
0 0.4757348589465378 0.962646484375 0.010258433616097849 0.00634765625
0 0.628181100808838 0.96142578125 0.010554349970408364 0.005859375
0 0.3886861313868613 0.960205078125 0.0022686920497139475 0.00341796875
0 0.3591438153481949 0.96044921875 0.0019727756954034327 0.00390625
0 0.21010061156046558 0.95947265625 0.0017754981258630894 0.0029296875
0 0.5358551982639573 0.958984375 0.006806076149141842 0.00390625
0 0.31076149141842574 0.958251953125 0.001874136910633261 0.00244140625
0 0.1891398697968041 0.9580078125 0.001085026632471888 0.001953125
0 0.30785164726770564 0.957763671875 0.0033537186821858355 0.00244140625
0 0.4941309923061748 0.964111328125 0.014302623791674886 0.01611328125
0 0.0907476819885579 0.957763671875 0.002170053264943776 0.00341796875
0 0.3440520812783586 0.95703125 0.0019727756954034327 0.0029296875
0 0.3341388834089564 0.957275390625 0.00424146774511738 0.00341796875
0 0.3139672519234563 0.95703125 0.0027618859735648055 0.0029296875
0 0.11876109686328665 0.957275390625 0.0033537186821858355 0.00341796875
0 0.6139771158019334 0.95654296875 0.00424146774511738 0.0029296875
0 0.3578615111461827 0.95654296875 0.0011836654172420597 0.0029296875
0 0.3483921878082462 0.95703125 0.004537384099427895 0.00390625
0 0.22317025054251333 0.958251953125 0.010554349970408364 0.00732421875
0 0.4606924442690866 0.957275390625 0.009567962122706648 0.00634765625
0 0.39317419609390414 0.956298828125 0.004734661668968239 0.00537109375
0 0.1112645492207536 0.954345703125 0.0011836654172420597 0.00244140625
0 0.29650818701913595 0.957275390625 0.011047543894259222 0.00927734375
0 0.30365949891497335 0.954833984375 0.004636022884198066 0.00634765625
0 0.38962319984217797 0.953857421875 0.004142828960347208 0.00537109375
0 0.10549418031169856 0.955322265625 0.008581574275004932 0.00927734375
0 0.5604162556717301 0.95166015625 0.0044387453146577235 0.0029296875
0 0.19027421582166107 0.951171875 0.0013809429867824028 0.0029296875
0 0.18598342868415862 0.952392578125 0.0022686920497139475 0.00732421875
0 0.10943973170250543 0.949951171875 0.0012823042020122311 0.00244140625
0 0.564361807062537 0.94921875 0.0028605247583349774 0.0029296875
0 0.3070132175971592 0.949462890625 0.002465969619254291 0.00341796875
0 0.12043795620437957 0.94873046875 0.000789110278161373 0.001953125
0 0.6839613335963701 0.948974609375 0.004537384099427895 0.00341796875
0 0.22662260800946932 0.949462890625 0.0036496350364963502 0.00634765625
0 0.19905306766620634 0.947265625 0.002959163543105149 0.0029296875
0 0.670151903728546 0.946533203125 0.001578220556322746 0.00244140625
0 0.3932235154862892 0.9462890625 0.0012823042020122311 0.001953125
0 0.12162162162162163 0.949951171875 0.005523771947129611 0.00927734375
0 0.11585125271256658 0.951171875 0.007595186427303216 0.01171875
0 0.6548628920891695 0.946533203125 0.006312882225290984 0.00341796875
0 0.6056421384888538 0.949462890625 0.011836654172420595 0.00927734375
0 0.34503846912606034 0.9462890625 0.0023673308344841193 0.0029296875
0 0.3573683172223318 0.94482421875 0.0017754981258630894 0.0029296875
0 0.6612250937068456 0.94482421875 0.003452357466956007 0.00390625
0 0.2840303807457092 0.94580078125 0.006214243440520813 0.005859375
0 0.10983428684158611 0.9453125 0.00542513316235944 0.0048828125
0 0.10159794831327679 0.9443359375 0.0017754981258630894 0.0029296875
0 0.6664036299072795 0.943603515625 0.004734661668968239 0.00244140625
0 0.5234267113829157 0.94482421875 0.008187019135924246 0.0048828125
0 0.11481554547247978 0.943603515625 0.001578220556322746 0.00244140625
0 0.5990333399092523 0.94287109375 0.003550996251726179 0.001953125
0 0.32560662852633654 0.944091796875 0.0061156046557506415 0.00537109375
0 0.4342572499506806 0.942138671875 0.003452357466956007 0.00244140625
0 0.09676464785953837 0.944091796875 0.003156441112645492 0.00634765625
0 0.46429275991319785 0.94140625 0.0019727756954034327 0.001953125
0 0.23106135332412706 0.942626953125 0.00424146774511738 0.00439453125
0 0.35105543499704084 0.94091796875 0.003550996251726179 0.001953125
0 0.6579206944170448 0.941650390625 0.005326494377589268 0.00439453125
0 0.6104754389425923 0.941650390625 0.004537384099427895 0.00439453125
0 0.5726474649832314 0.941650390625 0.0038469126060366936 0.00439453125
0 0.5484316433221542 0.941162109375 0.008088380351154074 0.00439453125
0 0.42616886959952655 0.94140625 0.006411521010061156 0.0048828125
0 0.29399289800749656 0.940185546875 0.0030578023278753207 0.00341796875
0 0.2903925823633853 0.9404296875 0.0023673308344841193 0.00390625
0 0.16462813178141644 0.93994140625 0.0011836654172420597 0.0029296875
0 0.2983823239297692 0.941162109375 0.005326494377589268 0.00634765625
0 0.23979088577628724 0.939697265625 0.002170053264943776 0.00341796875
0 0.1912606036693628 0.93896484375 0.0011836654172420597 0.001953125
0 0.17567567567567569 0.93896484375 0.000789110278161373 0.0029296875
0 0.32733280725981456 0.938232421875 0.002465969619254291 0.00244140625
0 0.23668376405602684 0.93798828125 0.0016768593410929177 0.001953125
0 0.19343065693430658 0.9384765625 0.0023673308344841193 0.0029296875
0 0.5569638982047741 0.939697265625 0.0139080686525942 0.00732421875
0 0.35445847307161177 0.937255859375 0.003255079897415664 0.00244140625
0 0.10159794831327679 0.93896484375 0.0033537186821858355 0.005859375
0 0.6392779640954823 0.941162109375 0.00907476819885579 0.01123046875
0 0.4120142039850069 0.9365234375 0.0009863878477017164 0.001953125
0 0.3049418031169856 0.93798828125 0.0066087985796014995 0.0048828125
0 0.24768198855790097 0.936767578125 0.0011836654172420597 0.00244140625
0 0.09360820674689288 0.9375 0.003550996251726179 0.00390625
0 0.4882619846123496 0.937744140625 0.009469323337936477 0.00537109375
0 0.42227263760110473 0.9365234375 0.0023673308344841193 0.0029296875
0 0.19653777865456698 0.93896484375 0.00424146774511738 0.0078125
0 0.42567567567567566 0.93603515625 0.0036496350364963502 0.0029296875
0 0.4704083645689485 0.935302734375 0.002959163543105149 0.00244140625
0 0.46552574472282504 0.936767578125 0.007200631288222529 0.00537109375
0 0.45428092325902547 0.93505859375 0.001874136910633261 0.001953125
0 0.3501676859341093 0.93505859375 0.002170053264943776 0.0029296875
0 0.2437364371670941 0.935546875 0.005523771947129611 0.00390625
0 0.4990629315446834 0.933837890625 0.00424146774511738 0.00341796875
0 0.21907674097455118 0.933349609375 0.0011836654172420597 0.00244140625
0 0.655208127835865 0.93359375 0.007200631288222529 0.00390625
0 0.6144209903333991 0.93505859375 0.00907476819885579 0.0068359375
0 0.4940816729137897 0.933349609375 0.0051292168080489245 0.00341796875
0 0.6451962911816926 0.933349609375 0.007496547642533044 0.00439453125
0 0.40106529887551784 0.935546875 0.0039455513908068654 0.0087890625
0 0.5700335371868218 0.932861328125 0.002959163543105149 0.00439453125
0 0.3031663049911225 0.93212890625 0.0044387453146577235 0.00390625
0 0.2809725784178339 0.93212890625 0.0044387453146577235 0.00390625
0 0.45507003353718684 0.93115234375 0.0022686920497139475 0.0029296875
0 0.33931741960939044 0.9306640625 0.002170053264943776 0.001953125
0 0.6840106529887552 0.931640625 0.0077924639968435586 0.0048828125
0 0.3289110278161373 0.930419921875 0.0008877490629315447 0.00244140625
0 0.09745511935292957 0.9326171875 0.003550996251726179 0.0068359375
0 0.4797297297297297 0.93115234375 0.009567962122706648 0.0048828125
0 0.3451371079108305 0.9306640625 0.007891102781613731 0.00390625
0 0.31589070822647464 0.931640625 0.0066087985796014995 0.0068359375
0 0.6018938646675873 0.93017578125 0.011836654172420595 0.005859375
0 0.5242158216610772 0.931396484375 0.008778851844545275 0.00830078125
0 0.6433221542710594 0.9287109375 0.0025646084040244622 0.00390625
0 0.32565594791872166 0.92919921875 0.002663247188794634 0.0048828125
0 0.24018544091536792 0.927734375 0.001578220556322746 0.001953125
0 0.22677056618662458 0.928466796875 0.001578220556322746 0.00341796875
0 0.3050404419017558 0.927490234375 0.001085026632471888 0.00244140625
0 0.25424146774511736 0.927978515625 0.002663247188794634 0.00341796875
0 0.10529690274215822 0.92919921875 0.0044387453146577235 0.0068359375
0 0.6887946340501085 0.927734375 0.003156441112645492 0.0048828125
0 0.6609784967449202 0.92724609375 0.006707437364371671 0.00390625
0 0.5854705070033537 0.927978515625 0.008384296705464589 0.00537109375
0 0.45773328072598146 0.927978515625 0.004636022884198066 0.00537109375
0 0.09449595580982442 0.92724609375 0.0025646084040244622 0.00390625
0 0.4618267902939436 0.925537109375 0.0033537186821858355 0.00341796875
0 0.09104359834286842 0.92626953125 0.0027618859735648055 0.005859375
0 0.4173406983625962 0.923583984375 0.0033537186821858355 0.00244140625
0 0.10105543499704084 0.923583984375 0.001085026632471888 0.00341796875
0 0.23910041428289602 0.92431640625 0.005523771947129611 0.005859375
0 0.21330637206549616 0.922607421875 0.0014795817715525744 0.00244140625
0 0.5675675675675675 0.922607421875 0.003748273821266522 0.00341796875
0 0.3552969027421582 0.925048828125 0.004931939238508582 0.00830078125
0 0.5773328072598145 0.922119140625 0.0019727756954034327 0.00341796875
0 0.30030578023278753 0.92138671875 0.0012823042020122311 0.001953125
0 0.6922469915170645 0.921875 0.004931939238508582 0.00390625
0 0.6308443479976327 0.925048828125 0.01686723219569935 0.01025390625
0 0.11328664430854211 0.9208984375 0.0008877490629315447 0.001953125
0 0.3509074768198856 0.92041015625 0.0014795817715525744 0.001953125
0 0.3489840205168672 0.9208984375 0.0019727756954034327 0.0029296875
0 0.2250443874531466 0.9208984375 0.0022686920497139475 0.0029296875
0 0.21084040244624186 0.921142578125 0.0044387453146577235 0.00439453125
0 0.28284671532846717 0.919677734375 0.00483330045373841 0.00244140625
0 0.18647662260800946 0.920166015625 0.002071414480173604 0.00341796875
0 0.18327086210297888 0.92041015625 0.004142828960347208 0.00390625
0 0.33773919905306765 0.92041015625 0.005523771947129611 0.0048828125
0 0.20546458867626752 0.92041015625 0.0051292168080489245 0.0048828125
0 0.09587689879660682 0.92138671875 0.004537384099427895 0.0068359375
0 0.3265436969816532 0.91845703125 0.003452357466956007 0.0029296875
0 0.30356086013020317 0.918212890625 0.0008877490629315447 0.00244140625
0 0.5368909055040442 0.9169921875 0.0072992700729927005 0.00390625
0 0.20842375221937265 0.916015625 0.000789110278161373 0.001953125
0 0.4585223910041428 0.91650390625 0.004636022884198066 0.0048828125
0 0.3547050700335372 0.916259765625 0.0072992700729927005 0.00439453125
0 0.23101203393174197 0.916015625 0.0023673308344841193 0.00390625
0 0.5631781416452949 0.916015625 0.003255079897415664 0.0048828125
0 0.34602485697376206 0.91455078125 0.002959163543105149 0.0029296875
0 0.3083941605839416 0.914306640625 0.002465969619254291 0.00244140625
0 0.22435391595975537 0.914794921875 0.005819688301440126 0.00341796875
0 0.43376405602682977 0.915283203125 0.003255079897415664 0.00537109375
0 0.2996646281317814 0.913818359375 0.0013809429867824028 0.00244140625
0 0.42592227263760113 0.914306640625 0.005721049516669955 0.00439453125
0 0.20457683961333598 0.9130859375 0.0009863878477017164 0.001953125
0 0.6547149339120142 0.91552734375 0.012921680804892484 0.0078125
0 0.43129808640757544 0.91259765625 0.0016768593410929177 0.001953125
0 0.32540935095679624 0.91259765625 0.0025646084040244622 0.001953125
0 0.1553560860130203 0.9130859375 0.0011836654172420597 0.0029296875
0 0.24013612152298283 0.913330078125 0.006806076149141842 0.00439453125
0 0.4286348392187808 0.9111328125 0.001874136910633261 0.001953125
0 0.14973367528112053 0.91162109375 0.000789110278161373 0.0029296875
0 0.5960248569737621 0.9111328125 0.005622410731899783 0.0029296875
0 0.3306372065496153 0.911865234375 0.004734661668968239 0.00439453125
0 0.3536693627934504 0.91064453125 0.004044190175577037 0.0029296875
0 0.3473564805681594 0.91064453125 0.0022686920497139475 0.0029296875
0 0.29182284474255277 0.91259765625 0.00483330045373841 0.0068359375
0 0.4474748471098836 0.90966796875 0.002071414480173604 0.001953125
0 0.31238903136713353 0.9111328125 0.0023673308344841193 0.0048828125
0 0.1828269875715131 0.910400390625 0.004044190175577037 0.00341796875
0 0.35036496350364965 0.908935546875 0.0023673308344841193 0.00244140625
0 0.6069737620832512 0.90966796875 0.00483330045373841 0.0048828125
0 0.31880055237719473 0.908447265625 0.002170053264943776 0.00244140625
0 0.23308344841191556 0.909423828125 0.0033537186821858355 0.00439453125
0 0.5128723614125074 0.909423828125 0.00897612941408562 0.00537109375
0 0.4544288814361807 0.908203125 0.003156441112645492 0.0029296875
0 0.48722627737226276 0.908935546875 0.007989741566383901 0.00537109375
0 0.24324324324324326 0.908203125 0.0039455513908068654 0.00390625
0 0.1870191359242454 0.90673828125 0.0009863878477017164 0.001953125
0 0.10386664036299073 0.90771484375 0.0025646084040244622 0.00390625
0 0.6616689682383113 0.906005859375 0.0033537186821858355 0.00341796875
0 0.18494772144407182 0.90576171875 0.001578220556322746 0.00390625
0 0.5420201223120931 0.904541015625 0.0013809429867824028 0.00244140625
0 0.4318405997238114 0.90478515625 0.004931939238508582 0.0029296875
0 0.2409252318011442 0.903076171875 0.0012823042020122311 0.00146484375
0 0.10149930952850661 0.904541015625 0.002959163543105149 0.00439453125
0 0.5828565792069442 0.904052734375 0.010455711185638194 0.00537109375
0 0.6703491812980864 0.90234375 0.004734661668968239 0.0029296875
0 0.4501874136910633 0.90185546875 0.002170053264943776 0.001953125
0 0.4269579798776879 0.90283203125 0.002663247188794634 0.00390625
0 0.23559873742355494 0.90185546875 0.0008877490629315447 0.001953125
0 0.5907970013809429 0.90283203125 0.003255079897415664 0.0048828125
0 0.4760307753008483 0.90234375 0.006312882225290984 0.00390625
0 0.42099033339909253 0.9013671875 0.0019727756954034327 0.001953125
0 0.3403531268494772 0.902099609375 0.00542513316235944 0.00341796875
0 0.23697968041033735 0.9013671875 0.001085026632471888 0.001953125
0 0.21838626948116 0.90185546875 0.002959163543105149 0.0029296875
0 0.0921286249753403 0.90185546875 0.002959163543105149 0.0029296875
0 0.6202406786348392 0.90283203125 0.011639376602880253 0.005859375
0 0.46606825803906093 0.90087890625 0.0023673308344841193 0.001953125
0 0.33019333201814954 0.901123046875 0.0016768593410929177 0.00244140625
0 0.4348490826593016 0.900390625 0.0008877490629315447 0.001953125
0 0.3260505030578023 0.9013671875 0.005819688301440126 0.00390625
0 0.31613730518840005 0.900634765625 0.0023673308344841193 0.00244140625
0 0.4603965279147761 0.900634765625 0.0030578023278753207 0.00341796875
0 0.43203787729335175 0.899658203125 0.003550996251726179 0.00244140625
0 0.21261590057210494 0.900146484375 0.0028605247583349774 0.00341796875
0 0.3956894851055435 0.901123046875 0.005030578023278753 0.00634765625
0 0.17690866048530282 0.9013671875 0.0028605247583349774 0.0068359375
0 0.42700729927007297 0.898681640625 0.002170053264943776 0.00244140625
0 0.41669954626159006 0.8994140625 0.004044190175577037 0.00390625
0 0.24664628131781416 0.8984375 0.0008877490629315447 0.001953125
0 0.22129611363188006 0.8984375 0.002071414480173604 0.001953125
0 0.20743736437167093 0.8994140625 0.001578220556322746 0.0048828125
0 0.31312882225290983 0.89794921875 0.002663247188794634 0.0029296875
0 0.2854113237324916 0.898193359375 0.004636022884198066 0.00439453125
0 0.24210889721838627 0.897216796875 0.002465969619254291 0.00244140625
0 0.19352929571907673 0.896728515625 0.0009863878477017164 0.00341796875
0 0.49842177944367727 0.8984375 0.012428486881041626 0.0078125
0 0.32757940422174 0.896240234375 0.003748273821266522 0.00341796875
0 0.15136121522982837 0.898681640625 0.005030578023278753 0.00830078125
0 0.43396133359637007 0.895263671875 0.002071414480173604 0.00244140625
0 0.3313276780430065 0.895263671875 0.002959163543105149 0.00244140625
0 0.24782994673505623 0.896240234375 0.0030578023278753207 0.00439453125
0 0.44091536792266717 0.89453125 0.0023673308344841193 0.001953125
0 0.19969421976721247 0.89453125 0.0016768593410929177 0.001953125
0 0.12241073189978299 0.895263671875 0.0013809429867824028 0.00341796875
0 0.43780824620240677 0.89404296875 0.002071414480173604 0.001953125
0 0.32180903531268495 0.894287109375 0.001085026632471888 0.00244140625
0 0.25641152101006115 0.895263671875 0.00424146774511738 0.00439453125
0 0.19624186230025645 0.89404296875 0.0012823042020122311 0.001953125
0 0.3151509173406984 0.893798828125 0.001578220556322746 0.00244140625
0 0.31352337739199054 0.893798828125 0.0008877490629315447 0.00244140625
0 0.11417439337147367 0.89404296875 0.0012823042020122311 0.0029296875
0 0.20191359242454132 0.893798828125 0.0025646084040244622 0.00341796875
0 0.4902840797001381 0.89599609375 0.010159794831327678 0.0087890625
0 0.21291181692641548 0.89306640625 0.0014795817715525744 0.0029296875
0 0.11249753403038075 0.89306640625 0.001874136910633261 0.0029296875
0 0.5243144604458473 0.892578125 0.003452357466956007 0.0029296875
0 0.32392976918524363 0.892333984375 0.0025646084040244622 0.00244140625
0 0.20383704872755967 0.89208984375 0.0008877490629315447 0.001953125
0 0.27692838824225685 0.89208984375 0.002663247188794634 0.0029296875
0 0.25128230420201225 0.8916015625 0.0012823042020122311 0.001953125
0 0.33966265535608603 0.892822265625 0.005819688301440126 0.00537109375
0 0.2065002959163543 0.890869140625 0.002465969619254291 0.00244140625
0 0.1814953639771158 0.890869140625 0.0009863878477017164 0.00244140625
0 0.16290195304793845 0.890625 0.0012823042020122311 0.001953125
0 0.16152101006115605 0.89111328125 0.001085026632471888 0.0029296875
0 0.15111461826790293 0.890625 0.002170053264943776 0.0029296875
0 0.1721246794239495 0.89111328125 0.004537384099427895 0.0048828125
0 0.20383704872755967 0.888671875 0.0014795817715525744 0.001953125
0 0.11481554547247978 0.888916015625 0.0013809429867824028 0.00244140625
0 0.2761392779640955 0.888427734375 0.002465969619254291 0.00244140625
0 0.2735253501676859 0.88818359375 0.0019727756954034327 0.001953125
0 0.6986091931347406 0.887451171875 0.00483330045373841 0.00244140625
0 0.6716314855000987 0.888427734375 0.008877490629315447 0.00439453125
0 0.19722825014795817 0.884765625 0.0008877490629315447 0.001953125
0 0.5499112250937068 0.884521484375 0.0025646084040244622 0.00244140625
0 0.45013809429867824 0.88427734375 0.0012823042020122311 0.001953125
0 0.18736437167094103 0.88427734375 0.0008877490629315447 0.001953125
0 0.1846024856973762 0.885986328125 0.0028605247583349774 0.00537109375
0 0.46789307555730913 0.88427734375 0.003452357466956007 0.0029296875
0 0.255770368909055 0.884765625 0.003748273821266522 0.00390625
0 0.24437758926810021 0.884033203125 0.002663247188794634 0.00244140625
0 0.17912803314263168 0.88427734375 0.003550996251726179 0.00390625
0 0.09183270862102978 0.8837890625 0.001578220556322746 0.0029296875
0 0.6390313671335569 0.884521484375 0.008187019135924246 0.00537109375
0 0.30489248372460054 0.883544921875 0.004340106529887552 0.00341796875
0 0.44860919313474057 0.88232421875 0.0009863878477017164 0.001953125
0 0.19343065693430658 0.882568359375 0.0023673308344841193 0.00244140625
0 0.18899191161964884 0.882568359375 0.0019727756954034327 0.00244140625
0 0.33739396330637206 0.882080078125 0.0008877490629315447 0.00244140625
0 0.6502268692049714 0.88232421875 0.006904714933912014 0.0048828125
0 0.5281120536594989 0.880126953125 0.0019727756954034327 0.00341796875
0 0.1651213257052673 0.8798828125 0.0011836654172420597 0.0029296875
0 0.4959064904320379 0.8798828125 0.0066087985796014995 0.00390625
0 0.48076543696981655 0.88037109375 0.006904714933912014 0.0048828125
0 0.45531663049911225 0.87841796875 0.0019727756954034327 0.001953125
0 0.3391201420398501 0.878662109375 0.0023673308344841193 0.00341796875
0 0.44081672913789705 0.877685546875 0.0013809429867824028 0.00244140625
0 0.30642138488853815 0.87841796875 0.003255079897415664 0.00390625
0 0.5582462024067864 0.8779296875 0.006214243440520813 0.00390625
0 0.46853422765831526 0.877685546875 0.004340106529887552 0.00341796875
0 0.32970013809429866 0.877197265625 0.002071414480173604 0.00244140625
0 0.6470211086999408 0.87841796875 0.005227855592819097 0.005859375
0 0.16669954626159006 0.876708984375 0.0019727756954034327 0.00341796875
0 0.604606431248767 0.877197265625 0.009370684553166305 0.00537109375
0 0.333349773130795 0.875732421875 0.002465969619254291 0.00244140625
0 0.1994969421976721 0.87548828125 0.0012823042020122311 0.001953125
0 0.5073979088577629 0.87744140625 0.012625764450581969 0.0068359375
0 0.5352140461629513 0.87451171875 0.001578220556322746 0.001953125
0 0.20216018938646677 0.874755859375 0.002663247188794634 0.00244140625
0 0.2562635628329059 0.874755859375 0.003748273821266522 0.00341796875
0 0.14105346222134543 0.880615234375 0.0061156046557506415 0.01513671875
0 0.4447129611363188 0.87451171875 0.005227855592819097 0.0048828125
0 0.4210396527914776 0.874755859375 0.00424146774511738 0.00634765625
0 0.24837246005129215 0.872802734375 0.0025646084040244622 0.00244140625
0 0.4910238705859144 0.873779296875 0.006707437364371671 0.00537109375
0 0.1439139869796804 0.872314453125 0.0017754981258630894 0.00244140625
0 0.43381337541921483 0.871826171875 0.0019727756954034327 0.00244140625
0 0.5715131189583744 0.870849609375 0.0027618859735648055 0.00244140625
0 0.3104655750641152 0.87060546875 0.0012823042020122311 0.001953125
0 0.1818405997238114 0.8720703125 0.002663247188794634 0.0048828125
0 0.4282896034720852 0.87158203125 0.004537384099427895 0.005859375
0 0.2633162359439732 0.870361328125 0.00424146774511738 0.00341796875
0 0.24457486683764057 0.86865234375 0.0012823042020122311 0.001953125
0 0.18909055040441902 0.868896484375 0.003550996251726179 0.00341796875
0 0.4579798776879069 0.8681640625 0.005523771947129611 0.0029296875
0 0.4325803906095877 0.867919921875 0.0014795817715525744 0.00244140625
0 0.20137107910830537 0.86865234375 0.0016768593410929177 0.00390625
0 0.17828960347208522 0.86767578125 0.001085026632471888 0.001953125
0 0.20783191951075164 0.8671875 0.005326494377589268 0.0029296875
0 0.4877687906884987 0.866943359375 0.002959163543105149 0.00341796875
0 0.33078516472677055 0.86865234375 0.009370684553166305 0.0068359375
0 0.6607812191753798 0.87158203125 0.017754981258630894 0.013671875
0 0.26119550207141445 0.865966796875 0.0025646084040244622 0.00244140625
0 0.3381830735845334 0.865234375 0.0012823042020122311 0.001953125
0 0.1856875123298481 0.865478515625 0.0012823042020122311 0.00244140625
0 0.43455316630499113 0.86474609375 0.0016768593410929177 0.001953125
0 0.26405602682974944 0.865966796875 0.0027618859735648055 0.00439453125
0 0.27174985204182284 0.865234375 0.003748273821266522 0.00390625
0 0.16665022686920497 0.86572265625 0.0022686920497139475 0.0048828125
0 0.4571907674097455 0.8642578125 0.0013809429867824028 0.0029296875
0 0.30824620240678635 0.864013671875 0.0039455513908068654 0.00244140625
0 0.17893075557309135 0.8642578125 0.003550996251726179 0.0029296875
0 0.6424344052081279 0.8642578125 0.006510159794831328 0.00390625
0 0.42690866048530285 0.86279296875 0.0011836654172420597 0.001953125
0 0.6519530479384494 0.86376953125 0.00542513316235944 0.0048828125
0 0.17463996843558888 0.86376953125 0.004044190175577037 0.0048828125
0 0.24837246005129215 0.8603515625 0.002959163543105149 0.001953125
0 0.6854902347603078 0.860595703125 0.002663247188794634 0.00341796875
0 0.5267311106727165 0.863525390625 0.006312882225290984 0.00927734375
0 0.5207141448017361 0.86181640625 0.004931939238508582 0.005859375
0 0.1756263562832906 0.859619140625 0.002465969619254291 0.00244140625
0 0.10948905109489052 0.85986328125 0.000789110278161373 0.0029296875
0 0.1808048924837246 0.859619140625 0.0017754981258630894 0.00341796875
0 0.6231505227855593 0.858154296875 0.00483330045373841 0.00341796875
0 0.4084632077332807 0.85791015625 0.002959163543105149 0.0029296875
0 0.5583448411915565 0.8564453125 0.001874136910633261 0.001953125
0 0.7117774709015585 0.857666015625 0.010258433616097849 0.00537109375
0 0.4660189386466759 0.856201171875 0.0012823042020122311 0.00244140625
0 0.19900374827382128 0.856201171875 0.003255079897415664 0.00244140625
0 0.6372065496153088 0.85595703125 0.003550996251726179 0.0029296875
0 0.4409646873150523 0.8564453125 0.003255079897415664 0.00390625
0 0.23185046360228842 0.854736328125 0.002465969619254291 0.00244140625
0 0.6196488459262182 0.8564453125 0.006312882225290984 0.0068359375
0 0.24659696192542907 0.855224609375 0.004734661668968239 0.00439453125
0 0.2036890905504044 0.853515625 0.0011836654172420597 0.001953125
0 0.4470802919708029 0.853515625 0.002071414480173604 0.00390625
0 0.3226474649832314 0.8515625 0.004142828960347208 0.00390625
0 0.529887551785362 0.852783203125 0.007101992503452358 0.00732421875
0 0.1905701321759716 0.850830078125 0.0039455513908068654 0.00341796875
0 0.698855790096666 0.851318359375 0.009469323337936477 0.00537109375
0 0.21656145196291182 0.84912109375 0.001874136910633261 0.001953125
0 0.6196488459262182 0.8486328125 0.003748273821266522 0.0029296875
0 0.6594989149733675 0.849853515625 0.006312882225290984 0.00634765625
0 0.19708029197080293 0.84912109375 0.007496547642533044 0.0048828125
0 0.30400473466166894 0.847412109375 0.001578220556322746 0.00244140625
0 0.5499112250937068 0.847412109375 0.003156441112645492 0.00341796875
0 0.3291576247780627 0.848388671875 0.007101992503452358 0.00537109375
0 0.2765338331031762 0.84619140625 0.0012823042020122311 0.001953125
0 0.16576247780627343 0.84716796875 0.0066087985796014995 0.00390625
0 0.1463799565989347 0.84619140625 0.000789110278161373 0.001953125
0 0.6489445650029592 0.84765625 0.011836654172420595 0.005859375
0 0.20240678634839218 0.84619140625 0.004142828960347208 0.0029296875
0 0.4537877293351746 0.845458984375 0.0022686920497139475 0.00244140625
0 0.6887453146577234 0.845703125 0.007595186427303216 0.00390625
0 0.6607318997829946 0.84423828125 0.0014795817715525744 0.001953125
0 0.30859143815348195 0.8447265625 0.006411521010061156 0.00390625
0 0.7031465772341685 0.845458984375 0.00542513316235944 0.00732421875
0 0.18307358453343855 0.84375 0.0033537186821858355 0.00390625
0 0.5982442296310909 0.842529296875 0.004142828960347208 0.00244140625
0 0.5610574077727363 0.8427734375 0.003550996251726179 0.0029296875
0 0.5457190767409745 0.843505859375 0.005227855592819097 0.00439453125
0 0.2030479384493983 0.84228515625 0.001085026632471888 0.001953125
0 0.5406884987176958 0.842529296875 0.003452357466956007 0.00341796875
0 0.2075853225488262 0.841796875 0.0008877490629315447 0.001953125
0 0.20625369895442888 0.841552734375 0.0011836654172420597 0.00244140625
0 0.5513908068652594 0.841552734375 0.0039455513908068654 0.00341796875
0 0.29290787137502466 0.840576171875 0.002465969619254291 0.00244140625
0 0.4559577826001184 0.8408203125 0.002465969619254291 0.00390625
0 0.2621325705267311 0.83984375 0.0022686920497139475 0.001953125
0 0.4232097060564214 0.840576171875 0.0066087985796014995 0.00439453125
0 0.24980272243045964 0.838623046875 0.0016768593410929177 0.00244140625
0 0.1853422765831525 0.83984375 0.008877490629315447 0.0048828125
0 0.3292562635628329 0.839111328125 0.005326494377589268 0.00439453125
0 0.2222331820871967 0.837890625 0.0025646084040244622 0.001953125
0 0.5906983625961728 0.838134765625 0.003452357466956007 0.00341796875
0 0.43440520812783584 0.839599609375 0.006904714933912014 0.00634765625
0 0.1961432235154863 0.8388671875 0.007989741566383901 0.0048828125
0 0.4689287827973959 0.83642578125 0.0011836654172420597 0.001953125
0 0.44550207141448017 0.836669921875 0.002663247188794634 0.00244140625
0 0.2825014795817716 0.837890625 0.004142828960347208 0.0048828125
0 0.2788025251528901 0.836669921875 0.002071414480173604 0.00244140625
0 0.20768396133359637 0.836669921875 0.0014795817715525744 0.00244140625
0 0.6418425724995068 0.837158203125 0.006904714933912014 0.00634765625
0 0.30785164726770564 0.835693359375 0.003156441112645492 0.00341796875
0 0.5857171039652791 0.835205078125 0.005523771947129611 0.00341796875
0 0.47124679423949495 0.835205078125 0.0030578023278753207 0.00341796875
0 0.18835075951864272 0.834716796875 0.0036496350364963502 0.00244140625
0 0.6785362004340106 0.83447265625 0.0039455513908068654 0.0029296875
0 0.6730617478792661 0.8349609375 0.0066087985796014995 0.00390625
0 0.31830735845334385 0.834228515625 0.0023673308344841193 0.00244140625
0 0.22509370684553165 0.833984375 0.0027618859735648055 0.001953125
0 0.6205365949891497 0.8359375 0.007693825212073387 0.0068359375
0 0.312635628329059 0.833740234375 0.0008877490629315447 0.00244140625
0 0.22065496153087394 0.83349609375 0.004734661668968239 0.0029296875
0 0.1911619648845926 0.833251953125 0.0027618859735648055 0.00244140625
0 0.30341290195304793 0.83251953125 0.0011836654172420597 0.001953125
0 0.1933813375419215 0.8330078125 0.0012823042020122311 0.0029296875
0 0.4352929571907674 0.83203125 0.0009863878477017164 0.001953125
0 0.31041625567173015 0.832275390625 0.0013809429867824028 0.00244140625
0 0.27500493193923853 0.83251953125 0.0051292168080489245 0.0029296875
0 0.29251331623594395 0.83154296875 0.001085026632471888 0.001953125
0 0.23806470704280924 0.831787109375 0.0044387453146577235 0.00244140625
0 0.19638982047741171 0.83203125 0.0017754981258630894 0.0029296875
0 0.7180903531268494 0.831787109375 0.004340106529887552 0.00341796875
0 0.2968041033734464 0.831298828125 0.003748273821266522 0.00244140625
0 0.5384198066679818 0.83056640625 0.0014795817715525744 0.001953125
0 0.6457388044979285 0.8291015625 0.0038469126060366936 0.001953125
0 0.49284868810416255 0.82958984375 0.0030578023278753207 0.0029296875
0 0.31520023673308345 0.829345703125 0.004636022884198066 0.00244140625
0 0.23012428486881042 0.828857421875 0.0019727756954034327 0.00244140625
0 0.21271453935687512 0.828857421875 0.003255079897415664 0.00244140625
0 0.7151311895837443 0.828857421875 0.006707437364371671 0.00634765625
0 0.5659893470112448 0.82861328125 0.004931939238508582 0.005859375
0 0.2968041033734464 0.8271484375 0.0033537186821858355 0.0029296875
0 0.23683172223318208 0.82666015625 0.0011836654172420597 0.001953125
0 0.6754290787137502 0.826171875 0.0028605247583349774 0.0029296875
0 0.21952061550601695 0.825927734375 0.0014795817715525744 0.00244140625
0 0.6702998619057013 0.825927734375 0.006214243440520813 0.00341796875
0 0.20294929966462813 0.825439453125 0.00483330045373841 0.00244140625
0 0.5024659696192543 0.826171875 0.0027618859735648055 0.0048828125
0 0.6478102189781022 0.82470703125 0.00424146774511738 0.0029296875
0 0.556322746103768 0.82373046875 0.005326494377589268 0.0029296875
0 0.43396133359637007 0.8232421875 0.002663247188794634 0.0029296875
0 0.28797593213651607 0.82275390625 0.0014795817715525744 0.001953125
0 0.2922173998816335 0.822509765625 0.002071414480173604 0.00244140625
0 0.23387255869007695 0.822265625 0.0011836654172420597 0.001953125
0 0.6570822647464983 0.822265625 0.005819688301440126 0.0029296875
0 0.539110278161373 0.821044921875 0.0036496350364963502 0.00244140625
0 0.3052870388636812 0.82080078125 0.0039455513908068654 0.0029296875
0 0.18731505227855594 0.820556640625 0.003550996251726179 0.00244140625
0 0.6640362990727954 0.820068359375 0.004340106529887552 0.00244140625
0 0.2156243835075952 0.820068359375 0.003156441112645492 0.00244140625
0 0.633359637009272 0.819091796875 0.003550996251726179 0.00244140625
0 0.29374630104557115 0.81884765625 0.0013809429867824028 0.001953125
0 0.21986585125271257 0.819091796875 0.004340106529887552 0.00341796875
0 0.17853620043401067 0.818359375 0.0017754981258630894 0.0029296875
0 0.492552771749852 0.818359375 0.0044387453146577235 0.00390625
0 0.1829256263562833 0.81787109375 0.0030578023278753207 0.0029296875
0 0.5048333004537384 0.81689453125 0.002959163543105149 0.001953125
0 0.22825014795817716 0.817138671875 0.000789110278161373 0.00244140625
0 0.5381732097060564 0.81689453125 0.0023673308344841193 0.0029296875
0 0.46912606036693627 0.816650390625 0.0019727756954034327 0.00244140625
0 0.6063819293746301 0.816162109375 0.0044387453146577235 0.00244140625
0 0.5760505030578024 0.819091796875 0.003550996251726179 0.00830078125
0 0.5709706056421385 0.817138671875 0.0044387453146577235 0.00439453125
0 0.5625863089366739 0.8173828125 0.005819688301440126 0.0048828125
0 0.1797198658512527 0.8154296875 0.0019727756954034327 0.0029296875
0 0.7170546458867627 0.81494140625 0.002071414480173604 0.0029296875
0 0.4924048135726968 0.81396484375 0.0033537186821858355 0.0029296875
0 0.1967350562241073 0.813720703125 0.0014795817715525744 0.00244140625
0 0.4526533833103176 0.813232421875 0.0025646084040244622 0.00244140625
0 0.3776385874926021 0.81396484375 0.007003353718682186 0.00390625
0 0.22267705661866247 0.813232421875 0.002465969619254291 0.00244140625
0 0.2471887946340501 0.812744140625 0.0017754981258630894 0.00244140625
0 0.22612941408561846 0.812744140625 0.002663247188794634 0.00341796875
0 0.3817814164529493 0.811767578125 0.0012823042020122311 0.00244140625
0 0.30617478792661273 0.8115234375 0.002170053264943776 0.001953125
0 0.21345433024265142 0.81103515625 0.0011836654172420597 0.001953125
0 0.5330933122903926 0.81103515625 0.005030578023278753 0.00390625
0 0.5254488064707042 0.811767578125 0.006904714933912014 0.00634765625
0 0.6644801736042611 0.81005859375 0.006214243440520813 0.00390625
0 0.2385579009666601 0.809326171875 0.003255079897415664 0.00244140625
0 0.21789307555730913 0.809814453125 0.003550996251726179 0.00341796875
0 0.6320773328072599 0.809326171875 0.005918327086210298 0.00439453125
0 0.3765535608601302 0.80859375 0.0038469126060366936 0.0029296875
0 0.6731110672716513 0.80810546875 0.005918327086210298 0.0029296875
0 0.5877885184454528 0.80712890625 0.0023673308344841193 0.001953125
0 0.36930361017952257 0.806396484375 0.0025646084040244622 0.00244140625
0 0.23071611757743143 0.80712890625 0.0039455513908068654 0.00390625
0 0.6673406983625961 0.805419921875 0.00483330045373841 0.00244140625
0 0.2208522391004143 0.8037109375 0.002170053264943776 0.001953125
0 0.27969027421582165 0.80322265625 0.0012823042020122311 0.001953125
0 0.674146774511738 0.802978515625 0.004044190175577037 0.00244140625
0 0.2917242059577826 0.80322265625 0.003255079897415664 0.0029296875
0 0.5343262971000198 0.802978515625 0.004537384099427895 0.00341796875
0 0.2169560071019925 0.802734375 0.0036496350364963502 0.0029296875
0 0.24107318997829946 0.802734375 0.006312882225290984 0.00390625
0 0.2291872164134938 0.801025390625 0.0014795817715525744 0.00244140625
0 0.5958768987966069 0.800537109375 0.0017754981258630894 0.00244140625
0 0.5522292365358059 0.799560546875 0.003255079897415664 0.00244140625
0 0.6634937857565595 0.799560546875 0.007989741566383901 0.00439453125
0 0.44663641743933713 0.7978515625 0.0011836654172420597 0.001953125
0 0.2990727954231604 0.798095703125 0.004340106529887552 0.00244140625
0 0.2475833497731308 0.797607421875 0.004340106529887552 0.00244140625
0 0.2433912014203985 0.7978515625 0.003452357466956007 0.0029296875
0 0.2391990530676662 0.79736328125 0.001578220556322746 0.0029296875
0 0.5418228447425528 0.797607421875 0.0033537186821858355 0.00439453125
0 0.37808246202406787 0.796875 0.0027618859735648055 0.0029296875
0 0.291378970211087 0.796630859375 0.004340106529887552 0.00244140625
0 0.21907674097455118 0.796630859375 0.003156441112645492 0.00244140625
0 0.5456204379562044 0.797119140625 0.0014795817715525744 0.00439453125
0 0.527618859735648 0.79736328125 0.006312882225290984 0.0048828125
0 0.22849674492010258 0.796875 0.005819688301440126 0.00390625
0 0.5361017952258829 0.796630859375 0.004734661668968239 0.00439453125
0 0.7226277372262774 0.79638671875 0.005523771947129611 0.0048828125
0 0.23342868415861118 0.7978515625 0.0038469126060366936 0.0078125
0 0.578171236930361 0.79443359375 0.003255079897415664 0.001953125
0 0.4414578812389031 0.794189453125 0.0016768593410929177 0.00244140625
0 0.7283981061353324 0.793701171875 0.0022686920497139475 0.00244140625
0 0.2471887946340501 0.79248046875 0.0009863878477017164 0.001953125
0 0.4525054251331624 0.79248046875 0.004044190175577037 0.0029296875
0 0.4462418623002565 0.79296875 0.003748273821266522 0.0048828125
0 0.2577924639968436 0.792236328125 0.0038469126060366936 0.00341796875
0 0.22474847109883606 0.791259765625 0.0038469126060366936 0.00244140625
0 0.5108995857171039 0.790771484375 0.003255079897415664 0.00244140625
0 0.36284276977707636 0.790771484375 0.00424146774511738 0.00244140625
0 0.2280528703886368 0.790771484375 0.0017754981258630894 0.00244140625
0 0.21917537975932136 0.7900390625 0.001578220556322746 0.001953125
0 0.38612152298283686 0.78955078125 0.0028605247583349774 0.001953125
0 0.5335371868218584 0.7890625 0.0011836654172420597 0.001953125
0 0.7304202012231209 0.78857421875 0.003748273821266522 0.001953125
0 0.24215821661077136 0.789794921875 0.0013809429867824028 0.00439453125
0 0.5252515289011639 0.788330078125 0.003156441112645492 0.00244140625
0 0.2225784178338923 0.78857421875 0.0028605247583349774 0.00390625
0 0.2927599131978694 0.787109375 0.0011836654172420597 0.001953125
0 0.6821365160781219 0.786376953125 0.00424146774511738 0.00341796875
0 0.5036496350364964 0.7861328125 0.002959163543105149 0.0029296875
0 0.4630597751035707 0.786376953125 0.003452357466956007 0.00341796875
0 0.37606036693627937 0.786376953125 0.005227855592819097 0.00341796875
0 0.6860327480765437 0.78466796875 0.002959163543105149 0.001953125
0 0.5307753008482935 0.78466796875 0.0009863878477017164 0.001953125
0 0.5338331031761688 0.7841796875 0.002959163543105149 0.001953125
0 0.2614420990333399 0.78564453125 0.005030578023278753 0.0048828125
0 0.23604261195502071 0.783203125 0.0019727756954034327 0.001953125
0 0.27056618662458076 0.781982421875 0.0011836654172420597 0.00244140625
0 0.3728546064312488 0.78125 0.0011836654172420597 0.001953125
0 0.7081278358650621 0.78125 0.004734661668968239 0.00390625
0 0.696537778654567 0.7822265625 0.007595186427303216 0.005859375
0 0.3831623594397317 0.780517578125 0.002465969619254291 0.00244140625
0 0.2535016768593411 0.7822265625 0.006707437364371671 0.005859375
0 0.5523771947129611 0.780029296875 0.003550996251726179 0.00244140625
0 0.6781416452949299 0.779296875 0.0033537186821858355 0.0029296875
0 0.558048924837246 0.77880859375 0.0030578023278753207 0.001953125
0 0.5410830538567765 0.779052734375 0.002465969619254291 0.00244140625
0 0.5271749852041823 0.77978515625 0.002465969619254291 0.00390625
0 0.24921088972183864 0.777587890625 0.0030578023278753207 0.00244140625
0 0.39031367133556916 0.777099609375 0.004142828960347208 0.00244140625
0 0.36772538962319984 0.77685546875 0.0027618859735648055 0.001953125
0 0.5734365752613928 0.778564453125 0.00542513316235944 0.00732421875
0 0.5466561451962911 0.7763671875 0.0039455513908068654 0.0029296875
0 0.2924639968435589 0.77587890625 0.002959163543105149 0.0029296875
0 0.3848885381732097 0.776123046875 0.0039455513908068654 0.00439453125
0 0.6854902347603078 0.77490234375 0.00424146774511738 0.0029296875
0 0.6600414282896034 0.774658203125 0.002663247188794634 0.00244140625
0 0.529295719076741 0.775146484375 0.003550996251726179 0.00341796875
0 0.4554645886762675 0.7744140625 0.0012823042020122311 0.001953125
0 0.2882718484908266 0.77392578125 0.002663247188794634 0.001953125
0 0.25818701913592423 0.774169921875 0.002465969619254291 0.00244140625
0 0.5234267113829157 0.7744140625 0.0066087985796014995 0.00390625
0 0.5541526928388242 0.7734375 0.0051292168080489245 0.0029296875
0 0.2690866048530282 0.7744140625 0.005523771947129611 0.0048828125
0 0.2545373840994279 0.77294921875 0.0022686920497139475 0.001953125
0 0.2972479779049122 0.77197265625 0.001085026632471888 0.001953125
0 0.5373347800355099 0.77197265625 0.0028605247583349774 0.0029296875
0 0.5323535214046163 0.77099609375 0.0019727756954034327 0.0029296875
0 0.43396133359637007 0.770751953125 0.002465969619254291 0.00244140625
0 0.2639080686525942 0.7705078125 0.0014795817715525744 0.001953125
0 0.449990136121523 0.770263671875 0.0019727756954034327 0.00244140625
0 0.29073781811008087 0.770751953125 0.002071414480173604 0.00341796875
0 0.2726376011047544 0.77001953125 0.0017754981258630894 0.0029296875
0 0.5208127835865062 0.76953125 0.004734661668968239 0.0029296875
0 0.43973170250542515 0.768798828125 0.003156441112645492 0.00244140625
0 0.39208916946143224 0.76953125 0.006904714933912014 0.0048828125
0 0.3753698954428881 0.768798828125 0.0030578023278753207 0.00341796875
0 0.705168672321957 0.767822265625 0.0033537186821858355 0.00244140625
0 0.6697080291970803 0.767578125 0.002071414480173604 0.001953125
0 0.5767902939435786 0.767822265625 0.0038469126060366936 0.00244140625
0 0.29443677253896233 0.77001953125 0.004734661668968239 0.0068359375
0 0.6925922272637601 0.76806640625 0.006214243440520813 0.005859375
0 0.44693233379364766 0.76611328125 0.0013809429867824028 0.001953125
0 0.5269283882422569 0.7666015625 0.004931939238508582 0.0048828125
0 0.40910435983428683 0.766845703125 0.0044387453146577235 0.00537109375
0 0.3591438153481949 0.765869140625 0.005523771947129611 0.00341796875
0 0.6965870980469521 0.76416015625 0.004142828960347208 0.0029296875
0 0.40382718484908264 0.764892578125 0.0072992700729927005 0.00439453125
0 0.3689090550404419 0.763671875 0.0027618859735648055 0.001953125
0 0.2960643124876702 0.763671875 0.0008877490629315447 0.001953125
0 0.2524166502268692 0.763671875 0.0019727756954034327 0.001953125
0 0.5401459854014599 0.7626953125 0.0019727756954034327 0.001953125
0 0.6818405997238114 0.7626953125 0.005227855592819097 0.0029296875
0 0.4552179917143421 0.76171875 0.003156441112645492 0.001953125
0 0.39268100217005325 0.76318359375 0.005523771947129611 0.0048828125
0 0.2601597948313277 0.76123046875 0.001085026632471888 0.001953125
0 0.09198066679818505 0.762939453125 0.004636022884198066 0.00537109375
0 0.6008088380351154 0.76025390625 0.0027618859735648055 0.001953125
0 0.3541132373249162 0.76025390625 0.004931939238508582 0.0029296875
0 0.5340797001380942 0.761474609375 0.006806076149141842 0.00634765625
0 0.4433320181495364 0.760009765625 0.0014795817715525744 0.00341796875
0 0.29552179917143423 0.759765625 0.003748273821266522 0.0029296875
0 0.3623988952456106 0.760009765625 0.004931939238508582 0.00439453125
0 0.2291872164134938 0.758544921875 0.003452357466956007 0.00341796875
0 0.43795620437956206 0.7578125 0.004340106529887552 0.0029296875
0 0.5393075557309134 0.756591796875 0.0012823042020122311 0.00244140625
0 0.5256460840402446 0.75927734375 0.011836654172420595 0.0078125
0 0.35273229433813375 0.7568359375 0.005523771947129611 0.0029296875
0 0.23175182481751824 0.75634765625 0.002071414480173604 0.001953125
0 0.4607910830538568 0.756103515625 0.001874136910633261 0.00244140625
0 0.5489248372460052 0.756103515625 0.002170053264943776 0.00341796875
0 0.22524166502268692 0.755615234375 0.006214243440520813 0.00341796875
0 0.5534129019530479 0.7548828125 0.005227855592819097 0.0029296875
0 0.09464391398697967 0.755859375 0.0030578023278753207 0.0048828125
0 0.2767311106727165 0.75439453125 0.0016768593410929177 0.0029296875
0 0.2639080686525942 0.754150390625 0.0014795817715525744 0.00244140625
0 0.3581081081081081 0.753662109375 0.003452357466956007 0.00244140625
0 0.2603077530084829 0.75390625 0.0033537186821858355 0.0029296875
0 0.5893667390017755 0.754150390625 0.003550996251726179 0.00439453125
0 0.3887847701716315 0.7529296875 0.0030578023278753207 0.001953125
0 0.34780035509962515 0.75439453125 0.003550996251726179 0.0048828125
0 0.6106727165121326 0.75244140625 0.000789110278161373 0.001953125
0 0.5433517459064904 0.752685546875 0.0036496350364963502 0.00244140625
0 0.0970112448214638 0.752685546875 0.0028605247583349774 0.00341796875
0 0.5576543696981653 0.752197265625 0.0028605247583349774 0.00341796875
0 0.44801736042611956 0.751708984375 0.003748273821266522 0.00244140625
0 0.44042217399881634 0.752197265625 0.0017754981258630894 0.00341796875
0 0.5226869204971395 0.75341796875 0.006510159794831328 0.0068359375
0 0.5388143618070625 0.750732421875 0.0028605247583349774 0.00244140625
0 0.09291773525350168 0.75 0.0025646084040244622 0.001953125
0 0.5860623397119747 0.7490234375 0.0028605247583349774 0.0029296875
0 0.3789702110869994 0.747314453125 0.001578220556322746 0.00146484375
0 0.351154073781811 0.747802734375 0.0039455513908068654 0.00244140625
0 0.09720852239100414 0.747802734375 0.0030578023278753207 0.00341796875
0 0.10021700532649437 0.7470703125 0.003156441112645492 0.0029296875
0 0.2519234563030183 0.7470703125 0.002959163543105149 0.00390625
0 0.2485697376208325 0.746337890625 0.0023673308344841193 0.00341796875
0 0.4060465575064115 0.745849609375 0.00483330045373841 0.00341796875
0 0.5399487078319195 0.745361328125 0.0027618859735648055 0.00341796875
0 0.25917340698362595 0.744873046875 0.0030578023278753207 0.00244140625
0 0.52589268100217 0.745361328125 0.00483330045373841 0.00439453125
0 0.3961333596370093 0.744384765625 0.004537384099427895 0.00244140625
0 0.455168672321957 0.744140625 0.002465969619254291 0.0029296875
0 0.4502860524758335 0.743896484375 0.002959163543105149 0.00244140625
0 0.34015584927993686 0.743896484375 0.002663247188794634 0.00341796875
0 0.09686328664430854 0.7431640625 0.0011836654172420597 0.001953125
0 0.439090550404419 0.743408203125 0.002071414480173604 0.00341796875
0 0.29853028210692445 0.7431640625 0.002071414480173604 0.0029296875
0 0.5911422371276386 0.742919921875 0.0051292168080489245 0.00341796875
0 0.576445058196883 0.74169921875 0.003550996251726179 0.00390625
0 0.4420497139475242 0.740966796875 0.0038469126060366936 0.00244140625
0 0.5554843164332215 0.7421875 0.00424146774511738 0.005859375
0 0.46705464588676265 0.740234375 0.002170053264943776 0.001953125
0 0.34784967449201026 0.74072265625 0.003255079897415664 0.0029296875
0 0.5525251528901164 0.73974609375 0.0016768593410929177 0.001953125
0 0.447721444071809 0.740234375 0.001578220556322746 0.0029296875
0 0.28116985598737426 0.739990234375 0.0014795817715525744 0.00244140625
0 0.4147267705661866 0.739990234375 0.0028605247583349774 0.00341796875
0 0.5208127835865062 0.7392578125 0.001578220556322746 0.0029296875
0 0.26445058196883015 0.738525390625 0.0025646084040244622 0.00244140625
0 0.24975340303807458 0.73828125 0.0009863878477017164 0.001953125
0 0.34158611165910435 0.73779296875 0.0017754981258630894 0.001953125
0 0.25927204576839613 0.73779296875 0.003255079897415664 0.001953125
0 0.3317222331820872 0.73876953125 0.006312882225290984 0.005859375
0 0.5421187610968633 0.736328125 0.0009863878477017164 0.001953125
0 0.40974551193529296 0.737060546875 0.003550996251726179 0.00341796875
0 0.2705168672321957 0.738037109375 0.006016965870980469 0.00634765625
0 0.251726178733478 0.737548828125 0.005326494377589268 0.00537109375
0 0.5388143618070625 0.736328125 0.005030578023278753 0.00390625
0 0.5358058788715723 0.73486328125 0.0011836654172420597 0.001953125
0 0.41600907476819887 0.734619140625 0.0030578023278753207 0.00244140625
0 0.3381830735845334 0.736083984375 0.00542513316235944 0.00537109375
0 0.24210889721838627 0.73486328125 0.0036496350364963502 0.0029296875
0 0.09168475044387453 0.73486328125 0.002465969619254291 0.0029296875
0 0.5596271453935687 0.73388671875 0.002465969619254291 0.001953125
0 0.5299861905701322 0.73486328125 0.007101992503452358 0.00390625
0 0.3175182481751825 0.735107421875 0.003748273821266522 0.00537109375
0 0.5826593016374039 0.732177734375 0.003550996251726179 0.00244140625
0 0.32836851449990134 0.73291015625 0.0013809429867824028 0.00390625
0 0.31460840402446244 0.734375 0.0036496350364963502 0.0068359375
0 0.26893864667587297 0.731689453125 0.0016768593410929177 0.00146484375
0 0.4012625764450582 0.7314453125 0.001578220556322746 0.001953125
0 0.5330439928980075 0.731689453125 0.003748273821266522 0.00341796875
0 0.4200039455513908 0.732666015625 0.004931939238508582 0.00537109375
0 0.41216216216216217 0.731201171875 0.0022686920497139475 0.00244140625
0 0.34232590254488066 0.73095703125 0.0028605247583349774 0.001953125
0 0.13099230617478794 0.73095703125 0.0019727756954034327 0.001953125
0 0.09937857565594792 0.73095703125 0.0012823042020122311 0.001953125
0 0.1213750246596962 0.73095703125 0.002663247188794634 0.0029296875
0 0.3804004734661669 0.72998046875 0.0016768593410929177 0.001953125
0 0.2507397908857763 0.730712890625 0.004142828960347208 0.00439453125
0 0.4543795620437956 0.729248046875 0.002465969619254291 0.00244140625
0 0.5865062142434405 0.73046875 0.003156441112645492 0.005859375
0 0.43973170250542515 0.729248046875 0.006312882225290984 0.00439453125
0 0.2810712172026041 0.727783203125 0.0012823042020122311 0.00146484375
0 0.2555237719471296 0.728271484375 0.0014795817715525744 0.00244140625
0 0.5245610574077727 0.728271484375 0.0023673308344841193 0.00341796875
0 0.2627244032353521 0.7275390625 0.0006904714933912014 0.001953125
0 0.539110278161373 0.72802734375 0.006016965870980469 0.00390625
0 0.29083645689485105 0.72705078125 0.002071414480173604 0.001953125
0 0.3030183468139673 0.7275390625 0.003156441112645492 0.00390625
0 0.2860031564411126 0.726318359375 0.0012823042020122311 0.00244140625
0 0.34927993687117775 0.72705078125 0.0027618859735648055 0.0048828125
0 0.5493193923850859 0.72607421875 0.005326494377589268 0.00390625
0 0.2947820082856579 0.726318359375 0.004044190175577037 0.00439453125
0 0.5327480765436969 0.725830078125 0.005721049516669955 0.00439453125
0 0.11989544288814362 0.725341796875 0.0044387453146577235 0.00341796875
0 0.6814460445847307 0.72412109375 0.002071414480173604 0.001953125
0 0.43721641349378576 0.724365234375 0.00424146774511738 0.00244140625
0 0.3171236930361018 0.72705078125 0.004340106529887552 0.0078125
0 0.12295324521601894 0.72412109375 0.001085026632471888 0.001953125
0 0.33714736634444664 0.725341796875 0.0039455513908068654 0.00537109375
0 0.6022391004142829 0.72265625 0.005030578023278753 0.0029296875
0 0.0955809824422963 0.72216796875 0.0017754981258630894 0.001953125
0 0.26755770368909054 0.7216796875 0.001085026632471888 0.001953125
0 0.23032156243835075 0.722900390625 0.0017754981258630894 0.00439453125
0 0.1999408167291379 0.721923828125 0.0011836654172420597 0.00244140625
0 0.5439435786151114 0.7236328125 0.0066087985796014995 0.0068359375
0 0.5245610574077727 0.722412109375 0.004537384099427895 0.00439453125
0 0.4415565200236733 0.72119140625 0.002071414480173604 0.001953125
0 0.4267113829157625 0.723876953125 0.004537384099427895 0.00732421875
0 0.32116788321167883 0.72314453125 0.005326494377589268 0.005859375
0 0.537926612744131 0.720703125 0.001874136910633261 0.0029296875
0 0.4342572499506806 0.7216796875 0.001874136910633261 0.0048828125
0 0.3169264154665615 0.720458984375 0.0039455513908068654 0.00244140625
0 0.2340205168672322 0.72216796875 0.00483330045373841 0.0068359375
0 0.24659696192542907 0.723388671875 0.007496547642533044 0.01025390625
0 0.1175281120536595 0.71923828125 0.0014795817715525744 0.001953125
0 0.5299368711777471 0.71875 0.002071414480173604 0.001953125
0 0.33522391004142826 0.71923828125 0.0016768593410929177 0.0029296875
0 0.1301045571118564 0.71923828125 0.0023673308344841193 0.0029296875
0 0.5795028605247583 0.71826171875 0.0025646084040244622 0.001953125
0 0.11994476228052871 0.71923828125 0.0025646084040244622 0.00390625
0 0.44007693825212074 0.717529296875 0.0030578023278753207 0.00244140625
0 0.543105148944565 0.71728515625 0.0025646084040244622 0.0029296875
0 0.09612349575853225 0.716796875 0.0014795817715525744 0.001953125
0 0.44476228052870387 0.718505859375 0.003156441112645492 0.00634765625
0 0.1220654961530874 0.71630859375 0.002071414480173604 0.0029296875
0 0.4346518050897613 0.716064453125 0.003452357466956007 0.00341796875
0 0.31352337739199054 0.71630859375 0.002465969619254291 0.00390625
0 0.1286742947326889 0.715576171875 0.002465969619254291 0.00244140625
0 0.5528210692444269 0.71630859375 0.00542513316235944 0.0048828125
0 0.3288123890313671 0.71533203125 0.001874136910633261 0.0029296875
0 0.14756362201617676 0.71435546875 0.0013809429867824028 0.001953125
0 0.21828763069638982 0.7138671875 0.0033537186821858355 0.0029296875
0 0.5260406391793253 0.713134765625 0.001578220556322746 0.00244140625
0 0.4593608206746893 0.71337890625 0.0023673308344841193 0.0029296875
0 0.42917735253501677 0.71435546875 0.003156441112645492 0.0048828125
0 0.1259124087591241 0.71484375 0.002465969619254291 0.005859375
0 0.5233280725981456 0.712890625 0.0028605247583349774 0.0029296875
0 0.31204379562043794 0.71240234375 0.001085026632471888 0.001953125
0 0.5356579206944171 0.71337890625 0.002663247188794634 0.0048828125
0 0.4319885579009667 0.714111328125 0.001874136910633261 0.00634765625
0 0.24738607220359046 0.71240234375 0.0011836654172420597 0.00390625
0 0.22548826198461236 0.71240234375 0.003550996251726179 0.00390625
0 0.4463898204774117 0.711181640625 0.0014795817715525744 0.00341796875
0 0.33221542710593804 0.710205078125 0.0017754981258630894 0.00146484375
0 0.23263957388044978 0.71044921875 0.001085026632471888 0.0029296875
0 0.4498421779443677 0.70947265625 0.0036496350364963502 0.001953125
0 0.44076740974551193 0.711181640625 0.006016965870980469 0.00537109375
0 0.31594002761885975 0.70947265625 0.0017754981258630894 0.001953125
0 0.2823535214046163 0.709228515625 0.001085026632471888 0.00244140625
0 0.43420793055829554 0.708740234375 0.001578220556322746 0.00244140625
0 0.1501775498125863 0.70849609375 0.001085026632471888 0.001953125
0 0.24709015584927993 0.707763671875 0.0017754981258630894 0.00244140625
0 0.5713158413888341 0.708984375 0.004537384099427895 0.005859375
0 0.11826790293943579 0.7109375 0.004931939238508582 0.009765625
0 0.3067173012428487 0.70849609375 0.0016768593410929177 0.005859375
0 0.2874334188202801 0.706787109375 0.0009863878477017164 0.00244140625
0 0.29927007299270075 0.70654296875 0.0019727756954034327 0.0029296875
0 0.3151509173406984 0.705078125 0.003550996251726179 0.0029296875
0 0.12892089169461432 0.705322265625 0.0017754981258630894 0.00341796875
0 0.5546952061550602 0.704345703125 0.0022686920497139475 0.00244140625
0 0.2969520615506017 0.704345703125 0.002465969619254291 0.00244140625
0 0.14090550404419017 0.704833984375 0.003452357466956007 0.00341796875
0 0.1314361807062537 0.70703125 0.0038469126060366936 0.0078125
0 0.1675872953245216 0.703857421875 0.0025646084040244622 0.00244140625
0 0.15944959558098246 0.7041015625 0.0030578023278753207 0.0029296875
0 0.12423554941803117 0.70703125 0.005622410731899783 0.0087890625
0 0.23170250542513315 0.703369140625 0.002170053264943776 0.00244140625
0 0.13533241270467547 0.705810546875 0.003748273821266522 0.00830078125
0 0.30750641152101005 0.70263671875 0.0044387453146577235 0.00390625
0 0.15629315446833694 0.703125 0.002663247188794634 0.0048828125
0 0.1432728348786743 0.701171875 0.003255079897415664 0.001953125
0 0.130449792858552 0.70166015625 0.001874136910633261 0.0029296875
0 0.16852436377983823 0.701416015625 0.0012823042020122311 0.00341796875
0 0.4523574669560071 0.7021484375 0.0017754981258630894 0.005859375
0 0.3453343854803709 0.69970703125 0.0009863878477017164 0.001953125
0 0.4328763069638982 0.701171875 0.001874136910633261 0.005859375
0 0.29818504636022886 0.69970703125 0.002170053264943776 0.0029296875
0 0.16739001775498125 0.699462890625 0.0011836654172420597 0.00244140625
0 0.1467251923456303 0.699951171875 0.0014795817715525744 0.00341796875
0 0.4383507595186427 0.698974609375 0.0027618859735648055 0.00244140625
0 0.24403235352140462 0.69921875 0.0023673308344841193 0.0029296875
0 0.30341290195304793 0.701416015625 0.004734661668968239 0.00830078125
0 0.2930558295521799 0.700439453125 0.0039455513908068654 0.00634765625
0 0.32240086802130596 0.69873046875 0.0028605247583349774 0.00390625
0 0.23135726967843756 0.699951171875 0.004636022884198066 0.00634765625
0 0.22731307950286053 0.697998046875 0.0008877490629315447 0.00244140625
0 0.31125468534227657 0.698486328125 0.0044387453146577235 0.00439453125
0 0.3067173012428487 0.697998046875 0.0016768593410929177 0.00341796875
0 0.1119550207141448 0.69970703125 0.0039455513908068654 0.0068359375
0 0.2508384296705465 0.69873046875 0.0023673308344841193 0.005859375
0 0.22351548628920892 0.69921875 0.005918327086210298 0.0068359375
0 0.5565693430656934 0.69580078125 0.002465969619254291 0.001953125
0 0.11506214243440521 0.6982421875 0.0028605247583349774 0.0068359375
0 0.551144209903334 0.6962890625 0.0038469126060366936 0.0048828125
0 0.2357960149930953 0.697509765625 0.00424146774511738 0.00732421875
0 0.22765831524955613 0.693603515625 0.000789110278161373 0.00244140625
0 0.12423554941803117 0.6943359375 0.0014795817715525744 0.00390625
0 0.4263168277766818 0.69287109375 0.0009863878477017164 0.001953125
0 0.3190964687315052 0.69287109375 0.001578220556322746 0.001953125
0 0.30198263957388044 0.693603515625 0.0044387453146577235 0.00439453125
0 0.28876504241467743 0.692626953125 0.0006904714933912014 0.00244140625
0 0.2211974748471099 0.693115234375 0.002071414480173604 0.00341796875
0 0.12107910830538568 0.69189453125 0.0012823042020122311 0.001953125
0 0.1473663444466364 0.692138671875 0.0011836654172420597 0.00341796875
0 0.1436180706253699 0.69091796875 0.000789110278161373 0.001953125
0 0.13814361807062536 0.69091796875 0.0014795817715525744 0.0029296875
0 0.13395146971789307 0.693359375 0.005721049516669955 0.0087890625
0 0.3021799171434208 0.68896484375 0.0008877490629315447 0.0029296875
0 0.29640954823436577 0.68896484375 0.0011836654172420597 0.0029296875
0 0.2309133951469718 0.691650390625 0.004931939238508582 0.00830078125
0 0.14544288814361808 0.688232421875 0.001874136910633261 0.00244140625
0 0.11170842375221937 0.689453125 0.005227855592819097 0.0068359375
0 0.22889130005918326 0.686279296875 0.001085026632471888 0.00244140625
0 0.12280528703886368 0.686279296875 0.000789110278161373 0.00244140625
0 0.15200236733083447 0.686279296875 0.0019727756954034327 0.00341796875
0 0.294831327678043 0.684814453125 0.004142828960347208 0.00341796875
0 0.21370092720457684 0.68603515625 0.002465969619254291 0.0087890625
0 0.14051094890510948 0.681884765625 0.0012823042020122311 0.00244140625
0 0.23392187808246204 0.68115234375 0.001085026632471888 0.001953125
0 0.15570132175971593 0.681396484375 0.001085026632471888 0.00341796875
0 0.22854606431248767 0.68017578125 0.0013809429867824028 0.001953125
0 0.2253403038074571 0.680419921875 0.0014795817715525744 0.00439453125
0 0.1633951469717893 0.68017578125 0.0016768593410929177 0.00390625
0 0.3112053659498915 0.680419921875 0.0025646084040244622 0.00537109375
0 0.15841388834089565 0.678955078125 0.000789110278161373 0.00244140625
0 0.29956598934701123 0.681396484375 0.0027618859735648055 0.00830078125
0 0.16492404813572697 0.6787109375 0.0013809429867824028 0.0029296875
0 0.24053067666206351 0.678955078125 0.001085026632471888 0.00439453125
0 0.18233379364766225 0.681640625 0.003452357466956007 0.0107421875
0 0.2125172617873348 0.6787109375 0.001874136910633261 0.005859375
0 0.16107713552969027 0.6787109375 0.0027618859735648055 0.0078125
0 0.23135726967843756 0.679931640625 0.005030578023278753 0.01123046875
0 0.21631485500098638 0.677001953125 0.0019727756954034327 0.00537109375
0 0.20265338331031763 0.67578125 0.002465969619254291 0.0078125
0 0.19836259617281515 0.672119140625 0.0019727756954034327 0.00341796875
0 0.2917735253501677 0.67236328125 0.001578220556322746 0.0048828125
0 0.17996646281317813 0.673828125 0.003452357466956007 0.0078125
0 0.30400473466166894 0.6708984375 0.0019727756954034327 0.0029296875
0 0.18854803708818307 0.6708984375 0.001085026632471888 0.0029296875
0 0.20161767607023082 0.67041015625 0.0011836654172420597 0.0029296875
0 0.16743933714736634 0.669921875 0.001085026632471888 0.001953125
0 0.2048234365752614 0.669921875 0.0012823042020122311 0.0029296875
0 0.2280528703886368 0.67041015625 0.0013809429867824028 0.0048828125
0 0.31603866640362993 0.6689453125 0.004340106529887552 0.00390625
0 0.20354113237324917 0.668212890625 0.0014795817715525744 0.00341796875
0 0.20191359242454132 0.6669921875 0.0009863878477017164 0.0029296875
0 0.241960939041231 0.667236328125 0.001578220556322746 0.00439453125
0 0.1922469915170645 0.67041015625 0.003156441112645492 0.0107421875
0 0.10889721838626948 0.66650390625 0.003156441112645492 0.0029296875
0 0.17986782402840798 0.666015625 0.001874136910633261 0.0029296875
0 0.1154566975734859 0.664794921875 0.0014795817715525744 0.00244140625
0 0.185638192937463 0.664794921875 0.003156441112645492 0.00341796875
0 0.1975734858946538 0.665771484375 0.003748273821266522 0.00634765625
0 0.20280134148747286 0.662109375 0.0011836654172420597 0.0029296875
0 0.7025547445255474 0.661376953125 0.0014795817715525744 0.00244140625
0 0.20847307161175774 0.66259765625 0.0016768593410929177 0.0048828125
0 0.23623988952456107 0.66357421875 0.005326494377589268 0.0078125
0 0.18992898007496548 0.659423828125 0.001085026632471888 0.00244140625
0 0.2298283685144999 0.662109375 0.008877490629315447 0.0087890625
0 0.2117774709015585 0.658447265625 0.0013809429867824028 0.00244140625
0 0.21483527322943383 0.658935546875 0.002959163543105149 0.00439453125
0 0.17681002170053264 0.658935546875 0.0014795817715525744 0.00439453125
0 0.20768396133359637 0.65869140625 0.002663247188794634 0.0048828125
0 0.22021108699940817 0.6572265625 0.001874136910633261 0.0029296875
0 0.22455119352929573 0.65576171875 0.0014795817715525744 0.0048828125
0 0.2106924442690866 0.654541015625 0.001578220556322746 0.00341796875
0 0.15797001380942988 0.654052734375 0.003255079897415664 0.00244140625
0 0.23520418228447426 0.654052734375 0.002071414480173604 0.00537109375
0 0.16497336752811206 0.653076171875 0.005227855592819097 0.00341796875
0 0.19441704478200827 0.651123046875 0.004931939238508582 0.00634765625
0 0.2715525744722825 0.64501953125 0.004734661668968239 0.0029296875
