0 0.5853225488261985 0.998779296875 0.0011836654172420597 0.00244140625
0 0.610327480765437 0.998291015625 0.00483330045373841 0.00341796875
0 0.5472972972972973 0.99755859375 0.001874136910633261 0.001953125
0 0.17044782008285658 0.997802734375 0.0013809429867824028 0.00244140625
0 0.28698954428881435 0.99755859375 0.005227855592819097 0.0029296875
0 0.5301834681396725 0.9970703125 0.0023673308344841193 0.0029296875
0 0.22543894259222727 0.997802734375 0.002071414480173604 0.00439453125
0 0.19318405997238114 0.997802734375 0.003452357466956007 0.00439453125
0 0.14297691852436378 0.997802734375 0.008581574275004932 0.00439453125
0 0.6871670941014006 0.99755859375 0.004044190175577037 0.0048828125
0 0.3132767804300651 0.99658203125 0.0033537186821858355 0.0029296875
0 0.5065101597948314 0.996826171875 0.004537384099427895 0.00439453125
0 0.7056125468534228 0.9970703125 0.008581574275004932 0.005859375
0 0.6913099230617479 0.99658203125 0.004044190175577037 0.0048828125
0 0.24763266916551588 0.9970703125 0.006214243440520813 0.005859375
0 0.11289208916946143 0.9951171875 0.002071414480173604 0.0029296875
0 0.32111856381929377 0.995849609375 0.004636022884198066 0.00537109375
0 0.12221345433024265 0.99658203125 0.004340106529887552 0.0068359375
0 0.42542907871375024 0.994384765625 0.0027618859735648055 0.00341796875
0 0.10416255671730125 0.995361328125 0.004142828960347208 0.00537109375
0 0.6688202801341487 0.99560546875 0.011146182679029394 0.0068359375
0 0.4523574669560071 0.995849609375 0.009272045768396133 0.00830078125
0 0.4375123298480963 0.995849609375 0.006214243440520813 0.00830078125
0 0.16684750443874533 0.9931640625 0.002465969619254291 0.0029296875
0 0.14746498323140658 0.995361328125 0.004537384099427895 0.00732421875
0 0.12684947721444073 0.9951171875 0.003748273821266522 0.0068359375
0 0.5760998224501874 0.9921875 0.001874136910633261 0.001953125
0 0.1182185835470507 0.994140625 0.002663247188794634 0.005859375
0 0.5095186427303215 0.993408203125 0.00424146774511738 0.00537109375
0 0.42986782402840795 0.99267578125 0.003550996251726179 0.00390625
0 0.2857565594791872 0.99169921875 0.0009863878477017164 0.001953125
0 0.6753304399289801 0.9931640625 0.013710791083053857 0.0068359375
0 0.2815644111264549 0.991455078125 0.00483330045373841 0.00439453125
0 0.21749852041822845 0.9912109375 0.0011836654172420597 0.00390625
0 0.4585223910041428 0.990966796875 0.005227855592819097 0.00439453125
0 0.23771947129611362 0.994384765625 0.00966660090747682 0.01123046875
0 0.22898993884395344 0.991455078125 0.006016965870980469 0.00537109375
0 0.18489840205168673 0.993896484375 0.00542513316235944 0.01025390625
0 0.1713848885381732 0.989990234375 0.0012823042020122311 0.00244140625
0 0.14963503649635038 0.990478515625 0.002170053264943776 0.00341796875
0 0.1370585914381535 0.9931640625 0.0030578023278753207 0.009765625
0 0.4525054251331624 0.9892578125 0.0066087985796014995 0.00390625
0 0.1251726178733478 0.989501953125 0.003156441112645492 0.00439453125
0 0.31761688695995266 0.988525390625 0.0033537186821858355 0.00341796875
0 0.3080982442296311 0.98974609375 0.004044190175577037 0.005859375
0 0.5054744525547445 0.98876953125 0.004044190175577037 0.005859375
0 0.18174196093904124 0.988525390625 0.001874136910633261 0.00537109375
0 0.13015387650424146 0.988525390625 0.0038469126060366936 0.00634765625
0 0.5260899585717104 0.98828125 0.012724403235352141 0.0068359375
0 0.11180706253698955 0.988037109375 0.003255079897415664 0.00634765625
0 0.5664825409350956 0.989013671875 0.005523771947129611 0.00927734375
0 0.44249358847898995 0.989501953125 0.010652988755178536 0.01025390625
0 0.14642927599131977 0.98681640625 0.0016768593410929177 0.0068359375
0 0.10564213848885382 0.987548828125 0.002959163543105149 0.00830078125
0 0.24265141053462222 0.986328125 0.003550996251726179 0.0068359375
0 0.1578713750246597 0.986572265625 0.002663247188794634 0.00732421875
0 0.706894851055435 0.985107421875 0.007397908857762872 0.00634765625
0 0.2381633458275794 0.984130859375 0.003255079897415664 0.00439453125
0 0.4386959952653383 0.982666015625 0.0028605247583349774 0.00341796875
0 0.4816531860327481 0.984375 0.005523771947129611 0.0078125
0 0.45339317419609393 0.982421875 0.005030578023278753 0.00390625
0 0.2263760110475439 0.98291015625 0.0017754981258630894 0.0048828125
0 0.4089070822647465 0.9833984375 0.005227855592819097 0.0068359375
0 0.1981159992108897 0.98193359375 0.001874136910633261 0.00390625
0 0.09124087591240876 0.981689453125 0.0023673308344841193 0.00341796875
0 0.6990037482738213 0.982421875 0.005819688301440126 0.0068359375
0 0.21335569145788125 0.981689453125 0.0033537186821858355 0.00537109375
0 0.4456993489840205 0.98046875 0.0077924639968435586 0.00390625
0 0.1310909449595581 0.983642578125 0.005918327086210298 0.01025390625
0 0.09715920299861906 0.982421875 0.003156441112645492 0.009765625
0 0.5887255869007694 0.97900390625 0.004636022884198066 0.00390625
0 0.338528309331229 0.97900390625 0.0039455513908068654 0.0048828125
0 0.2914282896034721 0.977783203125 0.0008877490629315447 0.00244140625
0 0.14130005918327085 0.980712890625 0.0028605247583349774 0.00830078125
0 0.305188400078911 0.977294921875 0.000789110278161373 0.00244140625
0 0.11175774314460446 0.980712890625 0.004537384099427895 0.00927734375
0 0.10894653777865457 0.97802734375 0.002071414480173604 0.00390625
0 0.7288913000591832 0.97802734375 0.003452357466956007 0.0048828125
0 0.09178338922864471 0.97607421875 0.0028605247583349774 0.0048828125
0 0.4516176760702308 0.975341796875 0.005030578023278753 0.00732421875
0 0.3135726967843756 0.974609375 0.0023673308344841193 0.005859375
0 0.24146774511738014 0.972900390625 0.0025646084040244622 0.00244140625
0 0.48589465377786545 0.975341796875 0.010652988755178536 0.00927734375
0 0.14825409350956797 0.974609375 0.004537384099427895 0.0087890625
0 0.10061156046557507 0.97314453125 0.0023673308344841193 0.005859375
0 0.7315545472479779 0.971923828125 0.005227855592819097 0.00439453125
0 0.1936279345038469 0.972900390625 0.0061156046557506415 0.00927734375
0 0.5251528901163938 0.9716796875 0.012033931741960938 0.0078125
0 0.29073781811008087 0.96923828125 0.001085026632471888 0.0029296875
0 0.09173406983625962 0.9697265625 0.0019727756954034327 0.0048828125
0 0.18687117774709017 0.968994140625 0.0030578023278753207 0.00439453125
0 0.14440718090353127 0.9736328125 0.003550996251726179 0.013671875
0 0.24265141053462222 0.968994140625 0.006510159794831328 0.00537109375
0 0.1342473860722036 0.972900390625 0.006312882225290984 0.01318359375
0 0.23668376405602684 0.966796875 0.0012823042020122311 0.0029296875
0 0.19530479384493982 0.966064453125 0.000789110278161373 0.00244140625
0 0.10796014993095285 0.968994140625 0.004636022884198066 0.00927734375
0 0.1223614125073979 0.97119140625 0.005227855592819097 0.0146484375
0 0.5156835667784573 0.966796875 0.0061156046557506415 0.0087890625
0 0.22040836456894852 0.970947265625 0.01154073781811008 0.01708984375
0 0.11728151509173407 0.964111328125 0.002959163543105149 0.00341796875
0 0.14825409350956797 0.964599609375 0.005326494377589268 0.00537109375
0 0.5587393963306372 0.962890625 0.002663247188794634 0.0029296875
0 0.41911619648845927 0.962158203125 0.0033537186821858355 0.00244140625
0 0.10771355296902742 0.9619140625 0.0009863878477017164 0.001953125
0 0.3076050503057802 0.9638671875 0.007200631288222529 0.0078125
0 0.12359439731702505 0.9619140625 0.0023673308344841193 0.0048828125
0 0.43272834878674293 0.962158203125 0.004142828960347208 0.00634765625
0 0.405750641152101 0.960693359375 0.00424146774511738 0.00341796875
0 0.4704576839613336 0.96044921875 0.0077924639968435586 0.0048828125
0 0.11062339711974749 0.96044921875 0.001874136910633261 0.0048828125
0 0.2075360031564411 0.958740234375 0.003156441112645492 0.00244140625
0 0.14485105543499704 0.959228515625 0.002071414480173604 0.00341796875
0 0.1296606825803906 0.95947265625 0.00483330045373841 0.00390625
0 0.5000493193923851 0.956787109375 0.002663247188794634 0.00244140625
0 0.7087196685736832 0.959228515625 0.011639376602880253 0.01025390625
0 0.21158019333201816 0.95849609375 0.004340106529887552 0.009765625
0 0.18761096863286644 0.955078125 0.0017754981258630894 0.0029296875
0 0.2527618859735648 0.95556640625 0.0030578023278753207 0.0048828125
0 0.11373051884000789 0.9580078125 0.0027618859735648055 0.0107421875
0 0.10470507003353718 0.956787109375 0.0028605247583349774 0.01025390625
0 0.19407180903531268 0.95654296875 0.005030578023278753 0.0107421875
0 0.13582560662852633 0.952392578125 0.0009863878477017164 0.00244140625
0 0.1978694022489643 0.952392578125 0.0013809429867824028 0.00341796875
0 0.21399684355888735 0.95166015625 0.0012823042020122311 0.0029296875
0 0.3237324916157033 0.9521484375 0.003748273821266522 0.0048828125
0 0.14238508581574275 0.950927734375 0.0006904714933912014 0.00244140625
0 0.5457683961333596 0.953857421875 0.006312882225290984 0.00927734375
0 0.31307950286052477 0.951416015625 0.004340106529887552 0.00439453125
0 0.3227954231603867 0.949462890625 0.0014795817715525744 0.00341796875
0 0.22721444071809035 0.94921875 0.0016768593410929177 0.0029296875
0 0.6990530676662063 0.94970703125 0.004931939238508582 0.005859375
0 0.12566581179719866 0.947509765625 0.000789110278161373 0.00244140625
0 0.23836062339711975 0.947021484375 0.002071414480173604 0.00244140625
0 0.1292661274413099 0.951171875 0.006016965870980469 0.0107421875
0 0.22208522391004143 0.948974609375 0.00424146774511738 0.00732421875
0 0.1185638192937463 0.948486328125 0.0027618859735648055 0.00732421875
0 0.4429374630104557 0.9482421875 0.005227855592819097 0.009765625
0 0.09706056421384888 0.947998046875 0.004142828960347208 0.00927734375
0 0.5460643124876702 0.94580078125 0.006510159794831328 0.005859375
0 0.4180311698559874 0.945068359375 0.006707437364371671 0.00439453125
0 0.5236733083448412 0.94482421875 0.004537384099427895 0.0048828125
0 0.3515979483132768 0.943359375 0.0008877490629315447 0.0029296875
0 0.5346222134543303 0.946044921875 0.01696587098046952 0.00927734375
0 0.4813079502860525 0.9443359375 0.012329848096271454 0.0068359375
0 0.13572696784375615 0.944580078125 0.006510159794831328 0.00732421875
0 0.4076247780627343 0.9423828125 0.002663247188794634 0.00390625
0 0.0990826593016374 0.943603515625 0.004636022884198066 0.00732421875
0 0.42542907871375024 0.94091796875 0.0019727756954034327 0.0029296875
0 0.1317320970605642 0.94091796875 0.002071414480173604 0.0029296875
0 0.2875813769974354 0.944091796875 0.007003353718682186 0.01025390625
0 0.4167488656539751 0.93994140625 0.0033537186821858355 0.0029296875
0 0.47534030380745707 0.939697265625 0.004537384099427895 0.00341796875
0 0.44377589268100215 0.93994140625 0.006312882225290984 0.0048828125
0 0.32146379956598936 0.9375 0.0009863878477017164 0.001953125
0 0.29675478398106137 0.944580078125 0.010751627539948707 0.01611328125
0 0.43060761491418426 0.936767578125 0.002465969619254291 0.00244140625
0 0.1494870783191951 0.93701171875 0.0012823042020122311 0.0029296875
0 0.2878279739593608 0.935791015625 0.0009863878477017164 0.00244140625
0 0.7078319195107516 0.93603515625 0.004931939238508582 0.00390625
0 0.20107516275399487 0.940185546875 0.005030578023278753 0.01220703125
0 0.1989051094890511 0.93994140625 0.0038469126060366936 0.01171875
0 0.22928585519826394 0.9375 0.0038469126060366936 0.0078125
0 0.15254488064707042 0.938232421875 0.004636022884198066 0.00927734375
0 0.13099230617478794 0.935791015625 0.001578220556322746 0.00439453125
0 0.7032945354113237 0.934326171875 0.003156441112645492 0.00244140625
0 0.45359045176563423 0.9365234375 0.009173406983625962 0.0068359375
0 0.3158413888340896 0.935791015625 0.004142828960347208 0.00537109375
0 0.2947820082856579 0.933349609375 0.0014795817715525744 0.00244140625
0 0.2048234365752614 0.93408203125 0.002465969619254291 0.00390625
0 0.14174393371473665 0.93798828125 0.004340106529887552 0.0126953125
0 0.528161373051884 0.933349609375 0.007989741566383901 0.00439453125
0 0.19387453146577235 0.932373046875 0.0014795817715525744 0.00244140625
0 0.1905701321759716 0.932373046875 0.0009863878477017164 0.00244140625
0 0.4769678437561649 0.93310546875 0.004044190175577037 0.0048828125
0 0.47021108699940817 0.931640625 0.0013809429867824028 0.0029296875
0 0.2180903531268495 0.93115234375 0.002170053264943776 0.001953125
0 0.1279838232392977 0.93115234375 0.0014795817715525744 0.0029296875
0 0.10352140461629512 0.931640625 0.0044387453146577235 0.0048828125
0 0.29803708818307356 0.9306640625 0.002465969619254291 0.00390625
0 0.48377391990530677 0.9306640625 0.0038469126060366936 0.0048828125
0 0.1401657131584139 0.92919921875 0.0009863878477017164 0.001953125
0 0.41571315841388834 0.929931640625 0.007595186427303216 0.00537109375
0 0.1648747287433419 0.928955078125 0.002465969619254291 0.00341796875
0 0.2082757940422174 0.931884765625 0.003452357466956007 0.01220703125
0 0.2711580193332018 0.927734375 0.003156441112645492 0.0048828125
0 0.4370684553166305 0.92578125 0.002170053264943776 0.001953125
0 0.10554349970408365 0.926513671875 0.0027618859735648055 0.00341796875
0 0.43129808640757544 0.9287109375 0.006806076149141842 0.0087890625
0 0.10144999013612152 0.92626953125 0.003255079897415664 0.00390625
0 0.4811599921088972 0.925048828125 0.004340106529887552 0.00244140625
0 0.17153284671532848 0.926513671875 0.004734661668968239 0.00537109375
0 0.18336950088774906 0.927490234375 0.0033537186821858355 0.00830078125
0 0.45492207536003154 0.927490234375 0.009469323337936477 0.01025390625
0 0.33399092523180113 0.922119140625 0.001578220556322746 0.00244140625
0 0.1567863483921878 0.92529296875 0.007200631288222529 0.0087890625
0 0.12463010455711186 0.922119140625 0.0014795817715525744 0.00244140625
0 0.5664825409350956 0.922607421875 0.005523771947129611 0.00439453125
0 0.46093904123101204 0.927490234375 0.014006707437364372 0.01416015625
0 0.1386861313868613 0.924072265625 0.0039455513908068654 0.00732421875
0 0.1161471690668771 0.921630859375 0.002663247188794634 0.00341796875
0 0.42917735253501677 0.9208984375 0.005523771947129611 0.0029296875
0 0.16551588084434798 0.924072265625 0.005326494377589268 0.00927734375
0 0.4881140264351943 0.922607421875 0.008581574275004932 0.00732421875
0 0.13128822252909844 0.923095703125 0.010258433616097849 0.00927734375
0 0.5167685934109292 0.919677734375 0.0025646084040244622 0.00341796875
0 0.48106135332412703 0.919677734375 0.002170053264943776 0.00341796875
0 0.4092523180114421 0.91943359375 0.004142828960347208 0.0048828125
0 0.4204478200828566 0.91748046875 0.002663247188794634 0.0029296875
0 0.299418031169856 0.918212890625 0.0038469126060366936 0.00537109375
0 0.506312882225291 0.91748046875 0.007891102781613731 0.0048828125
0 0.22100019727756953 0.916015625 0.0012823042020122311 0.0029296875
0 0.2041329650818702 0.916015625 0.001874136910633261 0.0029296875
0 0.15969619254290787 0.92138671875 0.00848293549023476 0.013671875
0 0.42547839810613536 0.9150390625 0.0016768593410929177 0.001953125
0 0.20181495363977117 0.917236328125 0.004142828960347208 0.00634765625
0 0.6785855198263957 0.9140625 0.0028605247583349774 0.0029296875
0 0.29660682580390607 0.914306640625 0.0025646084040244622 0.00341796875
0 0.19209903333990924 0.913818359375 0.001085026632471888 0.00244140625
0 0.18958374432826988 0.916015625 0.0027618859735648055 0.0068359375
0 0.5351647267705661 0.91455078125 0.009173406983625962 0.0048828125
0 0.5288025251528902 0.913330078125 0.0039455513908068654 0.00341796875
0 0.47381140264351945 0.9150390625 0.00542513316235944 0.0068359375
0 0.44451568356677845 0.91357421875 0.008187019135924246 0.0068359375
0 0.13158413888340895 0.912109375 0.0033537186821858355 0.00390625
0 0.15210100611560465 0.913818359375 0.006510159794831328 0.00830078125
0 0.5433024265141053 0.91357421875 0.009863878477017163 0.0087890625
0 0.23525350167685935 0.91064453125 0.002170053264943776 0.00390625
0 0.19796804103373447 0.910400390625 0.002170053264943776 0.00439453125
0 0.5215525744722825 0.90966796875 0.005227855592819097 0.00390625
0 0.2183369500887749 0.91015625 0.006016965870980469 0.0048828125
0 0.2928092325902545 0.91064453125 0.0044387453146577235 0.0068359375
0 0.5293943578615111 0.908203125 0.0019727756954034327 0.0029296875
0 0.5473959360820675 0.909423828125 0.007397908857762872 0.00634765625
0 0.423554941803117 0.907470703125 0.0019727756954034327 0.00244140625
0 0.1440126257644506 0.90869140625 0.002170053264943776 0.0048828125
0 0.18603274807654369 0.907958984375 0.003748273821266522 0.00537109375
0 0.15737818110080884 0.908203125 0.005227855592819097 0.005859375
0 0.698905109489051 0.90771484375 0.00542513316235944 0.0068359375
0 0.44727756954034326 0.906005859375 0.00483330045373841 0.00537109375
0 0.4341586111659104 0.9052734375 0.0028605247583349774 0.00390625
0 0.2893075557309134 0.906494140625 0.007101992503452358 0.00830078125
0 0.2169560071019925 0.904541015625 0.002663247188794634 0.00439453125
0 0.3184553166304991 0.904052734375 0.00424146774511738 0.00439453125
0 0.5078417833892287 0.90576171875 0.009370684553166305 0.0087890625
0 0.22958177155257448 0.902587890625 0.0012823042020122311 0.00244140625
0 0.2843262971000197 0.90283203125 0.0014795817715525744 0.00390625
0 0.1300552377194713 0.90380859375 0.003255079897415664 0.005859375
0 0.5300848293549023 0.9033203125 0.009863878477017163 0.005859375
0 0.6602387058591438 0.901611328125 0.0030578023278753207 0.00341796875
0 0.1825803906095877 0.901611328125 0.0013809429867824028 0.00341796875
0 0.44969421976721247 0.90087890625 0.004734661668968239 0.0029296875
0 0.2622312093115013 0.900390625 0.0008877490629315447 0.001953125
0 0.19343065693430658 0.900634765625 0.001578220556322746 0.00244140625
0 0.478743341882028 0.8994140625 0.0014795817715525744 0.001953125
0 0.18904123101203393 0.899169921875 0.001085026632471888 0.00244140625
0 0.17375221937265733 0.900634765625 0.00424146774511738 0.00537109375
0 0.1484513710791083 0.899658203125 0.001578220556322746 0.00341796875
0 0.5242158216610772 0.89892578125 0.003452357466956007 0.0029296875
0 0.2743144604458473 0.9013671875 0.0025646084040244622 0.0078125
0 0.2575458670349181 0.8994140625 0.004340106529887552 0.0048828125
0 0.1533339909252318 0.896484375 0.0016768593410929177 0.001953125
0 0.14559084632077332 0.898193359375 0.0025646084040244622 0.00537109375
0 0.48337936476622606 0.897705078125 0.008187019135924246 0.00537109375
0 0.2714539356875123 0.89599609375 0.000789110278161373 0.001953125
0 0.18711777470901558 0.89697265625 0.0011836654172420597 0.00390625
0 0.2283981061353324 0.895751953125 0.0044387453146577235 0.00244140625
0 0.18277766817912802 0.898193359375 0.007496547642533044 0.00732421875
0 0.49166502268692047 0.8955078125 0.005030578023278753 0.0029296875
0 0.47622805287038866 0.895263671875 0.004340106529887552 0.00244140625
0 0.16600907476819884 0.898193359375 0.008680213059775104 0.01025390625
0 0.46621621621621623 0.896484375 0.007989741566383901 0.0078125
0 0.19688301440126257 0.89697265625 0.004142828960347208 0.009765625
0 0.2572006312882225 0.8935546875 0.0028605247583349774 0.00390625
0 0.1693134740579996 0.893310546875 0.0016768593410929177 0.00341796875
0 0.1595975537581377 0.89501953125 0.005523771947129611 0.0068359375
0 0.3305878871572302 0.892333984375 0.002071414480173604 0.00244140625
0 0.43386269481159995 0.89208984375 0.005819688301440126 0.00390625
0 0.40732886170842375 0.8916015625 0.0022686920497139475 0.0029296875
0 0.31002170053264944 0.89208984375 0.002959163543105149 0.00390625
0 0.5007397908857762 0.891845703125 0.0044387453146577235 0.00439453125
0 0.4572400868021306 0.889892578125 0.0028605247583349774 0.00244140625
0 0.29443677253896233 0.889892578125 0.0013809429867824028 0.00244140625
0 0.210347208522391 0.8896484375 0.0008877490629315447 0.001953125
0 0.710939041231012 0.8916015625 0.007003353718682186 0.0068359375
0 0.5169165515880845 0.8896484375 0.0038469126060366936 0.0029296875
0 0.236782402840797 0.888671875 0.0008877490629315447 0.001953125
0 0.20783191951075164 0.888916015625 0.0017754981258630894 0.00244140625
0 0.29576839613335965 0.888671875 0.0016768593410929177 0.0029296875
0 0.693085421187611 0.8876953125 0.0028605247583349774 0.0029296875
0 0.47095087788518447 0.888916015625 0.004044190175577037 0.00537109375
0 0.22593213651607813 0.888427734375 0.0066087985796014995 0.00439453125
0 0.5381238903136714 0.886474609375 0.0022686920497139475 0.00244140625
0 0.44560071019925035 0.88916015625 0.0066087985796014995 0.0078125
0 0.47657328861708426 0.887451171875 0.007003353718682186 0.00537109375
0 0.2805780232787532 0.887451171875 0.006016965870980469 0.00634765625
0 0.20146971789307555 0.888671875 0.0036496350364963502 0.009765625
0 0.7003846912606037 0.884765625 0.003452357466956007 0.0029296875
0 0.5254981258630894 0.88525390625 0.006806076149141842 0.00390625
0 0.414924048135727 0.885009765625 0.005030578023278753 0.00439453125
0 0.20428092325902544 0.884033203125 0.0017754981258630894 0.00244140625
0 0.19565002959163544 0.884521484375 0.001874136910633261 0.00341796875
0 0.5036989544288815 0.88330078125 0.002071414480173604 0.001953125
0 0.49166502268692047 0.8857421875 0.005622410731899783 0.0068359375
0 0.17523180114420991 0.88623046875 0.0077924639968435586 0.0078125
0 0.49452554744525545 0.88330078125 0.004636022884198066 0.0029296875
0 0.7263266916551588 0.884033203125 0.006016965870980469 0.00537109375
0 0.5311698559873742 0.883056640625 0.004142828960347208 0.00341796875
0 0.4426415466561452 0.883056640625 0.006214243440520813 0.00439453125
0 0.16812980864075755 0.8837890625 0.005819688301440126 0.005859375
0 0.47548826198461236 0.882080078125 0.00424146774511738 0.00341796875
0 0.40816729137897023 0.881591796875 0.0027618859735648055 0.00341796875
0 0.29793844939830344 0.88134765625 0.0016768593410929177 0.0029296875
0 0.46084040244624186 0.881103515625 0.005918327086210298 0.00341796875
0 0.21187610968632867 0.882080078125 0.0051292168080489245 0.00537109375
0 0.5409350956796213 0.881591796875 0.009272045768396133 0.00634765625
0 0.4908759124087591 0.8798828125 0.002663247188794634 0.0029296875
0 0.5030578023278753 0.879638671875 0.006904714933912014 0.00341796875
0 0.43105148944565 0.8798828125 0.005326494377589268 0.00390625
0 0.291378970211087 0.880859375 0.0072992700729927005 0.005859375
0 0.517212467942395 0.878662109375 0.002465969619254291 0.00244140625
0 0.5227855592819096 0.877197265625 0.0027618859735648055 0.00244140625
0 0.5124284868810416 0.876708984375 0.0025646084040244622 0.00244140625
0 0.4494969421976721 0.8779296875 0.0061156046557506415 0.0048828125
0 0.26745906490432036 0.876953125 0.002663247188794634 0.0029296875
0 0.30799960544486094 0.876220703125 0.001085026632471888 0.00244140625
0 0.2772243045965674 0.8798828125 0.0038469126060366936 0.0107421875
0 0.43687117774709017 0.876953125 0.0051292168080489245 0.005859375
0 0.5076445058196883 0.875244140625 0.00424146774511738 0.00341796875
0 0.3015880844347998 0.8798828125 0.00483330045373841 0.0126953125
0 0.7069441704478201 0.87451171875 0.004537384099427895 0.00390625
0 0.5262379167488657 0.87451171875 0.0061156046557506415 0.00390625
0 0.34617281515091736 0.875 0.0038469126060366936 0.0048828125
0 0.17365358058788716 0.875244140625 0.009173406983625962 0.00537109375
0 0.4819984217794437 0.8759765625 0.010554349970408364 0.0078125
0 0.4421976721246794 0.87353515625 0.004340106529887552 0.0029296875
0 0.16457881238903135 0.875 0.008778851844545275 0.0068359375
0 0.45289998027224304 0.874755859375 0.00897612941408562 0.00830078125
0 0.6869204971394752 0.87109375 0.005918327086210298 0.0029296875
0 0.3101203393174196 0.871337890625 0.002170053264943776 0.00341796875
0 0.30508976129414084 0.8720703125 0.0025646084040244622 0.0048828125
0 0.31702505425133165 0.8701171875 0.000789110278161373 0.001953125
0 0.3133260998224502 0.870361328125 0.0022686920497139475 0.00244140625
0 0.3000591832708621 0.871337890625 0.001578220556322746 0.00439453125
0 0.29369698165318603 0.87158203125 0.0016768593410929177 0.0048828125
0 0.18470112448214637 0.87158203125 0.0044387453146577235 0.0048828125
0 0.29640954823436577 0.87060546875 0.0025646084040244622 0.0048828125
0 0.44777076346419414 0.869140625 0.0030578023278753207 0.0029296875
0 0.2785559281909647 0.870361328125 0.0033537186821858355 0.00537109375
0 0.19239494969421977 0.869140625 0.0022686920497139475 0.0029296875
0 0.2698263957388045 0.8701171875 0.0022686920497139475 0.005859375
0 0.27298283685145 0.867919921875 0.001874136910633261 0.00244140625
0 0.44461432235154863 0.866943359375 0.0028605247583349774 0.00244140625
0 0.3013414874728743 0.8671875 0.0009863878477017164 0.0029296875
0 0.4554645886762675 0.867431640625 0.007397908857762872 0.00439453125
0 0.2657328861708424 0.870361328125 0.0033537186821858355 0.01025390625
0 0.3417833892286447 0.8662109375 0.0013809429867824028 0.0029296875
0 0.17434405208127837 0.86572265625 0.0012823042020122311 0.001953125
0 0.5430065101597948 0.8671875 0.007101992503452358 0.005859375
0 0.5093706845531663 0.866455078125 0.008088380351154074 0.00439453125
0 0.4896922469915171 0.8662109375 0.005227855592819097 0.00390625
0 0.4622213454330243 0.867919921875 0.006904714933912014 0.00830078125
0 0.4141349378575656 0.86474609375 0.0022686920497139475 0.001953125
0 0.2047741171828763 0.865234375 0.0027618859735648055 0.0029296875
0 0.28255079897415664 0.86474609375 0.002071414480173604 0.0029296875
0 0.5322548826198461 0.864501953125 0.004931939238508582 0.00341796875
0 0.2622312093115013 0.8642578125 0.0022686920497139475 0.0029296875
0 0.5202702702702703 0.864990234375 0.005622410731899783 0.00537109375
0 0.4842671138291576 0.865234375 0.005819688301440126 0.005859375
0 0.3068652594200039 0.86376953125 0.0017754981258630894 0.0029296875
0 0.2982343657526139 0.864990234375 0.0030578023278753207 0.00537109375
0 0.20053264943775892 0.864013671875 0.0023673308344841193 0.00341796875
0 0.4651805089761294 0.86328125 0.0023673308344841193 0.0029296875
0 0.31110672716512133 0.862548828125 0.001578220556322746 0.00244140625
0 0.5887255869007694 0.863525390625 0.004044190175577037 0.00537109375
0 0.3136713355691458 0.862548828125 0.0027618859735648055 0.00341796875
0 0.19574866837640562 0.86474609375 0.00483330045373841 0.0078125
0 0.1811994476228053 0.86376953125 0.004142828960347208 0.005859375
0 0.15708226474649833 0.862548828125 0.0022686920497139475 0.00341796875
0 0.4888538173209706 0.861572265625 0.0033537186821858355 0.00244140625
0 0.4691753797593214 0.86181640625 0.0038469126060366936 0.0029296875
0 0.20768396133359637 0.8623046875 0.0028605247583349774 0.00390625
0 0.5381238903136714 0.8623046875 0.00542513316235944 0.0048828125
0 0.2799861905701322 0.861328125 0.002465969619254291 0.0029296875
0 0.32501479581771553 0.862548828125 0.001578220556322746 0.00634765625
0 0.2708621029788913 0.860107421875 0.0013809429867824028 0.00341796875
0 0.5351647267705661 0.859375 0.0030578023278753207 0.0029296875
0 0.22716512132570527 0.859130859375 0.0013809429867824028 0.00244140625
0 0.3125863089366739 0.859130859375 0.0013809429867824028 0.00341796875
0 0.1700039455513908 0.860107421875 0.001874136910633261 0.00537109375
0 0.30642138488853815 0.858154296875 0.0012823042020122311 0.00244140625
0 0.263217597159203 0.861083984375 0.006214243440520813 0.00830078125
0 0.5620437956204379 0.8583984375 0.004142828960347208 0.00390625
0 0.2677549812586309 0.859619140625 0.0028605247583349774 0.00634765625
0 0.30331426316827775 0.857421875 0.0011836654172420597 0.0029296875
0 0.27490629315446835 0.8623046875 0.004734661668968239 0.0126953125
0 0.506904714933912 0.856689453125 0.0017754981258630894 0.00244140625
0 0.3164825409350957 0.860595703125 0.0030578023278753207 0.01025390625
0 0.1842572499506806 0.856689453125 0.001578220556322746 0.00244140625
0 0.16571315841388834 0.856689453125 0.0019727756954034327 0.00244140625
0 0.4432826987571513 0.8564453125 0.003156441112645492 0.0029296875
0 0.17858551982639573 0.85986328125 0.007397908857762872 0.0107421875
0 0.45245610574077727 0.857666015625 0.008680213059775104 0.00732421875
0 0.29335174590649044 0.8583984375 0.004931939238508582 0.009765625
0 0.5413296508187019 0.856689453125 0.010455711185638194 0.00732421875
0 0.3201814953639771 0.85498046875 0.004537384099427895 0.0048828125
0 0.3129808640757546 0.8544921875 0.0025646084040244622 0.00390625
0 0.2973959360820675 0.855712890625 0.005326494377589268 0.00634765625
0 0.32560662852633654 0.854736328125 0.004537384099427895 0.00537109375
0 0.27248964292759914 0.853515625 0.0008877490629315447 0.0029296875
0 0.5640165713158414 0.853271484375 0.002959163543105149 0.00341796875
0 0.21986585125271257 0.85302734375 0.0013809429867824028 0.00390625
0 0.5579502860524759 0.8525390625 0.002663247188794634 0.00390625
0 0.5341783389228645 0.85205078125 0.002071414480173604 0.0029296875
0 0.48658512527125664 0.852294921875 0.0051292168080489245 0.00341796875
0 0.20773328072598146 0.852783203125 0.0011836654172420597 0.00439453125
0 0.30898599329256266 0.85498046875 0.0028605247583349774 0.009765625
0 0.22548826198461236 0.851806640625 0.002170053264943776 0.00341796875
0 0.20408364568948512 0.8515625 0.004734661668968239 0.0029296875
0 0.18479976326691655 0.851318359375 0.0036496350364963502 0.00244140625
0 0.1738508581574275 0.851318359375 0.0016768593410929177 0.00244140625
0 0.5688991911619649 0.850341796875 0.004044190175577037 0.00244140625
0 0.5312191753797593 0.851318359375 0.0030578023278753207 0.00439453125
0 0.25774314460445846 0.85107421875 0.002170053264943776 0.00390625
0 0.20023673308344841 0.85400390625 0.003748273821266522 0.009765625
0 0.4412606036693628 0.85107421875 0.004044190175577037 0.0048828125
0 0.42449201025843364 0.850341796875 0.0028605247583349774 0.00341796875
0 0.31589070822647464 0.8505859375 0.002663247188794634 0.00390625
0 0.1714835273229434 0.850830078125 0.002465969619254291 0.00439453125
0 0.48135726967843756 0.85009765625 0.003550996251726179 0.00390625
0 0.5277174985204183 0.84912109375 0.005918327086210298 0.0029296875
0 0.46123495758532257 0.848876953125 0.003550996251726179 0.00244140625
0 0.28950483330045373 0.849609375 0.002170053264943776 0.0068359375
0 0.28171236930361016 0.84765625 0.003156441112645492 0.0029296875
0 0.27742158216610774 0.848388671875 0.00424146774511738 0.00439453125
0 0.2916255671730124 0.84716796875 0.001874136910633261 0.0029296875
0 0.18050897612941408 0.848876953125 0.0025646084040244622 0.00634765625
0 0.5215032550798974 0.846923828125 0.006510159794831328 0.00341796875
0 0.32358453343854804 0.846435546875 0.003255079897415664 0.00341796875
0 0.2960643124876702 0.847412109375 0.003255079897415664 0.00537109375
0 0.21103768001578221 0.845947265625 0.002663247188794634 0.00244140625
0 0.479877687906885 0.845458984375 0.0025646084040244622 0.00244140625
0 0.2944860919313474 0.845458984375 0.0008877490629315447 0.00244140625
0 0.2586802130597751 0.845703125 0.0038469126060366936 0.0029296875
0 0.2652890116393766 0.846435546875 0.00424146774511738 0.00537109375
0 0.32817123693036104 0.844482421875 0.002170053264943776 0.00244140625
0 0.19392385085815741 0.84521484375 0.002170053264943776 0.00390625
0 0.5446340501085026 0.84375 0.002663247188794634 0.001953125
0 0.489100414282896 0.84423828125 0.002465969619254291 0.0029296875
0 0.4509765239692247 0.846923828125 0.016374038271848492 0.00830078125
0 0.20418228447425527 0.844482421875 0.0023673308344841193 0.00341796875
0 0.5680114420990333 0.84375 0.002663247188794634 0.0029296875
0 0.3116492404813573 0.843505859375 0.001874136910633261 0.00244140625
0 0.30957782600118366 0.84326171875 0.001085026632471888 0.001953125
0 0.3001578220556323 0.843505859375 0.0027618859735648055 0.00341796875
0 0.25364963503649635 0.843994140625 0.00542513316235944 0.00537109375
0 0.536742947326889 0.84228515625 0.003255079897415664 0.0029296875
0 0.5054251331623595 0.843017578125 0.0061156046557506415 0.00439453125
0 0.6952554744525548 0.842529296875 0.004636022884198066 0.00439453125
0 0.3157427500493194 0.84375 0.003748273821266522 0.0068359375
0 0.17927599131978694 0.842041015625 0.003452357466956007 0.00341796875
0 0.5186920497139476 0.84130859375 0.003255079897415664 0.0029296875
0 0.4621720260406392 0.84228515625 0.006411521010061156 0.0048828125
0 0.21079108305385677 0.841064453125 0.0027618859735648055 0.00244140625
0 0.5882817123693036 0.841796875 0.008877490629315447 0.0048828125
0 0.4472282501479582 0.84033203125 0.002959163543105149 0.0029296875
0 0.4359834286841586 0.8408203125 0.003748273821266522 0.00390625
0 0.275300848293549 0.841796875 0.006904714933912014 0.005859375
0 0.4547741171828763 0.841064453125 0.0077924639968435586 0.00537109375
0 0.302870388636812 0.84033203125 0.001085026632471888 0.00390625
0 0.19989149733675282 0.83984375 0.004044190175577037 0.0029296875
0 0.551736042611955 0.839111328125 0.002465969619254291 0.00244140625
0 0.20502071414480175 0.83984375 0.004636022884198066 0.00390625
0 0.5305287038863681 0.83984375 0.006806076149141842 0.005859375
0 0.3117971986585125 0.8388671875 0.003550996251726179 0.00390625
0 0.2976425330439929 0.84375 0.007003353718682186 0.013671875
0 0.6038173209706057 0.837890625 0.0036496350364963502 0.0029296875
0 0.578713750246597 0.839111328125 0.008877490629315447 0.00537109375
0 0.5711185638192937 0.837890625 0.003748273821266522 0.0029296875
0 0.5224896429275991 0.837646484375 0.0027618859735648055 0.00244140625
0 0.4329256263562833 0.837646484375 0.0023673308344841193 0.00244140625
0 0.19629118169264154 0.837890625 0.0011836654172420597 0.0029296875
0 0.17463996843558888 0.837158203125 0.0012823042020122311 0.00244140625
0 0.6990530676662063 0.84033203125 0.0072992700729927005 0.009765625
0 0.19175379759321365 0.83740234375 0.0072992700729927005 0.0048828125
0 0.48589465377786545 0.8359375 0.005326494377589268 0.0029296875
0 0.2537482738212665 0.8369140625 0.0030578023278753207 0.005859375
0 0.5853718682185836 0.83447265625 0.0016768593410929177 0.001953125
0 0.22938449398303412 0.835205078125 0.0030578023278753207 0.00341796875
0 0.579848096271454 0.834228515625 0.0038469126060366936 0.00244140625
0 0.5558788715723022 0.835693359375 0.008581574275004932 0.00537109375
0 0.5980469520615506 0.833740234375 0.0019727756954034327 0.00244140625
0 0.32116788321167883 0.836669921875 0.003550996251726179 0.00830078125
0 0.5433024265141053 0.83447265625 0.0039455513908068654 0.0048828125
0 0.27066482540935094 0.833251953125 0.002170053264943776 0.00244140625
0 0.4673998816334583 0.8330078125 0.002663247188794634 0.0029296875
0 0.3248175182481752 0.833251953125 0.0011836654172420597 0.00341796875
0 0.27766817912803315 0.83447265625 0.004734661668968239 0.005859375
0 0.23278753205760505 0.835693359375 0.0033537186821858355 0.00830078125
0 0.25922272637601107 0.835693359375 0.005523771947129611 0.00927734375
0 0.5018741369106332 0.83203125 0.0019727756954034327 0.0029296875
0 0.28985006904714933 0.8349609375 0.005819688301440126 0.0087890625
0 0.2823535214046163 0.83251953125 0.005227855592819097 0.00390625
0 0.1989544288814362 0.831787109375 0.0033537186821858355 0.00341796875
0 0.45926218188991913 0.833251953125 0.008285657920694417 0.00732421875
0 0.3217103965279148 0.831298828125 0.004044190175577037 0.00439453125
0 0.2975932136516078 0.831787109375 0.003550996251726179 0.00537109375
0 0.29374630104557115 0.830322265625 0.0009863878477017164 0.00244140625
0 0.25128230420201225 0.83154296875 0.0022686920497139475 0.0048828125
0 0.49501874136910634 0.830078125 0.0036496350364963502 0.0029296875
0 0.4629118169264155 0.83056640625 0.004734661668968239 0.00390625
0 0.3152495561254685 0.831298828125 0.0051292168080489245 0.00537109375
0 0.49077727362398893 0.830322265625 0.0038469126060366936 0.00439453125
0 0.26662063523377394 0.829833984375 0.0039455513908068654 0.00341796875
0 0.23170250542513315 0.829833984375 0.001578220556322746 0.00341796875
0 0.5173111067271651 0.828857421875 0.0028605247583349774 0.00244140625
0 0.24679423949496943 0.829345703125 0.003156441112645492 0.00341796875
0 0.470112448214638 0.82861328125 0.002959163543105149 0.0029296875
0 0.22874334188202802 0.82861328125 0.0017754981258630894 0.0029296875
0 0.24013612152298283 0.827392578125 0.0014795817715525744 0.00146484375
0 0.4200532649437759 0.828369140625 0.003452357466956007 0.00439453125
0 0.32674097455119355 0.827880859375 0.0014795817715525744 0.00341796875
0 0.20733872558690078 0.827392578125 0.0025646084040244622 0.00244140625
0 0.458621029788913 0.826904296875 0.0014795817715525744 0.00244140625
0 0.22090155849279938 0.826904296875 0.002071414480173604 0.00244140625
0 0.5093213651607812 0.8271484375 0.0066087985796014995 0.00390625
0 0.2754488064707043 0.82763671875 0.003452357466956007 0.0048828125
0 0.5225882817123693 0.825927734375 0.0023673308344841193 0.00244140625
0 0.3215131189583744 0.82666015625 0.003255079897415664 0.00390625
0 0.25749654764253305 0.826171875 0.00424146774511738 0.0029296875
0 0.44007693825212074 0.82568359375 0.0022686920497139475 0.0029296875
0 0.25364963503649635 0.826904296875 0.0030578023278753207 0.00537109375
0 0.5794535411323732 0.82666015625 0.007397908857762872 0.005859375
0 0.2865949891497337 0.825927734375 0.005030578023278753 0.00439453125
0 0.21473663444466365 0.8251953125 0.0025646084040244622 0.0029296875
0 0.2020615506016966 0.824951171875 0.0016768593410929177 0.00244140625
0 0.46404616295127243 0.824951171875 0.0066087985796014995 0.00439453125
0 0.31806076149141843 0.825927734375 0.0030578023278753207 0.00634765625
0 0.2801341487472874 0.824462890625 0.004734661668968239 0.00341796875
0 0.5588873545077925 0.82421875 0.004734661668968239 0.00390625
0 0.1989051094890511 0.823486328125 0.0016768593410929177 0.00244140625
0 0.6992996646281318 0.825439453125 0.009567962122706648 0.00732421875
0 0.6536299072795423 0.82421875 0.008778851844545275 0.0048828125
0 0.30124284868810414 0.8232421875 0.0009863878477017164 0.0029296875
0 0.2993687117774709 0.824951171875 0.002959163543105149 0.00732421875
0 0.2652890116393766 0.82275390625 0.0022686920497139475 0.00390625
0 0.5853718682185836 0.821533203125 0.004636022884198066 0.00244140625
0 0.5507989741566384 0.822265625 0.004340106529887552 0.00390625
0 0.3083941605839416 0.822021484375 0.0014795817715525744 0.00341796875
0 0.2952258828171237 0.822265625 0.004340106529887552 0.00390625
0 0.23313276780430064 0.8251953125 0.0044387453146577235 0.009765625
0 0.1842079305582955 0.822998046875 0.008187019135924246 0.00537109375
0 0.17690866048530282 0.821533203125 0.001085026632471888 0.00244140625
0 0.577036890905504 0.822265625 0.003550996251726179 0.0048828125
0 0.17493588478989938 0.8212890625 0.0016768593410929177 0.0029296875
0 0.5974551193529296 0.822265625 0.010258433616097849 0.005859375
0 0.3254586703491813 0.821044921875 0.002663247188794634 0.00439453125
0 0.3136713355691458 0.8203125 0.001578220556322746 0.0029296875
0 0.4860426119550207 0.820068359375 0.0036496350364963502 0.00341796875
0 0.4566975734858947 0.82080078125 0.004931939238508582 0.0048828125
0 0.24082659301637405 0.82177734375 0.00542513316235944 0.0068359375
0 0.20211086999408168 0.819580078125 0.0009863878477017164 0.00244140625
0 0.5145985401459854 0.819091796875 0.0019727756954034327 0.00244140625
0 0.25404419017557706 0.81884765625 0.0012823042020122311 0.001953125
0 0.5689485105543499 0.818359375 0.001578220556322746 0.001953125
0 0.24807654369698165 0.8212890625 0.003156441112645492 0.0078125
0 0.72410731899783 0.818359375 0.004537384099427895 0.0029296875
0 0.5032550798974157 0.8203125 0.005523771947129611 0.0068359375
0 0.32836851449990134 0.818359375 0.0009863878477017164 0.0029296875
0 0.310909449595581 0.818115234375 0.0009863878477017164 0.00244140625
0 0.2444269086604853 0.819580078125 0.003156441112645492 0.00537109375
0 0.5793549023476031 0.817626953125 0.002071414480173604 0.00244140625
0 0.3177648451371079 0.8173828125 0.001874136910633261 0.001953125
0 0.2725882817123693 0.8193359375 0.004636022884198066 0.005859375
0 0.17991714342079307 0.8173828125 0.0017754981258630894 0.001953125
0 0.5759025448806471 0.81689453125 0.0022686920497139475 0.001953125
0 0.4624186230025646 0.817138671875 0.0033537186821858355 0.00244140625
0 0.30060169658709807 0.81787109375 0.0028605247583349774 0.0048828125
0 0.5435490234760307 0.817138671875 0.003452357466956007 0.00439453125
0 0.4495955809824423 0.819091796875 0.007891102781613731 0.00830078125
0 0.2791970802919708 0.8173828125 0.0044387453146577235 0.0048828125
0 0.2641546656145196 0.818115234375 0.0025646084040244622 0.00634765625
0 0.6912606036693628 0.81591796875 0.0039455513908068654 0.0029296875
0 0.5471986585125271 0.8173828125 0.0030578023278753207 0.005859375
0 0.32624778062734267 0.815673828125 0.0014795817715525744 0.00244140625
0 0.289110278161373 0.815673828125 0.0013809429867824028 0.00244140625
0 0.5600710199250345 0.815185546875 0.002959163543105149 0.00244140625
0 0.5365949891497337 0.81591796875 0.006707437364371671 0.00390625
0 0.5089761294140857 0.815185546875 0.0019727756954034327 0.00244140625
0 0.62645492207536 0.81591796875 0.006510159794831328 0.005859375
0 0.5697376208325113 0.814697265625 0.004537384099427895 0.00341796875
0 0.5299368711777471 0.815673828125 0.006411521010061156 0.00537109375
0 0.4562043795620438 0.814697265625 0.005326494377589268 0.00341796875
0 0.23510554349970408 0.81494140625 0.002465969619254291 0.00390625
0 0.2667192740185441 0.8134765625 0.0011836654172420597 0.001953125
0 0.2502465969619254 0.813720703125 0.0011836654172420597 0.00244140625
0 0.27668179128033143 0.81298828125 0.0017754981258630894 0.001953125
0 0.26094890510948904 0.815673828125 0.0038469126060366936 0.00732421875
0 0.4856973762083251 0.812744140625 0.002170053264943776 0.00244140625
0 0.41334582757940425 0.8125 0.001874136910633261 0.001953125
0 0.6745906490432038 0.8125 0.005918327086210298 0.0029296875
0 0.5525744722825014 0.814208984375 0.006510159794831328 0.00634765625
0 0.253452357466956 0.812744140625 0.0014795817715525744 0.00341796875
0 0.6104261195502071 0.811767578125 0.0030578023278753207 0.00244140625
0 0.3073584533438548 0.812744140625 0.003748273821266522 0.00439453125
0 0.2862497534030381 0.814208984375 0.004142828960347208 0.00732421875
0 0.5610080883803511 0.81103515625 0.0022686920497139475 0.001953125
0 0.4367232195699349 0.812255859375 0.001874136910633261 0.00439453125
0 0.3625468534227658 0.8115234375 0.001874136910633261 0.0029296875
0 0.4714933912014204 0.81103515625 0.003550996251726179 0.0029296875
0 0.2751035707240087 0.810791015625 0.0013809429867824028 0.00244140625
0 0.3314263168277767 0.810791015625 0.002170053264943776 0.00341796875
0 0.5244624186230026 0.81005859375 0.003550996251726179 0.0029296875
0 0.2799861905701322 0.811279296875 0.005819688301440126 0.00537109375
0 0.4753896231998422 0.8095703125 0.002465969619254291 0.0029296875
0 0.45048333004537383 0.810546875 0.005721049516669955 0.0048828125
0 0.32565594791872166 0.809326171875 0.002663247188794634 0.00244140625
0 0.31352337739199054 0.81201171875 0.005227855592819097 0.0078125
0 0.2645492207536003 0.81005859375 0.001578220556322746 0.00390625
0 0.5700335371868218 0.80908203125 0.0033537186821858355 0.0029296875
0 0.5458177155257448 0.808837890625 0.004044190175577037 0.00244140625
0 0.5422667192740186 0.808837890625 0.001874136910633261 0.00244140625
0 0.5159794831327678 0.80908203125 0.0023673308344841193 0.0029296875
0 0.28989938843953444 0.808837890625 0.0009863878477017164 0.00244140625
0 0.23796606825803907 0.808837890625 0.001085026632471888 0.00244140625
0 0.5634740579996055 0.80810546875 0.001085026632471888 0.001953125
0 0.3473071611757743 0.809326171875 0.004537384099427895 0.00439453125
0 0.21133359637009272 0.80859375 0.0012823042020122311 0.0029296875
0 0.5133162359439731 0.8076171875 0.0023673308344841193 0.0029296875
0 0.3025744722825015 0.81005859375 0.005030578023278753 0.0078125
0 0.20398500690471494 0.807861328125 0.0023673308344841193 0.00341796875
0 0.33463207733280725 0.80810546875 0.002663247188794634 0.0048828125
0 0.30755573091339516 0.806884765625 0.001578220556322746 0.00244140625
0 0.6921483527322944 0.806884765625 0.005326494377589268 0.00341796875
0 0.6054941803116985 0.806396484375 0.0022686920497139475 0.00244140625
0 0.5584927993687118 0.806640625 0.0025646084040244622 0.0029296875
0 0.46572302229236534 0.806884765625 0.0036496350364963502 0.00341796875
0 0.42365358058788716 0.8095703125 0.002959163543105149 0.0087890625
0 0.4544288814361807 0.80615234375 0.001578220556322746 0.0029296875
0 0.44308542118761096 0.80615234375 0.0033537186821858355 0.0029296875
0 0.2642533043992898 0.8056640625 0.0011836654172420597 0.001953125
0 0.3543105148944565 0.806640625 0.004734661668968239 0.0048828125
0 0.3391201420398501 0.807861328125 0.005523771947129611 0.00732421875
0 0.3209212862497534 0.806640625 0.002663247188794634 0.0048828125
0 0.3175182481751825 0.80615234375 0.001578220556322746 0.00390625
0 0.7208522391004143 0.807373046875 0.008088380351154074 0.00732421875
0 0.255770368909055 0.806396484375 0.0019727756954034327 0.00634765625
0 0.32698757151311897 0.804931640625 0.0033537186821858355 0.00439453125
0 0.4638488853817321 0.802734375 0.0016768593410929177 0.001953125
0 0.44870783191951075 0.8037109375 0.004142828960347208 0.00390625
0 0.35791083053856776 0.8056640625 0.002663247188794634 0.0078125
0 0.24265141053462222 0.80322265625 0.0023673308344841193 0.0029296875
0 0.28570724008680215 0.803466796875 0.0028605247583349774 0.00439453125
0 0.24590649043203788 0.80419921875 0.0027618859735648055 0.005859375
0 0.2283981061353324 0.80517578125 0.00424146774511738 0.0078125
0 0.4348984020516867 0.80224609375 0.0027618859735648055 0.0029296875
0 0.42409745511935293 0.802001953125 0.001874136910633261 0.00244140625
0 0.35480370881830736 0.80126953125 0.0011836654172420597 0.001953125
0 0.33547050700335374 0.802001953125 0.002170053264943776 0.00341796875
0 0.3140165713158414 0.80224609375 0.002071414480173604 0.00390625
0 0.5474452554744526 0.803955078125 0.006312882225290984 0.00830078125
0 0.39953639771158017 0.8017578125 0.0036496350364963502 0.00390625
0 0.23446439139869796 0.801025390625 0.0009863878477017164 0.00244140625
0 0.5577530084829355 0.800537109375 0.002071414480173604 0.00244140625
0 0.36185638192937464 0.801025390625 0.0028605247583349774 0.00341796875
0 0.34375616492404815 0.8017578125 0.009272045768396133 0.0048828125
0 0.5608601302031959 0.80029296875 0.0019727756954034327 0.0029296875
0 0.4978792661274413 0.800537109375 0.005227855592819097 0.00341796875
0 0.5862596172815151 0.79931640625 0.002663247188794634 0.001953125
0 0.4665614519629118 0.799560546875 0.004142828960347208 0.00244140625
0 0.4289800749654764 0.801025390625 0.004537384099427895 0.00537109375
0 0.32111856381929377 0.799560546875 0.0012823042020122311 0.00244140625
0 0.3152988755178536 0.800537109375 0.0028605247583349774 0.00439453125
0 0.27978891300059183 0.799560546875 0.0008877490629315447 0.00244140625
0 0.2764845137107911 0.80029296875 0.0013809429867824028 0.00390625
0 0.4176859341092918 0.802490234375 0.002465969619254291 0.00927734375
0 0.24156638390215032 0.799560546875 0.0009863878477017164 0.00341796875
0 0.22346616689682383 0.79931640625 0.002071414480173604 0.0029296875
0 0.2544387453146577 0.798828125 0.001874136910633261 0.0029296875
0 0.24792858551982638 0.799072265625 0.002663247188794634 0.00341796875
0 0.5709706056421385 0.798828125 0.001874136910633261 0.00390625
0 0.5456204379562044 0.798095703125 0.00424146774511738 0.00244140625
0 0.33739396330637206 0.799560546875 0.002663247188794634 0.00537109375
0 0.2263266916551588 0.79833984375 0.0022686920497139475 0.0029296875
0 0.5841882028013415 0.79736328125 0.0016768593410929177 0.001953125
0 0.44491023870585916 0.79833984375 0.0038469126060366936 0.00390625
0 0.3305878871572302 0.7998046875 0.00424146774511738 0.0068359375
0 0.3025251528901164 0.7998046875 0.003748273821266522 0.0068359375
0 0.23707831919510752 0.7978515625 0.002071414480173604 0.0029296875
0 0.34854014598540145 0.797607421875 0.004636022884198066 0.00341796875
0 0.27391990530676663 0.802001953125 0.0051292168080489245 0.01220703125
0 0.529295719076741 0.79638671875 0.0027618859735648055 0.001953125
0 0.3101203393174196 0.796630859375 0.0011836654172420597 0.00244140625
0 0.5381238903136714 0.796142578125 0.0036496350364963502 0.00341796875
0 0.6957979877687906 0.7958984375 0.0051292168080489245 0.00390625
0 0.5958768987966069 0.795166015625 0.004142828960347208 0.00244140625
0 0.4001775498125863 0.795166015625 0.0027618859735648055 0.00244140625
0 0.39485105543499704 0.79638671875 0.0039455513908068654 0.0048828125
0 0.3406983625961728 0.7958984375 0.0051292168080489245 0.00390625
0 0.3176662063523377 0.79541015625 0.0012823042020122311 0.0029296875
0 0.3119944762280529 0.800537109375 0.003550996251726179 0.01318359375
0 0.579848096271454 0.796142578125 0.0044387453146577235 0.00537109375
0 0.45566186624580785 0.794677734375 0.002663247188794634 0.00244140625
0 0.41009074768198855 0.797607421875 0.007200631288222529 0.00830078125
0 0.2906391793253107 0.79638671875 0.0016768593410929177 0.005859375
0 0.46301045571118565 0.794189453125 0.003156441112645492 0.00244140625
0 0.2963109094495956 0.795654296875 0.0025646084040244622 0.00537109375
0 0.5106036693627934 0.7939453125 0.002465969619254291 0.0029296875
0 0.22021108699940817 0.799072265625 0.00483330045373841 0.01318359375
0 0.575310712172026 0.793212890625 0.0030578023278753207 0.00244140625
0 0.24625172617873348 0.792236328125 0.001085026632471888 0.00244140625
0 0.21621621621621623 0.793212890625 0.002170053264943776 0.00439453125
0 0.33162359439731703 0.7919921875 0.0013809429867824028 0.0029296875
0 0.22711580193332018 0.792724609375 0.001085026632471888 0.00439453125
0 0.6261590057210495 0.79296875 0.00848293549023476 0.005859375
0 0.6174787926612744 0.791259765625 0.003550996251726179 0.00244140625
0 0.27313079502860527 0.791015625 0.0013809429867824028 0.001953125
0 0.4385480370881831 0.791015625 0.004734661668968239 0.0029296875
0 0.3083941605839416 0.79150390625 0.003255079897415664 0.00390625
0 0.23130795028605247 0.791259765625 0.0011836654172420597 0.00341796875
0 0.6817419609390413 0.79052734375 0.002663247188794634 0.00390625
0 0.35066087985796013 0.79150390625 0.006904714933912014 0.005859375
0 0.3427697770763464 0.791259765625 0.005918327086210298 0.00537109375
0 0.5955809824422963 0.789794921875 0.0023673308344841193 0.00341796875
0 0.5014302623791674 0.789306640625 0.004044190175577037 0.00244140625
0 0.4669560071019925 0.7890625 0.0013809429867824028 0.001953125
0 0.28422765831524954 0.789306640625 0.0006904714933912014 0.00244140625
0 0.27702702702702703 0.789306640625 0.001874136910633261 0.00244140625
0 0.26445058196883015 0.7890625 0.0009863878477017164 0.001953125
0 0.22277569540343262 0.792724609375 0.0036496350364963502 0.00927734375
0 0.2552771749852042 0.7900390625 0.0025646084040244622 0.0048828125
0 0.24980272243045964 0.788818359375 0.001085026632471888 0.00244140625
0 0.24329256263562832 0.79052734375 0.001874136910633261 0.005859375
0 0.38217597159203 0.78857421875 0.002071414480173604 0.0029296875
0 0.48027224304596566 0.787353515625 0.0017754981258630894 0.00244140625
0 0.4629118169264155 0.787353515625 0.0017754981258630894 0.00244140625
0 0.45748668376405605 0.787109375 0.0027618859735648055 0.001953125
0 0.3261491418425725 0.791015625 0.0066087985796014995 0.009765625
0 0.31268494772144406 0.788818359375 0.0013809429867824028 0.00537109375
0 0.6604359834286841 0.7880859375 0.008384296705464589 0.0048828125
0 0.6666502268692049 0.7861328125 0.0028605247583349774 0.001953125
0 0.47524166502268694 0.78759765625 0.004537384099427895 0.0048828125
0 0.2993687117774709 0.787353515625 0.005918327086210298 0.00439453125
0 0.5813276780430066 0.787109375 0.00897612941408562 0.0048828125
0 0.5501578220556322 0.78662109375 0.0044387453146577235 0.0048828125
0 0.33487867429473267 0.79150390625 0.0072992700729927005 0.0146484375
0 0.29182284474255277 0.786376953125 0.0016768593410929177 0.00439453125
0 0.23594397317025054 0.790771484375 0.008285657920694417 0.01318359375
0 0.7048234365752614 0.787109375 0.008581574275004932 0.0068359375
0 0.35865062142434406 0.784912109375 0.004734661668968239 0.00244140625
0 0.34133951469717894 0.78515625 0.0030578023278753207 0.0029296875
0 0.31026829749457485 0.78466796875 0.0016768593410929177 0.001953125
0 0.1853915959755376 0.78515625 0.002465969619254291 0.0029296875
0 0.731012033931742 0.78466796875 0.005326494377589268 0.0029296875
0 0.6897810218978102 0.78515625 0.006904714933912014 0.00390625
0 0.5138094298678241 0.7841796875 0.0027618859735648055 0.001953125
0 0.308048924837246 0.78466796875 0.002170053264943776 0.0029296875
0 0.22701716314855 0.78564453125 0.002663247188794634 0.0048828125
0 0.6600907476819886 0.78369140625 0.003156441112645492 0.001953125
0 0.6501775498125864 0.784912109375 0.00542513316235944 0.00439453125
0 0.49950680607614917 0.783935546875 0.0033537186821858355 0.00244140625
0 0.4673012428486881 0.78466796875 0.006016965870980469 0.00390625
0 0.3804991122509371 0.783447265625 0.0028605247583349774 0.00244140625
0 0.2506411521010061 0.783447265625 0.000789110278161373 0.00244140625
0 0.5703787729335175 0.783447265625 0.0036496350364963502 0.00439453125
0 0.5105050305780233 0.782470703125 0.003255079897415664 0.00244140625
0 0.35337344643913987 0.783935546875 0.003452357466956007 0.00537109375
0 0.29818504636022886 0.7822265625 0.0009863878477017164 0.001953125
0 0.4958078516472677 0.782470703125 0.0030578023278753207 0.00341796875
0 0.2211974748471099 0.78564453125 0.007200631288222529 0.009765625
0 0.46123495758532257 0.78173828125 0.0025646084040244622 0.0029296875
0 0.30262379167488657 0.7822265625 0.004537384099427895 0.00390625
0 0.5665811797198659 0.781005859375 0.0025646084040244622 0.00244140625
0 0.3222529098441507 0.7822265625 0.0019727756954034327 0.0048828125
0 0.31796212270664825 0.78369140625 0.0038469126060366936 0.0078125
0 0.2636614716906688 0.781005859375 0.0023673308344841193 0.00341796875
0 0.3289603472085224 0.781494140625 0.003748273821266522 0.00537109375
0 0.2685934109291774 0.780517578125 0.0025646084040244622 0.00341796875
0 0.2525152890116394 0.780029296875 0.0009863878477017164 0.00244140625
0 0.3397119747484711 0.779541015625 0.0011836654172420597 0.00244140625
0 0.31998421779443675 0.780029296875 0.0017754981258630894 0.00341796875
0 0.22968041033734465 0.78173828125 0.0028605247583349774 0.0068359375
0 0.5728940619451568 0.779052734375 0.0027618859735648055 0.00244140625
0 0.5138094298678241 0.779052734375 0.0017754981258630894 0.00244140625
0 0.2808246202406786 0.779296875 0.0011836654172420597 0.0029296875
0 0.2363878477017163 0.7802734375 0.0028605247583349774 0.0048828125
0 0.5349674492010258 0.779541015625 0.0036496350364963502 0.00537109375
0 0.5261392779640954 0.778564453125 0.004734661668968239 0.00341796875
0 0.3310810810810811 0.7783203125 0.002465969619254291 0.0029296875
0 0.25029591635431053 0.778076171875 0.0008877490629315447 0.00341796875
0 0.3028210692444269 0.777099609375 0.0017754981258630894 0.00244140625
0 0.7036890905504044 0.77685546875 0.0051292168080489245 0.0029296875
0 0.5099131978694023 0.77783203125 0.00542513316235944 0.0048828125
0 0.4996547642533044 0.7783203125 0.005622410731899783 0.005859375
0 0.30740777273623987 0.77880859375 0.003255079897415664 0.0068359375
0 0.4648352732294338 0.776123046875 0.002663247188794634 0.00244140625
0 0.3355198263957388 0.777587890625 0.00424146774511738 0.00537109375
0 0.36846518050897614 0.77880859375 0.006806076149141842 0.0087890625
0 0.2333793647662261 0.776123046875 0.0011836654172420597 0.00341796875
0 0.4485105543499704 0.775634765625 0.0013809429867824028 0.00341796875
0 0.3242750049319392 0.776611328125 0.0028605247583349774 0.00537109375
0 0.2399881633458276 0.777099609375 0.005918327086210298 0.00634765625
0 0.6020911422371277 0.776611328125 0.004734661668968239 0.00634765625
0 0.3338429670546459 0.774658203125 0.0016768593410929177 0.00244140625
0 0.32072400868021306 0.77490234375 0.0036496350364963502 0.0029296875
0 0.2911323732491616 0.774658203125 0.001085026632471888 0.00244140625
0 0.5861609784967449 0.77490234375 0.0036496350364963502 0.00390625
0 0.5773821266521997 0.774169921875 0.0022686920497139475 0.00244140625
0 0.6970309725784178 0.775146484375 0.00897612941408562 0.00537109375
0 0.6667981850463602 0.776123046875 0.007693825212073387 0.00732421875
0 0.2441803116985599 0.773681640625 0.0008877490629315447 0.00244140625
0 0.48623988952456104 0.77490234375 0.011343460248569737 0.005859375
0 0.4593608206746893 0.77294921875 0.004537384099427895 0.0029296875
0 0.3164332215427106 0.77294921875 0.0011836654172420597 0.0029296875
0 0.3004044190175577 0.77392578125 0.002071414480173604 0.0048828125
0 0.6069737620832512 0.772216796875 0.0044387453146577235 0.00244140625
0 0.598293549023476 0.772216796875 0.001874136910633261 0.00244140625
0 0.5116886959952653 0.771484375 0.001874136910633261 0.001953125
0 0.20876898796606827 0.771484375 0.0012823042020122311 0.001953125
0 0.22129611363188006 0.771484375 0.0014795817715525744 0.0029296875
0 0.6365653975143026 0.771728515625 0.008187019135924246 0.00439453125
0 0.31870191359242456 0.77099609375 0.0019727756954034327 0.0029296875
0 0.26795225882817125 0.7705078125 0.0008877490629315447 0.001953125
0 0.7309627145393569 0.77197265625 0.0066087985796014995 0.005859375
0 0.6481061353324127 0.77294921875 0.01154073781811008 0.0078125
0 0.5731899782994674 0.772216796875 0.004931939238508582 0.00634765625
0 0.1866739001775498 0.77099609375 0.002071414480173604 0.00390625
0 0.2876800157822056 0.76953125 0.001085026632471888 0.001953125
0 0.1894851055434997 0.77001953125 0.0017754981258630894 0.0029296875
0 0.5645590846320774 0.76904296875 0.0014795817715525744 0.001953125
0 0.5346715328467153 0.768798828125 0.002663247188794634 0.00244140625
0 0.2156243835075952 0.768798828125 0.002170053264943776 0.00244140625
0 0.5382225290984415 0.7685546875 0.004044190175577037 0.0029296875
0 0.3305878871572302 0.768310546875 0.0012823042020122311 0.00244140625
0 0.23959360820674688 0.768798828125 0.0011836654172420597 0.00341796875
0 0.1982146379956599 0.769287109375 0.0014795817715525744 0.00439453125
0 0.48767015190372853 0.76806640625 0.004931939238508582 0.0029296875
0 0.32314065890708227 0.767822265625 0.000789110278161373 0.00244140625
0 0.3129808640757546 0.76806640625 0.002170053264943776 0.0029296875
0 0.51154073781811 0.76708984375 0.001578220556322746 0.001953125
0 0.30582955217991714 0.767822265625 0.002663247188794634 0.00341796875
0 0.2906884987176958 0.767822265625 0.0009863878477017164 0.00341796875
0 0.6606825803906096 0.767333984375 0.002170053264943776 0.00341796875
0 0.34198066679818506 0.768798828125 0.005918327086210298 0.00634765625
0 0.4625665811797199 0.76708984375 0.0030578023278753207 0.00390625
0 0.2238607220359045 0.768310546875 0.002465969619254291 0.00634765625
0 0.287926612744131 0.765869140625 0.001578220556322746 0.00244140625
0 0.23042020122312093 0.765869140625 0.0011836654172420597 0.00244140625
0 0.2677056618662458 0.765380859375 0.0011836654172420597 0.00244140625
0 0.22193726573288616 0.766357421875 0.0013809429867824028 0.00439453125
0 0.5433517459064904 0.765869140625 0.005227855592819097 0.00439453125
0 0.23964292759913197 0.7646484375 0.0006904714933912014 0.001953125
0 0.43179128033142633 0.764404296875 0.0012823042020122311 0.00244140625
0 0.32698757151311897 0.76611328125 0.001578220556322746 0.005859375
0 0.23308344841191556 0.764892578125 0.0011836654172420597 0.00341796875
0 0.21858354705070032 0.765625 0.002170053264943776 0.0048828125
0 0.6518050897612941 0.764892578125 0.004931939238508582 0.00439453125
0 0.4673012428486881 0.763916015625 0.0022686920497139475 0.00244140625
0 0.3987966068258039 0.763671875 0.0017754981258630894 0.001953125
0 0.23722627737226276 0.7646484375 0.0033537186821858355 0.0048828125
0 0.5553363582560663 0.7626953125 0.0011836654172420597 0.001953125
0 0.47933517459064906 0.76318359375 0.0030578023278753207 0.0029296875
0 0.7193726573288617 0.76416015625 0.006707437364371671 0.005859375
0 0.5368415861116591 0.76220703125 0.002465969619254291 0.001953125
0 0.4853521404616295 0.7626953125 0.002465969619254291 0.0029296875
0 0.6889425922272637 0.7626953125 0.00483330045373841 0.00390625
0 0.40131189583744326 0.76220703125 0.0016768593410929177 0.0029296875
0 0.2918721641349379 0.76171875 0.000789110278161373 0.001953125
0 0.18928782797395935 0.762451171875 0.0039455513908068654 0.00341796875
0 0.5750641152101006 0.76123046875 0.001578220556322746 0.001953125
0 0.408611165910436 0.76220703125 0.0014795817715525744 0.00390625
0 0.18415861116591042 0.76123046875 0.0011836654172420597 0.001953125
0 0.6927401854409153 0.76171875 0.002170053264943776 0.00390625
0 0.47302229236535803 0.760986328125 0.001874136910633261 0.00244140625
0 0.41226080094693235 0.761474609375 0.003255079897415664 0.00341796875
0 0.3129315446833695 0.76171875 0.0022686920497139475 0.00390625
0 0.25261392779640957 0.760986328125 0.0011836654172420597 0.00244140625
0 0.2406293154468337 0.76171875 0.001874136910633261 0.00390625
0 0.6744426908660486 0.76025390625 0.0012823042020122311 0.001953125
0 0.6617182876306964 0.76171875 0.007397908857762872 0.005859375
0 0.655208127835865 0.761474609375 0.005030578023278753 0.00537109375
0 0.6439633063720654 0.760009765625 0.00424146774511738 0.00244140625
0 0.3190964687315052 0.763916015625 0.004931939238508582 0.01025390625
0 0.24738607220359046 0.760009765625 0.0011836654172420597 0.00244140625
0 0.5624876701519037 0.761474609375 0.00976523969224699 0.00634765625
0 0.2353521404616295 0.760009765625 0.0019727756954034327 0.00341796875
0 0.22514302623791674 0.75927734375 0.0012823042020122311 0.001953125
0 0.42256855395541526 0.759033203125 0.001578220556322746 0.00244140625
0 0.4095482343657526 0.759033203125 0.0011836654172420597 0.00244140625
0 0.31579206944170446 0.760498046875 0.0028605247583349774 0.00537109375
0 0.24847109883606233 0.7587890625 0.000789110278161373 0.001953125
0 0.3234365752613928 0.759765625 0.003550996251726179 0.0048828125
0 0.311501282304202 0.7587890625 0.0019727756954034327 0.0029296875
0 0.6375024659696192 0.758056640625 0.0023673308344841193 0.00244140625
0 0.5909449595580982 0.759521484375 0.0027618859735648055 0.00537109375
0 0.5871966857368317 0.758056640625 0.002959163543105149 0.00244140625
0 0.4569441704478201 0.759033203125 0.004044190175577037 0.00439453125
0 0.3449891497336753 0.75927734375 0.0030578023278753207 0.0048828125
0 0.5939534424935885 0.75732421875 0.002465969619254291 0.001953125
0 0.4912211481554547 0.757568359375 0.003748273821266522 0.00244140625
0 0.404616295127244 0.759033203125 0.0013809429867824028 0.00537109375
0 0.26119550207141445 0.757568359375 0.0009863878477017164 0.00244140625
0 0.7138488853817321 0.758056640625 0.0033537186821858355 0.00439453125
0 0.5720556322746104 0.7568359375 0.002465969619254291 0.001953125
0 0.357466956007102 0.758056640625 0.0027618859735648055 0.00439453125
0 0.3314263168277767 0.759033203125 0.003156441112645492 0.00634765625
0 0.6451469717893076 0.75634765625 0.0028605247583349774 0.001953125
0 0.4032846715328467 0.7568359375 0.0008877490629315447 0.0029296875
0 0.2208522391004143 0.758056640625 0.003156441112645492 0.00537109375
0 0.6949102387058591 0.756103515625 0.0033537186821858355 0.00244140625
0 0.7176957979877688 0.756103515625 0.003550996251726179 0.00341796875
0 0.6785362004340106 0.755859375 0.0039455513908068654 0.0029296875
0 0.5756559479187217 0.7548828125 0.002170053264943776 0.001953125
0 0.2533537186821858 0.7548828125 0.001085026632471888 0.001953125
0 0.7000887749062932 0.75537109375 0.002071414480173604 0.00390625
0 0.400572104951667 0.7548828125 0.004340106529887552 0.0029296875
0 0.3001578220556323 0.754638671875 0.0009863878477017164 0.00244140625
0 0.35130203195896625 0.75439453125 0.002465969619254291 0.0029296875
0 0.3421779443677254 0.754638671875 0.0017754981258630894 0.00341796875
0 0.3136220161767607 0.75390625 0.0014795817715525744 0.001953125
0 0.7302229236535805 0.75390625 0.0033537186821858355 0.0029296875
0 0.3384296705464589 0.755615234375 0.004931939238508582 0.00634765625
0 0.18623002564608404 0.753662109375 0.0009863878477017164 0.00244140625
0 0.6680311698559874 0.753662109375 0.0044387453146577235 0.00341796875
0 0.5780232787532058 0.753173828125 0.0013809429867824028 0.00244140625
0 0.47859538370487276 0.752685546875 0.0033537186821858355 0.00244140625
0 0.5870980469520616 0.751953125 0.003550996251726179 0.001953125
0 0.4621720260406392 0.751953125 0.0022686920497139475 0.001953125
0 0.31727165121325707 0.753173828125 0.0016768593410929177 0.00537109375
0 0.49072795423160387 0.751708984375 0.003550996251726179 0.00341796875
0 0.62645492207536 0.75048828125 0.003156441112645492 0.001953125
0 0.24990136121522982 0.75048828125 0.0012823042020122311 0.001953125
0 0.6214736634444664 0.75048828125 0.0038469126060366936 0.0029296875
0 0.3281219175379759 0.75 0.0014795817715525744 0.0029296875
0 0.6874630104557112 0.749267578125 0.002663247188794634 0.00244140625
0 0.30859143815348195 0.75 0.0012823042020122311 0.0048828125
0 0.23801538765042415 0.749755859375 0.0027618859735648055 0.00439453125
0 0.2019629118169264 0.748779296875 0.002071414480173604 0.00244140625
0 0.5831031761688696 0.748046875 0.002465969619254291 0.001953125
0 0.31386861313868614 0.74951171875 0.0025646084040244622 0.0048828125
0 0.5763957388044979 0.748779296875 0.006806076149141842 0.00439453125
0 0.39864864864864863 0.747802734375 0.0008877490629315447 0.00244140625
0 0.33808443479976324 0.74853515625 0.002071414480173604 0.00390625
0 0.3262971000197278 0.747802734375 0.002170053264943776 0.00244140625
0 0.3057802327875321 0.74853515625 0.0039455513908068654 0.00390625
0 0.22662260800946932 0.749267578125 0.003255079897415664 0.00634765625
0 0.6173801538765042 0.748291015625 0.004340106529887552 0.00537109375
0 0.4813079502860525 0.746826171875 0.002465969619254291 0.00244140625
0 0.3452357466956007 0.75 0.004142828960347208 0.0087890625
0 0.2194219767212468 0.749755859375 0.005622410731899783 0.00830078125
0 0.5919313474058 0.74609375 0.0033537186821858355 0.001953125
0 0.21429275991319788 0.74658203125 0.002663247188794634 0.0029296875
0 0.18761096863286644 0.74951171875 0.006707437364371671 0.0087890625
0 0.1822351548628921 0.746826171875 0.0012823042020122311 0.00341796875
0 0.718336950088775 0.745849609375 0.0028605247583349774 0.00244140625
0 0.31100808838035116 0.748046875 0.003156441112645492 0.0068359375
0 0.6423357664233577 0.746337890625 0.005918327086210298 0.00439453125
0 0.5077924639968435 0.745361328125 0.0027618859735648055 0.00244140625
0 0.4990629315446834 0.7451171875 0.0016768593410929177 0.0029296875
0 0.22065496153087394 0.74560546875 0.001578220556322746 0.00390625
0 0.1790787137502466 0.745361328125 0.0012823042020122311 0.00341796875
0 0.5661373051884001 0.74365234375 0.0016768593410929177 0.001953125
0 0.23342868415861118 0.743896484375 0.0012823042020122311 0.00244140625
0 0.19244426908660486 0.743408203125 0.0013809429867824028 0.00146484375
0 0.6226573288617084 0.744140625 0.005227855592819097 0.005859375
0 0.3480962714539357 0.742919921875 0.003550996251726179 0.00341796875
0 0.543647662260801 0.741943359375 0.0014795817715525744 0.00244140625
0 0.23180114420990333 0.743408203125 0.001578220556322746 0.00537109375
0 0.6965870980469521 0.742431640625 0.005326494377589268 0.00439453125
0 0.3026731110672716 0.74169921875 0.0008877490629315447 0.0029296875
0 0.5951864273032156 0.74072265625 0.0013809429867824028 0.001953125
0 0.4968928782797396 0.742431640625 0.001874136910633261 0.00537109375
0 0.6510159794831327 0.7421875 0.007496547642533044 0.005859375
0 0.6129414085618465 0.74169921875 0.005523771947129611 0.0048828125
0 0.22228250147958178 0.7412109375 0.001874136910633261 0.00390625
0 0.5770862102978891 0.73974609375 0.0016768593410929177 0.001953125
0 0.18248175182481752 0.74072265625 0.0027618859735648055 0.0048828125
0 0.5967646478595384 0.739501953125 0.0013809429867824028 0.00341796875
0 0.5914874728743342 0.73974609375 0.00483330045373841 0.00390625
0 0.30607614914184256 0.73876953125 0.0019727756954034327 0.0029296875
0 0.6927401854409153 0.73876953125 0.006510159794831328 0.00390625
0 0.6176267508384297 0.73779296875 0.003452357466956007 0.0029296875
0 0.6030775300848293 0.73974609375 0.005326494377589268 0.0068359375
0 0.21478595383704874 0.739013671875 0.004636022884198066 0.00634765625
0 0.19421976721246795 0.737060546875 0.000789110278161373 0.00244140625
0 0.7014697178930756 0.737060546875 0.003452357466956007 0.00341796875
0 0.6290195304793845 0.7373046875 0.003156441112645492 0.00390625
0 0.5846813967251924 0.74072265625 0.0066087985796014995 0.0107421875
0 0.7091142237127639 0.7373046875 0.003550996251726179 0.0048828125
0 0.6568356677845729 0.7373046875 0.0027618859735648055 0.005859375
0 0.7147859538370487 0.73486328125 0.0028605247583349774 0.001953125
0 0.21197474847109884 0.735595703125 0.002959163543105149 0.00341796875
0 0.48490826593016373 0.734375 0.0019727756954034327 0.001953125
0 0.5939534424935885 0.735595703125 0.004044190175577037 0.00537109375
0 0.6813474057999606 0.733642578125 0.0036496350364963502 0.00244140625
0 0.17715525744722824 0.738037109375 0.006510159794831328 0.01123046875
0 0.5427105938054844 0.73193359375 0.001578220556322746 0.001953125
0 0.1908660485302821 0.738037109375 0.005523771947129611 0.01416015625
0 0.6489938843953442 0.73095703125 0.002465969619254291 0.0029296875
0 0.6881534819491024 0.730224609375 0.0028605247583349774 0.00244140625
0 0.6696587098046952 0.730712890625 0.003550996251726179 0.00341796875
0 0.6372065496153088 0.731689453125 0.0061156046557506415 0.00634765625
0 0.6101302031958966 0.73095703125 0.0028605247583349774 0.005859375
0 0.2061550601696587 0.730712890625 0.0025646084040244622 0.00537109375
0 0.18455316630499113 0.734375 0.0072992700729927005 0.0126953125
0 0.1769579798776879 0.730712890625 0.0025646084040244622 0.00537109375
0 0.6750345235746695 0.72998046875 0.00542513316235944 0.0048828125
0 0.5901065298875517 0.728759765625 0.0030578023278753207 0.00244140625
0 0.6935292957190767 0.728515625 0.003550996251726179 0.0029296875
0 0.6762181889919117 0.72802734375 0.0012823042020122311 0.001953125
0 0.6004636022884198 0.72802734375 0.0016768593410929177 0.001953125
0 0.19841191556520024 0.728515625 0.002071414480173604 0.0029296875
0 0.6996449003748274 0.727783203125 0.0025646084040244622 0.00244140625
0 0.5980469520615506 0.72705078125 0.0013809429867824028 0.001953125
0 0.5610080883803511 0.72705078125 0.0012823042020122311 0.001953125
0 0.7052673111067271 0.72705078125 0.0017754981258630894 0.0029296875
0 0.6048037088183074 0.726318359375 0.0014795817715525744 0.00244140625
0 0.1898796606825804 0.726806640625 0.0025646084040244622 0.00341796875
0 0.47657328861708426 0.7255859375 0.0012823042020122311 0.001953125
0 0.633852830933123 0.725830078125 0.002170053264943776 0.00341796875
0 0.5118366541724206 0.72509765625 0.000789110278161373 0.001953125
0 0.6975241665022687 0.724609375 0.0016768593410929177 0.001953125
0 0.6164924048135727 0.72509765625 0.003156441112645492 0.0029296875
0 0.685046360228842 0.724609375 0.002170053264943776 0.0029296875
0 0.6213750246596962 0.726318359375 0.005227855592819097 0.00634765625
0 0.5893174196093904 0.7236328125 0.0014795817715525744 0.001953125
0 0.7265732886170843 0.7236328125 0.003156441112645492 0.0029296875
0 0.5954330242651411 0.723876953125 0.003452357466956007 0.00341796875
0 0.6538271848490826 0.722900390625 0.001874136910633261 0.00244140625
0 0.6769086604853028 0.72265625 0.0022686920497139475 0.0029296875
0 0.6352337739199053 0.7216796875 0.000789110278161373 0.001953125
0 0.536792266719274 0.7216796875 0.0013809429867824028 0.001953125
0 0.6386368119944762 0.720703125 0.0016768593410929177 0.001953125
0 0.6225586900769382 0.720703125 0.002465969619254291 0.001953125
0 0.6436180706253699 0.7216796875 0.004340106529887552 0.0048828125
0 0.5589366739001775 0.72021484375 0.0022686920497139475 0.001953125
0 0.6458374432826988 0.71875 0.003255079897415664 0.001953125
0 0.4773623988952456 0.71875 0.002663247188794634 0.001953125
0 0.4937857565594792 0.71728515625 0.001578220556322746 0.001953125
0 0.6021404616295127 0.717041015625 0.002663247188794634 0.00244140625
0 0.59765239692247 0.717041015625 0.001578220556322746 0.00244140625
0 0.6276879068849872 0.716552734375 0.00483330045373841 0.00244140625
0 0.6992503452357467 0.716064453125 0.0027618859735648055 0.00244140625
0 0.6648747287433419 0.7158203125 0.0016768593410929177 0.0029296875
0 0.5904517656342474 0.715576171875 0.0039455513908068654 0.00341796875
0 0.6751824817518248 0.712890625 0.001578220556322746 0.0029296875
0 0.6197968041033735 0.71240234375 0.002071414480173604 0.001953125
0 0.6107220359045177 0.711669921875 0.002465969619254291 0.00341796875
0 0.607516275399487 0.7099609375 0.0033537186821858355 0.0029296875
0 0.6290688498717696 0.708984375 0.00483330045373841 0.0029296875
0 0.6155553363582561 0.710205078125 0.0044387453146577235 0.00634765625
0 0.6542217399881634 0.708251953125 0.002663247188794634 0.00341796875
0 0.5656934306569343 0.706787109375 0.001578220556322746 0.00244140625
0 0.6485006904714934 0.705810546875 0.0022686920497139475 0.00244140625
0 0.44939830341290193 0.705078125 0.000789110278161373 0.001953125
0 0.6988064707042809 0.705078125 0.002663247188794634 0.0029296875
0 0.6147662260800947 0.705078125 0.0030578023278753207 0.0029296875
0 0.7229236535805879 0.704345703125 0.0013809429867824028 0.00244140625
0 0.5980469520615506 0.701904296875 0.001578220556322746 0.00244140625
0 0.6216216216216216 0.698974609375 0.0011836654172420597 0.00244140625
0 0.6015486289208917 0.699462890625 0.003452357466956007 0.00341796875
0 0.5896133359637009 0.69921875 0.001874136910633261 0.0029296875
0 0.6348885381732097 0.69873046875 0.002465969619254291 0.0029296875
0 0.5914874728743342 0.698486328125 0.0012823042020122311 0.00341796875
0 0.6088972183862695 0.696533203125 0.0013809429867824028 0.00244140625
0 0.6127441309923062 0.693603515625 0.004142828960347208 0.00244140625
0 0.5612546853422766 0.693603515625 0.0009863878477017164 0.00244140625
0 0.595975537581377 0.69287109375 0.0017754981258630894 0.0029296875
0 0.668968238311304 0.689697265625 0.003748273821266522 0.00341796875
0 0.6459360820674689 0.689697265625 0.0030578023278753207 0.00341796875
0 0.49610376800157824 0.68896484375 0.0012823042020122311 0.0029296875
0 0.6020418228447425 0.687744140625 0.0016768593410929177 0.00244140625
0 0.667192740185441 0.68408203125 0.002170053264943776 0.0029296875
0 0.6853915959755376 0.670654296875 0.0008877490629315447 0.00244140625
