0 0.2406293154468337 0.9990234375 0.0014795817715525744 0.001953125
0 0.2872361412507398 0.998779296875 0.0017754981258630894 0.00244140625
0 0.2698263957388045 0.998779296875 0.001085026632471888 0.00244140625
0 0.15224896429275991 0.998046875 0.0008877490629315447 0.001953125
0 0.35564213848885384 0.998291015625 0.0012823042020122311 0.00341796875
0 0.3509074768198856 0.998291015625 0.0016768593410929177 0.00341796875
0 0.3216610771355297 0.998046875 0.0011836654172420597 0.00390625
0 0.3571217202604064 0.997802734375 0.001085026632471888 0.00439453125
0 0.1717794436772539 0.99755859375 0.0014795817715525744 0.0048828125
0 0.30967646478595384 0.997314453125 0.0028605247583349774 0.00537109375
0 0.28427697770763466 0.996826171875 0.0019727756954034327 0.00439453125
0 0.28220556322746104 0.99609375 0.0019727756954034327 0.0029296875
0 0.3411422371276386 0.9970703125 0.006214243440520813 0.005859375
0 0.170102584336161 0.99560546875 0.0016768593410929177 0.0029296875
0 0.3006510159794831 0.996826171875 0.0023673308344841193 0.00634765625
0 0.24141842572499506 0.9951171875 0.0022686920497139475 0.0029296875
0 0.23071611757743143 0.995361328125 0.0023673308344841193 0.00341796875
0 0.3037581376997435 0.99658203125 0.0044387453146577235 0.0068359375
0 0.290787137502466 0.99560546875 0.0027618859735648055 0.0048828125
0 0.19939830341290196 0.9931640625 0.0006904714933912014 0.001953125
0 0.31411521010061155 0.99462890625 0.002071414480173604 0.005859375
0 0.26484513710791086 0.99365234375 0.0013809429867824028 0.0048828125
0 0.32299270072992703 0.9931640625 0.0030578023278753207 0.0048828125
0 0.29428881436180704 0.994140625 0.0030578023278753207 0.0068359375
0 0.2447228250147958 0.99365234375 0.004734661668968239 0.005859375
0 0.2489642927599132 0.990966796875 0.002959163543105149 0.00244140625
0 0.17651410534622214 0.992919921875 0.0036496350364963502 0.00634765625
0 0.20275202209508777 0.991455078125 0.003452357466956007 0.00537109375
0 0.3400572104951667 0.990234375 0.0016768593410929177 0.00390625
0 0.30740777273623987 0.98876953125 0.0016768593410929177 0.0029296875
0 0.260899585717104 0.989501953125 0.0017754981258630894 0.00439453125
0 0.316087985796015 0.992431640625 0.007200631288222529 0.01123046875
0 0.22874334188202802 0.99267578125 0.009863878477017163 0.01171875
0 0.30365949891497335 0.987548828125 0.0008877490629315447 0.00244140625
0 0.2145393568751233 0.9912109375 0.003748273821266522 0.009765625
0 0.22159202998619057 0.988037109375 0.0016768593410929177 0.00537109375
0 0.2550305780232788 0.98876953125 0.009567962122706648 0.0078125
0 0.12768790688498718 0.986083984375 0.003255079897415664 0.00244140625
0 0.17059577826001185 0.984619140625 0.0006904714933912014 0.00244140625
0 0.24383507595186427 0.985107421875 0.002959163543105149 0.00732421875
0 0.23964292759913197 0.984375 0.003452357466956007 0.005859375
0 0.18544091536792268 0.9833984375 0.002170053264943776 0.00390625
0 0.2858551982639574 0.984619140625 0.005918327086210298 0.00732421875
0 0.319540343262971 0.984130859375 0.0022686920497139475 0.00732421875
0 0.2211481554547248 0.98193359375 0.0019727756954034327 0.0029296875
0 0.11427303215624383 0.982421875 0.002465969619254291 0.00390625
0 0.18928782797395935 0.98291015625 0.0039455513908068654 0.005859375
0 0.27594200039455513 0.982177734375 0.0022686920497139475 0.00537109375
0 0.26795225882817125 0.982421875 0.0044387453146577235 0.0078125
0 0.16798185046360228 0.981201171875 0.0019727756954034327 0.00634765625
0 0.2807259814559085 0.980712890625 0.0027618859735648055 0.00634765625
0 0.2083251134346025 0.981689453125 0.0072992700729927005 0.00830078125
0 0.2249457486683764 0.97998046875 0.0022686920497139475 0.005859375
0 0.2607516275399487 0.9814453125 0.005227855592819097 0.009765625
0 0.23845926218188992 0.97900390625 0.004044190175577037 0.0048828125
0 0.2929571907674097 0.980712890625 0.0039455513908068654 0.00927734375
0 0.2530084829354902 0.9775390625 0.002959163543105149 0.0029296875
0 0.1773525350167686 0.9775390625 0.003550996251726179 0.0048828125
0 0.27056618662458076 0.97607421875 0.004734661668968239 0.00390625
0 0.28881436180706255 0.97607421875 0.002170053264943776 0.0048828125
0 0.18963306372065497 0.974853515625 0.001085026632471888 0.00341796875
0 0.21606825803906096 0.974609375 0.001874136910633261 0.00390625
0 0.18652594200039455 0.973876953125 0.0013809429867824028 0.00244140625
0 0.14268100217005328 0.9736328125 0.0006904714933912014 0.001953125
0 0.2933024265141053 0.973388671875 0.005622410731899783 0.00439453125
0 0.2141448017360426 0.972900390625 0.0019727756954034327 0.00341796875
0 0.18849871769579798 0.97265625 0.0013809429867824028 0.0029296875
0 0.16280331426316827 0.97314453125 0.0012823042020122311 0.00390625
0 0.2645492207536003 0.974609375 0.003156441112645492 0.0078125
0 0.2590254488064707 0.97216796875 0.003550996251726179 0.0029296875
0 0.24955612546853423 0.97314453125 0.0023673308344841193 0.0048828125
0 0.20516867232195699 0.972412109375 0.001578220556322746 0.00341796875
0 0.3145590846320773 0.972900390625 0.0013809429867824028 0.00537109375
0 0.2357466956007102 0.97119140625 0.0009863878477017164 0.001953125
0 0.17917735253501677 0.97119140625 0.001874136910633261 0.0029296875
0 0.2830933122903926 0.973876953125 0.0025646084040244622 0.01025390625
0 0.2363878477017163 0.9736328125 0.006016965870980469 0.009765625
0 0.18386269481159992 0.971923828125 0.0027618859735648055 0.00634765625
0 0.3258039060958769 0.970947265625 0.0019727756954034327 0.00634765625
0 0.3070132175971592 0.970703125 0.00483330045373841 0.0087890625
0 0.2601597948313277 0.967529296875 0.0016768593410929177 0.00341796875
0 0.24921088972183864 0.9677734375 0.001085026632471888 0.00390625
0 0.15772341684750443 0.966796875 0.0011836654172420597 0.001953125
0 0.253452357466956 0.969482421875 0.005819688301440126 0.00830078125
0 0.2953245216018939 0.966796875 0.0019727756954034327 0.00390625
0 0.2681495363977116 0.968505859375 0.002465969619254291 0.00732421875
0 0.16260603669362794 0.966796875 0.001874136910633261 0.0048828125
0 0.2009272045768396 0.96630859375 0.0017754981258630894 0.0048828125
0 0.3079502860524758 0.964599609375 0.0011836654172420597 0.00244140625
0 0.266078121917538 0.9658203125 0.0044387453146577235 0.0048828125
0 0.2582856579206944 0.966064453125 0.001874136910633261 0.00537109375
0 0.12813178141645296 0.965087890625 0.002170053264943776 0.00341796875
0 0.17197672124679425 0.964111328125 0.0012823042020122311 0.00244140625
0 0.29300651015979484 0.963623046875 0.0008877490629315447 0.00244140625
0 0.2755474452554745 0.96533203125 0.005622410731899783 0.005859375
0 0.19717893075557308 0.964599609375 0.003550996251726179 0.00439453125
0 0.20275202209508777 0.96484375 0.0014795817715525744 0.005859375
0 0.3094298678240284 0.962646484375 0.0009863878477017164 0.00244140625
0 0.13414874728743342 0.963134765625 0.001578220556322746 0.00439453125
0 0.26405602682974944 0.961181640625 0.0011836654172420597 0.00244140625
0 0.2625271256658118 0.9619140625 0.0016768593410929177 0.0048828125
0 0.25424146774511736 0.963134765625 0.002071414480173604 0.00732421875
0 0.1926415466561452 0.96435546875 0.0051292168080489245 0.009765625
0 0.2718978102189781 0.96044921875 0.001874136910633261 0.0029296875
0 0.17636614716906687 0.961669921875 0.002170053264943776 0.00537109375
0 0.316679818504636 0.962646484375 0.0030578023278753207 0.00830078125
0 0.2447228250147958 0.96728515625 0.006904714933912014 0.017578125
0 0.18899191161964884 0.96044921875 0.0017754981258630894 0.0048828125
0 0.25710199250345234 0.960205078125 0.002465969619254291 0.00537109375
0 0.18751232984809627 0.96044921875 0.0025646084040244622 0.005859375
0 0.2786545669757349 0.9599609375 0.003550996251726179 0.005859375
0 0.24107318997829946 0.9599609375 0.003156441112645492 0.005859375
0 0.16383902150325508 0.958251953125 0.002170053264943776 0.00341796875
0 0.2918721641349379 0.958251953125 0.002170053264943776 0.00439453125
0 0.2877786545669757 0.9580078125 0.002663247188794634 0.00390625
0 0.19944762280528705 0.959228515625 0.0019727756954034327 0.00634765625
0 0.15935095679621228 0.95751953125 0.001085026632471888 0.0029296875
0 0.27485697376208323 0.957275390625 0.0014795817715525744 0.00341796875
0 0.25956796212270666 0.957275390625 0.001874136910633261 0.00341796875
0 0.1713848885381732 0.9580078125 0.001874136910633261 0.0048828125
0 0.18336950088774906 0.9560546875 0.0009863878477017164 0.001953125
0 0.296557506411521 0.957275390625 0.0016768593410929177 0.00537109375
0 0.26193529295719076 0.955322265625 0.001085026632471888 0.00244140625
0 0.20324521601893863 0.955810546875 0.0016768593410929177 0.00439453125
0 0.3080982442296311 0.956787109375 0.0036496350364963502 0.00732421875
0 0.18583547050700336 0.95458984375 0.0023673308344841193 0.0029296875
0 0.32422568553955416 0.953125 0.0009863878477017164 0.0029296875
0 0.3122903925823634 0.95751953125 0.004340106529887552 0.01171875
0 0.2483231406589071 0.95654296875 0.007200631288222529 0.009765625
0 0.1675379759321365 0.953857421875 0.001874136910633261 0.00439453125
0 0.26553560860130204 0.955322265625 0.0027618859735648055 0.00830078125
0 0.2927105938054843 0.9521484375 0.0016768593410929177 0.0029296875
0 0.33985993292562633 0.95263671875 0.003255079897415664 0.0048828125
0 0.22884198066679817 0.953125 0.003156441112645492 0.005859375
0 0.22415663839021505 0.951416015625 0.0008877490629315447 0.00341796875
0 0.2684454527520221 0.95068359375 0.0014795817715525744 0.0029296875
0 0.1797691852436378 0.951904296875 0.0022686920497139475 0.00537109375
0 0.28491812980864073 0.949951171875 0.0008877490629315447 0.00244140625
0 0.22583349773130795 0.94970703125 0.0012823042020122311 0.00390625
0 0.32180903531268495 0.94921875 0.0038469126060366936 0.00390625
0 0.3073584533438548 0.948974609375 0.0009863878477017164 0.00341796875
0 0.2037384099427895 0.94921875 0.00483330045373841 0.00390625
0 0.3055829552179917 0.949462890625 0.0025646084040244622 0.00634765625
0 0.2892582363385283 0.947265625 0.0008877490629315447 0.001953125
0 0.2618859735648057 0.94775390625 0.0019727756954034327 0.0029296875
0 0.25882817123693036 0.948974609375 0.0033537186821858355 0.00634765625
0 0.17651410534622214 0.947998046875 0.0012823042020122311 0.00439453125
0 0.27520220950877883 0.9482421875 0.001578220556322746 0.005859375
0 0.3429670546458868 0.947021484375 0.0011836654172420597 0.00439453125
0 0.22292365358058788 0.947021484375 0.0025646084040244622 0.00439453125
0 0.21458867626750838 0.947021484375 0.0028605247583349774 0.00439453125
0 0.17878279739593608 0.94677734375 0.002071414480173604 0.0048828125
0 0.16847504438745314 0.946044921875 0.001578220556322746 0.00341796875
0 0.19288814361807063 0.947021484375 0.0038469126060366936 0.00634765625
0 0.14938843953442493 0.946044921875 0.0014795817715525744 0.00439453125
0 0.2576445058196883 0.945068359375 0.001578220556322746 0.00341796875
0 0.17153284671532848 0.94482421875 0.0011836654172420597 0.0029296875
0 0.15944959558098246 0.9443359375 0.0012823042020122311 0.0029296875
0 0.15417242059577826 0.945068359375 0.0027618859735648055 0.00439453125
0 0.2945354113237325 0.945556640625 0.004537384099427895 0.00634765625
0 0.2520714144801736 0.947265625 0.003452357466956007 0.009765625
0 0.1798185046360229 0.9443359375 0.0011836654172420597 0.00390625
0 0.34553166304991123 0.943359375 0.0013809429867824028 0.0029296875
0 0.28462221345433025 0.945556640625 0.007200631288222529 0.00732421875
0 0.200581968830144 0.94384765625 0.0038469126060366936 0.00390625
0 0.17409745511935293 0.943603515625 0.0027618859735648055 0.00439453125
0 0.1301045571118564 0.94287109375 0.001578220556322746 0.0029296875
0 0.20546458867626752 0.943115234375 0.003748273821266522 0.00439453125
0 0.18721641349378576 0.947265625 0.003748273821266522 0.0126953125
0 0.15185440915367923 0.942626953125 0.002663247188794634 0.00341796875
0 0.3435588873545078 0.942138671875 0.001578220556322746 0.00341796875
0 0.29877687906884987 0.94384765625 0.003748273821266522 0.0068359375
0 0.3137206549615309 0.944091796875 0.005227855592819097 0.00927734375
0 0.28393174196093907 0.941650390625 0.002071414480173604 0.00439453125
0 0.2681495363977116 0.94140625 0.002071414480173604 0.00390625
0 0.1686230025646084 0.941162109375 0.0022686920497139475 0.00341796875
0 0.1978694022489643 0.946044921875 0.003748273821266522 0.01416015625
0 0.3268889327283488 0.93994140625 0.001578220556322746 0.0029296875
0 0.18415861116591042 0.940185546875 0.002170053264943776 0.00341796875
0 0.13922864470309726 0.941162109375 0.002465969619254291 0.00537109375
0 0.3081475636220162 0.9423828125 0.005326494377589268 0.0087890625
0 0.27081278358650623 0.940185546875 0.003255079897415664 0.00439453125
0 0.09533438548037088 0.94140625 0.00542513316235944 0.0078125
0 0.17774709015584927 0.93896484375 0.002170053264943776 0.00390625
0 0.34676464785953837 0.937744140625 0.0008877490629315447 0.00244140625
0 0.3435588873545078 0.93798828125 0.0011836654172420597 0.0029296875
0 0.2802327875320576 0.93896484375 0.0023673308344841193 0.005859375
0 0.29502860524758334 0.9384765625 0.002959163543105149 0.005859375
0 0.25616492404813573 0.938232421875 0.003156441112645492 0.00537109375
0 0.22716512132570527 0.9365234375 0.0027618859735648055 0.0029296875
0 0.31204379562043794 0.93505859375 0.001085026632471888 0.00390625
0 0.3031169855987374 0.93505859375 0.0011836654172420597 0.00390625
0 0.2868415861116591 0.93505859375 0.001578220556322746 0.00390625
0 0.25 0.93505859375 0.0028605247583349774 0.00390625
0 0.16936279345038469 0.9345703125 0.002170053264943776 0.00390625
0 0.27140461629512724 0.93603515625 0.00424146774511738 0.0078125
0 0.1981653186032748 0.93505859375 0.002170053264943776 0.005859375
0 0.13237324916157034 0.932373046875 0.002170053264943776 0.00244140625
0 0.27692838824225685 0.931884765625 0.003452357466956007 0.00244140625
0 0.14909252318011443 0.93212890625 0.0008877490629315447 0.0029296875
0 0.16285263365555336 0.931640625 0.0013809429867824028 0.0029296875
0 0.31894851055435 0.9345703125 0.0038469126060366936 0.009765625
0 0.2607516275399487 0.9326171875 0.00483330045373841 0.005859375
0 0.23071611757743143 0.93212890625 0.0033537186821858355 0.0048828125
0 0.3190964687315052 0.931396484375 0.0017754981258630894 0.00537109375
0 0.18928782797395935 0.930419921875 0.0027618859735648055 0.00341796875
0 0.15579996054448608 0.9296875 0.0016768593410929177 0.001953125
0 0.3067173012428487 0.930908203125 0.001874136910633261 0.00537109375
0 0.30415269283882423 0.930419921875 0.002465969619254291 0.00537109375
0 0.18317222331820873 0.930908203125 0.0033537186821858355 0.00634765625
0 0.14445650029591636 0.92919921875 0.001085026632471888 0.0029296875
0 0.31771552574472284 0.928955078125 0.0019727756954034327 0.00537109375
0 0.16556520023673307 0.927490234375 0.0012823042020122311 0.00244140625
0 0.20536594989149734 0.928955078125 0.004142828960347208 0.00634765625
0 0.17266719274018544 0.9296875 0.00424146774511738 0.0078125
0 0.19846123495758533 0.925537109375 0.0009863878477017164 0.00244140625
0 0.16921483527322945 0.925048828125 0.0016768593410929177 0.00244140625
0 0.2013217597159203 0.924072265625 0.001578220556322746 0.00244140625
0 0.2899980272243046 0.93115234375 0.007891102781613731 0.01953125
0 0.25162753994870785 0.9228515625 0.0027618859735648055 0.00390625
0 0.1909153679226672 0.92333984375 0.003255079897415664 0.005859375
0 0.3262971000197278 0.9208984375 0.0009863878477017164 0.001953125
0 0.2552278555928191 0.9228515625 0.0036496350364963502 0.005859375
0 0.1825310712172026 0.921875 0.0012823042020122311 0.00390625
0 0.15530676662063522 0.922119140625 0.001874136910633261 0.00439453125
0 0.27658315249556126 0.9248046875 0.010455711185638194 0.0107421875
0 0.20314657723416849 0.922119140625 0.001874136910633261 0.00732421875
0 0.3121424344052081 0.919921875 0.0016768593410929177 0.00390625
0 0.28363582560662853 0.921630859375 0.0038469126060366936 0.00732421875
0 0.2634641941211284 0.92333984375 0.010455711185638194 0.0107421875
0 0.1589070822647465 0.91943359375 0.0017754981258630894 0.0029296875
0 0.29675478398106137 0.9189453125 0.001085026632471888 0.0029296875
0 0.2737226277372263 0.918701171875 0.0013809429867824028 0.00244140625
0 0.17242059577826002 0.91943359375 0.0019727756954034327 0.00390625
0 0.17029986190570132 0.919189453125 0.0012823042020122311 0.00341796875
0 0.11451962911816926 0.919189453125 0.0011836654172420597 0.00341796875
0 0.31041625567173015 0.919189453125 0.0013809429867824028 0.00439453125
0 0.10302821069244426 0.918212890625 0.001085026632471888 0.00244140625
0 0.3185046360228842 0.91796875 0.001578220556322746 0.0029296875
0 0.1829256263562833 0.917724609375 0.0008877490629315447 0.00244140625
0 0.18100217005326494 0.918212890625 0.0013809429867824028 0.00341796875
0 0.12980864075754586 0.918701171875 0.0013809429867824028 0.00439453125
0 0.33773919905306765 0.9169921875 0.0011836654172420597 0.001953125
0 0.25724995068060763 0.91748046875 0.003156441112645492 0.00390625
0 0.13538173209706056 0.916259765625 0.001085026632471888 0.00244140625
0 0.3150029591635431 0.91748046875 0.004636022884198066 0.005859375
0 0.2865949891497337 0.916015625 0.001874136910633261 0.0029296875
0 0.27214440718090355 0.914794921875 0.0027618859735648055 0.00244140625
0 0.15180508976129414 0.91455078125 0.000789110278161373 0.001953125
0 0.1870684553166305 0.916015625 0.0016768593410929177 0.005859375
0 0.30775300848293546 0.913818359375 0.0011836654172420597 0.00244140625
0 0.3191951075162754 0.914306640625 0.0023673308344841193 0.00439453125
0 0.30642138488853815 0.91357421875 0.0008877490629315447 0.0029296875
0 0.1842079305582955 0.91357421875 0.0028605247583349774 0.0029296875
0 0.26311895837443283 0.91552734375 0.003255079897415664 0.0078125
0 0.1251726178733478 0.912353515625 0.002170053264943776 0.00341796875
0 0.2737226277372263 0.91162109375 0.0019727756954034327 0.0029296875
0 0.13266916551588084 0.9111328125 0.0019727756954034327 0.0029296875
0 0.11895837443282699 0.910888671875 0.001578220556322746 0.00244140625
0 0.33389228644703095 0.913330078125 0.002959163543105149 0.01025390625
0 0.25951864273032155 0.91015625 0.0013809429867824028 0.00390625
0 0.19377589268100218 0.909912109375 0.0028605247583349774 0.00341796875
0 0.16837640560268297 0.911376953125 0.005326494377589268 0.00634765625
0 0.2773722627737226 0.9111328125 0.0027618859735648055 0.0068359375
0 0.1540737818110081 0.908935546875 0.0017754981258630894 0.00341796875
0 0.3524363779838232 0.907958984375 0.001578220556322746 0.00341796875
0 0.19027421582166107 0.90966796875 0.0025646084040244622 0.0068359375
0 0.3415367922667193 0.90869140625 0.0022686920497139475 0.005859375
0 0.3372953245216019 0.91064453125 0.0036496350364963502 0.009765625
0 0.2641546656145196 0.907958984375 0.0025646084040244622 0.00439453125
0 0.3005030578023279 0.90966796875 0.004636022884198066 0.0087890625
0 0.27071414480173606 0.90673828125 0.0008877490629315447 0.0029296875
0 0.2513316235943973 0.91064453125 0.004931939238508582 0.01171875
0 0.10214046162951272 0.906494140625 0.0014795817715525744 0.00341796875
0 0.29335174590649044 0.908935546875 0.003156441112645492 0.00927734375
0 0.1741960939041231 0.906005859375 0.0023673308344841193 0.00341796875
0 0.1665022686920497 0.906005859375 0.0019727756954034327 0.00341796875
0 0.3067666206352338 0.90576171875 0.0023673308344841193 0.00390625
0 0.30464588676267507 0.9052734375 0.0012823042020122311 0.0029296875
0 0.29443677253896233 0.90478515625 0.0011836654172420597 0.001953125
0 0.2742651410534622 0.90576171875 0.0014795817715525744 0.00390625
0 0.19801736042611956 0.906005859375 0.002465969619254291 0.00439453125
0 0.11792266719274018 0.904296875 0.0006904714933912014 0.001953125
0 0.0980962714539357 0.904296875 0.001874136910633261 0.0029296875
0 0.26168869599526534 0.90771484375 0.0027618859735648055 0.0107421875
0 0.3255573091339515 0.903564453125 0.0012823042020122311 0.00341796875
0 0.3216117577431446 0.905029296875 0.004044190175577037 0.00634765625
0 0.2841783389228645 0.907470703125 0.005523771947129611 0.01123046875
0 0.2760406391793253 0.903076171875 0.001085026632471888 0.00244140625
0 0.25784178338922864 0.904052734375 0.003550996251726179 0.00439453125
0 0.1811501282304202 0.904052734375 0.0012823042020122311 0.00439453125
0 0.31169855987374234 0.904296875 0.0033537186821858355 0.005859375
0 0.35179522588281714 0.902587890625 0.0012823042020122311 0.00341796875
0 0.26410534622213455 0.9013671875 0.002663247188794634 0.00390625
0 0.17523180114420991 0.900634765625 0.001874136910633261 0.00244140625
0 0.14238508581574275 0.900634765625 0.0012823042020122311 0.00244140625
0 0.34469323337936475 0.900634765625 0.0008877490629315447 0.00341796875
0 0.2778654566975735 0.900146484375 0.0005918327086210298 0.00244140625
0 0.16719274018544092 0.899658203125 0.0011836654172420597 0.00244140625
0 0.2694811599921089 0.89990234375 0.003156441112645492 0.0048828125
0 0.274117182876307 0.89794921875 0.0027618859735648055 0.0029296875
0 0.17893075557309135 0.898193359375 0.0017754981258630894 0.00341796875
0 0.2983823239297692 0.897705078125 0.003550996251726179 0.00439453125
0 0.34637009272045766 0.897216796875 0.0016768593410929177 0.00439453125
0 0.2200631288222529 0.89697265625 0.002170053264943776 0.00390625
0 0.2916255671730124 0.896484375 0.002465969619254291 0.00390625
0 0.3510061156046558 0.896484375 0.002071414480173604 0.0048828125
0 0.25641152101006115 0.897216796875 0.007200631288222529 0.00634765625
0 0.25138094298678243 0.89990234375 0.00424146774511738 0.01171875
0 0.3490826593016374 0.8974609375 0.002959163543105149 0.0078125
0 0.26159005721049516 0.894775390625 0.0011836654172420597 0.00341796875
0 0.3094791872164135 0.895263671875 0.001874136910633261 0.00537109375
0 0.2938942592227264 0.89501953125 0.0016768593410929177 0.0048828125
0 0.27214440718090355 0.894287109375 0.0011836654172420597 0.00341796875
0 0.31312882225290983 0.89501953125 0.0028605247583349774 0.005859375
0 0.19791872164134938 0.893310546875 0.0016768593410929177 0.00244140625
0 0.1878082462024068 0.89453125 0.004340106529887552 0.0048828125
0 0.30513908068652595 0.89599609375 0.00542513316235944 0.009765625
0 0.2917735253501677 0.891845703125 0.001578220556322746 0.00244140625
0 0.14351943184059973 0.892333984375 0.0033537186821858355 0.00341796875
0 0.28595383704872757 0.892822265625 0.004931939238508582 0.00537109375
0 0.28043006510159796 0.89111328125 0.000789110278161373 0.001953125
0 0.27594200039455513 0.891845703125 0.001874136910633261 0.00341796875
0 0.25330439928980075 0.891357421875 0.0033537186821858355 0.00244140625
0 0.3302919708029197 0.8916015625 0.00424146774511738 0.0048828125
0 0.2659301637403827 0.891845703125 0.0013809429867824028 0.00537109375
0 0.24955612546853423 0.8896484375 0.000789110278161373 0.001953125
0 0.168968238311304 0.890869140625 0.0027618859735648055 0.00439453125
0 0.34923061747879264 0.8896484375 0.002465969619254291 0.0048828125
0 0.31352337739199054 0.89013671875 0.002663247188794634 0.005859375
0 0.30647070428092327 0.888427734375 0.000789110278161373 0.00244140625
0 0.17947326888932727 0.888671875 0.0012823042020122311 0.0029296875
0 0.2423554941803117 0.88818359375 0.002959163543105149 0.0029296875
0 0.32388044979285857 0.887939453125 0.001874136910633261 0.00341796875
0 0.3159893470112448 0.887451171875 0.001085026632471888 0.00244140625
0 0.33512527125665814 0.8916015625 0.005622410731899783 0.01171875
0 0.2773722627737226 0.886962890625 0.000789110278161373 0.00244140625
0 0.177007299270073 0.887939453125 0.002071414480173604 0.00439453125
0 0.2991714342079306 0.887451171875 0.0019727756954034327 0.00439453125
0 0.19836259617281515 0.887451171875 0.0025646084040244622 0.00439453125
0 0.3312290392582363 0.885498046875 0.0009863878477017164 0.00244140625
0 0.1735056224107319 0.88671875 0.002959163543105149 0.0048828125
0 0.3389228644703097 0.88720703125 0.003156441112645492 0.0068359375
0 0.24654764253304398 0.887451171875 0.003255079897415664 0.00732421875
0 0.271256658117972 0.884521484375 0.0011836654172420597 0.00244140625
0 0.17922667192740185 0.884521484375 0.0017754981258630894 0.00244140625
0 0.15215032550798974 0.8837890625 0.001085026632471888 0.00390625
0 0.3076050503057802 0.8837890625 0.003452357466956007 0.0048828125
0 0.24240481357269678 0.88232421875 0.0014795817715525744 0.001953125
0 0.32397908857762875 0.88232421875 0.0016768593410929177 0.0029296875
0 0.2089662655356086 0.881591796875 0.0016768593410929177 0.00341796875
0 0.3213651607812192 0.8818359375 0.0019727756954034327 0.0048828125
0 0.3045472479779049 0.880859375 0.0014795817715525744 0.0029296875
0 0.22164134937857566 0.880859375 0.001578220556322746 0.0029296875
0 0.1425823633852831 0.88037109375 0.0008877490629315447 0.001953125
0 0.11170842375221937 0.880615234375 0.0014795817715525744 0.00244140625
0 0.3581574275004932 0.88037109375 0.0013809429867824028 0.0029296875
0 0.220112448214638 0.881591796875 0.001874136910633261 0.00537109375
0 0.13222529098441507 0.880126953125 0.0028605247583349774 0.00244140625
0 0.3079502860524758 0.87890625 0.0011836654172420597 0.001953125
0 0.17513316235943974 0.881103515625 0.0022686920497139475 0.00634765625
0 0.3304892483724601 0.88037109375 0.0022686920497139475 0.005859375
0 0.277569540343263 0.88037109375 0.002170053264943776 0.005859375
0 0.1595482343657526 0.878173828125 0.002465969619254291 0.00244140625
0 0.32526139277964095 0.879638671875 0.00424146774511738 0.00732421875
0 0.29853028210692445 0.883056640625 0.0066087985796014995 0.01416015625
0 0.27416650226869205 0.878662109375 0.0030578023278753207 0.00537109375
0 0.1947622805287039 0.8828125 0.00483330045373841 0.013671875
0 0.293105148944565 0.880859375 0.005030578023278753 0.0126953125
0 0.30474452554744524 0.876953125 0.0044387453146577235 0.005859375
0 0.27179917143420795 0.875244140625 0.001874136910633261 0.00341796875
0 0.19742552771749852 0.875244140625 0.003255079897415664 0.00341796875
0 0.1617182876306964 0.87451171875 0.0008877490629315447 0.001953125
0 0.2020615506016966 0.875244140625 0.002663247188794634 0.00634765625
0 0.18973170250542512 0.874755859375 0.002663247188794634 0.00634765625
0 0.17394949694219766 0.873046875 0.002071414480173604 0.0029296875
0 0.30060169658709807 0.872314453125 0.002071414480173604 0.00244140625
0 0.32979877687906883 0.871826171875 0.0012823042020122311 0.00341796875
0 0.2946340501085027 0.87255859375 0.002170053264943776 0.0048828125
0 0.19357861511146182 0.8720703125 0.003452357466956007 0.00390625
0 0.285066087985796 0.87451171875 0.005326494377589268 0.0107421875
0 0.2826001183665417 0.870361328125 0.0013809429867824028 0.00244140625
0 0.2693332018149536 0.8759765625 0.0038469126060366936 0.013671875
0 0.22021108699940817 0.87353515625 0.006016965870980469 0.0087890625
0 0.12536989544288815 0.870361328125 0.000789110278161373 0.00244140625
0 0.2158709804695206 0.87255859375 0.0022686920497139475 0.0087890625
0 0.3410929177352535 0.869140625 0.0011836654172420597 0.0029296875
0 0.24422963109094495 0.86962890625 0.0017754981258630894 0.00390625
0 0.359784967449201 0.872802734375 0.003255079897415664 0.01123046875
0 0.26193529295719076 0.869873046875 0.0028605247583349774 0.00537109375
0 0.2791477608995857 0.869384765625 0.0027618859735648055 0.00537109375
0 0.1762675083842967 0.8681640625 0.002170053264943776 0.0029296875
0 0.3334977313079503 0.868408203125 0.0023673308344841193 0.00439453125
0 0.2909350956796212 0.869140625 0.0044387453146577235 0.005859375
0 0.2972479779049122 0.869140625 0.0022686920497139475 0.0068359375
0 0.35066087985796013 0.867919921875 0.002170053264943776 0.00634765625
0 0.31204379562043794 0.86572265625 0.0008877490629315447 0.001953125
0 0.19629118169264154 0.867431640625 0.0039455513908068654 0.00537109375
0 0.2281021897810219 0.8671875 0.0028605247583349774 0.005859375
0 0.2815644111264549 0.864501953125 0.0030578023278753207 0.00341796875
0 0.20457683961333598 0.864501953125 0.0019727756954034327 0.00341796875
0 0.33236338528309334 0.863525390625 0.0008877490629315447 0.00244140625
0 0.20630301834681397 0.86328125 0.001085026632471888 0.001953125
0 0.2753501676859341 0.86279296875 0.001085026632471888 0.001953125
0 0.2897021108699941 0.86279296875 0.002170053264943776 0.0029296875
0 0.2684947721444072 0.864501953125 0.0072992700729927005 0.00634765625
0 0.26085026632471886 0.86328125 0.004044190175577037 0.00390625
0 0.34577826001183665 0.864501953125 0.0044387453146577235 0.00732421875
0 0.3005030578023279 0.8623046875 0.001085026632471888 0.0029296875
0 0.14080686525942002 0.862548828125 0.003452357466956007 0.00341796875
0 0.32851647267705664 0.862060546875 0.0028605247583349774 0.00439453125
0 0.12102978891300059 0.861083984375 0.0011836654172420597 0.00244140625
0 0.2979877687906885 0.861083984375 0.0033537186821858355 0.00341796875
0 0.29192148352732294 0.861572265625 0.0014795817715525744 0.00439453125
0 0.3410929177352535 0.8642578125 0.002959163543105149 0.0107421875
0 0.2685934109291774 0.860595703125 0.0017754981258630894 0.00341796875
0 0.26228052870388635 0.860595703125 0.0011836654172420597 0.00341796875
0 0.1282797395936082 0.85986328125 0.0006904714933912014 0.001953125
0 0.17409745511935293 0.860107421875 0.0017754981258630894 0.00341796875
0 0.2048234365752614 0.859375 0.002071414480173604 0.0029296875
0 0.34015584927993686 0.85888671875 0.001085026632471888 0.00390625
0 0.2770763464194121 0.859130859375 0.002959163543105149 0.00439453125
0 0.3389228644703097 0.85888671875 0.0011836654172420597 0.0048828125
0 0.2888636811994476 0.85693359375 0.0008877490629315447 0.001953125
0 0.20990333399092523 0.8564453125 0.0009863878477017164 0.001953125
0 0.20778260011836655 0.859619140625 0.0030578023278753207 0.00830078125
0 0.319540343262971 0.857177734375 0.0030578023278753207 0.00439453125
0 0.24314460445847308 0.857421875 0.0017754981258630894 0.0048828125
0 0.12951272440323536 0.85693359375 0.0009863878477017164 0.00390625
0 0.33606233971197474 0.855712890625 0.0017754981258630894 0.00244140625
0 0.3226967843756165 0.857177734375 0.0022686920497139475 0.00537109375
0 0.28427697770763466 0.85595703125 0.0023673308344841193 0.0029296875
0 0.18026237916748866 0.85595703125 0.00424146774511738 0.0029296875
0 0.3084434799763267 0.856201171875 0.0017754981258630894 0.00439453125
0 0.2711580193332018 0.855224609375 0.0011836654172420597 0.00244140625
0 0.2148845926218189 0.856201171875 0.0014795817715525744 0.00439453125
0 0.1864273032156244 0.8564453125 0.003748273821266522 0.0048828125
0 0.1606332609982245 0.85546875 0.0014795817715525744 0.0029296875
0 0.3449891497336753 0.855224609375 0.001874136910633261 0.00341796875
0 0.2594693233379365 0.8564453125 0.0022686920497139475 0.0068359375
0 0.19007693825212074 0.859375 0.005523771947129611 0.0126953125
0 0.3150522785559282 0.85498046875 0.0023673308344841193 0.0048828125
0 0.18327086210297888 0.853759765625 0.0011836654172420597 0.00244140625
0 0.2242552771749852 0.85498046875 0.0022686920497139475 0.0068359375
0 0.16852436377983823 0.852783203125 0.0008877490629315447 0.00244140625
0 0.2906884987176958 0.8525390625 0.0017754981258630894 0.0029296875
0 0.20526731110672716 0.85400390625 0.0019727756954034327 0.005859375
0 0.3369007693825212 0.85205078125 0.0012823042020122311 0.0029296875
0 0.3043499704083646 0.854736328125 0.003452357466956007 0.00830078125
0 0.27978891300059183 0.85205078125 0.001874136910633261 0.0029296875
0 0.2945354113237325 0.8525390625 0.001578220556322746 0.0048828125
0 0.1853915959755376 0.851318359375 0.0012823042020122311 0.00244140625
0 0.35273229433813375 0.85546875 0.004537384099427895 0.01171875
0 0.2634641941211284 0.853759765625 0.003748273821266522 0.00830078125
0 0.32634641941211284 0.85107421875 0.001085026632471888 0.00390625
0 0.35697376208325116 0.853759765625 0.0027618859735648055 0.01025390625
0 0.3352732294338134 0.849853515625 0.0009863878477017164 0.00341796875
0 0.25922272637601107 0.849365234375 0.0009863878477017164 0.00244140625
0 0.3590451765634247 0.8486328125 0.0011836654172420597 0.001953125
0 0.3201814953639771 0.849365234375 0.002170053264943776 0.00341796875
0 0.3003550996251726 0.850341796875 0.002959163543105149 0.00537109375
0 0.18075557309133952 0.850341796875 0.0038469126060366936 0.00537109375
0 0.34434799763266916 0.85009765625 0.0019727756954034327 0.005859375
0 0.2909350956796212 0.848388671875 0.001874136910633261 0.00244140625
0 0.1992010258433616 0.852783203125 0.006016965870980469 0.01123046875
0 0.3469126060366936 0.848388671875 0.0013809429867824028 0.00341796875
0 0.33009469323337937 0.84814453125 0.0016768593410929177 0.0029296875
0 0.25157822055632273 0.848388671875 0.001085026632471888 0.00341796875
0 0.3143124876701519 0.848876953125 0.007397908857762872 0.00537109375
0 0.32698757151311897 0.8466796875 0.000789110278161373 0.0029296875
0 0.2659794831327678 0.850341796875 0.0038469126060366936 0.01025390625
0 0.16004142828960347 0.846435546875 0.002071414480173604 0.00341796875
0 0.34124087591240876 0.84912109375 0.003255079897415664 0.009765625
0 0.3586999408167291 0.844970703125 0.001085026632471888 0.00341796875
0 0.33749260209114224 0.84619140625 0.0036496350364963502 0.005859375
0 0.30617478792661273 0.8447265625 0.003156441112645492 0.0048828125
0 0.1509666600907477 0.84375 0.0030578023278753207 0.0029296875
0 0.27451173801538764 0.846435546875 0.006510159794831328 0.00927734375
0 0.28422765831524954 0.8466796875 0.007397908857762872 0.0107421875
0 0.35756559479187217 0.84326171875 0.0011836654172420597 0.0048828125
0 0.3098737423554942 0.843017578125 0.0028605247583349774 0.00439453125
0 0.1975734858946538 0.8427734375 0.002170053264943776 0.0048828125
0 0.29502860524758334 0.843994140625 0.006312882225290984 0.00830078125
0 0.3187512329848096 0.840576171875 0.001085026632471888 0.00244140625
0 0.3035115407378181 0.84130859375 0.0013809429867824028 0.0048828125
0 0.1853915959755376 0.84375 0.004044190175577037 0.0107421875
0 0.17567567567567569 0.8388671875 0.0011836654172420597 0.001953125
0 0.12492602091142237 0.839111328125 0.0016768593410929177 0.00244140625
0 0.2912803314263168 0.837890625 0.0011836654172420597 0.001953125
0 0.27214440718090355 0.839111328125 0.0025646084040244622 0.00537109375
0 0.17168080489248372 0.837890625 0.0014795817715525744 0.0029296875
0 0.31411521010061155 0.83984375 0.0022686920497139475 0.0078125
0 0.18213651607812192 0.83740234375 0.001874136910633261 0.0029296875
0 0.19076740974551193 0.84033203125 0.005523771947129611 0.009765625
0 0.2961629512724403 0.83642578125 0.0012823042020122311 0.0029296875
0 0.20285066087985795 0.8369140625 0.001874136910633261 0.00390625
0 0.17774709015584927 0.837158203125 0.002170053264943776 0.00439453125
0 0.15412310120339318 0.8369140625 0.002663247188794634 0.00390625
0 0.19974353915959756 0.835693359375 0.0011836654172420597 0.00244140625
0 0.15205168672321956 0.835693359375 0.0008877490629315447 0.00341796875
0 0.2860031564411126 0.836669921875 0.005622410731899783 0.00634765625
0 0.2822548826198461 0.836669921875 0.0030578023278753207 0.00634765625
0 0.30898599329256266 0.834228515625 0.0012823042020122311 0.00244140625
0 0.19461432235154863 0.835205078125 0.0013809429867824028 0.00439453125
0 0.3318208719668574 0.834716796875 0.0013809429867824028 0.00439453125
0 0.18026237916748866 0.836669921875 0.002465969619254291 0.00830078125
0 0.17276583152495562 0.834228515625 0.002071414480173604 0.00341796875
0 0.3415367922667193 0.83642578125 0.002663247188794634 0.009765625
0 0.3140658907082265 0.8330078125 0.0009863878477017164 0.0029296875
0 0.3041033734464391 0.83447265625 0.003748273821266522 0.005859375
0 0.3127342671138292 0.832275390625 0.001085026632471888 0.00244140625
0 0.30725981455908463 0.83203125 0.0009863878477017164 0.001953125
0 0.29537384099427894 0.83154296875 0.001874136910633261 0.0029296875
0 0.2577924639968436 0.831298828125 0.001874136910633261 0.00244140625
0 0.29754389425922273 0.830810546875 0.001085026632471888 0.00341796875
0 0.3445452752022095 0.831787109375 0.003156441112645492 0.00634765625
0 0.3303906095876899 0.82958984375 0.0014795817715525744 0.001953125
0 0.17478792661274414 0.830322265625 0.0019727756954034327 0.00341796875
0 0.14297691852436378 0.830078125 0.0008877490629315447 0.0029296875
0 0.28388242256855395 0.83056640625 0.0019727756954034327 0.0048828125
0 0.29335174590649044 0.83203125 0.0025646084040244622 0.0087890625
0 0.3139179325310712 0.82861328125 0.001085026632471888 0.0029296875
0 0.25369895442888146 0.828369140625 0.0019727756954034327 0.00537109375
0 0.27658315249556126 0.82666015625 0.003550996251726179 0.0029296875
0 0.1349378575655948 0.8271484375 0.0019727756954034327 0.00390625
0 0.12354507792463996 0.826171875 0.0008877490629315447 0.0029296875
0 0.32876306963898205 0.826416015625 0.0013809429867824028 0.00439453125
0 0.2846715328467153 0.824951171875 0.001578220556322746 0.00244140625
0 0.1370585914381535 0.824951171875 0.0008877490629315447 0.00244140625
0 0.34582757940422176 0.826171875 0.0025646084040244622 0.0078125
0 0.3258039060958769 0.827880859375 0.005523771947129611 0.01123046875
0 0.3630400473466167 0.8232421875 0.0012823042020122311 0.0029296875
0 0.32131584138883407 0.823974609375 0.0036496350364963502 0.00439453125
0 0.30652002367330833 0.82275390625 0.0008877490629315447 0.001953125
0 0.2141448017360426 0.82666015625 0.003550996251726179 0.0107421875
0 0.16985598737423555 0.822509765625 0.0025646084040244622 0.00244140625
0 0.3375419214835273 0.82373046875 0.002170053264943776 0.005859375
0 0.3147070428092326 0.824462890625 0.005030578023278753 0.00732421875
0 0.30538567764845137 0.822021484375 0.000789110278161373 0.00244140625
0 0.3306372065496153 0.820556640625 0.001578220556322746 0.00244140625
0 0.16048530282106924 0.821044921875 0.0019727756954034327 0.00341796875
0 0.33621029788913 0.81884765625 0.001085026632471888 0.001953125
0 0.31894851055435 0.819091796875 0.001085026632471888 0.00244140625
0 0.28161373051884003 0.819091796875 0.0009863878477017164 0.00244140625
0 0.2736239889524561 0.8203125 0.002959163543105149 0.005859375
0 0.2801341487472874 0.81884765625 0.0017754981258630894 0.00390625
0 0.3105148944565003 0.818115234375 0.0039455513908068654 0.00439453125
0 0.19288814361807063 0.818603515625 0.0014795817715525744 0.00537109375
0 0.2980864075754587 0.818115234375 0.0023673308344841193 0.00537109375
0 0.38188005523771945 0.815673828125 0.001085026632471888 0.00244140625
0 0.32984809627145395 0.815673828125 0.0019727756954034327 0.00244140625
0 0.2854113237324916 0.816162109375 0.001085026632471888 0.00341796875
0 0.34030380745709216 0.820556640625 0.004340106529887552 0.01318359375
0 0.32249950680607614 0.816162109375 0.005030578023278753 0.00537109375
0 0.3147070428092326 0.817138671875 0.004044190175577037 0.00732421875
0 0.2784079700138094 0.81494140625 0.0012823042020122311 0.0029296875
0 0.3366048530282107 0.81396484375 0.0008877490629315447 0.001953125
0 0.1960939041231012 0.816650390625 0.004931939238508582 0.00732421875
0 0.15742750049319393 0.814453125 0.0011836654172420597 0.0029296875
0 0.21518050897612942 0.81396484375 0.0016768593410929177 0.0029296875
0 0.3480469520615506 0.814697265625 0.0016768593410929177 0.00537109375
0 0.3345334385480371 0.813232421875 0.0022686920497139475 0.00244140625
0 0.1662556717301243 0.812744140625 0.002071414480173604 0.00244140625
0 0.17848688104162558 0.812744140625 0.0016768593410929177 0.00341796875
0 0.16329650818701913 0.8125 0.001085026632471888 0.0029296875
0 0.30464588676267507 0.812255859375 0.0008877490629315447 0.00341796875
0 0.3004044190175577 0.814697265625 0.006214243440520813 0.00830078125
0 0.2486683764056027 0.81591796875 0.007496547642533044 0.0107421875
0 0.0956303018346814 0.8115234375 0.0008877490629315447 0.001953125
0 0.35726967843756163 0.81201171875 0.0017754981258630894 0.00390625
0 0.14164529492996647 0.8115234375 0.001578220556322746 0.0029296875
0 0.31697573485894653 0.810546875 0.0012823042020122311 0.001953125
0 0.2944860919313474 0.810546875 0.001085026632471888 0.001953125
0 0.13720654961530873 0.810791015625 0.0009863878477017164 0.00244140625
0 0.28738409942789506 0.81201171875 0.002465969619254291 0.005859375
0 0.3380351154073782 0.81103515625 0.0017754981258630894 0.0048828125
0 0.2336259617281515 0.81005859375 0.0022686920497139475 0.0029296875
0 0.27599131978694025 0.80810546875 0.001578220556322746 0.00390625
0 0.3263957388044979 0.808349609375 0.005326494377589268 0.00537109375
0 0.27485697376208323 0.8095703125 0.0022686920497139475 0.0078125
0 0.2712073387255869 0.80908203125 0.002465969619254291 0.0068359375
0 0.14746498323140658 0.806884765625 0.0009863878477017164 0.00244140625
0 0.36313868613138683 0.806396484375 0.002071414480173604 0.00244140625
0 0.2820082856579207 0.81005859375 0.005523771947129611 0.009765625
0 0.3330538567764845 0.809814453125 0.0030578023278753207 0.01025390625
0 0.3100710199250345 0.809814453125 0.004044190175577037 0.01025390625
0 0.289652791477609 0.805908203125 0.0014795817715525744 0.00244140625
0 0.2875813769974354 0.80517578125 0.002071414480173604 0.001953125
0 0.30370881830735846 0.80810546875 0.003550996251726179 0.0087890625
0 0.35899585717103966 0.805908203125 0.001874136910633261 0.00537109375
0 0.17217399881633458 0.807373046875 0.004044190175577037 0.00830078125
0 0.32841783389228646 0.803955078125 0.0008877490629315447 0.00244140625
0 0.29961530873939635 0.806640625 0.0030578023278753207 0.0078125
0 0.2934503846912606 0.8037109375 0.002170053264943776 0.0029296875
0 0.37290392582363385 0.8037109375 0.0016768593410929177 0.00390625
0 0.32037877293351746 0.8037109375 0.001578220556322746 0.00390625
0 0.3375912408759124 0.805419921875 0.005622410731899783 0.00830078125
0 0.19910238705859143 0.802490234375 0.0014795817715525744 0.00244140625
0 0.16581179719865852 0.80322265625 0.0017754981258630894 0.00390625
0 0.1609784967449201 0.8017578125 0.0009863878477017164 0.001953125
0 0.16985598737423555 0.802001953125 0.001578220556322746 0.00341796875
0 0.2791970802919708 0.802490234375 0.004636022884198066 0.00537109375
0 0.33113040047346615 0.802734375 0.0027618859735648055 0.0078125
0 0.2974945748668376 0.800048828125 0.0011836654172420597 0.00244140625
0 0.28329058985993294 0.80078125 0.001578220556322746 0.00390625
0 0.2646478595383705 0.802978515625 0.004734661668968239 0.00830078125
0 0.25581968830144014 0.80029296875 0.0008877490629315447 0.0029296875
0 0.3471592029986191 0.8017578125 0.002663247188794634 0.0068359375
0 0.32876306963898205 0.7998046875 0.0009863878477017164 0.0029296875
0 0.3049418031169856 0.799560546875 0.0066087985796014995 0.00439453125
0 0.2937956204379562 0.798095703125 0.001874136910633261 0.00244140625
0 0.3447918721641349 0.798095703125 0.0012823042020122311 0.00341796875
0 0.3411915565200237 0.798828125 0.002959163543105149 0.0048828125
0 0.20240678634839218 0.799072265625 0.0023673308344841193 0.00537109375
0 0.17779640954823436 0.79736328125 0.001874136910633261 0.0029296875
0 0.3434602485697376 0.79736328125 0.0009863878477017164 0.00390625
0 0.36762675083842966 0.794921875 0.000789110278161373 0.001953125
0 0.1895344249358848 0.796875 0.0044387453146577235 0.005859375
0 0.2788025251528901 0.795654296875 0.002663247188794634 0.00439453125
0 0.3865160781219175 0.794677734375 0.001085026632471888 0.00341796875
0 0.23737423554941803 0.79345703125 0.0012823042020122311 0.0029296875
0 0.3093805484316433 0.793212890625 0.001874136910633261 0.00537109375
0 0.19412112842769777 0.791015625 0.0009863878477017164 0.001953125
0 0.30582955217991714 0.791015625 0.0008877490629315447 0.0029296875
0 0.17375221937265733 0.790771484375 0.002071414480173604 0.00244140625
0 0.35061156046557507 0.79052734375 0.001085026632471888 0.0029296875
0 0.26819885579009667 0.79345703125 0.004734661668968239 0.0087890625
0 0.26504241467745115 0.7919921875 0.0025646084040244622 0.005859375
0 0.25340303807457093 0.794921875 0.004537384099427895 0.013671875
0 0.1703491812980864 0.789794921875 0.0011836654172420597 0.00341796875
0 0.35791083053856776 0.789306640625 0.0012823042020122311 0.00341796875
0 0.31386861313868614 0.790283203125 0.0023673308344841193 0.00537109375
0 0.18598342868415862 0.790771484375 0.001874136910633261 0.00634765625
0 0.32309133951469715 0.79052734375 0.004636022884198066 0.0068359375
0 0.3365062142434405 0.790771484375 0.0044387453146577235 0.00830078125
0 0.2875320576050503 0.7900390625 0.0027618859735648055 0.0068359375
0 0.16438153481949103 0.787841796875 0.001085026632471888 0.00244140625
0 0.3380351154073782 0.787841796875 0.0009863878477017164 0.00341796875
0 0.3299467350562241 0.789306640625 0.0017754981258630894 0.00634765625
0 0.1912112842769777 0.788818359375 0.0044387453146577235 0.00537109375
0 0.3546557506411521 0.78857421875 0.0030578023278753207 0.005859375
0 0.29670546458867625 0.78759765625 0.001578220556322746 0.00390625
0 0.36141250739790887 0.78759765625 0.004142828960347208 0.0048828125
0 0.33270862102978893 0.787353515625 0.0025646084040244622 0.00439453125
0 0.2061550601696587 0.785888671875 0.001578220556322746 0.00244140625
0 0.3880942986782403 0.786865234375 0.0016768593410929177 0.00537109375
0 0.2565594791872164 0.785888671875 0.0017754981258630894 0.00341796875
0 0.18272834878674293 0.7880859375 0.00424146774511738 0.0078125
0 0.17912803314263168 0.7861328125 0.001578220556322746 0.00390625
0 0.3177648451371079 0.78564453125 0.0012823042020122311 0.00390625
0 0.16906687709607418 0.78466796875 0.0013809429867824028 0.0029296875
0 0.30681594002761886 0.7841796875 0.001085026632471888 0.0029296875
0 0.2941901755770369 0.783935546875 0.0012823042020122311 0.00244140625
0 0.2903432629710002 0.78515625 0.004044190175577037 0.0048828125
0 0.13059775103570723 0.783447265625 0.0019727756954034327 0.00244140625
0 0.362053659498915 0.782958984375 0.001874136910633261 0.00244140625
0 0.271256658117972 0.78515625 0.003550996251726179 0.0068359375
0 0.1742454132965082 0.782958984375 0.0014795817715525744 0.00244140625
0 0.35312684947721446 0.784423828125 0.0017754981258630894 0.00634765625
0 0.19451568356677845 0.783447265625 0.0019727756954034327 0.00439453125
0 0.2799861905701322 0.784912109375 0.0028605247583349774 0.00927734375
0 0.34227658315249554 0.78125 0.0019727756954034327 0.0029296875
0 0.20142039850069046 0.78125 0.0013809429867824028 0.0029296875
0 0.36032748076543697 0.78125 0.0013809429867824028 0.00390625
0 0.25054251331623595 0.78125 0.003550996251726179 0.00390625
0 0.33162359439731703 0.78173828125 0.003156441112645492 0.0068359375
0 0.29754389425922273 0.781494140625 0.0044387453146577235 0.00732421875
0 0.38286644308542117 0.780029296875 0.001874136910633261 0.00537109375
0 0.3029197080291971 0.77783203125 0.000789110278161373 0.001953125
0 0.2228250147958177 0.77783203125 0.0019727756954034327 0.001953125
0 0.16364174393371472 0.7783203125 0.0013809429867824028 0.0029296875
0 0.358058788715723 0.7783203125 0.0025646084040244622 0.00390625
0 0.2665713158413888 0.779296875 0.0016768593410929177 0.0068359375
0 0.3746301045571119 0.77734375 0.0025646084040244622 0.00390625
0 0.3363582560662853 0.780517578125 0.0027618859735648055 0.01025390625
0 0.3147563622016177 0.7763671875 0.000789110278161373 0.001953125
0 0.2739692246991517 0.781005859375 0.0030578023278753207 0.01123046875
0 0.24773130795028606 0.783203125 0.0038469126060366936 0.015625
0 0.33951469717893074 0.77783203125 0.003156441112645492 0.005859375
0 0.3207733280725981 0.777099609375 0.0019727756954034327 0.00537109375
0 0.19441704478200827 0.77685546875 0.0025646084040244622 0.0048828125
0 0.349427895048333 0.777587890625 0.005030578023278753 0.00732421875
0 0.3031663049911225 0.775634765625 0.002071414480173604 0.00341796875
0 0.2587295324521602 0.776611328125 0.002959163543105149 0.00537109375
0 0.22435391595975537 0.775390625 0.001085026632471888 0.0029296875
0 0.17616886959952655 0.775390625 0.0009863878477017164 0.00390625
0 0.38750246596961924 0.7783203125 0.0038469126060366936 0.0107421875
0 0.26957979877687904 0.774169921875 0.0017754981258630894 0.00244140625
0 0.1623594397317025 0.774169921875 0.0013809429867824028 0.00244140625
0 0.317814164529493 0.773193359375 0.0009863878477017164 0.00244140625
0 0.296557506411521 0.773193359375 0.002071414480173604 0.00244140625
0 0.2871868218583547 0.7734375 0.002663247188794634 0.0029296875
0 0.3253600315644111 0.778564453125 0.00483330045373841 0.01416015625
0 0.298826198461235 0.7724609375 0.0008877490629315447 0.001953125
0 0.2367330834484119 0.77490234375 0.004142828960347208 0.0068359375
0 0.329305582955218 0.773681640625 0.003255079897415664 0.00537109375
0 0.3067666206352338 0.771728515625 0.0009863878477017164 0.00244140625
0 0.3759124087591241 0.771484375 0.0011836654172420597 0.0029296875
0 0.31618662458078517 0.771240234375 0.0014795817715525744 0.00244140625
0 0.31278358650621424 0.771728515625 0.001578220556322746 0.00341796875
0 0.24911225093706846 0.7724609375 0.0016768593410929177 0.0048828125
0 0.24728743341882028 0.771484375 0.0009863878477017164 0.0029296875
0 0.16610771355296902 0.77099609375 0.0019727756954034327 0.001953125
0 0.18479976326691655 0.774658203125 0.0028605247583349774 0.01025390625
0 0.24097455119352928 0.771484375 0.0023673308344841193 0.0048828125
0 0.3550009863878477 0.770263671875 0.001578220556322746 0.00341796875
0 0.309775103570724 0.77001953125 0.0014795817715525744 0.0029296875
0 0.22178930755573092 0.772216796875 0.002663247188794634 0.00732421875
0 0.35657920694417045 0.76953125 0.0011836654172420597 0.00390625
0 0.29088577628723616 0.76904296875 0.002170053264943776 0.0048828125
0 0.2880252515289012 0.767822265625 0.0009863878477017164 0.00244140625
0 0.24639968435588874 0.76806640625 0.0009863878477017164 0.0029296875
0 0.35273229433813375 0.769287109375 0.001578220556322746 0.00634765625
0 0.35036496350364965 0.76953125 0.002170053264943776 0.0068359375
0 0.3332511343460249 0.768310546875 0.002071414480173604 0.00537109375
0 0.28427697770763466 0.766845703125 0.0009863878477017164 0.00244140625
0 0.25724995068060763 0.767822265625 0.005523771947129611 0.00439453125
0 0.20521799171434207 0.76806640625 0.004044190175577037 0.0048828125
0 0.35909449595580983 0.769287109375 0.0030578023278753207 0.00830078125
0 0.19106332609982246 0.767578125 0.002170053264943776 0.0048828125
0 0.1863779838232393 0.766357421875 0.001085026632471888 0.00244140625
0 0.18016374038271848 0.766357421875 0.0014795817715525744 0.00244140625
0 0.20161767607023082 0.76806640625 0.0019727756954034327 0.0068359375
0 0.18366541724205956 0.7666015625 0.0023673308344841193 0.0048828125
0 0.383902150325508 0.766357421875 0.001578220556322746 0.00537109375
0 0.3438054843164332 0.76513671875 0.001085026632471888 0.0029296875
0 0.3254586703491813 0.765380859375 0.001874136910633261 0.00341796875
0 0.3139672519234563 0.765869140625 0.0019727756954034327 0.00537109375
0 0.23352732294338133 0.7666015625 0.0028605247583349774 0.0068359375
0 0.33596370092720457 0.763671875 0.0013809429867824028 0.001953125
0 0.34780035509962515 0.763916015625 0.0009863878477017164 0.00341796875
0 0.32767804300651016 0.763671875 0.0013809429867824028 0.0029296875
0 0.18756164924048135 0.76416015625 0.001874136910633261 0.00390625
0 0.3971690668770961 0.762939453125 0.0016768593410929177 0.00244140625
0 0.3320674689287828 0.763916015625 0.002663247188794634 0.00439453125
0 0.30622410731899785 0.763671875 0.001085026632471888 0.00390625
0 0.26514105346222133 0.766357421875 0.003156441112645492 0.00927734375
0 0.23949496942197673 0.766357421875 0.004142828960347208 0.00927734375
0 0.20812783586506214 0.764404296875 0.001578220556322746 0.00634765625
0 0.3897218386269481 0.761474609375 0.000789110278161373 0.00244140625
0 0.33931741960939044 0.761474609375 0.0009863878477017164 0.00244140625
0 0.3225981455908463 0.76416015625 0.002663247188794634 0.0078125
0 0.34064904320378775 0.7607421875 0.0012823042020122311 0.001953125
0 0.27515289011639377 0.7607421875 0.0008877490629315447 0.001953125
0 0.2699250345235747 0.763671875 0.0044387453146577235 0.0078125
0 0.37901953047938447 0.76025390625 0.0008877490629315447 0.001953125
0 0.29601499309528506 0.76025390625 0.000789110278161373 0.001953125
0 0.3817320970605642 0.760986328125 0.0039455513908068654 0.00439453125
0 0.23263957388044978 0.76220703125 0.002663247188794634 0.0068359375
0 0.18090353126849476 0.760986328125 0.0019727756954034327 0.00439453125
0 0.17399881633458275 0.760498046875 0.002170053264943776 0.00341796875
0 0.16837640560268297 0.760986328125 0.003156441112645492 0.00439453125
0 0.34952653383310317 0.758544921875 0.001874136910633261 0.00341796875
0 0.301736042611955 0.7578125 0.0009863878477017164 0.001953125
0 0.291378970211087 0.758056640625 0.0019727756954034327 0.00244140625
0 0.25581968830144014 0.75927734375 0.0038469126060366936 0.005859375
0 0.1839613335963701 0.7578125 0.0019727756954034327 0.00390625
0 0.38266916551588087 0.75634765625 0.001085026632471888 0.001953125
0 0.3773919905306767 0.756591796875 0.0013809429867824028 0.00244140625
0 0.35830538567764847 0.757568359375 0.0028605247583349774 0.00439453125
0 0.27658315249556126 0.756103515625 0.000789110278161373 0.00244140625
0 0.3278260011836654 0.7568359375 0.001874136910633261 0.0048828125
0 0.3234365752613928 0.757568359375 0.0025646084040244622 0.00732421875
0 0.27406786348392187 0.755615234375 0.002465969619254291 0.00341796875
0 0.30607614914184256 0.755615234375 0.0017754981258630894 0.00439453125
0 0.359784967449201 0.7548828125 0.001085026632471888 0.00390625
0 0.20941014006707437 0.757080078125 0.0025646084040244622 0.00830078125
0 0.1790293943578615 0.756103515625 0.0017754981258630894 0.00634765625
0 0.1690175577036891 0.754150390625 0.0012823042020122311 0.00244140625
0 0.3733478003550996 0.75830078125 0.005523771947129611 0.01171875
0 0.2603077530084829 0.755615234375 0.003156441112645492 0.00732421875
0 0.201716314855001 0.753173828125 0.0009863878477017164 0.00244140625
0 0.17355494180311698 0.7548828125 0.0014795817715525744 0.005859375
0 0.39657723416847507 0.75439453125 0.005819688301440126 0.005859375
0 0.36313868613138683 0.75439453125 0.002071414480173604 0.005859375
0 0.35288025251528904 0.75439453125 0.003452357466956007 0.005859375
0 0.23530282106924444 0.75537109375 0.0022686920497139475 0.0078125
0 0.19555139080686526 0.755859375 0.0028605247583349774 0.0087890625
0 0.3498224501874137 0.753173828125 0.0012823042020122311 0.00439453125
0 0.26376011047543896 0.753662109375 0.0019727756954034327 0.00537109375
0 0.24319392385085817 0.75244140625 0.002071414480173604 0.0029296875
0 0.198855790096666 0.753662109375 0.003156441112645492 0.00537109375
0 0.3375912408759124 0.75048828125 0.0012823042020122311 0.001953125
0 0.2847701716314855 0.751220703125 0.0023673308344841193 0.00341796875
0 0.3686624580785165 0.75 0.0014795817715525744 0.0029296875
0 0.365506016965871 0.749755859375 0.002465969619254291 0.00244140625
0 0.37354507792464 0.749267578125 0.003156441112645492 0.00341796875
0 0.3765535608601302 0.75 0.0028605247583349774 0.005859375
0 0.34868810416255674 0.74853515625 0.0019727756954034327 0.0029296875
0 0.28871572302229237 0.74853515625 0.0011836654172420597 0.0029296875
0 0.1863779838232393 0.7490234375 0.001085026632471888 0.00390625
0 0.3557900966660091 0.74755859375 0.0011836654172420597 0.001953125
0 0.3541132373249162 0.748046875 0.0017754981258630894 0.0029296875
0 0.22164134937857566 0.748046875 0.0011836654172420597 0.0029296875
0 0.22016176760702308 0.748046875 0.0013809429867824028 0.0029296875
0 0.329305582955218 0.747802734375 0.0022686920497139475 0.00537109375
0 0.31480568159400274 0.7470703125 0.004044190175577037 0.00390625
0 0.21113631880055236 0.751708984375 0.003255079897415664 0.01318359375
0 0.17271651213257053 0.746337890625 0.0009863878477017164 0.00244140625
0 0.24186230025646083 0.74609375 0.000789110278161373 0.0029296875
0 0.38705859143815347 0.74462890625 0.000789110278161373 0.001953125
0 0.36427303215624385 0.744140625 0.0025646084040244622 0.0029296875
0 0.30439928980074965 0.743896484375 0.0009863878477017164 0.00244140625
0 0.33468139672519237 0.74658203125 0.005918327086210298 0.0087890625
0 0.2785559281909647 0.743408203125 0.0005918327086210298 0.00244140625
0 0.2440816729137897 0.745361328125 0.0022686920497139475 0.00634765625
0 0.2186821858354705 0.743896484375 0.003156441112645492 0.00439453125
0 0.34627145393568753 0.74267578125 0.0012823042020122311 0.0029296875
0 0.38084434799763267 0.743896484375 0.0027618859735648055 0.00634765625
0 0.3665910435983429 0.74169921875 0.0014795817715525744 0.001953125
0 0.19791872164134938 0.7451171875 0.003255079897415664 0.0087890625
0 0.3442000394555139 0.744384765625 0.003452357466956007 0.00830078125
0 0.35140067074373643 0.74169921875 0.0012823042020122311 0.00390625
0 0.34755375813769973 0.74072265625 0.001085026632471888 0.001953125
0 0.2589761294140856 0.74609375 0.004636022884198066 0.0126953125
0 0.2521207338725587 0.7412109375 0.0013809429867824028 0.0029296875
0 0.22603077530084828 0.7451171875 0.0036496350364963502 0.0107421875
0 0.35031564411126453 0.740478515625 0.0008877490629315447 0.00244140625
0 0.20146971789307555 0.740478515625 0.0014795817715525744 0.00244140625
0 0.24659696192542907 0.74169921875 0.002170053264943776 0.005859375
0 0.1947129611363188 0.742919921875 0.0039455513908068654 0.00830078125
0 0.20857171039652792 0.74072265625 0.003255079897415664 0.005859375
0 0.3295521799171434 0.739501953125 0.0025646084040244622 0.00439453125
0 0.1989544288814362 0.74072265625 0.0023673308344841193 0.0068359375
0 0.39998027224304594 0.738037109375 0.0013809429867824028 0.00244140625
0 0.36486486486486486 0.738525390625 0.0013809429867824028 0.00439453125
0 0.36284276977707636 0.737548828125 0.002071414480173604 0.00244140625
0 0.23860722035904516 0.7421875 0.002959163543105149 0.01171875
0 0.37196685736831725 0.737060546875 0.0011836654172420597 0.00244140625
0 0.34888538173209704 0.73583984375 0.000789110278161373 0.001953125
0 0.3032156243835076 0.736083984375 0.0009863878477017164 0.00244140625
0 0.18001578220556322 0.73828125 0.0017754981258630894 0.0068359375
0 0.391941211284277 0.73974609375 0.003255079897415664 0.0107421875
0 0.26385874926020914 0.736572265625 0.0017754981258630894 0.00439453125
0 0.37606036693627937 0.73486328125 0.001085026632471888 0.001953125
0 0.3198855790096666 0.73486328125 0.0009863878477017164 0.001953125
0 0.2236141250739791 0.735595703125 0.002170053264943776 0.00341796875
0 0.22104951666995462 0.73828125 0.003156441112645492 0.0087890625
0 0.2523673308344841 0.735107421875 0.00424146774511738 0.00439453125
0 0.3237324916157033 0.733642578125 0.0013809429867824028 0.00244140625
0 0.3171236930361018 0.735595703125 0.0027618859735648055 0.00634765625
0 0.23406983625961728 0.733154296875 0.001578220556322746 0.00244140625
0 0.20388636811994476 0.734619140625 0.0013809429867824028 0.00537109375
0 0.36930361017952257 0.736328125 0.003748273821266522 0.009765625
0 0.34400276188597356 0.73388671875 0.0012823042020122311 0.0048828125
0 0.397711580193332 0.732177734375 0.0009863878477017164 0.00244140625
0 0.3949990136121523 0.730712890625 0.001085026632471888 0.00244140625
0 0.39164529492996647 0.730712890625 0.001085026632471888 0.00244140625
0 0.3843460248569738 0.731201171875 0.002071414480173604 0.00341796875
0 0.34198066679818506 0.732421875 0.001578220556322746 0.005859375
0 0.24043203787729336 0.734130859375 0.0028605247583349774 0.00927734375
0 0.22026040639179326 0.730712890625 0.0011836654172420597 0.00244140625
0 0.19214835273229433 0.73388671875 0.0039455513908068654 0.0087890625
0 0.39657723416847507 0.72998046875 0.0014795817715525744 0.001953125
0 0.35169658709804696 0.731201171875 0.002071414480173604 0.00537109375
0 0.3345827579404222 0.729736328125 0.0027618859735648055 0.00244140625
0 0.22968041033734465 0.729736328125 0.0008877490629315447 0.00244140625
0 0.22859538370487276 0.733642578125 0.007989741566383901 0.01025390625
0 0.4140856184651805 0.7294921875 0.0013809429867824028 0.0029296875
0 0.2103965279147761 0.733154296875 0.0027618859735648055 0.01123046875
0 0.272440323535214 0.729248046875 0.002959163543105149 0.00439453125
0 0.3614618267902939 0.728759765625 0.002071414480173604 0.00439453125
0 0.24773130795028606 0.7314453125 0.0038469126060366936 0.0107421875
0 0.2357960149930953 0.73046875 0.0038469126060366936 0.0087890625
0 0.17547839810613533 0.727294921875 0.001578220556322746 0.00244140625
0 0.28427697770763466 0.7265625 0.0009863878477017164 0.001953125
0 0.36249753403038076 0.7255859375 0.0009863878477017164 0.001953125
0 0.24432826987571513 0.729248046875 0.0023673308344841193 0.00927734375
0 0.38474057999605443 0.726318359375 0.002465969619254291 0.00439453125
0 0.22307161175774315 0.725830078125 0.0012823042020122311 0.00341796875
0 0.1843065693430657 0.727783203125 0.00483330045373841 0.00830078125
0 0.28112053659498915 0.72509765625 0.001578220556322746 0.00390625
0 0.21483527322943383 0.732421875 0.005523771947129611 0.0185546875
0 0.21434207930558297 0.724365234375 0.0013809429867824028 0.00244140625
0 0.3797593213651608 0.7236328125 0.0009863878477017164 0.001953125
0 0.4012625764450582 0.72802734375 0.003550996251726179 0.01171875
0 0.22035904517656343 0.724853515625 0.0023673308344841193 0.00537109375
0 0.3539159597553758 0.72265625 0.0013809429867824028 0.001953125
0 0.19111264549220752 0.72265625 0.0012823042020122311 0.001953125
0 0.2545373840994279 0.7255859375 0.003452357466956007 0.009765625
0 0.23821266521996448 0.72216796875 0.0019727756954034327 0.00390625
0 0.40244624186230027 0.7216796875 0.001578220556322746 0.0048828125
0 0.40649043203787727 0.722412109375 0.004931939238508582 0.00732421875
0 0.2785066087985796 0.720947265625 0.0028605247583349774 0.00439453125
0 0.19574866837640562 0.720458984375 0.0008877490629315447 0.00341796875
0 0.39938843953442493 0.71923828125 0.0019727756954034327 0.001953125
0 0.3682185835470507 0.719970703125 0.0023673308344841193 0.00341796875
0 0.24644900374827383 0.719482421875 0.0012823042020122311 0.00244140625
0 0.2090155849279937 0.7197265625 0.0023673308344841193 0.0029296875
0 0.20502071414480175 0.7197265625 0.001874136910633261 0.00390625
0 0.22050700335371867 0.7177734375 0.0006904714933912014 0.001953125
0 0.18470112448214637 0.718017578125 0.0008877490629315447 0.00244140625
0 0.18198855790096666 0.718505859375 0.0009863878477017164 0.00341796875
0 0.3962319984217794 0.72119140625 0.003550996251726179 0.009765625
0 0.3807950286052476 0.71826171875 0.002663247188794634 0.00390625
0 0.3716216216216216 0.7177734375 0.0014795817715525744 0.0029296875
0 0.20216018938646677 0.718994140625 0.002465969619254291 0.00537109375
0 0.4041231012033932 0.717529296875 0.0009863878477017164 0.00341796875
0 0.2527618859735648 0.71728515625 0.0014795817715525744 0.0029296875
0 0.41191556520023676 0.722412109375 0.004734661668968239 0.01416015625
0 0.3967251923456303 0.714599609375 0.001578220556322746 0.00244140625
0 0.25917340698362595 0.71533203125 0.001874136910633261 0.00390625
0 0.21222134543302426 0.714111328125 0.0012823042020122311 0.00244140625
0 0.2179917143420793 0.71728515625 0.004142828960347208 0.009765625
0 0.21360228841980666 0.717529296875 0.0030578023278753207 0.01025390625
0 0.4008187019135924 0.713134765625 0.001874136910633261 0.00244140625
0 0.2280528703886368 0.71533203125 0.002170053264943776 0.0068359375
0 0.20669757348589465 0.71435546875 0.002465969619254291 0.0048828125
0 0.24348984020516867 0.713623046875 0.002465969619254291 0.00439453125
0 0.29946735056224105 0.71240234375 0.0011836654172420597 0.0029296875
0 0.39859932925626357 0.711669921875 0.0017754981258630894 0.00244140625
0 0.25340303807457093 0.712890625 0.0017754981258630894 0.0048828125
0 0.2078812389031367 0.712158203125 0.0008877490629315447 0.00341796875
0 0.3914480173604261 0.71435546875 0.003255079897415664 0.0107421875
0 0.37181889919116196 0.7099609375 0.0008877490629315447 0.001953125
0 0.2496547642533044 0.7158203125 0.003748273821266522 0.013671875
0 0.21739988163345828 0.709228515625 0.0013809429867824028 0.00244140625
0 0.41852436377983826 0.7080078125 0.000789110278161373 0.001953125
0 0.39583744328269876 0.708740234375 0.003550996251726179 0.00341796875
0 0.22815150917340699 0.708251953125 0.0017754981258630894 0.00244140625
0 0.2194712961136319 0.70947265625 0.002170053264943776 0.0048828125
0 0.4085618465180509 0.7109375 0.0051292168080489245 0.0087890625
0 0.20556322746103767 0.70849609375 0.002170053264943776 0.00390625
0 0.37324916157032945 0.707275390625 0.0009863878477017164 0.00244140625
0 0.414381534819491 0.7080078125 0.0013809429867824028 0.0048828125
0 0.38646675872953246 0.706787109375 0.0017754981258630894 0.00341796875
0 0.253452357466956 0.706787109375 0.001874136910633261 0.00439453125
0 0.25088774906293154 0.707275390625 0.002071414480173604 0.00537109375
0 0.22435391595975537 0.710693359375 0.0030578023278753207 0.01220703125
0 0.23313276780430064 0.706787109375 0.0016768593410929177 0.00634765625
0 0.21019925034523573 0.70458984375 0.0011836654172420597 0.0029296875
0 0.41635431051489447 0.706298828125 0.003550996251726179 0.00732421875
0 0.39317419609390414 0.703857421875 0.0009863878477017164 0.00244140625
0 0.22677056618662458 0.70361328125 0.001578220556322746 0.0029296875
0 0.23510554349970408 0.703125 0.0012823042020122311 0.0029296875
0 0.1981653186032748 0.70361328125 0.0013809429867824028 0.00390625
0 0.23022292365358057 0.70263671875 0.0009863878477017164 0.0029296875
0 0.21690668770960742 0.70361328125 0.0011836654172420597 0.0048828125
0 0.20600710199250344 0.7021484375 0.001874136910633261 0.0029296875
0 0.22612941408561846 0.700927734375 0.0006904714933912014 0.00244140625
0 0.24452554744525548 0.703857421875 0.0025646084040244622 0.00927734375
0 0.23663444466364175 0.700439453125 0.0011836654172420597 0.00341796875
0 0.22440323535214046 0.700927734375 0.0017754981258630894 0.00439453125
0 0.37038863681199446 0.699462890625 0.001578220556322746 0.00244140625
0 0.3891793253107122 0.698974609375 0.001085026632471888 0.00244140625
0 0.40244624186230027 0.69775390625 0.0011836654172420597 0.001953125
0 0.40649043203787727 0.698486328125 0.0013809429867824028 0.00537109375
0 0.2125172617873348 0.697021484375 0.0008877490629315447 0.00244140625
0 0.24930952850660879 0.69970703125 0.0030578023278753207 0.0087890625
0 0.21444071809035312 0.69580078125 0.0011836654172420597 0.0029296875
0 0.2371276385874926 0.696044921875 0.0019727756954034327 0.00634765625
0 0.18450384691260605 0.69384765625 0.0014795817715525744 0.001953125
0 0.39445650029591633 0.69384765625 0.0009863878477017164 0.0029296875
0 0.2987275596764648 0.693359375 0.001085026632471888 0.001953125
0 0.3911027816137305 0.69287109375 0.0013809429867824028 0.001953125
0 0.3874531465772342 0.69287109375 0.0009863878477017164 0.001953125
0 0.23525350167685935 0.69384765625 0.0011836654172420597 0.00390625
0 0.40432037877293353 0.69140625 0.000789110278161373 0.001953125
0 0.19599526533833103 0.692138671875 0.0017754981258630894 0.00439453125
0 0.3639771158019333 0.6904296875 0.0013809429867824028 0.001953125
0 0.2381633458275794 0.6904296875 0.0008877490629315447 0.001953125
0 0.21784375616492405 0.6923828125 0.002071414480173604 0.005859375
0 0.4167488656539751 0.690185546875 0.0013809429867824028 0.00244140625
0 0.4015091734069836 0.690185546875 0.0008877490629315447 0.00244140625
0 0.2211481554547248 0.69140625 0.002170053264943776 0.005859375
0 0.41078121917537974 0.696533203125 0.005030578023278753 0.01708984375
0 0.4181791280331426 0.688232421875 0.0008877490629315447 0.00244140625
0 0.39401262576445056 0.687744140625 0.0008877490629315447 0.00244140625
0 0.19106332609982246 0.68701171875 0.0011836654172420597 0.00390625
0 0.4107318997829947 0.685302734375 0.000789110278161373 0.00244140625
0 0.4159104359834287 0.685302734375 0.001085026632471888 0.00341796875
0 0.40866048530282106 0.687255859375 0.003550996251726179 0.00732421875
0 0.4234563030183468 0.685546875 0.0023673308344841193 0.0048828125
0 0.22538962319984218 0.68115234375 0.0009863878477017164 0.001953125
0 0.22129611363188006 0.680908203125 0.0008877490629315447 0.00244140625
0 0.4095482343657526 0.68017578125 0.0011836654172420597 0.001953125
0 0.19703097257841784 0.6806640625 0.0012823042020122311 0.00390625
0 0.4154172420595778 0.679931640625 0.0008877490629315447 0.00341796875
0 0.42197672124679425 0.67919921875 0.000789110278161373 0.0029296875
0 0.42473860722035905 0.67822265625 0.0025646084040244622 0.0078125
0 0.41872164134937856 0.67626953125 0.0013809429867824028 0.0048828125
0 0.7251923456303019 0.674560546875 0.0011836654172420597 0.00439453125
0 0.4233576642335766 0.6728515625 0.0017754981258630894 0.0029296875
0 0.7269185243637798 0.672607421875 0.002663247188794634 0.00537109375
0 0.713207733280726 0.67236328125 0.002465969619254291 0.005859375
0 0.4220260406391793 0.6708984375 0.002071414480173604 0.0029296875
0 0.7130104557111856 0.66845703125 0.0016768593410929177 0.0029296875
0 0.4200039455513908 0.6669921875 0.000789110278161373 0.001953125
0 0.6182679029394358 0.666015625 0.000789110278161373 0.001953125
0 0.4286348392187808 0.668701171875 0.001874136910633261 0.00732421875
0 0.6499309528506608 0.66552734375 0.0011836654172420597 0.001953125
0 0.726967843756165 0.666015625 0.0019727756954034327 0.00390625
0 0.651706450976524 0.66650390625 0.0013809429867824028 0.0048828125
0 0.7117774709015585 0.666015625 0.0013809429867824028 0.0048828125
0 0.7040343262971 0.663330078125 0.0008877490629315447 0.00244140625
0 0.4544288814361807 0.66259765625 0.001578220556322746 0.0048828125
0 0.7240086802130598 0.66162109375 0.0027618859735648055 0.0048828125
0 0.4329256263562833 0.665771484375 0.004931939238508582 0.01513671875
0 0.6482047741171829 0.659912109375 0.001085026632471888 0.00439453125
0 0.6959459459459459 0.658447265625 0.0016768593410929177 0.00244140625
0 0.4305089761294141 0.658935546875 0.0008877490629315447 0.00341796875
0 0.6166896823831131 0.6591796875 0.0023673308344841193 0.0048828125
0 0.7143420793055829 0.66162109375 0.004142828960347208 0.0107421875
0 0.5908463207733281 0.65771484375 0.0009863878477017164 0.0029296875
0 0.49284868810416255 0.656982421875 0.0006904714933912014 0.00244140625
0 0.6743933714736634 0.65673828125 0.0011836654172420597 0.0029296875
0 0.5962221345433024 0.656982421875 0.0014795817715525744 0.00341796875
0 0.5802426514105347 0.657958984375 0.001874136910633261 0.00537109375
0 0.5600710199250345 0.65771484375 0.0011836654172420597 0.0048828125
0 0.6814460445847307 0.65673828125 0.0016768593410929177 0.00390625
0 0.4590649043203788 0.656982421875 0.0023673308344841193 0.00537109375
0 0.7190274215821661 0.656005859375 0.0012823042020122311 0.00439453125
0 0.6412507397908858 0.656005859375 0.0025646084040244622 0.00732421875
0 0.5404419017557703 0.654052734375 0.0017754981258630894 0.00341796875
0 0.6682777668179128 0.654541015625 0.0013809429867824028 0.00537109375
0 0.5777273623988952 0.655517578125 0.0025646084040244622 0.00732421875
0 0.5332905898599329 0.656982421875 0.0030578023278753207 0.01025390625
0 0.4540836456894851 0.6533203125 0.0014795817715525744 0.0029296875
0 0.6274906293154469 0.65380859375 0.0014795817715525744 0.0048828125
0 0.6010061156046558 0.654296875 0.0033537186821858355 0.005859375
0 0.571266521996449 0.656494140625 0.004636022884198066 0.01025390625
0 0.7117774709015585 0.652099609375 0.0013809429867824028 0.00244140625
0 0.5131189583744328 0.652587890625 0.0013809429867824028 0.00341796875
0 0.6491418425724995 0.65234375 0.0011836654172420597 0.00390625
0 0.5751134346024857 0.65234375 0.0016768593410929177 0.00390625
0 0.5490727954231603 0.651611328125 0.0008877490629315447 0.00244140625
0 0.527618859735648 0.65234375 0.0011836654172420597 0.00390625
0 0.49324324324324326 0.65234375 0.0014795817715525744 0.00390625
0 0.6613237324916157 0.651611328125 0.001085026632471888 0.00341796875
0 0.4606924442690866 0.651611328125 0.0008877490629315447 0.00341796875
0 0.6826297100019728 0.65087890625 0.001085026632471888 0.0029296875
0 0.651163937660288 0.656005859375 0.00424146774511738 0.01318359375
0 0.630449792858552 0.652587890625 0.002465969619254291 0.00634765625
0 0.5889721838626948 0.6533203125 0.0019727756954034327 0.0078125
0 0.5458177155257448 0.65185546875 0.0012823042020122311 0.0048828125
0 0.582757940422174 0.650390625 0.0011836654172420597 0.0029296875
0 0.5661866245807852 0.651611328125 0.001578220556322746 0.00537109375
0 0.6852929571907674 0.649658203125 0.0006904714933912014 0.00244140625
0 0.6434701124482146 0.652099609375 0.0028605247583349774 0.00732421875
0 0.5907970013809429 0.64990234375 0.0008877490629315447 0.0029296875
0 0.49462418623002563 0.650146484375 0.001085026632471888 0.00341796875
0 0.6887453146577234 0.64990234375 0.0014795817715525744 0.00390625
0 0.6506707437364372 0.6494140625 0.001085026632471888 0.0029296875
0 0.46680804892483724 0.650634765625 0.0014795817715525744 0.00537109375
0 0.6387847701716315 0.64990234375 0.0013809429867824028 0.0048828125
0 0.4959064904320379 0.648681640625 0.0006904714933912014 0.00244140625
0 0.6263069638982047 0.6484375 0.002071414480173604 0.0029296875
0 0.5193332018149537 0.648193359375 0.0013809429867824028 0.00439453125
0 0.5254981258630894 0.648681640625 0.003452357466956007 0.00634765625
0 0.5641645294929967 0.646728515625 0.0008877490629315447 0.00341796875
0 0.5434503846912606 0.6494140625 0.0036496350364963502 0.0087890625
0 0.5214046162951272 0.6474609375 0.0011836654172420597 0.0048828125
0 0.49210889721838624 0.64599609375 0.0009863878477017164 0.00390625
0 0.478743341882028 0.644775390625 0.0008877490629315447 0.00244140625
0 0.5397021108699941 0.64404296875 0.0014795817715525744 0.0029296875
