0 0.3793647662260801 0.99609375 0.002959163543105149 0.0078125
0 0.3716709410140067 0.995849609375 0.0025646084040244622 0.00830078125
0 0.37778654566975733 0.990966796875 0.003156441112645492 0.00439453125
0 0.37532057605050306 0.9775390625 0.002959163543105149 0.0107421875
0 0.37359439731702504 0.932861328125 0.002071414480173604 0.00830078125
0 0.5162260800946933 0.71044921875 0.0066087985796014995 0.0048828125
0 0.3765535608601302 0.697265625 0.011738015387650425 0.0224609375
0 0.18928782797395935 0.68896484375 0.0033537186821858355 0.0087890625
0 0.19540343262971 0.68505859375 0.003550996251726179 0.0078125
0 0.2308640757545867 0.6787109375 0.0012823042020122311 0.0029296875
0 0.5215525744722825 0.66650390625 0.002465969619254291 0.005859375
0 0.39933912014203987 0.65869140625 0.001085026632471888 0.00390625
0 0.10189386466758729 0.657470703125 0.004931939238508582 0.01220703125
0 0.23318208719668573 0.652099609375 0.0009863878477017164 0.00244140625
0 0.23071611757743143 0.652099609375 0.000789110278161373 0.00244140625
0 0.12147366344446636 0.6552734375 0.016275399487078318 0.009765625
0 0.10810810810810811 0.651123046875 0.0013809429867824028 0.00341796875
0 0.12951272440323536 0.654541015625 0.0033537186821858355 0.01123046875
0 0.39652791477608995 0.646484375 0.0019727756954034327 0.0068359375
