0 0.512675083842967 0.99853515625 0.0008877490629315447 0.0029296875
0 0.6452456105740777 0.998291015625 0.0022686920497139475 0.00341796875
0 0.4969915170645098 0.998046875 0.001085026632471888 0.00390625
0 0.609143815348195 0.997802734375 0.002465969619254291 0.00439453125
0 0.6483527322943381 0.996826171875 0.002170053264943776 0.00341796875
0 0.5540540540540541 0.995849609375 0.0017754981258630894 0.00244140625
0 0.46996449003748275 0.99609375 0.0016768593410929177 0.0029296875
0 0.29384493983034127 0.997314453125 0.0017754981258630894 0.00537109375
0 0.7323929769185243 0.9970703125 0.0025646084040244622 0.005859375
0 0.688548037088183 0.99609375 0.0030578023278753207 0.00390625
0 0.665515880844348 0.9970703125 0.0033537186821858355 0.005859375
0 0.45324521601893863 0.9970703125 0.0017754981258630894 0.005859375
0 0.6777470901558493 0.996826171875 0.0023673308344841193 0.00634765625
0 0.551736042611955 0.99609375 0.001874136910633261 0.0048828125
0 0.5019727756954034 0.996826171875 0.0017754981258630894 0.00634765625
0 0.6716314855000987 0.99658203125 0.0039455513908068654 0.0068359375
0 0.5836456894851055 0.99560546875 0.003550996251726179 0.005859375
0 0.6861313868613139 0.99609375 0.0027618859735648055 0.0078125
0 0.5455711185638193 0.994140625 0.002170053264943776 0.0048828125
0 0.7077332807259814 0.99560546875 0.003550996251726179 0.0087890625
0 0.6969816531860328 0.991943359375 0.0017754981258630894 0.00341796875
0 0.6004142828960347 0.991455078125 0.0013809429867824028 0.00244140625
0 0.6332116788321168 0.994873046875 0.0066087985796014995 0.01025390625
0 0.6140264351943184 0.99267578125 0.003748273821266522 0.005859375
0 0.6231505227855593 0.99072265625 0.001085026632471888 0.0029296875
0 0.6598934701124483 0.99072265625 0.001578220556322746 0.00390625
0 0.6214243440520812 0.990966796875 0.002170053264943776 0.00439453125
0 0.6066285263365555 0.990966796875 0.003550996251726179 0.00439453125
0 0.5135135135135135 0.990966796875 0.002959163543105149 0.00439453125
0 0.7010751627539948 0.9921875 0.006214243440520813 0.0087890625
0 0.5949398303412902 0.9892578125 0.002071414480173604 0.0029296875
0 0.4744525547445255 0.989990234375 0.001578220556322746 0.00439453125
0 0.5601696587098047 0.99169921875 0.0039455513908068654 0.0087890625
0 0.6925429078713751 0.992919921875 0.008088380351154074 0.01220703125
0 0.5306766620635234 0.990234375 0.003156441112645492 0.0068359375
0 0.4659202998619057 0.989013671875 0.001085026632471888 0.00439453125
0 0.45985401459854014 0.989013671875 0.002170053264943776 0.00439453125
0 0.27515289011639377 0.9892578125 0.001874136910633261 0.0048828125
0 0.7106431248767016 0.987548828125 0.001085026632471888 0.00341796875
0 0.6544683369500888 0.990478515625 0.005326494377589268 0.01025390625
0 0.5665811797198659 0.989990234375 0.0033537186821858355 0.00927734375
0 0.5433517459064904 0.9892578125 0.004636022884198066 0.0078125
0 0.4533438548037088 0.98681640625 0.0017754981258630894 0.00390625
0 0.6636417439337148 0.98583984375 0.0013809429867824028 0.0029296875
0 0.5181002170053265 0.986572265625 0.003452357466956007 0.00439453125
0 0.45664825409350956 0.98583984375 0.0014795817715525744 0.0029296875
0 0.7196685736831723 0.987060546875 0.002959163543105149 0.00634765625
0 0.6249753403038074 0.986328125 0.002170053264943776 0.0048828125
0 0.638488853817321 0.9873046875 0.005918327086210298 0.0087890625
0 0.6271453935687512 0.9853515625 0.0017754981258630894 0.0048828125
0 0.6184651805089761 0.984375 0.0017754981258630894 0.0029296875
0 0.5713651607812191 0.985595703125 0.0030578023278753207 0.00537109375
0 0.7083251134346025 0.984375 0.002959163543105149 0.00390625
0 0.681594002761886 0.984619140625 0.0019727756954034327 0.00439453125
0 0.5216018938646676 0.984375 0.001578220556322746 0.0048828125
0 0.513217597159203 0.985595703125 0.003748273821266522 0.00732421875
0 0.6581672913789702 0.984375 0.0028605247583349774 0.005859375
0 0.6488952456105741 0.983154296875 0.0014795817715525744 0.00341796875
0 0.6301538765042415 0.983642578125 0.0036496350364963502 0.00537109375
0 0.6449990136121523 0.98291015625 0.0017754981258630894 0.0048828125
0 0.6098836062339712 0.98388671875 0.003156441112645492 0.0068359375
0 0.5306766620635234 0.981689453125 0.0013809429867824028 0.00244140625
0 0.6863779838232393 0.986083984375 0.007003353718682186 0.01220703125
0 0.3181100808838035 0.982177734375 0.0017754981258630894 0.00439453125
0 0.5593805484316433 0.981201171875 0.0025646084040244622 0.00341796875
0 0.4617281515091734 0.98193359375 0.0019727756954034327 0.0048828125
0 0.46478595383704874 0.979248046875 0.000789110278161373 0.00244140625
0 0.4412606036693628 0.980224609375 0.0016768593410929177 0.00439453125
0 0.5822154271059381 0.97998046875 0.001874136910633261 0.0048828125
0 0.6830735845334386 0.978759765625 0.0033537186821858355 0.00341796875
0 0.5552377194712961 0.9794921875 0.0019727756954034327 0.0048828125
0 0.483921878082462 0.978271484375 0.0019727756954034327 0.00244140625
0 0.584484119155652 0.9775390625 0.0012823042020122311 0.0029296875
0 0.7088676267508385 0.976806640625 0.0008877490629315447 0.00244140625
0 0.5498619057013218 0.9775390625 0.001085026632471888 0.00390625
0 0.5790589859932925 0.977294921875 0.001085026632471888 0.00439453125
0 0.6377490629315447 0.9765625 0.0014795817715525744 0.00390625
0 0.5401953047938449 0.9755859375 0.001085026632471888 0.001953125
0 0.536249753403038 0.9765625 0.001874136910633261 0.0048828125
0 0.6625567173012429 0.97607421875 0.003550996251726179 0.005859375
0 0.7039356875123298 0.974853515625 0.0030578023278753207 0.00439453125
0 0.6457881238903137 0.974853515625 0.0011836654172420597 0.00439453125
0 0.6714342079305583 0.97509765625 0.004734661668968239 0.0068359375
0 0.6648747287433419 0.97314453125 0.0012823042020122311 0.0029296875
0 0.639672519234563 0.974365234375 0.0023673308344841193 0.00537109375
0 0.5932136516078121 0.975830078125 0.002959163543105149 0.00830078125
0 0.5222923653580588 0.974365234375 0.0017754981258630894 0.00537109375
0 0.594791872164135 0.972900390625 0.0019727756954034327 0.00341796875
0 0.5803906095876898 0.973876953125 0.0027618859735648055 0.00537109375
0 0.5515387650424147 0.972412109375 0.0014795817715525744 0.00244140625
0 0.5094200039455514 0.972412109375 0.0012823042020122311 0.00244140625
0 0.7056618662458078 0.972412109375 0.0023673308344841193 0.00341796875
0 0.5164233576642335 0.971923828125 0.002071414480173604 0.00439453125
0 0.47021108699940817 0.971435546875 0.0011836654172420597 0.00341796875
0 0.6755277174985204 0.972900390625 0.003452357466956007 0.00830078125
0 0.6514598540145985 0.970703125 0.002071414480173604 0.00390625
0 0.5075458670349181 0.971435546875 0.001874136910633261 0.00537109375
0 0.6909153679226672 0.9736328125 0.004636022884198066 0.0107421875
0 0.6714835273229434 0.96826171875 0.001085026632471888 0.001953125
0 0.6460840402446242 0.97021484375 0.003156441112645492 0.005859375
0 0.5303807457092129 0.9697265625 0.0025646084040244622 0.0048828125
0 0.6728644703097257 0.96826171875 0.0008877490629315447 0.0029296875
0 0.6560465575064115 0.96875 0.002959163543105149 0.00390625
0 0.27022095087788517 0.967529296875 0.0028605247583349774 0.00341796875
0 0.6124482146379957 0.968994140625 0.002170053264943776 0.00732421875
0 0.4498914973367528 0.966796875 0.0011836654172420597 0.0029296875
0 0.6821365160781219 0.968017578125 0.002071414480173604 0.00732421875
0 0.48974156638390215 0.966064453125 0.0013809429867824028 0.00439453125
0 0.539060958768988 0.966064453125 0.0033537186821858355 0.00537109375
0 0.6609784967449202 0.964111328125 0.0011836654172420597 0.00244140625
0 0.548234365752614 0.96484375 0.0009863878477017164 0.00390625
0 0.5025646084040245 0.96875 0.004931939238508582 0.01171875
0 0.58330045373841 0.96435546875 0.0012823042020122311 0.00390625
0 0.5878871572302229 0.963134765625 0.0009863878477017164 0.00244140625
0 0.5421187610968633 0.9638671875 0.0027618859735648055 0.00390625
0 0.6594495955809825 0.962890625 0.0014795817715525744 0.0029296875
0 0.492552771749852 0.964111328125 0.001874136910633261 0.00537109375
0 0.710939041231012 0.96240234375 0.001085026632471888 0.00390625
0 0.6703491812980864 0.962646484375 0.001578220556322746 0.00439453125
0 0.6250246596961926 0.962158203125 0.0008877490629315447 0.00341796875
0 0.6909153679226672 0.960693359375 0.0016768593410929177 0.00244140625
0 0.6717301242848688 0.961181640625 0.0019727756954034327 0.00341796875
0 0.5041428289603472 0.961181640625 0.0019727756954034327 0.00537109375
0 0.4822943381337542 0.9619140625 0.0022686920497139475 0.0068359375
0 0.5851745906490432 0.959716796875 0.001874136910633261 0.00634765625
0 0.6136811994476228 0.958984375 0.003452357466956007 0.005859375
0 0.5127737226277372 0.957763671875 0.001085026632471888 0.00341796875
0 0.5905997238114027 0.95703125 0.001085026632471888 0.0029296875
0 0.5736338528309332 0.95654296875 0.001085026632471888 0.0029296875
0 0.6390313671335569 0.956298828125 0.0030578023278753207 0.00341796875
0 0.5641152101006116 0.95751953125 0.0019727756954034327 0.005859375
0 0.6472677056618662 0.958251953125 0.0051292168080489245 0.00830078125
0 0.6003649635036497 0.95654296875 0.0036496350364963502 0.005859375
0 0.5567173012428487 0.955078125 0.001578220556322746 0.0029296875
0 0.6743440520812783 0.953857421875 0.001874136910633261 0.00244140625
0 0.6330637206549615 0.954345703125 0.0027618859735648055 0.00341796875
0 0.7144407180903531 0.9521484375 0.0013809429867824028 0.001953125
0 0.48135726967843756 0.953125 0.0011836654172420597 0.00390625
0 0.5667784572894062 0.9521484375 0.0013809429867824028 0.00390625
0 0.6885973564805682 0.95166015625 0.0019727756954034327 0.0048828125
0 0.5900078911027816 0.950927734375 0.002465969619254291 0.00341796875
0 0.49309528506608796 0.950439453125 0.0013809429867824028 0.00341796875
0 0.45053264943775895 0.9482421875 0.002465969619254291 0.00390625
0 0.5437956204379562 0.947509765625 0.001578220556322746 0.00439453125
0 0.5410830538567765 0.947998046875 0.002071414480173604 0.00537109375
0 0.5566679818504636 0.946533203125 0.0016768593410929177 0.00341796875
0 0.47825014795817716 0.946533203125 0.001874136910633261 0.00341796875
0 0.4864371670941014 0.94580078125 0.0028605247583349774 0.00390625
0 0.6270467547839811 0.945556640625 0.0039455513908068654 0.00537109375
0 0.5156835667784573 0.9423828125 0.0017754981258630894 0.0029296875
0 0.6992010258433616 0.94189453125 0.0016768593410929177 0.0029296875
0 0.5958768987966069 0.941162109375 0.0011836654172420597 0.00244140625
0 0.5623397119747485 0.940673828125 0.0009863878477017164 0.00244140625
0 0.6625567173012429 0.939208984375 0.002959163543105149 0.00439453125
0 0.6417439337147366 0.9375 0.0013809429867824028 0.001953125
0 0.6591536792266719 0.93701171875 0.001874136910633261 0.0048828125
0 0.5255967646478595 0.93603515625 0.004044190175577037 0.0048828125
0 0.6344446636417439 0.934814453125 0.002170053264943776 0.00341796875
0 0.6931840599723812 0.9345703125 0.002663247188794634 0.00390625
0 0.63217597159203 0.9345703125 0.002170053264943776 0.005859375
0 0.5875419214835274 0.93603515625 0.0038469126060366936 0.0087890625
0 0.6119057013217597 0.92919921875 0.0030578023278753207 0.00390625
0 0.5731406589070822 0.9267578125 0.0012823042020122311 0.00390625
0 0.5338331031761688 0.925048828125 0.0013809429867824028 0.00341796875
0 0.6503748273821266 0.921630859375 0.0016768593410929177 0.00341796875
0 0.5780232787532058 0.921875 0.004142828960347208 0.005859375
0 0.5968139672519235 0.916015625 0.001085026632471888 0.00390625
0 0.5007397908857762 0.91650390625 0.0028605247583349774 0.0068359375
0 0.6738015387650425 0.9140625 0.0009863878477017164 0.00390625
0 0.617232195699349 0.88623046875 0.001874136910633261 0.00390625
0 0.5196784375616492 0.86376953125 0.0036496350364963502 0.0029296875
0 0.5185440915367923 0.8603515625 0.003156441112645492 0.0029296875
0 0.6036200434010653 0.830810546875 0.011146182679029394 0.00634765625
0 0.6275399487078319 0.820556640625 0.019727756954034326 0.01220703125
0 0.6549122114815545 0.803955078125 0.010357072400868021 0.00732421875
0 0.4596074176366147 0.801025390625 0.004044190175577037 0.00341796875
0 0.6884000789110278 0.79931640625 0.007891102781613731 0.0048828125
0 0.5965180508976129 0.79736328125 0.002465969619254291 0.0029296875
0 0.1585618465180509 0.742919921875 0.004044190175577037 0.00244140625
0 0.1561451962911817 0.73974609375 0.005326494377589268 0.0029296875
0 0.16531860327480766 0.73681640625 0.003156441112645492 0.001953125
0 0.14342079305582955 0.73681640625 0.003156441112645492 0.001953125
0 0.22060564213848885 0.735595703125 0.00483330045373841 0.00439453125
0 0.19032353521404616 0.732421875 0.0066087985796014995 0.0048828125
0 0.1495363977115802 0.73291015625 0.005326494377589268 0.0078125
0 0.16058394160583941 0.72802734375 0.005721049516669955 0.00390625
0 0.15165713158413888 0.727294921875 0.003255079897415664 0.00244140625
0 0.14544288814361808 0.7265625 0.003255079897415664 0.001953125
0 0.18494772144407182 0.726806640625 0.0051292168080489245 0.00537109375
0 0.1982146379956599 0.722412109375 0.006411521010061156 0.00537109375
0 0.18889327283487867 0.719970703125 0.010061156046557506 0.00537109375
0 0.16428289603472085 0.716796875 0.005819688301440126 0.0048828125
