0 0.14090550404419017 0.998291015625 0.00424146774511738 0.00341796875
0 0.27101006115604653 0.998046875 0.0044387453146577235 0.00390625
0 0.12443282698757151 0.998046875 0.002663247188794634 0.00390625
0 0.24383507595186427 0.997314453125 0.004931939238508582 0.00341796875
0 0.23939633063720656 0.997802734375 0.0033537186821858355 0.00439453125
0 0.0987374235549418 0.996826171875 0.001578220556322746 0.00244140625
0 0.25152890116393767 0.99755859375 0.009863878477017163 0.0048828125
0 0.35342276583152493 0.9970703125 0.009469323337936477 0.005859375
0 0.2183369500887749 0.994140625 0.003452357466956007 0.00390625
0 0.10401459854014598 0.994873046875 0.0038469126060366936 0.00537109375
0 0.6285756559479188 0.993408203125 0.002071414480173604 0.00341796875
0 0.2144900374827382 0.99267578125 0.001874136910633261 0.0029296875
0 0.1279838232392977 0.995361328125 0.005227855592819097 0.00927734375
0 0.25414282896034723 0.991943359375 0.0022686920497139475 0.00341796875
0 0.24950680607614914 0.990966796875 0.006214243440520813 0.00439453125
0 0.12502465969619253 0.990478515625 0.0022686920497139475 0.00341796875
0 0.3823239297691852 0.990234375 0.007693825212073387 0.005859375
0 0.3717695797987769 0.992919921875 0.015387650424146774 0.01123046875
0 0.14504833300453737 0.98876953125 0.002071414480173604 0.0029296875
0 0.14277964095482343 0.98779296875 0.0016768593410929177 0.001953125
0 0.29552179917143423 0.9873046875 0.001578220556322746 0.001953125
0 0.6325212073387256 0.98681640625 0.003255079897415664 0.0029296875
0 0.2876306963898205 0.99267578125 0.009863878477017163 0.0146484375
0 0.09725784178338923 0.987060546875 0.0033537186821858355 0.00341796875
0 0.3874531465772342 0.986083984375 0.004734661668968239 0.00341796875
0 0.29182284474255277 0.98876953125 0.005622410731899783 0.0087890625
0 0.5190866048530283 0.9853515625 0.005030578023278753 0.0048828125
0 0.27993687117774707 0.984619140625 0.003748273821266522 0.00439453125
0 0.35682580390609586 0.98388671875 0.007200631288222529 0.00390625
0 0.27904912211481553 0.980224609375 0.004537384099427895 0.00341796875
0 0.5549418031169856 0.979736328125 0.0033537186821858355 0.00341796875
0 0.147119747484711 0.978515625 0.002071414480173604 0.0029296875
0 0.5032550798974157 0.978271484375 0.003748273821266522 0.00341796875
0 0.38261984612349575 0.97705078125 0.0025646084040244622 0.001953125
0 0.3793647662260801 0.974609375 0.0013809429867824028 0.001953125
0 0.40792069441704476 0.97412109375 0.0044387453146577235 0.00390625
0 0.38814361807062536 0.9716796875 0.0023673308344841193 0.001953125
0 0.15136121522982837 0.973876953125 0.006214243440520813 0.00732421875
0 0.5236239889524561 0.970458984375 0.005030578023278753 0.00341796875
0 0.3588478989938844 0.968994140625 0.004142828960347208 0.00244140625
0 0.09543302426514105 0.96875 0.00483330045373841 0.0029296875
0 0.6406589070822647 0.966796875 0.006510159794831328 0.0048828125
0 0.2991714342079306 0.965576171875 0.0023673308344841193 0.00341796875
0 0.10889721838626948 0.965087890625 0.003748273821266522 0.00439453125
0 0.6347405799960545 0.96337890625 0.003748273821266522 0.005859375
0 0.36940224896429275 0.966796875 0.007101992503452358 0.013671875
0 0.15634247386072203 0.962890625 0.003156441112645492 0.005859375
0 0.4003255079897416 0.96044921875 0.0016768593410929177 0.001953125
0 0.39376602880252515 0.959228515625 0.004340106529887552 0.00244140625
0 0.10130203195896627 0.95849609375 0.005523771947129611 0.0048828125
0 0.3886861313868613 0.957275390625 0.00424146774511738 0.00634765625
0 0.36151114618267904 0.955078125 0.008285657920694417 0.005859375
0 0.39475241665022687 0.95263671875 0.001578220556322746 0.0029296875
0 0.368415861116591 0.95166015625 0.0013809429867824028 0.001953125
0 0.5337837837837838 0.953125 0.009962517261787335 0.005859375
0 0.4009173406983626 0.951171875 0.001874136910633261 0.001953125
0 0.10342276583152496 0.95263671875 0.006214243440520813 0.0048828125
0 0.5245117380153876 0.94970703125 0.003452357466956007 0.0029296875
0 0.3661471690668771 0.94921875 0.0017754981258630894 0.0029296875
0 0.623594397317025 0.948486328125 0.0025646084040244622 0.00244140625
0 0.5858157427500493 0.948486328125 0.0025646084040244622 0.00244140625
0 0.3509074768198856 0.94775390625 0.003255079897415664 0.001953125
0 0.29256263562832907 0.947998046875 0.0017754981258630894 0.00341796875
0 0.12453146577234168 0.948974609375 0.005622410731899783 0.00537109375
0 0.39401262576445056 0.94677734375 0.001874136910633261 0.001953125
0 0.34627145393568753 0.947509765625 0.0036496350364963502 0.00537109375
0 0.36836654172420596 0.947265625 0.005622410731899783 0.005859375
0 0.5479877687906884 0.945556640625 0.0016768593410929177 0.00341796875
0 0.5440915367922667 0.9453125 0.004340106529887552 0.0029296875
0 0.41117577431446045 0.943359375 0.0028605247583349774 0.001953125
0 0.10061156046557507 0.9443359375 0.0061156046557506415 0.0048828125
0 0.3665910435983429 0.942138671875 0.001085026632471888 0.00146484375
0 0.302278555928191 0.942626953125 0.0022686920497139475 0.00341796875
0 0.35490234760307754 0.941162109375 0.002170053264943776 0.00341796875
0 0.3087887157230223 0.945068359375 0.006806076149141842 0.01123046875
0 0.6332609982245019 0.9423828125 0.006904714933912014 0.0068359375
0 0.3586999408167291 0.939697265625 0.0016768593410929177 0.00244140625
0 0.6417439337147366 0.939208984375 0.005523771947129611 0.00341796875
0 0.6039159597553758 0.938232421875 0.0030578023278753207 0.00244140625
0 0.3967251923456303 0.937744140625 0.003748273821266522 0.00244140625
0 0.5692937463010456 0.93505859375 0.005227855592819097 0.0029296875
0 0.10228841980666799 0.93505859375 0.0019727756954034327 0.0029296875
0 0.3163839021503255 0.93408203125 0.0012823042020122311 0.001953125
0 0.2539455513908069 0.935791015625 0.005622410731899783 0.00732421875
0 0.6368613138686131 0.93310546875 0.0044387453146577235 0.0029296875
0 0.32807259814559087 0.934814453125 0.003748273821266522 0.00634765625
0 0.30582955217991714 0.933837890625 0.002071414480173604 0.00439453125
0 0.333349773130795 0.932861328125 0.004636022884198066 0.00341796875
0 0.31998421779443675 0.9326171875 0.002170053264943776 0.0029296875
0 0.09232590254488064 0.933349609375 0.0051292168080489245 0.00439453125
0 0.3615604655750641 0.932373046875 0.0036496350364963502 0.00341796875
0 0.40002959163543106 0.931396484375 0.002465969619254291 0.00244140625
0 0.11481554547247978 0.93212890625 0.0023673308344841193 0.00390625
0 0.30380745709212864 0.9306640625 0.001578220556322746 0.001953125
0 0.625863089366739 0.929931640625 0.002170053264943776 0.00244140625
0 0.3521897810218978 0.9296875 0.002465969619254291 0.001953125
0 0.31737028999802724 0.9306640625 0.002465969619254291 0.00390625
0 0.6417439337147366 0.92919921875 0.0039455513908068654 0.0029296875
0 0.5041921483527323 0.929443359375 0.004044190175577037 0.00439453125
0 0.34484119155652004 0.928466796875 0.0033537186821858355 0.00244140625
0 0.3566285263365555 0.928466796875 0.00542513316235944 0.00341796875
0 0.6313868613138686 0.928955078125 0.005721049516669955 0.00537109375
0 0.3473564805681594 0.92724609375 0.0014795817715525744 0.001953125
0 0.10588873545077924 0.92724609375 0.002663247188794634 0.0029296875
0 0.31830735845334385 0.927001953125 0.003748273821266522 0.00341796875
0 0.3590451765634247 0.926025390625 0.0011836654172420597 0.00244140625
0 0.34158611165910435 0.926025390625 0.0017754981258630894 0.00244140625
0 0.6493884395344249 0.92626953125 0.00542513316235944 0.00390625
0 0.3952949299664628 0.92529296875 0.002465969619254291 0.001953125
0 0.1147662260800947 0.92626953125 0.0030578023278753207 0.00390625
0 0.2461037680015782 0.925048828125 0.0027618859735648055 0.00244140625
0 0.35046360228841983 0.92529296875 0.0027618859735648055 0.00390625
0 0.09681396725192346 0.927001953125 0.005030578023278753 0.00732421875
0 0.4139869796804103 0.92431640625 0.0017754981258630894 0.0029296875
0 0.1414973367528112 0.92431640625 0.0028605247583349774 0.0029296875
0 0.10199250345235747 0.92431640625 0.004537384099427895 0.0029296875
0 0.3532748076543697 0.9228515625 0.004044190175577037 0.0029296875
0 0.251726178733478 0.923583984375 0.004537384099427895 0.00439453125
0 0.3179128033142632 0.921875 0.0009863878477017164 0.001953125
0 0.14480173604261196 0.922119140625 0.002959163543105149 0.00244140625
0 0.10652988755178536 0.921875 0.0009863878477017164 0.001953125
0 0.34193134740579995 0.921875 0.003452357466956007 0.00390625
0 0.6468238311304004 0.921142578125 0.005622410731899783 0.00341796875
0 0.3456303018346814 0.921142578125 0.002170053264943776 0.00341796875
0 0.2611461826790294 0.919921875 0.0012823042020122311 0.001953125
0 0.09903333990925232 0.920654296875 0.003550996251726179 0.00439453125
0 0.6187610968632866 0.919921875 0.0039455513908068654 0.00390625
0 0.4029887551785362 0.92041015625 0.007595186427303216 0.005859375
0 0.33921878082462026 0.91845703125 0.0011836654172420597 0.001953125
0 0.14884592621818898 0.918701171875 0.0011836654172420597 0.00244140625
0 0.14233576642335766 0.919677734375 0.0013809429867824028 0.00537109375
0 0.5722529098441507 0.917236328125 0.0030578023278753207 0.00244140625
0 0.11738015387650425 0.917236328125 0.002170053264943776 0.00244140625
0 0.4128033142631683 0.91650390625 0.000789110278161373 0.001953125
0 0.255770368909055 0.91796875 0.005326494377589268 0.0048828125
0 0.10445847307161175 0.91650390625 0.0009863878477017164 0.001953125
0 0.3422272637601105 0.915771484375 0.0036496350364963502 0.00244140625
0 0.32013217597159205 0.919677734375 0.0066087985796014995 0.01025390625
0 0.27973959360820677 0.91552734375 0.0009863878477017164 0.001953125
0 0.10011836654172421 0.91796875 0.005918327086210298 0.0068359375
0 0.2751035707240087 0.9150390625 0.0011836654172420597 0.001953125
0 0.3248668376405603 0.91455078125 0.0016768593410929177 0.001953125
0 0.23727559676464785 0.9150390625 0.0030578023278753207 0.0029296875
0 0.2509863878477017 0.915771484375 0.0028605247583349774 0.00537109375
0 0.6156046557506412 0.9140625 0.004142828960347208 0.0029296875
0 0.5360031564411126 0.91357421875 0.002170053264943776 0.001953125
0 0.5283586506214244 0.91455078125 0.006016965870980469 0.00390625
0 0.11200434010652989 0.9140625 0.002071414480173604 0.0029296875
0 0.31376997435391596 0.91796875 0.006707437364371671 0.01171875
0 0.26923456303018345 0.913330078125 0.002071414480173604 0.00244140625
0 0.3288123890313671 0.91259765625 0.002071414480173604 0.001953125
0 0.09370684553166304 0.9169921875 0.0039455513908068654 0.0107421875
0 0.3973170250542513 0.912353515625 0.0027618859735648055 0.00244140625
0 0.14554152692838823 0.913330078125 0.004636022884198066 0.00439453125
0 0.11466758729532452 0.912841796875 0.002465969619254291 0.00341796875
0 0.3374432826987572 0.9130859375 0.007693825212073387 0.0048828125
0 0.09686328664430854 0.91259765625 0.002170053264943776 0.00390625
0 0.25942000394555137 0.912841796875 0.0027618859735648055 0.00537109375
0 0.09952653383310317 0.91162109375 0.0023673308344841193 0.0029296875
0 0.11964884592621819 0.910888671875 0.001578220556322746 0.00244140625
0 0.2644999013612152 0.91015625 0.0014795817715525744 0.001953125
0 0.35588873545077926 0.91064453125 0.009272045768396133 0.0048828125
0 0.27904912211481553 0.90966796875 0.0023673308344841193 0.0029296875
0 0.27377194712961134 0.909423828125 0.002071414480173604 0.00244140625
0 0.1554547247977905 0.909912109375 0.0039455513908068654 0.00341796875
0 0.13819293746301045 0.910400390625 0.0025646084040244622 0.00439453125
0 0.12556717301242848 0.909423828125 0.001578220556322746 0.00244140625
0 0.11708423752219373 0.90966796875 0.002959163543105149 0.0029296875
0 0.40634247386072203 0.90869140625 0.0030578023278753207 0.001953125
0 0.25246596961925427 0.908447265625 0.002663247188794634 0.00341796875
0 0.2486190570132176 0.91015625 0.00424146774511738 0.0068359375
0 0.6250246596961926 0.9111328125 0.016078121917537977 0.009765625
0 0.25986387847701714 0.9072265625 0.0008877490629315447 0.001953125
0 0.2587295324521602 0.9072265625 0.000789110278161373 0.001953125
0 0.0994772144407181 0.906982421875 0.001874136910633261 0.00244140625
0 0.2559183270862103 0.90673828125 0.003452357466956007 0.00390625
0 0.24482146379956599 0.907470703125 0.003156441112645492 0.00634765625
0 0.1359735648056816 0.90673828125 0.002465969619254291 0.0048828125
0 0.2475833497731308 0.9052734375 0.0013809429867824028 0.0029296875
0 0.27599131978694025 0.90576171875 0.004931939238508582 0.0048828125
0 0.13937660288025253 0.904541015625 0.0033537186821858355 0.00244140625
0 0.40974551193529296 0.90380859375 0.0025646084040244622 0.001953125
0 0.2621325705267311 0.90380859375 0.0014795817715525744 0.001953125
0 0.14371670941014006 0.904052734375 0.0017754981258630894 0.00244140625
0 0.6110672716512132 0.903564453125 0.0033537186821858355 0.00244140625
0 0.12172026040639179 0.90478515625 0.004340106529887552 0.0048828125
0 0.0966660090747682 0.903564453125 0.0027618859735648055 0.00244140625
0 0.3438054843164332 0.903076171875 0.0030578023278753207 0.00244140625
0 0.250591832708621 0.90283203125 0.0008877490629315447 0.001953125
0 0.16275399487078318 0.9033203125 0.0023673308344841193 0.00390625
0 0.5849773130795028 0.90283203125 0.007397908857762872 0.00390625
0 0.566087985796015 0.9033203125 0.006312882225290984 0.0048828125
0 0.3386269481159992 0.9052734375 0.006312882225290984 0.0087890625
0 0.25261392779640957 0.90185546875 0.001578220556322746 0.001953125
0 0.11955020714144801 0.901611328125 0.0019727756954034327 0.00244140625
0 0.11170842375221937 0.90234375 0.002663247188794634 0.00390625
0 0.4026435194318406 0.902099609375 0.0027618859735648055 0.00439453125
0 0.2686920497139475 0.903076171875 0.008285657920694417 0.00634765625
0 0.24768198855790097 0.901123046875 0.0011836654172420597 0.00244140625
0 0.40658907082264745 0.900390625 0.0017754981258630894 0.001953125
0 0.10288025251528901 0.9033203125 0.004142828960347208 0.0078125
0 0.3313769974353916 0.9013671875 0.005622410731899783 0.0048828125
0 0.2565101597948313 0.900634765625 0.005030578023278753 0.00341796875
0 0.20852239100414283 0.90234375 0.007101992503452358 0.0078125
0 0.11585125271256658 0.902587890625 0.0044387453146577235 0.00830078125
0 0.3483921878082462 0.900390625 0.0072992700729927005 0.0048828125
0 0.409794831327678 0.8984375 0.0016768593410929177 0.001953125
0 0.27978891300059183 0.89990234375 0.00483330045373841 0.0048828125
0 0.2597159202998619 0.898681640625 0.0011836654172420597 0.00244140625
0 0.636762675083843 0.89794921875 0.004044190175577037 0.00390625
0 0.6232984809627146 0.89697265625 0.003156441112645492 0.001953125
0 0.3999309528506609 0.89794921875 0.0044387453146577235 0.00390625
0 0.3175182481751825 0.89990234375 0.010455711185638194 0.0078125
0 0.2763858749260209 0.8984375 0.004142828960347208 0.0048828125
0 0.3219569934898402 0.897216796875 0.002959163543105149 0.00341796875
0 0.31061353324127045 0.89794921875 0.0039455513908068654 0.0048828125
0 0.26267508384296706 0.896484375 0.0019727756954034327 0.001953125
0 0.2416157032945354 0.896484375 0.0014795817715525744 0.001953125
0 0.09533438548037088 0.896728515625 0.002465969619254291 0.00244140625
0 0.2702702702702703 0.89599609375 0.0013809429867824028 0.001953125
0 0.12719471296113632 0.89599609375 0.0016768593410929177 0.001953125
0 0.14766226080094694 0.8955078125 0.0013809429867824028 0.001953125
0 0.12255869007693825 0.897705078125 0.007200631288222529 0.00634765625
0 0.11022884198066679 0.897216796875 0.002663247188794634 0.00537109375
0 0.6122016176760702 0.896484375 0.008384296705464589 0.0048828125
0 0.15777273623988952 0.89599609375 0.0016768593410929177 0.00390625
0 0.21084040244624186 0.895263671875 0.00542513316235944 0.00341796875
0 0.1446044584730716 0.8955078125 0.0019727756954034327 0.00390625
0 0.1289702110869994 0.89501953125 0.0012823042020122311 0.0029296875
0 0.24393371473663444 0.89501953125 0.0017754981258630894 0.00390625
0 0.15520812783586507 0.8955078125 0.002663247188794634 0.0048828125
0 0.33502663247188796 0.893310546875 0.002465969619254291 0.00244140625
0 0.25414282896034723 0.89501953125 0.0038469126060366936 0.005859375
0 0.11412507397908858 0.89453125 0.003550996251726179 0.0048828125
0 0.639672519234563 0.89306640625 0.004931939238508582 0.0029296875
0 0.26065298875517856 0.892822265625 0.0016768593410929177 0.00341796875
0 0.2576938252120734 0.89208984375 0.0014795817715525744 0.0029296875
0 0.15747681988557902 0.8916015625 0.0012823042020122311 0.001953125
0 0.2643026237916749 0.892333984375 0.0030578023278753207 0.00439453125
0 0.2701716314855001 0.89013671875 0.0013809429867824028 0.001953125
0 0.33547050700335374 0.889892578125 0.004537384099427895 0.00244140625
0 0.3128822252909844 0.890625 0.005523771947129611 0.00390625
0 0.2882718484908266 0.89013671875 0.002663247188794634 0.0029296875
0 0.26168869599526534 0.8896484375 0.000789110278161373 0.001953125
0 0.3278260011836654 0.88916015625 0.0016768593410929177 0.001953125
0 0.2736733083448412 0.8896484375 0.002071414480173604 0.0029296875
0 0.1439139869796804 0.889892578125 0.003156441112645492 0.00341796875
0 0.2587788518445453 0.888916015625 0.001874136910633261 0.00244140625
0 0.2548826198461235 0.888916015625 0.003550996251726179 0.00244140625
0 0.1659104359834287 0.888916015625 0.0009863878477017164 0.00244140625
0 0.1244821463799566 0.888671875 0.0009863878477017164 0.001953125
0 0.3427204576839613 0.88818359375 0.0008877490629315447 0.001953125
0 0.15456697573485895 0.8896484375 0.0025646084040244622 0.0048828125
0 0.13720654961530873 0.890380859375 0.003748273821266522 0.00634765625
0 0.13360623397119747 0.88818359375 0.0014795817715525744 0.001953125
0 0.3400572104951667 0.890625 0.0036496350364963502 0.0078125
0 0.17542907871375024 0.88818359375 0.002071414480173604 0.0029296875
0 0.1616689682383113 0.88818359375 0.004734661668968239 0.0029296875
0 0.17222331820871967 0.887939453125 0.0039455513908068654 0.00341796875
0 0.14080686525942002 0.887451171875 0.002663247188794634 0.00244140625
0 0.28077530084829355 0.886962890625 0.00424146774511738 0.00341796875
0 0.25029591635431053 0.88720703125 0.002071414480173604 0.00390625
0 0.6366640362990728 0.886474609375 0.0044387453146577235 0.00341796875
0 0.28605247583349774 0.886474609375 0.0019727756954034327 0.00341796875
0 0.21685736831722233 0.885986328125 0.002465969619254291 0.00244140625
0 0.5782698757151312 0.88623046875 0.006806076149141842 0.00390625
0 0.316679818504636 0.88623046875 0.0044387453146577235 0.00390625
0 0.2905405405405405 0.88623046875 0.002465969619254291 0.00390625
0 0.21059380548431644 0.88525390625 0.0017754981258630894 0.001953125
0 0.20285066087985795 0.8876953125 0.005030578023278753 0.0068359375
0 0.3035115407378181 0.885009765625 0.0013809429867824028 0.00244140625
0 0.23490826593016373 0.887451171875 0.00424146774511738 0.00732421875
0 0.1478102189781022 0.886962890625 0.0022686920497139475 0.00732421875
0 0.1032748076543697 0.884521484375 0.001578220556322746 0.00244140625
0 0.32935490234760306 0.884765625 0.0027618859735648055 0.00390625
0 0.18105148944565003 0.884521484375 0.0030578023278753207 0.00341796875
0 0.41467745117380156 0.885009765625 0.005721049516669955 0.00537109375
0 0.33438548037088184 0.88330078125 0.0019727756954034327 0.001953125
0 0.2878279739593608 0.8837890625 0.001578220556322746 0.0029296875
0 0.630449792858552 0.883056640625 0.0028605247583349774 0.00244140625
0 0.22543894259222727 0.88330078125 0.001085026632471888 0.0029296875
0 0.1446537778654567 0.88330078125 0.003452357466956007 0.0029296875
0 0.27899980272243047 0.8828125 0.0038469126060366936 0.0029296875
0 0.24220753600315645 0.884033203125 0.00424146774511738 0.00537109375
0 0.2225290984415072 0.882080078125 0.0013809429867824028 0.00244140625
0 0.18317222331820873 0.8818359375 0.001578220556322746 0.001953125
0 0.22908857762872362 0.883056640625 0.005227855592819097 0.00537109375
0 0.22016176760702308 0.881591796875 0.0013809429867824028 0.00244140625
0 0.13927796409548235 0.88134765625 0.0025646084040244622 0.001953125
0 0.30139080686525943 0.88134765625 0.0030578023278753207 0.0029296875
0 0.2391497336752811 0.88232421875 0.0036496350364963502 0.0048828125
0 0.2033438548037088 0.88134765625 0.0030578023278753207 0.0029296875
0 0.2567074373643717 0.88037109375 0.0008877490629315447 0.001953125
0 0.17493588478989938 0.880615234375 0.0016768593410929177 0.00244140625
0 0.2688400078911028 0.88037109375 0.0044387453146577235 0.0029296875
0 0.15047346616689683 0.88134765625 0.0014795817715525744 0.0048828125
0 0.09538370487275596 0.880859375 0.004340106529887552 0.00390625
0 0.41872164134937856 0.879638671875 0.003550996251726179 0.00244140625
0 0.25078911027816136 0.87939453125 0.001085026632471888 0.001953125
0 0.11037680015782206 0.879638671875 0.0019727756954034327 0.00244140625
0 0.4213848885381732 0.879638671875 0.001578220556322746 0.00341796875
0 0.3484908265930164 0.87939453125 0.0017754981258630894 0.0029296875
0 0.10722035904517656 0.880126953125 0.0039455513908068654 0.00439453125
0 0.1856875123298481 0.87939453125 0.002465969619254291 0.00390625
0 0.17113829157624777 0.87890625 0.002959163543105149 0.0029296875
0 0.33226474649832316 0.87841796875 0.003255079897415664 0.0029296875
0 0.14667587295324522 0.879150390625 0.003748273821266522 0.00439453125
0 0.28629907279542316 0.877685546875 0.003452357466956007 0.00244140625
0 0.27525152890116394 0.878662109375 0.005030578023278753 0.00439453125
0 0.24368711777470903 0.87744140625 0.001085026632471888 0.001953125
0 0.23875517853620043 0.87744140625 0.0012823042020122311 0.001953125
0 0.22400868021305978 0.87744140625 0.0011836654172420597 0.001953125
0 0.2200138094298678 0.87744140625 0.0016768593410929177 0.001953125
0 0.16709410140067074 0.882568359375 0.004340106529887552 0.01220703125
0 0.41462813178141644 0.877197265625 0.002663247188794634 0.00244140625
0 0.2892582363385283 0.877197265625 0.0022686920497139475 0.00244140625
0 0.1314361807062537 0.877685546875 0.001085026632471888 0.00341796875
0 0.10288025251528901 0.87841796875 0.0027618859735648055 0.0048828125
0 0.3244229631090945 0.87744140625 0.0017754981258630894 0.00390625
0 0.2653383310317617 0.87646484375 0.0009863878477017164 0.001953125
0 0.20566186624580785 0.87646484375 0.0013809429867824028 0.001953125
0 0.20003945551390806 0.876708984375 0.0011836654172420597 0.00244140625
0 0.1981159992108897 0.877197265625 0.002071414480173604 0.00341796875
0 0.19274018544091537 0.876708984375 0.0023673308344841193 0.00244140625
0 0.11945156835667785 0.8779296875 0.0051292168080489245 0.0048828125
0 0.11328664430854211 0.877197265625 0.003452357466956007 0.00341796875
0 0.613237324916157 0.87646484375 0.005326494377589268 0.0029296875
0 0.18248175182481752 0.876953125 0.005918327086210298 0.00390625
0 0.16073189978299468 0.876220703125 0.0014795817715525744 0.00244140625
0 0.15002959163543106 0.876220703125 0.0011836654172420597 0.00244140625
0 0.25019727756954036 0.875732421875 0.0028605247583349774 0.00244140625
0 0.24141842572499506 0.87646484375 0.0016768593410929177 0.00390625
0 0.14435786151114618 0.87548828125 0.001085026632471888 0.001953125
0 0.34508778851844546 0.875732421875 0.001874136910633261 0.00341796875
0 0.30523771947129613 0.87646484375 0.004044190175577037 0.0048828125
0 0.2347603077530085 0.87548828125 0.005918327086210298 0.0029296875
0 0.13774906293154468 0.875 0.0016768593410929177 0.001953125
0 0.1345433024265141 0.875244140625 0.0023673308344841193 0.00244140625
0 0.2715032550798974 0.874755859375 0.002465969619254291 0.00244140625
0 0.2211481554547248 0.874755859375 0.003156441112645492 0.00341796875
0 0.19599526533833103 0.874267578125 0.0011836654172420597 0.00244140625
0 0.11624580785164727 0.87451171875 0.002663247188794634 0.0029296875
0 0.20245610574077727 0.875 0.0038469126060366936 0.0048828125
0 0.1077628723614125 0.874267578125 0.0022686920497139475 0.00341796875
0 0.28447425527717496 0.87353515625 0.0009863878477017164 0.0029296875
0 0.14021503255079898 0.874267578125 0.002663247188794634 0.00439453125
0 0.3015880844347998 0.87255859375 0.0016768593410929177 0.001953125
0 0.22622805287038864 0.874267578125 0.0030578023278753207 0.00537109375
0 0.2294338133754192 0.8720703125 0.0009863878477017164 0.001953125
0 0.14894456500295916 0.871826171875 0.0023673308344841193 0.00244140625
0 0.14144801736042611 0.87109375 0.0009863878477017164 0.001953125
0 0.5230814756362202 0.87060546875 0.0027618859735648055 0.001953125
0 0.2901953047938449 0.870849609375 0.0019727756954034327 0.00244140625
0 0.2180410337344644 0.87158203125 0.0022686920497139475 0.00390625
0 0.18401065298875519 0.87060546875 0.0014795817715525744 0.001953125
0 0.5451272440323536 0.87060546875 0.004044190175577037 0.0029296875
0 0.18928782797395935 0.87060546875 0.0025646084040244622 0.0029296875
0 0.11777470901558493 0.87060546875 0.0025646084040244622 0.0029296875
0 0.4195107516275399 0.869873046875 0.0033537186821858355 0.00244140625
0 0.10884789899388439 0.869873046875 0.001085026632471888 0.00244140625
0 0.28447425527717496 0.86865234375 0.0009863878477017164 0.001953125
0 0.20161767607023082 0.868896484375 0.0013809429867824028 0.00244140625
0 0.13967251923456303 0.86865234375 0.000789110278161373 0.001953125
0 0.1314855000986388 0.868896484375 0.002959163543105149 0.00244140625
0 0.10426119550207141 0.870361328125 0.007101992503452358 0.00537109375
0 0.42399881633458275 0.868408203125 0.002465969619254291 0.00244140625
0 0.28738409942789506 0.86865234375 0.002071414480173604 0.0029296875
0 0.23495758532254882 0.86865234375 0.002170053264943776 0.0029296875
0 0.22524166502268692 0.868408203125 0.0030578023278753207 0.00244140625
0 0.2214933912014204 0.867919921875 0.001085026632471888 0.00146484375
0 0.20852239100414283 0.8681640625 0.0017754981258630894 0.001953125
0 0.16107713552969027 0.868896484375 0.002170053264943776 0.00341796875
0 0.12157230222923654 0.868408203125 0.002071414480173604 0.00244140625
0 0.24053067666206351 0.8681640625 0.0022686920497139475 0.0029296875
0 0.23767015190372853 0.868896484375 0.002663247188794634 0.00439453125
0 0.2058591438153482 0.86767578125 0.0013809429867824028 0.001953125
0 0.15836456894851056 0.8681640625 0.001874136910633261 0.00390625
0 0.19742552771749852 0.867431640625 0.003452357466956007 0.00341796875
0 0.1846024856973762 0.866943359375 0.003452357466956007 0.00244140625
0 0.17607023081475637 0.868408203125 0.004142828960347208 0.00537109375
0 0.2901953047938449 0.866455078125 0.002959163543105149 0.00244140625
0 0.145393568751233 0.8662109375 0.0013809429867824028 0.001953125
0 0.11851449990136122 0.866455078125 0.0022686920497139475 0.00244140625
0 0.6328664430854212 0.866943359375 0.003550996251726179 0.00439453125
0 0.19042217399881634 0.865966796875 0.001874136910633261 0.00244140625
0 0.1432235154862892 0.86767578125 0.001578220556322746 0.005859375
0 0.10421187610968632 0.865966796875 0.001085026632471888 0.00244140625
0 0.23037088183073584 0.8662109375 0.00483330045373841 0.00390625
0 0.21956993489840204 0.86669921875 0.0025646084040244622 0.0048828125
0 0.18124876701519038 0.865478515625 0.0028605247583349774 0.00244140625
0 0.17261787334780035 0.8662109375 0.0023673308344841193 0.00390625
0 0.22277569540343262 0.8642578125 0.0012823042020122311 0.001953125
0 0.19446636417439336 0.864013671875 0.002071414480173604 0.00244140625
0 0.11249753403038075 0.8642578125 0.004636022884198066 0.0029296875
0 0.10786151114618268 0.86376953125 0.0028605247583349774 0.001953125
0 0.15215032550798974 0.864990234375 0.0016768593410929177 0.00634765625
0 0.10539554152692839 0.863037109375 0.0016768593410929177 0.00244140625
0 0.41882028013414874 0.863037109375 0.005523771947129611 0.00341796875
0 0.33295521799171435 0.8623046875 0.0012823042020122311 0.001953125
0 0.2555730913395147 0.861328125 0.0019727756954034327 0.001953125
0 0.23628920891694613 0.860595703125 0.001874136910633261 0.00244140625
0 0.22691852436377985 0.860595703125 0.001085026632471888 0.00244140625
0 0.22514302623791674 0.860595703125 0.002071414480173604 0.00244140625
0 0.20418228447425527 0.8623046875 0.0039455513908068654 0.005859375
0 0.20053264943775892 0.862060546875 0.0027618859735648055 0.00537109375
0 0.17646478595383705 0.86083984375 0.0019727756954034327 0.0029296875
0 0.19160583941605838 0.861083984375 0.0030578023278753207 0.00439453125
0 0.1202899980272243 0.861572265625 0.006214243440520813 0.00537109375
0 0.2455119352929572 0.859375 0.0013809429867824028 0.001953125
0 0.33438548037088184 0.859375 0.0033537186821858355 0.0029296875
0 0.11451962911816926 0.859130859375 0.003550996251726179 0.00341796875
0 0.10845334385480371 0.859375 0.003255079897415664 0.00390625
0 0.21656145196291182 0.857421875 0.001085026632471888 0.001953125
0 0.31243835075951865 0.85693359375 0.001085026632471888 0.001953125
0 0.2959656737029 0.857666015625 0.00483330045373841 0.00341796875
0 0.2903432629710002 0.85595703125 0.0016768593410929177 0.001953125
0 0.1731110672716512 0.857421875 0.0019727756954034327 0.0048828125
0 0.3096271453935687 0.85595703125 0.003550996251726179 0.0029296875
0 0.22183862694811599 0.85546875 0.000789110278161373 0.001953125
0 0.4173406983625962 0.85498046875 0.0011836654172420597 0.001953125
0 0.1692641546656145 0.85595703125 0.0027618859735648055 0.0048828125
0 0.22627737226277372 0.85498046875 0.0019727756954034327 0.00390625
0 0.18435588873545078 0.854736328125 0.0039455513908068654 0.00341796875
0 0.5850759518642731 0.8544921875 0.005622410731899783 0.00390625
0 0.30213059775103573 0.85302734375 0.002959163543105149 0.001953125
0 0.54024462418623 0.852783203125 0.0027618859735648055 0.00244140625
0 0.3260998224501874 0.853515625 0.003156441112645492 0.00390625
0 0.3215131189583744 0.853271484375 0.0036496350364963502 0.00341796875
0 0.22297297297297297 0.852783203125 0.001874136910633261 0.00341796875
0 0.2009765239692247 0.8515625 0.002663247188794634 0.001953125
0 0.1633951469717893 0.8515625 0.0012823042020122311 0.001953125
0 0.18859735648056816 0.851806640625 0.0023673308344841193 0.00341796875
0 0.2917242059577826 0.850830078125 0.003255079897415664 0.00244140625
0 0.20349181298086408 0.85009765625 0.001578220556322746 0.001953125
0 0.21883014401262577 0.849609375 0.0008877490629315447 0.001953125
0 0.22869402248964293 0.848876953125 0.0016768593410929177 0.00244140625
0 0.19343065693430658 0.850341796875 0.005523771947129611 0.00634765625
0 0.6021897810218978 0.847900390625 0.004537384099427895 0.00244140625
0 0.4182777668179128 0.84765625 0.00483330045373841 0.0029296875
0 0.3734464391398698 0.84765625 0.002170053264943776 0.0029296875
0 0.21542710593805484 0.84716796875 0.001578220556322746 0.001953125
0 0.15727954231603866 0.849365234375 0.002465969619254291 0.00732421875
0 0.49635036496350365 0.846435546875 0.002959163543105149 0.00244140625
0 0.1989051094890511 0.848876953125 0.0036496350364963502 0.00732421875
0 0.42473860722035905 0.845703125 0.0017754981258630894 0.001953125
0 0.23796606825803907 0.845458984375 0.0030578023278753207 0.00244140625
0 0.28486881041625567 0.84423828125 0.002170053264943776 0.001953125
0 0.22479779049122114 0.843994140625 0.0011836654172420597 0.00146484375
0 0.1961925429078714 0.844482421875 0.0027618859735648055 0.00341796875
0 0.17725389623199841 0.84375 0.000789110278161373 0.0029296875
0 0.18465180508976128 0.843994140625 0.0033537186821858355 0.00439453125
0 0.32215427105938055 0.842041015625 0.002959163543105149 0.00244140625
0 0.37675083842967055 0.84130859375 0.0008877490629315447 0.001953125
0 0.4251331623594397 0.84130859375 0.006312882225290984 0.00390625
0 0.4207437364371671 0.8408203125 0.002071414480173604 0.0029296875
0 0.31894851055435 0.840576171875 0.002071414480173604 0.00244140625
0 0.22701716314855 0.840576171875 0.0022686920497139475 0.00244140625
0 0.18909055040441902 0.84326171875 0.0039455513908068654 0.0078125
0 0.22297297297297297 0.83935546875 0.001085026632471888 0.0029296875
0 0.38311304004734664 0.83837890625 0.000789110278161373 0.001953125
0 0.1878082462024068 0.83837890625 0.001578220556322746 0.001953125
0 0.14110278161373052 0.83837890625 0.001874136910633261 0.0029296875
0 0.3122903925823634 0.837890625 0.003748273821266522 0.0029296875
0 0.1776484513710791 0.838134765625 0.0019727756954034327 0.00341796875
0 0.3056815940027619 0.837158203125 0.0027618859735648055 0.00244140625
0 0.22016176760702308 0.837158203125 0.0027618859735648055 0.00244140625
0 0.5548431643322155 0.83642578125 0.002959163543105149 0.001953125
0 0.18065693430656934 0.83740234375 0.0036496350364963502 0.00390625
0 0.4214342079305583 0.8349609375 0.002071414480173604 0.001953125
0 0.28176168869599527 0.835205078125 0.002663247188794634 0.00244140625
0 0.17054645886762676 0.8349609375 0.0011836654172420597 0.001953125
0 0.5647563622016176 0.836669921875 0.002071414480173604 0.00634765625
0 0.32826987571513117 0.83642578125 0.005918327086210298 0.0068359375
0 0.2089662655356086 0.833740234375 0.0012823042020122311 0.00146484375
0 0.16842572499506805 0.8330078125 0.0016768593410929177 0.001953125
0 0.13991911619648845 0.833984375 0.0014795817715525744 0.00390625
0 0.42814164529493 0.83154296875 0.0036496350364963502 0.001953125
0 0.17266719274018544 0.83203125 0.0028605247583349774 0.0029296875
0 0.3086900769382521 0.8310546875 0.0036496350364963502 0.0029296875
0 0.18657526139277963 0.831298828125 0.0030578023278753207 0.00439453125
0 0.22450187413691064 0.829833984375 0.0025646084040244622 0.00244140625
0 0.2378674294732689 0.8291015625 0.003255079897415664 0.001953125
0 0.243095285066088 0.830078125 0.00424146774511738 0.0048828125
0 0.21498323140658906 0.82861328125 0.0014795817715525744 0.001953125
0 0.17745117380153877 0.82958984375 0.005918327086210298 0.00390625
0 0.37532057605050306 0.828125 0.0027618859735648055 0.001953125
0 0.2030972578417834 0.828125 0.0017754981258630894 0.0029296875
0 0.3865160781219175 0.828125 0.0014795817715525744 0.0048828125
0 0.21079108305385677 0.8271484375 0.002170053264943776 0.0029296875
0 0.18026237916748866 0.826416015625 0.002663247188794634 0.00244140625
0 0.3078023278753206 0.82568359375 0.0016768593410929177 0.001953125
0 0.3702899980272243 0.825927734375 0.003550996251726179 0.00439453125
0 0.3019333201814954 0.824462890625 0.002170053264943776 0.00244140625
0 0.18889327283487867 0.824951171875 0.001578220556322746 0.00439453125
0 0.17015190372854608 0.826171875 0.006312882225290984 0.0068359375
0 0.37349575853225486 0.8232421875 0.001085026632471888 0.001953125
0 0.3592917735253502 0.8232421875 0.0008877490629315447 0.001953125
0 0.25646084040244627 0.822998046875 0.0019727756954034327 0.00244140625
0 0.3830637206549615 0.822998046875 0.0012823042020122311 0.00341796875
0 0.563769974353916 0.822265625 0.004636022884198066 0.0029296875
0 0.17937463010455712 0.822021484375 0.0022686920497139475 0.00439453125
0 0.3648155454724798 0.82275390625 0.005819688301440126 0.0068359375
0 0.38681199447622805 0.81982421875 0.0030578023278753207 0.001953125
0 0.3709311501282304 0.81982421875 0.001085026632471888 0.001953125
0 0.37645492207536 0.818603515625 0.0012823042020122311 0.00146484375
0 0.37813178141645293 0.818359375 0.001085026632471888 0.001953125
0 0.17335766423357665 0.818359375 0.001085026632471888 0.001953125
0 0.21542710593805484 0.818115234375 0.003156441112645492 0.00244140625
0 0.3881929374630105 0.81591796875 0.0012823042020122311 0.001953125
0 0.381584138883409 0.815673828125 0.0014795817715525744 0.00146484375
0 0.30336358256066287 0.81591796875 0.003452357466956007 0.001953125
0 0.2863483921878082 0.81591796875 0.0011836654172420597 0.001953125
0 0.22553758137699745 0.81591796875 0.001874136910633261 0.001953125
0 0.26134346024856975 0.8154296875 0.001085026632471888 0.001953125
0 0.22898993884395344 0.8154296875 0.0028605247583349774 0.001953125
0 0.5579502860524759 0.815185546875 0.0014795817715525744 0.00244140625
0 0.17153284671532848 0.81640625 0.004931939238508582 0.0048828125
0 0.5675675675675675 0.816162109375 0.002959163543105149 0.00634765625
0 0.27608995857171037 0.814208984375 0.002959163543105149 0.00244140625
0 0.3796606825803906 0.8134765625 0.0009863878477017164 0.001953125
0 0.36797198658512525 0.8134765625 0.0008877490629315447 0.001953125
0 0.17094101400670744 0.813720703125 0.001578220556322746 0.00244140625
0 0.2222331820871967 0.81787109375 0.005523771947129611 0.01171875
0 0.5621424344052082 0.813232421875 0.0033537186821858355 0.00341796875
0 0.38922864470309726 0.80908203125 0.0013809429867824028 0.001953125
0 0.3838528309331229 0.80908203125 0.0014795817715525744 0.001953125
0 0.21685736831722233 0.8115234375 0.005622410731899783 0.0068359375
0 0.37290392582363385 0.80810546875 0.001085026632471888 0.001953125
0 0.36654172420595776 0.80810546875 0.000789110278161373 0.001953125
0 0.5626849477214441 0.807861328125 0.00542513316235944 0.00341796875
0 0.2963109094495956 0.808349609375 0.0033537186821858355 0.00537109375
0 0.24496942197672125 0.806640625 0.0036496350364963502 0.001953125
0 0.2236634444663642 0.807861328125 0.00483330045373841 0.00439453125
0 0.5740284079700138 0.805419921875 0.002465969619254291 0.00244140625
0 0.21463799565989347 0.805419921875 0.00848293549023476 0.00439453125
0 0.18859735648056816 0.8076171875 0.007891102781613731 0.0087890625
0 0.5636220161767607 0.8037109375 0.0039455513908068654 0.001953125
0 0.23944565002959164 0.8037109375 0.003255079897415664 0.00390625
0 0.3743835075951864 0.80224609375 0.0014795817715525744 0.00390625
0 0.2947326888932728 0.8017578125 0.0023673308344841193 0.0029296875
0 0.5180015782205564 0.801025390625 0.001874136910633261 0.00244140625
0 0.3901163937660288 0.80126953125 0.0019727756954034327 0.0029296875
0 0.359784967449201 0.7998046875 0.0014795817715525744 0.001953125
0 0.39480173604261193 0.801513671875 0.006806076149141842 0.00634765625
0 0.2989741566383902 0.79931640625 0.0039455513908068654 0.001953125
0 0.5706746892878279 0.799072265625 0.002071414480173604 0.00244140625
0 0.3877490629315447 0.798828125 0.0017754981258630894 0.001953125
0 0.24215821661077136 0.79931640625 0.005523771947129611 0.00390625
0 0.22228250147958178 0.800537109375 0.005227855592819097 0.00634765625
0 0.23525350167685935 0.79931640625 0.0072992700729927005 0.0048828125
0 0.3563819293746301 0.7978515625 0.003550996251726179 0.0029296875
0 0.22884198066679817 0.79931640625 0.0033537186821858355 0.005859375
0 0.21483527322943383 0.7978515625 0.003748273821266522 0.0029296875
0 0.09079700138094299 0.79736328125 0.001085026632471888 0.001953125
0 0.19283882422568555 0.796875 0.0013809429867824028 0.001953125
0 0.09844150720063129 0.798828125 0.0039455513908068654 0.005859375
0 0.36042611955020715 0.79638671875 0.0019727756954034327 0.001953125
0 0.2256362201617676 0.79638671875 0.0022686920497139475 0.001953125
0 0.5471000197277569 0.796142578125 0.0016768593410929177 0.00244140625
0 0.18973170250542512 0.796875 0.004044190175577037 0.00390625
0 0.5837936476622608 0.795654296875 0.002071414480173604 0.00244140625
0 0.5696883014401263 0.79541015625 0.0008877490629315447 0.001953125
0 0.3650621424344052 0.79541015625 0.001578220556322746 0.001953125
0 0.5435490234760307 0.794921875 0.0012823042020122311 0.001953125
0 0.3929769185243638 0.79443359375 0.001578220556322746 0.001953125
0 0.39830341290195304 0.79443359375 0.0013809429867824028 0.0029296875
0 0.10297889130005919 0.7939453125 0.0013809429867824028 0.001953125
0 0.09513710791083053 0.794677734375 0.005227855592819097 0.00341796875
0 0.5738311304004735 0.794677734375 0.003255079897415664 0.00439453125
0 0.43662458078516475 0.793212890625 0.0014795817715525744 0.00146484375
0 0.38898204774117184 0.79345703125 0.0008877490629315447 0.001953125
0 0.25271256658117974 0.793701171875 0.004734661668968239 0.00341796875
0 0.09952653383310317 0.79296875 0.0009863878477017164 0.001953125
0 0.3964292759913198 0.79296875 0.002170053264943776 0.00390625
0 0.2274117182876307 0.789306640625 0.004636022884198066 0.00244140625
0 0.220112448214638 0.7890625 0.0012823042020122311 0.001953125
0 0.5525744722825014 0.7900390625 0.004537384099427895 0.0048828125
0 0.5264845137107911 0.788330078125 0.0016768593410929177 0.00244140625
0 0.39761294140856185 0.7880859375 0.001578220556322746 0.001953125
0 0.3646675872953245 0.7880859375 0.0009863878477017164 0.001953125
0 0.11688695995265339 0.791748046875 0.0039455513908068654 0.00927734375
0 0.09794831327678043 0.7880859375 0.0013809429867824028 0.001953125
0 0.24630104557111857 0.787841796875 0.004142828960347208 0.00341796875
0 0.5648056815940028 0.786376953125 0.0027618859735648055 0.00244140625
0 0.22070428092325903 0.78515625 0.0030578023278753207 0.001953125
0 0.23599329256263563 0.787109375 0.007397908857762872 0.0068359375
0 0.3940619451568357 0.78466796875 0.003550996251726179 0.0029296875
0 0.22908857762872362 0.784912109375 0.00483330045373841 0.00341796875
0 0.09311501282304202 0.784423828125 0.0019727756954034327 0.00244140625
0 0.1814953639771158 0.783935546875 0.004340106529887552 0.00244140625
0 0.10386664036299073 0.783935546875 0.0011836654172420597 0.00244140625
0 0.12176957979877688 0.78564453125 0.0028605247583349774 0.0068359375
0 0.550552377194713 0.781982421875 0.0012823042020122311 0.00244140625
0 0.24324324324324326 0.782470703125 0.002959163543105149 0.00341796875
0 0.5786151114618268 0.780517578125 0.003156441112645492 0.00244140625
0 0.562093115012823 0.7822265625 0.0044387453146577235 0.005859375
0 0.39559084632077335 0.780517578125 0.0012823042020122311 0.00244140625
0 0.3601302031958966 0.780029296875 0.0011836654172420597 0.00146484375
0 0.1195995265338331 0.77978515625 0.0012823042020122311 0.0029296875
0 0.5749654764253305 0.780517578125 0.003550996251726179 0.00537109375
0 0.3898697968041034 0.77880859375 0.0008877490629315447 0.001953125
0 0.11269481159992109 0.779052734375 0.001085026632471888 0.00244140625
0 0.10840402446241862 0.779052734375 0.000789110278161373 0.00244140625
0 0.10110475438942593 0.77880859375 0.0019727756954034327 0.001953125
0 0.1053462221345433 0.77978515625 0.0051292168080489245 0.0048828125
0 0.5581968830144013 0.7783203125 0.003156441112645492 0.0029296875
0 0.5151410534622214 0.7783203125 0.0014795817715525744 0.0029296875
0 0.5717597159202998 0.7763671875 0.003255079897415664 0.001953125
0 0.40254488064707045 0.776611328125 0.0011836654172420597 0.00244140625
0 0.20186427303215623 0.77685546875 0.0022686920497139475 0.0029296875
0 0.23737423554941803 0.776611328125 0.0044387453146577235 0.00341796875
0 0.5540540540540541 0.775634765625 0.0027618859735648055 0.00244140625
0 0.21379956598934702 0.7763671875 0.0028605247583349774 0.00390625
0 0.23244229631090946 0.77490234375 0.0038469126060366936 0.0029296875
0 0.11535805878871572 0.774658203125 0.0016768593410929177 0.00244140625
0 0.4052081278358651 0.773681640625 0.0013809429867824028 0.00146484375
0 0.3535707240086802 0.7734375 0.002465969619254291 0.001953125
0 0.11368119944762281 0.773681640625 0.0012823042020122311 0.00244140625
0 0.5723515486289209 0.7724609375 0.0016768593410929177 0.001953125
0 0.127589268100217 0.77197265625 0.0022686920497139475 0.001953125
0 0.1085026632471888 0.77587890625 0.006510159794831328 0.009765625
0 0.5462615900572105 0.771484375 0.0025646084040244622 0.0029296875
0 0.5180508976129414 0.773193359375 0.007101992503452358 0.00634765625
0 0.4506806076149142 0.77001953125 0.0009863878477017164 0.001953125
0 0.13720654961530873 0.7724609375 0.003156441112645492 0.0068359375
0 0.3489840205168672 0.76953125 0.0009863878477017164 0.001953125
0 0.34365752613927797 0.76904296875 0.0013809429867824028 0.001953125
0 0.5650029591635432 0.771728515625 0.005721049516669955 0.00830078125
0 0.5578023278753206 0.768798828125 0.002170053264943776 0.00244140625
0 0.22021108699940817 0.77001953125 0.005030578023278753 0.0048828125
0 0.10865062142434405 0.7685546875 0.001874136910633261 0.001953125
0 0.5520319589662656 0.768310546875 0.0014795817715525744 0.00244140625
0 0.5692444269086605 0.769775390625 0.0033537186821858355 0.00634765625
0 0.3518938646675873 0.767578125 0.0006904714933912014 0.001953125
0 0.34661668968238313 0.768310546875 0.003156441112645492 0.00439453125
0 0.4077727362398895 0.767822265625 0.003550996251726179 0.00439453125
0 0.12921680804892482 0.766357421875 0.0013809429867824028 0.00244140625
0 0.2937956204379562 0.765625 0.003255079897415664 0.001953125
0 0.4386959952653383 0.765869140625 0.00483330045373841 0.00341796875
0 0.2461530873939633 0.76611328125 0.006411521010061156 0.00390625
0 0.13390215032550798 0.766845703125 0.004044190175577037 0.00537109375
0 0.10692444269086605 0.76513671875 0.0013809429867824028 0.001953125
0 0.5553856776484514 0.7646484375 0.0008877490629315447 0.0029296875
0 0.5424146774511738 0.7646484375 0.0027618859735648055 0.00390625
0 0.30356086013020317 0.763916015625 0.002663247188794634 0.00244140625
0 0.15279147760899586 0.7646484375 0.0025646084040244622 0.00390625
0 0.25261392779640957 0.7646484375 0.007693825212073387 0.0048828125
0 0.13217597159202998 0.76318359375 0.002170053264943776 0.001953125
0 0.09163543105148944 0.76318359375 0.0005918327086210298 0.001953125
0 0.3484415072006313 0.762939453125 0.0022686920497139475 0.00244140625
0 0.4096468731505228 0.762451171875 0.0023673308344841193 0.00244140625
0 0.20013809429867824 0.76220703125 0.001578220556322746 0.001953125
0 0.14968435588873544 0.76220703125 0.001874136910633261 0.001953125
0 0.12102978891300059 0.762451171875 0.0017754981258630894 0.00244140625
0 0.44550207141448017 0.761962890625 0.0030578023278753207 0.00244140625
0 0.34617281515091736 0.76171875 0.001085026632471888 0.001953125
0 0.1112645492207536 0.761474609375 0.004537384099427895 0.00244140625
0 0.09612349575853225 0.76123046875 0.001085026632471888 0.001953125
0 0.33907082264746496 0.761474609375 0.0012823042020122311 0.00341796875
0 0.15323535214046163 0.759765625 0.0008877490629315447 0.001953125
0 0.44347997632669167 0.7587890625 0.0023673308344841193 0.001953125
0 0.527569540343263 0.759033203125 0.006214243440520813 0.00341796875
0 0.5912408759124088 0.758544921875 0.0017754981258630894 0.00341796875
0 0.34755375813769973 0.7578125 0.001085026632471888 0.001953125
0 0.2474847109883606 0.758544921875 0.004931939238508582 0.00341796875
0 0.3442000394555139 0.759033203125 0.0016768593410929177 0.00537109375
0 0.3184553166304991 0.75927734375 0.0028605247583349774 0.005859375
0 0.2539455513908069 0.757568359375 0.0016768593410929177 0.00244140625
0 0.14978299467350562 0.7578125 0.0028605247583349774 0.0029296875
0 0.10657920694417045 0.75927734375 0.006411521010061156 0.005859375
0 0.09503846912606037 0.75732421875 0.001085026632471888 0.001953125
0 0.5402939435786152 0.757080078125 0.004636022884198066 0.00244140625
0 0.39460445847307163 0.7568359375 0.0006904714933912014 0.001953125
0 0.40806865259420005 0.75634765625 0.003156441112645492 0.0029296875
0 0.13276780430065102 0.756103515625 0.002170053264943776 0.00244140625
0 0.3411422371276386 0.755615234375 0.0014795817715525744 0.00244140625
0 0.43687117774709017 0.75634765625 0.005721049516669955 0.005859375
0 0.5991319786940225 0.75390625 0.0017754981258630894 0.001953125
0 0.5153876504241468 0.756103515625 0.0061156046557506415 0.00732421875
0 0.3441507200631288 0.75341796875 0.0009863878477017164 0.001953125
0 0.11146182679029394 0.755126953125 0.0025646084040244622 0.00537109375
0 0.5682580390609587 0.7529296875 0.0023673308344841193 0.001953125
0 0.5225389623199842 0.754638671875 0.00424146774511738 0.00537109375
0 0.23061747879266128 0.7529296875 0.002959163543105149 0.001953125
0 0.35939041231012037 0.75244140625 0.0012823042020122311 0.001953125
0 0.5786644308542119 0.752197265625 0.0028605247583349774 0.00244140625
0 0.3456303018346814 0.75244140625 0.0013809429867824028 0.0029296875
0 0.2969027421582166 0.75244140625 0.0027618859735648055 0.0029296875
0 0.2263760110475439 0.755126953125 0.006707437364371671 0.00830078125
0 0.142533043992898 0.752685546875 0.004537384099427895 0.00439453125
0 0.26242848688104164 0.751220703125 0.003452357466956007 0.00244140625
0 0.5336358256066285 0.751220703125 0.002959163543105149 0.00341796875
0 0.41595975537581376 0.753173828125 0.005918327086210298 0.00732421875
0 0.30247583349773133 0.751708984375 0.0014795817715525744 0.00439453125
0 0.1581672913789702 0.750732421875 0.0030578023278753207 0.00341796875
0 0.27525152890116394 0.75048828125 0.006806076149141842 0.00390625
0 0.2228250147958177 0.7490234375 0.001578220556322746 0.001953125
0 0.5702308147563622 0.748779296875 0.0025646084040244622 0.00244140625
0 0.5453245216018938 0.74951171875 0.005227855592819097 0.00390625
0 0.34193134740579995 0.749267578125 0.002071414480173604 0.00341796875
0 0.24427895048333004 0.749267578125 0.003452357466956007 0.00341796875
0 0.14208916946143224 0.747802734375 0.002071414480173604 0.00439453125
0 0.3233872558690077 0.74658203125 0.002465969619254291 0.0029296875
0 0.41669954626159006 0.74609375 0.003452357466956007 0.00390625
0 0.22341684750443874 0.745361328125 0.003156441112645492 0.00244140625
0 0.42049713947524164 0.745849609375 0.002170053264943776 0.00439453125
0 0.5530676662063524 0.744873046875 0.0039455513908068654 0.00341796875
0 0.2993687117774709 0.745849609375 0.0072992700729927005 0.00634765625
0 0.5631781416452949 0.744384765625 0.0014795817715525744 0.00439453125
0 0.32190767409745513 0.7431640625 0.002465969619254291 0.0029296875
0 0.22800355099625172 0.74560546875 0.0066087985796014995 0.0078125
0 0.3005030578023279 0.741943359375 0.001874136910633261 0.00146484375
0 0.24713947524166502 0.742919921875 0.005227855592819097 0.00439453125
0 0.29566975734858947 0.740966796875 0.003452357466956007 0.00244140625
0 0.15851252712566583 0.74072265625 0.0019727756954034327 0.001953125
0 0.45072992700729925 0.740234375 0.0022686920497139475 0.001953125
0 0.3347800355099625 0.740234375 0.0009863878477017164 0.001953125
0 0.2900473466166897 0.74169921875 0.002071414480173604 0.0048828125
0 0.5290491221148156 0.739990234375 0.0022686920497139475 0.00244140625
0 0.341388834089564 0.73974609375 0.000789110278161373 0.001953125
0 0.3226474649832314 0.739990234375 0.0013809429867824028 0.00244140625
0 0.5397021108699941 0.74169921875 0.005622410731899783 0.0068359375
0 0.5166699546261591 0.7392578125 0.0019727756954034327 0.001953125
0 0.4199546261590057 0.7392578125 0.0008877490629315447 0.001953125
0 0.3397612941408562 0.7392578125 0.001085026632471888 0.001953125
0 0.3380351154073782 0.739501953125 0.0011836654172420597 0.00244140625
0 0.31939238508581574 0.740478515625 0.0017754981258630894 0.00439453125
0 0.5345728940619452 0.739501953125 0.003452357466956007 0.00341796875
0 0.5245117380153876 0.74072265625 0.005030578023278753 0.005859375
0 0.14130005918327085 0.739501953125 0.0016768593410929177 0.00341796875
0 0.13898204774117182 0.73876953125 0.0009863878477017164 0.001953125
0 0.16433221542710594 0.739501953125 0.005918327086210298 0.00439453125
0 0.5816729137897021 0.73779296875 0.002959163543105149 0.00390625
0 0.5204675478398106 0.739990234375 0.00424146774511738 0.00830078125
0 0.3303412901953048 0.738037109375 0.003550996251726179 0.00537109375
0 0.3261491418425725 0.737548828125 0.003255079897415664 0.00537109375
0 0.33379364766226083 0.735107421875 0.0013809429867824028 0.00244140625
0 0.24595580982442297 0.73583984375 0.002663247188794634 0.00390625
0 0.45048333004537383 0.73486328125 0.0027618859735648055 0.0029296875
0 0.1714342079305583 0.736328125 0.003748273821266522 0.005859375
0 0.5687019135924245 0.7353515625 0.0028605247583349774 0.0048828125
0 0.27752022095087786 0.734130859375 0.001874136910633261 0.00244140625
0 0.5745709212862498 0.736083984375 0.008285657920694417 0.00732421875
0 0.22543894259222727 0.734130859375 0.002465969619254291 0.00537109375
0 0.16906687709607418 0.73291015625 0.001578220556322746 0.00390625
0 0.5698362596172815 0.731689453125 0.002170053264943776 0.00244140625
0 0.536249753403038 0.7314453125 0.002071414480173604 0.001953125
0 0.2870881830735845 0.7314453125 0.001085026632471888 0.001953125
0 0.23905109489051096 0.7314453125 0.0016768593410929177 0.001953125
0 0.23545077924639968 0.732666015625 0.005326494377589268 0.00439453125
0 0.17685934109291773 0.731689453125 0.0017754981258630894 0.00244140625
0 0.5181988557900966 0.73193359375 0.00483330045373841 0.005859375
0 0.22617873347800355 0.72900390625 0.0013809429867824028 0.001953125
0 0.46463799565989344 0.728515625 0.0012823042020122311 0.001953125
0 0.2228743341882028 0.728759765625 0.003255079897415664 0.00244140625
0 0.16117577431446045 0.728515625 0.000789110278161373 0.001953125
0 0.5681100808838035 0.728515625 0.0014795817715525744 0.0029296875
0 0.5248076543696981 0.72900390625 0.004044190175577037 0.00390625
0 0.42986782402840795 0.72900390625 0.0033537186821858355 0.00390625
0 0.33502663247188796 0.72802734375 0.0006904714933912014 0.001953125
0 0.3132767804300651 0.72802734375 0.0009863878477017164 0.001953125
0 0.30755573091339516 0.726318359375 0.0017754981258630894 0.00244140625
0 0.21813967251923455 0.726318359375 0.0022686920497139475 0.00244140625
0 0.17863483921878082 0.726318359375 0.001578220556322746 0.00244140625
0 0.5334385480370882 0.727294921875 0.0039455513908068654 0.00537109375
0 0.3296508187019136 0.7255859375 0.0009863878477017164 0.001953125
0 0.3255573091339515 0.726806640625 0.002465969619254291 0.00439453125
0 0.2305188400078911 0.726318359375 0.004537384099427895 0.00341796875
0 0.31066285263365556 0.7265625 0.002663247188794634 0.0048828125
0 0.18997829946735056 0.726318359375 0.004734661668968239 0.00439453125
0 0.45640165713158415 0.724609375 0.0013809429867824028 0.001953125
0 0.30213059775103573 0.724365234375 0.002170053264943776 0.00244140625
0 0.429325310712172 0.724609375 0.004044190175577037 0.00390625
0 0.17542907871375024 0.725341796875 0.004044190175577037 0.00537109375
0 0.32082264746498323 0.72265625 0.0012823042020122311 0.001953125
0 0.2830933122903926 0.722412109375 0.0017754981258630894 0.00146484375
0 0.18465180508976128 0.723388671875 0.0025646084040244622 0.00341796875
0 0.17192740185440916 0.7236328125 0.0019727756954034327 0.00390625
0 0.5278161373051884 0.722900390625 0.0019727756954034327 0.00341796875
0 0.4266620635233774 0.723876953125 0.002071414480173604 0.00537109375
0 0.23382323929769186 0.722412109375 0.0014795817715525744 0.00244140625
0 0.21567370289998028 0.72607421875 0.0036496350364963502 0.009765625
0 0.2391497336752811 0.722412109375 0.002071414480173604 0.00341796875
0 0.22588281712369304 0.721923828125 0.0025646084040244622 0.00244140625
0 0.21256658117971985 0.723388671875 0.003748273821266522 0.00634765625
0 0.5309232590254488 0.72119140625 0.002071414480173604 0.0029296875
0 0.30859143815348195 0.7216796875 0.003452357466956007 0.00390625
0 0.5765436969816532 0.719970703125 0.002170053264943776 0.00244140625
0 0.4512724403235352 0.7197265625 0.0019727756954034327 0.001953125
0 0.22790491221148154 0.719482421875 0.0028605247583349774 0.00244140625
0 0.1773525350167686 0.71923828125 0.0013809429867824028 0.001953125
0 0.335618465180509 0.718994140625 0.0012823042020122311 0.00244140625
0 0.19451568356677845 0.718505859375 0.001578220556322746 0.00244140625
0 0.4343065693430657 0.719482421875 0.0039455513908068654 0.00537109375
0 0.19175379759321365 0.718505859375 0.002959163543105149 0.00341796875
0 0.20250542513316236 0.71875 0.0023673308344841193 0.0048828125
0 0.4293746301045571 0.716552734375 0.000789110278161373 0.00244140625
0 0.4257249950680608 0.715576171875 0.000789110278161373 0.00244140625
0 0.2187315052278556 0.714599609375 0.0028605247583349774 0.00244140625
0 0.23762083251134347 0.71337890625 0.0019727756954034327 0.001953125
0 0.43164332215427104 0.71337890625 0.0013809429867824028 0.0029296875
0 0.24151706450976523 0.714599609375 0.0028605247583349774 0.00537109375
0 0.2019629118169264 0.7138671875 0.0030578023278753207 0.00390625
0 0.43346813967251924 0.71240234375 0.0008877490629315447 0.0029296875
0 0.2236634444663642 0.711181640625 0.0012823042020122311 0.00244140625
0 0.20571118563819293 0.712158203125 0.003255079897415664 0.00439453125
0 0.1732097060564214 0.709716796875 0.0011836654172420597 0.00244140625
0 0.4317419609390412 0.709228515625 0.0025646084040244622 0.00244140625
0 0.24605444860919312 0.713623046875 0.006016965870980469 0.01123046875
0 0.16847504438745314 0.708984375 0.0025646084040244622 0.0029296875
0 0.44456500295916357 0.70849609375 0.0017754981258630894 0.00390625
0 0.19880647070428092 0.707763671875 0.0016768593410929177 0.00244140625
0 0.5452258828171237 0.709716796875 0.0077924639968435586 0.00732421875
0 0.19382521207338727 0.7080078125 0.0017754981258630894 0.00390625
0 0.5731406589070822 0.706298828125 0.0012823042020122311 0.00244140625
0 0.17720457683961333 0.706298828125 0.001085026632471888 0.00244140625
0 0.2114322351548629 0.705810546875 0.0028605247583349774 0.00244140625
0 0.2089662655356086 0.70654296875 0.0014795817715525744 0.00390625
0 0.5678634839218781 0.704833984375 0.0025646084040244622 0.00244140625
0 0.31352337739199054 0.703369140625 0.001874136910633261 0.00244140625
0 0.575803906095877 0.702392578125 0.0022686920497139475 0.00244140625
0 0.43899191161964884 0.70263671875 0.0012823042020122311 0.0029296875
0 0.43761096863286647 0.701904296875 0.001085026632471888 0.00146484375
0 0.4483132767804301 0.705078125 0.0051292168080489245 0.0087890625
0 0.44209903333990924 0.705322265625 0.0027618859735648055 0.00927734375
0 0.4349970408364569 0.704345703125 0.004340106529887552 0.00732421875
0 0.4436279345038469 0.700439453125 0.0022686920497139475 0.00341796875
0 0.2082757940422174 0.700439453125 0.001874136910633261 0.00439453125
0 0.3053363582560663 0.6982421875 0.0012823042020122311 0.001953125
0 0.44560071019925035 0.697509765625 0.001085026632471888 0.00341796875
0 0.4409646873150523 0.697998046875 0.0030578023278753207 0.00439453125
0 0.22026040639179326 0.695068359375 0.0013809429867824028 0.00341796875
0 0.44520615506016964 0.691650390625 0.0016768593410929177 0.00244140625
0 0.4469816531860327 0.692626953125 0.002071414480173604 0.00537109375
0 0.4506806076149142 0.690673828125 0.0011836654172420597 0.00244140625
0 0.44066877096074175 0.6923828125 0.003255079897415664 0.0068359375
0 0.44200039455513906 0.6865234375 0.0023673308344841193 0.00390625
0 0.4492503452357467 0.684814453125 0.001085026632471888 0.00341796875
0 0.447129611363188 0.6806640625 0.000789110278161373 0.0029296875
0 0.4430361017952259 0.67529296875 0.0022686920497139475 0.0078125
0 0.543105148944565 0.669921875 0.0017754981258630894 0.001953125
0 0.450581968830144 0.66796875 0.0011836654172420597 0.00390625
0 0.43933714736634444 0.646728515625 0.007101992503452358 0.00439453125
0 0.44555139080686523 0.64599609375 0.004142828960347208 0.00390625
