0 0.20664825409350956 0.99609375 0.0013809429867824028 0.001953125
0 0.18583547050700336 0.99755859375 0.005326494377589268 0.0048828125
0 0.22834878674294734 0.99365234375 0.002170053264943776 0.0048828125
0 0.21320773328072598 0.99072265625 0.0012823042020122311 0.001953125
0 0.18682185835470508 0.989501953125 0.004537384099427895 0.00439453125
0 0.17355494180311698 0.9873046875 0.0008877490629315447 0.001953125
0 0.22272637601104756 0.98828125 0.005326494377589268 0.0048828125
0 0.1624087591240876 0.9873046875 0.00483330045373841 0.00390625
0 0.14805681594002762 0.986328125 0.0025646084040244622 0.0029296875
0 0.17222331820871967 0.984619140625 0.0019727756954034327 0.00244140625
0 0.16467745117380153 0.9833984375 0.001085026632471888 0.001953125
0 0.21858354705070032 0.985107421875 0.004734661668968239 0.00634765625
0 0.19180311698559874 0.984619140625 0.006214243440520813 0.00537109375
0 0.14416058394160583 0.982421875 0.0016768593410929177 0.001953125
0 0.24906293154468337 0.983642578125 0.006312882225290984 0.00732421875
0 0.15382718484908267 0.980712890625 0.002071414480173604 0.00244140625
0 0.14785953837048726 0.98095703125 0.0017754981258630894 0.0029296875
0 0.18909055040441902 0.980224609375 0.0017754981258630894 0.00244140625
0 0.20285066087985795 0.98291015625 0.0077924639968435586 0.009765625
0 0.20142039850069046 0.9765625 0.0051292168080489245 0.00390625
0 0.17192740185440916 0.9755859375 0.0009863878477017164 0.001953125
0 0.20142039850069046 0.97021484375 0.0051292168080489245 0.00390625
0 0.142533043992898 0.969482421875 0.001578220556322746 0.00244140625
0 0.2544880647070428 0.9677734375 0.0011836654172420597 0.001953125
0 0.17113829157624777 0.967041015625 0.0013809429867824028 0.00244140625
0 0.2301736042611955 0.96484375 0.0006904714933912014 0.001953125
0 0.1515584927993687 0.966552734375 0.007003353718682186 0.00537109375
0 0.19604458473071612 0.968505859375 0.005030578023278753 0.01025390625
0 0.18790688498717695 0.96630859375 0.008285657920694417 0.0087890625
0 0.18095285066087985 0.961669921875 0.00424146774511738 0.00341796875
0 0.16186624580785164 0.960205078125 0.0011836654172420597 0.00244140625
0 0.09084632077332808 0.96044921875 0.0025646084040244622 0.0029296875
0 0.1953541132373249 0.96142578125 0.0030578023278753207 0.005859375
0 0.14194121128427697 0.961669921875 0.003550996251726179 0.00634765625
0 0.19441704478200827 0.958251953125 0.0013809429867824028 0.00244140625
0 0.1537285460643125 0.958984375 0.0044387453146577235 0.0048828125
0 0.19076740974551193 0.958251953125 0.0027618859735648055 0.00439453125
0 0.37300256460840403 0.95703125 0.0022686920497139475 0.0029296875
0 0.09094495955809824 0.954345703125 0.002170053264943776 0.00244140625
0 0.14731702505425134 0.95751953125 0.006806076149141842 0.0107421875
0 0.1898303412901953 0.951416015625 0.0044387453146577235 0.00341796875
0 0.25567173012428485 0.948486328125 0.0013809429867824028 0.00244140625
0 0.19658709804695207 0.946533203125 0.001578220556322746 0.00341796875
0 0.16734069836259619 0.946044921875 0.0038469126060366936 0.00341796875
0 0.13952456105740776 0.942626953125 0.003452357466956007 0.00244140625
0 0.15047346616689683 0.94140625 0.004044190175577037 0.0048828125
0 0.1659104359834287 0.939697265625 0.002170053264943776 0.00341796875
0 0.15392582363385282 0.93798828125 0.0012823042020122311 0.0029296875
0 0.36619648845926217 0.9375 0.002465969619254291 0.0029296875
0 0.14199053067666206 0.93310546875 0.0022686920497139475 0.0029296875
0 0.2117774709015585 0.93017578125 0.0025646084040244622 0.0029296875
0 0.22050700335371867 0.930908203125 0.00424146774511738 0.00537109375
0 0.19037285460643125 0.9296875 0.0023673308344841193 0.0029296875
0 0.37527125665811795 0.930419921875 0.006214243440520813 0.00537109375
0 0.23096271453935688 0.9248046875 0.006214243440520813 0.005859375
0 0.21296113631880056 0.924560546875 0.003748273821266522 0.00537109375
0 0.1550601696587098 0.923583984375 0.0033537186821858355 0.00341796875
0 0.21892878279739594 0.92236328125 0.0022686920497139475 0.001953125
0 0.2078812389031367 0.92333984375 0.004044190175577037 0.0048828125
0 0.22154271059380548 0.922607421875 0.0019727756954034327 0.00439453125
0 0.17745117380153877 0.92138671875 0.0023673308344841193 0.0029296875
0 0.3832609982245019 0.92041015625 0.005819688301440126 0.0029296875
0 0.21074176366147168 0.921142578125 0.002663247188794634 0.00439453125
0 0.36846518050897614 0.919677734375 0.012724403235352141 0.00634765625
0 0.2180410337344644 0.9150390625 0.0012823042020122311 0.001953125
0 0.09326297100019727 0.9150390625 0.006806076149141842 0.00390625
0 0.25187413691063326 0.91796875 0.012527125665811796 0.01171875
0 0.19204971394752415 0.910400390625 0.0033537186821858355 0.00341796875
0 0.2518248175182482 0.90966796875 0.003748273821266522 0.0029296875
0 0.20605642138488853 0.90869140625 0.003748273821266522 0.0029296875
0 0.23308344841191556 0.907470703125 0.002959163543105149 0.00439453125
0 0.38261984612349575 0.906494140625 0.0061156046557506415 0.00537109375
0 0.3618070625369895 0.904296875 0.004340106529887552 0.00390625
0 0.19293746301045572 0.9033203125 0.0023673308344841193 0.0029296875
0 0.3561353324127047 0.8984375 0.001085026632471888 0.001953125
0 0.5841882028013415 0.88818359375 0.0044387453146577235 0.00390625
0 0.3695995265338331 0.886474609375 0.004537384099427895 0.00341796875
0 0.4004241467745117 0.886474609375 0.0028605247583349774 0.00439453125
0 0.40806865259420005 0.8837890625 0.0009863878477017164 0.001953125
0 0.4061945156835668 0.883056640625 0.0017754981258630894 0.00244140625
0 0.22765831524955613 0.883544921875 0.007496547642533044 0.00537109375
0 0.5883310317616887 0.88232421875 0.0044387453146577235 0.00390625
0 0.36772538962319984 0.88134765625 0.0023673308344841193 0.001953125
0 0.351154073781811 0.882080078125 0.0027618859735648055 0.00341796875
0 0.12803314263168278 0.880126953125 0.0013809429867824028 0.00244140625
0 0.09888538173209706 0.8798828125 0.003255079897415664 0.001953125
0 0.10677648451371079 0.877197265625 0.0016768593410929177 0.00341796875
0 0.3501183665417242 0.875 0.0012823042020122311 0.001953125
0 0.232195699348984 0.875 0.002959163543105149 0.0029296875
0 0.14544288814361808 0.874755859375 0.0016768593410929177 0.00244140625
0 0.22691852436377985 0.872802734375 0.0028605247583349774 0.00244140625
0 0.38671335569145787 0.87060546875 0.001874136910633261 0.001953125
0 0.2329848096271454 0.869140625 0.004537384099427895 0.00390625
0 0.34612349575853224 0.866943359375 0.002959163543105149 0.00341796875
0 0.11560465575064115 0.86669921875 0.004142828960347208 0.0029296875
0 0.22326888932728348 0.865966796875 0.0022686920497139475 0.00244140625
0 0.13311304004734661 0.8662109375 0.0014795817715525744 0.0029296875
0 0.09775103570724009 0.86669921875 0.006707437364371671 0.00390625
0 0.3423752219372657 0.865966796875 0.002959163543105149 0.00341796875
0 0.4098934701124482 0.8623046875 0.0012823042020122311 0.001953125
0 0.12739199053067665 0.8623046875 0.002465969619254291 0.001953125
0 0.09834286841586112 0.86328125 0.004340106529887552 0.00390625
0 0.5842868415861117 0.862548828125 0.007595186427303216 0.00537109375
0 0.2319491023870586 0.861572265625 0.006411521010061156 0.00341796875
0 0.4137403827184849 0.85986328125 0.0038469126060366936 0.001953125
0 0.12250937068455317 0.859619140625 0.003550996251726179 0.00244140625
0 0.11274413099230618 0.859619140625 0.002170053264943776 0.00244140625
0 0.10312684947721444 0.85888671875 0.0008877490629315447 0.001953125
0 0.1773525350167686 0.857666015625 0.0023673308344841193 0.00244140625
0 0.414381534819491 0.85595703125 0.002170053264943776 0.001953125
0 0.41669954626159006 0.85546875 0.0014795817715525744 0.001953125
0 0.10815742750049319 0.857177734375 0.007003353718682186 0.00537109375
0 0.5890215032550798 0.8564453125 0.008187019135924246 0.005859375
0 0.13242256855395543 0.854736328125 0.002071414480173604 0.00244140625
0 0.36244821463799565 0.852294921875 0.001874136910633261 0.00244140625
0 0.15200236733083447 0.852294921875 0.0017754981258630894 0.00244140625
0 0.1579206944170448 0.84814453125 0.0009863878477017164 0.001953125
0 0.14366739001775497 0.848876953125 0.005819688301440126 0.00341796875
0 0.11180706253698955 0.84912109375 0.002465969619254291 0.00390625
0 0.12053659498914973 0.847900390625 0.0019727756954034327 0.00244140625
0 0.33221542710593804 0.8466796875 0.003156441112645492 0.001953125
0 0.1231012033931742 0.8466796875 0.0025646084040244622 0.0029296875
0 0.09400276188597356 0.84716796875 0.004537384099427895 0.00390625
0 0.12541921483527324 0.847412109375 0.002071414480173604 0.00537109375
0 0.36451962911816926 0.845703125 0.002663247188794634 0.0029296875
0 0.3613138686131387 0.84619140625 0.003550996251726179 0.00390625
0 0.35549418031169855 0.8447265625 0.0033537186821858355 0.0029296875
0 0.15481357269678436 0.844482421875 0.0036496350364963502 0.00244140625
0 0.5823140658907082 0.845947265625 0.009567962122706648 0.00732421875
0 0.4242947326888933 0.84326171875 0.002071414480173604 0.001953125
0 0.11599921088972184 0.8447265625 0.004931939238508582 0.0048828125
0 0.17054645886762676 0.8427734375 0.003156441112645492 0.0029296875
0 0.14583744328269876 0.842041015625 0.0036496350364963502 0.00439453125
0 0.150572104951667 0.841796875 0.0038469126060366936 0.0048828125
0 0.22691852436377985 0.840087890625 0.0016768593410929177 0.00244140625
0 0.5903038074570921 0.84033203125 0.0044387453146577235 0.00390625
0 0.33191951075162757 0.8388671875 0.002170053264943776 0.001953125
0 0.16595975537581378 0.838623046875 0.002071414480173604 0.00244140625
0 0.14909252318011443 0.8388671875 0.0030578023278753207 0.00390625
0 0.14302623791674887 0.838623046875 0.003748273821266522 0.00341796875
0 0.35618465180508974 0.839111328125 0.003550996251726179 0.00537109375
0 0.5833990925231801 0.83447265625 0.003452357466956007 0.001953125
0 0.1593016374038272 0.83544921875 0.0039455513908068654 0.00390625
0 0.592523180114421 0.835205078125 0.003748273821266522 0.00439453125
0 0.4179325310712172 0.835693359375 0.005918327086210298 0.00537109375
0 0.5441408561846518 0.837890625 0.011343460248569737 0.0107421875
0 0.3548530282106924 0.83251953125 0.002663247188794634 0.0029296875
0 0.3594397317025054 0.83203125 0.002170053264943776 0.0029296875
0 0.5767902939435786 0.832763671875 0.0036496350364963502 0.00537109375
0 0.35337344643913987 0.82958984375 0.002071414480173604 0.001953125
0 0.1665515880844348 0.829345703125 0.005622410731899783 0.00341796875
0 0.5866048530282106 0.829833984375 0.006707437364371671 0.00537109375
0 0.39307555730913396 0.82763671875 0.002959163543105149 0.0029296875
0 0.5429078713750246 0.823974609375 0.004340106529887552 0.00244140625
0 0.5793549023476031 0.826904296875 0.008187019135924246 0.00927734375
0 0.4266620635233774 0.82275390625 0.001874136910633261 0.001953125
0 0.549467350562241 0.822265625 0.003452357466956007 0.0029296875
0 0.35278161373051886 0.8212890625 0.008384296705464589 0.0048828125
0 0.16660090747681988 0.82177734375 0.008877490629315447 0.005859375
0 0.1745906490432038 0.822021484375 0.007496547642533044 0.00732421875
0 0.16837640560268297 0.818115234375 0.001578220556322746 0.00244140625
0 0.17360426119550207 0.81787109375 0.004142828960347208 0.00390625
0 0.4047642533043993 0.81640625 0.0014795817715525744 0.001953125
0 0.4029887551785362 0.816650390625 0.0012823042020122311 0.00244140625
0 0.5450286052475833 0.817138671875 0.004636022884198066 0.00439453125
0 0.40012823042020124 0.81591796875 0.002071414480173604 0.001953125
0 0.5799960544486092 0.816162109375 0.003748273821266522 0.00341796875
0 0.4266127441309923 0.81591796875 0.0033537186821858355 0.0029296875
0 0.3493292562635628 0.81640625 0.003452357466956007 0.0078125
0 0.18820280134148748 0.8125 0.002170053264943776 0.0029296875
0 0.5401953047938449 0.8125 0.0030578023278753207 0.00390625
0 0.4012625764450582 0.811767578125 0.002170053264943776 0.00244140625
0 0.32323929769185245 0.8125 0.0033537186821858355 0.00390625
0 0.09217794436772539 0.813720703125 0.0030578023278753207 0.00634765625
0 0.42794436772538963 0.810546875 0.0022686920497139475 0.001953125
0 0.5839909252318012 0.810302734375 0.002071414480173604 0.00244140625
0 0.30582955217991714 0.8095703125 0.0006904714933912014 0.001953125
0 0.1801144209903334 0.81005859375 0.003156441112645492 0.0029296875
0 0.3147563622016177 0.80908203125 0.002170053264943776 0.001953125
0 0.5631781416452949 0.808837890625 0.002663247188794634 0.00244140625
0 0.1720753600315644 0.807861328125 0.0044387453146577235 0.00439453125
0 0.5673702899980272 0.805908203125 0.0033537186821858355 0.00244140625
0 0.4282896034720852 0.805908203125 0.0013809429867824028 0.00244140625
0 0.40634247386072203 0.806640625 0.0022686920497139475 0.00390625
0 0.4026435194318406 0.80517578125 0.0013809429867824028 0.001953125
0 0.3236338528309331 0.8056640625 0.003156441112645492 0.0029296875
0 0.1756263562832906 0.804443359375 0.001874136910633261 0.00244140625
0 0.4016078121917538 0.803955078125 0.0008877490629315447 0.00244140625
0 0.3178634839218781 0.80419921875 0.0044387453146577235 0.0029296875
0 0.324718879463405 0.80322265625 0.000789110278161373 0.001953125
0 0.5817222331820872 0.802734375 0.0016768593410929177 0.001953125
0 0.20043401065298874 0.8056640625 0.004142828960347208 0.0078125
0 0.1811501282304202 0.802978515625 0.0016768593410929177 0.00244140625
0 0.5423653580587887 0.80224609375 0.004636022884198066 0.0029296875
0 0.19900374827382128 0.80224609375 0.001874136910633261 0.0029296875
0 0.19431840599723813 0.802490234375 0.002959163543105149 0.00341796875
0 0.19155652002367332 0.8017578125 0.0019727756954034327 0.0029296875
0 0.17912803314263168 0.80224609375 0.0051292168080489245 0.0087890625
0 0.2051193529295719 0.79833984375 0.0008877490629315447 0.001953125
0 0.5679128033142632 0.798095703125 0.002663247188794634 0.00244140625
0 0.20013809429867824 0.797607421875 0.0025646084040244622 0.00341796875
0 0.4088577628723614 0.796630859375 0.0033537186821858355 0.00244140625
0 0.34444663641743933 0.796875 0.0025646084040244622 0.0029296875
0 0.5654468336950089 0.7978515625 0.003452357466956007 0.005859375
0 0.5179029394357861 0.7958984375 0.0016768593410929177 0.001953125
0 0.308048924837246 0.7958984375 0.002170053264943776 0.001953125
0 0.5598244229631091 0.795166015625 0.002465969619254291 0.00244140625
0 0.574127046754784 0.79248046875 0.0016768593410929177 0.001953125
0 0.31110672716512133 0.79248046875 0.0027618859735648055 0.0029296875
0 0.3021799171434208 0.7919921875 0.0014795817715525744 0.0029296875
0 0.10258433616097849 0.79296875 0.005721049516669955 0.0048828125
0 0.23244229631090946 0.79052734375 0.001085026632471888 0.001953125
0 0.5166699546261591 0.790771484375 0.003156441112645492 0.00341796875
0 0.18228447425527716 0.792236328125 0.005721049516669955 0.00634765625
0 0.40698362596172816 0.78955078125 0.001578220556322746 0.001953125
0 0.3366048530282107 0.7900390625 0.002663247188794634 0.00390625
0 0.10791083053856776 0.7890625 0.0019727756954034327 0.0029296875
0 0.4127539948707832 0.79052734375 0.006016965870980469 0.0078125
0 0.13168277766817912 0.78759765625 0.0027618859735648055 0.001953125
0 0.334484119155652 0.78759765625 0.002170053264943776 0.0029296875
0 0.18864667587295325 0.788818359375 0.0044387453146577235 0.00537109375
0 0.18332018149536397 0.786865234375 0.001874136910633261 0.00244140625
0 0.40806865259420005 0.78564453125 0.003156441112645492 0.0029296875
0 0.19214835273229433 0.788330078125 0.003748273821266522 0.00830078125
0 0.09316433221542711 0.78662109375 0.004636022884198066 0.0048828125
0 0.5181495363977116 0.784423828125 0.002170053264943776 0.00244140625
0 0.24289800749654764 0.7822265625 0.001085026632471888 0.001953125
0 0.10445847307161175 0.782958984375 0.003550996251726179 0.00341796875
0 0.1491911619648846 0.781982421875 0.0014795817715525744 0.00244140625
0 0.11733083448411916 0.78271484375 0.0022686920497139475 0.00390625
0 0.3392681002170053 0.78125 0.0028605247583349774 0.001953125
0 0.3347800355099625 0.780517578125 0.0011836654172420597 0.00244140625
0 0.1512625764450582 0.779296875 0.0016768593410929177 0.001953125
0 0.5759518642730321 0.77978515625 0.0033537186821858355 0.0048828125
0 0.09365752613927797 0.779541015625 0.0044387453146577235 0.00439453125
0 0.11456894851055435 0.77783203125 0.002663247188794634 0.001953125
0 0.11032748076543697 0.778076171875 0.0012823042020122311 0.00244140625
0 0.10051292168080489 0.77783203125 0.001578220556322746 0.001953125
0 0.12117774709015584 0.77685546875 0.0014795817715525744 0.0029296875
0 0.10771355296902742 0.7763671875 0.0011836654172420597 0.001953125
0 0.23175182481751824 0.776123046875 0.0014795817715525744 0.00244140625
0 0.11782402840797002 0.77587890625 0.002465969619254291 0.001953125
0 0.2948806470704281 0.775390625 0.002071414480173604 0.001953125
0 0.5492700729927007 0.77490234375 0.0022686920497139475 0.001953125
0 0.12951272440323536 0.777099609375 0.004931939238508582 0.00634765625
0 0.10519826395738804 0.775634765625 0.003452357466956007 0.00341796875
0 0.530430065101598 0.774169921875 0.0028605247583349774 0.00244140625
0 0.22381140264351942 0.77392578125 0.0017754981258630894 0.001953125
0 0.11111659104359835 0.77294921875 0.0012823042020122311 0.001953125
0 0.20941014006707437 0.7734375 0.0017754981258630894 0.00390625
0 0.5187413691063326 0.7724609375 0.0033537186821858355 0.0029296875
0 0.10860130203195896 0.77197265625 0.003550996251726179 0.0029296875
0 0.5734858946537779 0.772705078125 0.008680213059775104 0.00634765625
0 0.20423160386664035 0.7724609375 0.00542513316235944 0.005859375
0 0.1474156638390215 0.773193359375 0.0044387453146577235 0.00732421875
0 0.1418425724995068 0.772705078125 0.005918327086210298 0.00634765625
0 0.2406293154468337 0.7705078125 0.003255079897415664 0.0029296875
0 0.25749654764253305 0.76953125 0.0008877490629315447 0.001953125
0 0.0980962714539357 0.7705078125 0.00483330045373841 0.00390625
0 0.5282106924442691 0.76904296875 0.0019727756954034327 0.001953125
0 0.21409548234365752 0.770263671875 0.0028605247583349774 0.00439453125
0 0.11644308542118761 0.76953125 0.002071414480173604 0.0029296875
0 0.5481357269678437 0.768798828125 0.003156441112645492 0.00244140625
0 0.41808048924837243 0.768310546875 0.0036496350364963502 0.00341796875
0 0.13030183468139672 0.767578125 0.0009863878477017164 0.001953125
0 0.11185638192937462 0.767822265625 0.001578220556322746 0.00244140625
0 0.22400868021305978 0.767333984375 0.0019727756954034327 0.00244140625
0 0.1523476030775301 0.766845703125 0.002663247188794634 0.00341796875
0 0.1412014203985007 0.76611328125 0.002465969619254291 0.0029296875
0 0.5566186624580786 0.76513671875 0.004142828960347208 0.0029296875
0 0.4377589268100217 0.765380859375 0.0051292168080489245 0.00341796875
0 0.2945354113237325 0.7646484375 0.0011836654172420597 0.001953125
0 0.21444071809035312 0.76513671875 0.0033537186821858355 0.0029296875
0 0.10209114223712763 0.7646484375 0.0011836654172420597 0.001953125
0 0.2509370684553166 0.76416015625 0.0017754981258630894 0.001953125
0 0.5899585717103966 0.763427734375 0.001578220556322746 0.00244140625
0 0.5306273426711383 0.763427734375 0.002071414480173604 0.00244140625
0 0.22524166502268692 0.763427734375 0.0028605247583349774 0.00244140625
0 0.2208029197080292 0.76318359375 0.001874136910633261 0.001953125
0 0.23421779443677254 0.763671875 0.006016965870980469 0.0048828125
0 0.1617182876306964 0.76123046875 0.0012823042020122311 0.001953125
0 0.14100414282896034 0.761474609375 0.003452357466956007 0.00244140625
0 0.09410140067074374 0.76171875 0.002170053264943776 0.005859375
0 0.42099033339909253 0.759765625 0.0017754981258630894 0.0029296875
0 0.24225685539554154 0.761474609375 0.004142828960347208 0.00634765625
0 0.13340895640165712 0.75927734375 0.001085026632471888 0.001953125
0 0.2535016768593411 0.7587890625 0.0017754981258630894 0.001953125
0 0.4232097060564214 0.758544921875 0.0014795817715525744 0.00244140625
0 0.32531071217202606 0.75830078125 0.0027618859735648055 0.0029296875
0 0.5590846320773328 0.7578125 0.004142828960347208 0.0029296875
0 0.16660090747681988 0.756591796875 0.0025646084040244622 0.00244140625
0 0.13572696784375615 0.75732421875 0.004734661668968239 0.00390625
0 0.44510751627539946 0.75439453125 0.0022686920497139475 0.001953125
0 0.287926612744131 0.75439453125 0.0011836654172420597 0.001953125
0 0.15875912408759124 0.752685546875 0.0022686920497139475 0.00244140625
0 0.290787137502466 0.751953125 0.001578220556322746 0.001953125
0 0.24654764253304398 0.753662109375 0.00483330045373841 0.00537109375
0 0.1623594397317025 0.75244140625 0.0033537186821858355 0.0029296875
0 0.3145590846320773 0.7529296875 0.004142828960347208 0.0048828125
0 0.5556815940027618 0.751708984375 0.005227855592819097 0.00341796875
0 0.4460939041231012 0.75048828125 0.0022686920497139475 0.001953125
0 0.4266620635233774 0.75048828125 0.0022686920497139475 0.001953125
0 0.23594397317025054 0.750732421875 0.0013809429867824028 0.00244140625
0 0.5452752022095088 0.750244140625 0.002170053264943776 0.00244140625
0 0.5144999013612153 0.75048828125 0.004142828960347208 0.0029296875
0 0.3205267311106727 0.751953125 0.0030578023278753207 0.005859375
0 0.16679818504636024 0.751220703125 0.004734661668968239 0.00439453125
0 0.5783685144999013 0.748046875 0.002465969619254291 0.001953125
0 0.5426119550207141 0.748291015625 0.0025646084040244622 0.00244140625
0 0.29285855198263955 0.748291015625 0.0027618859735648055 0.00439453125
0 0.5616492404813572 0.746826171875 0.0033537186821858355 0.00244140625
0 0.3175182481751825 0.748291015625 0.003550996251726179 0.00537109375
0 0.15663839021503256 0.746337890625 0.0013809429867824028 0.00244140625
0 0.2525152890116394 0.746337890625 0.004537384099427895 0.00439453125
0 0.5491714342079306 0.74462890625 0.0022686920497139475 0.001953125
0 0.5751627539948708 0.745361328125 0.005918327086210298 0.00439453125
0 0.1706450976523969 0.743896484375 0.005326494377589268 0.00537109375
0 0.5886269481159992 0.741943359375 0.004044190175577037 0.00244140625
0 0.24871769579798778 0.742919921875 0.0044387453146577235 0.00537109375
0 0.32289406194515685 0.740234375 0.002663247188794634 0.001953125
0 0.2715032550798974 0.740478515625 0.003452357466956007 0.00244140625
0 0.17661274413099232 0.74169921875 0.002465969619254291 0.005859375
0 0.5760011836654172 0.73974609375 0.0014795817715525744 0.0029296875
0 0.5122312093115012 0.74072265625 0.0011836654172420597 0.0048828125
0 0.17340698362596174 0.739990234375 0.0025646084040244622 0.00341796875
0 0.4298185046360229 0.739013671875 0.0028605247583349774 0.00244140625
0 0.2667685934109292 0.73828125 0.0014795817715525744 0.001953125
0 0.572943381337542 0.737548828125 0.003255079897415664 0.00244140625
0 0.4382028013414875 0.739013671875 0.004636022884198066 0.00537109375
0 0.5584434799763267 0.737548828125 0.00483330045373841 0.00341796875
0 0.2753994870783192 0.73681640625 0.0025646084040244622 0.001953125
0 0.549467350562241 0.736572265625 0.0028605247583349774 0.00244140625
0 0.2559676464785954 0.73583984375 0.0025646084040244622 0.00390625
0 0.16739001775498125 0.734619140625 0.0009863878477017164 0.00244140625
0 0.3076050503057802 0.73388671875 0.0028605247583349774 0.001953125
0 0.5411816926415467 0.73486328125 0.00424146774511738 0.0048828125
0 0.4527027027027027 0.7333984375 0.0028605247583349774 0.001953125
0 0.28555928190964686 0.734375 0.002959163543105149 0.00390625
0 0.1706450976523969 0.73291015625 0.0017754981258630894 0.001953125
0 0.26711382915762477 0.73193359375 0.002170053264943776 0.001953125
0 0.5308246202406787 0.732177734375 0.004044190175577037 0.00341796875
0 0.4498421779443677 0.731689453125 0.0022686920497139475 0.00244140625
0 0.2611461826790294 0.734619140625 0.00483330045373841 0.00927734375
0 0.27406786348392187 0.730712890625 0.0030578023278753207 0.00244140625
0 0.3098244229631091 0.73046875 0.0025646084040244622 0.0029296875
0 0.515535608601302 0.72998046875 0.003452357466956007 0.0029296875
0 0.30607614914184256 0.729736328125 0.003156441112645492 0.00341796875
0 0.2582856579206944 0.72998046875 0.0036496350364963502 0.0048828125
0 0.579897415663839 0.727294921875 0.003156441112645492 0.00244140625
0 0.25424146774511736 0.72802734375 0.004044190175577037 0.00390625
0 0.17651410534622214 0.729248046875 0.00483330045373841 0.00634765625
0 0.291378970211087 0.72705078125 0.003748273821266522 0.00390625
0 0.5251035707240087 0.727294921875 0.00542513316235944 0.00634765625
0 0.27801341487472875 0.726806640625 0.0030578023278753207 0.00537109375
0 0.30750641152101005 0.723876953125 0.0028605247583349774 0.00244140625
0 0.43169264154665615 0.723388671875 0.003255079897415664 0.00244140625
0 0.1811501282304202 0.72412109375 0.003255079897415664 0.00390625
0 0.436180706253699 0.72412109375 0.006312882225290984 0.005859375
0 0.2521700532649438 0.723388671875 0.002663247188794634 0.00439453125
0 0.5864568948510555 0.721923828125 0.003452357466956007 0.00244140625
0 0.28388242256855395 0.72265625 0.004340106529887552 0.00390625
0 0.2639573880449793 0.723876953125 0.003748273821266522 0.00634765625
0 0.30331426316827775 0.72314453125 0.003550996251726179 0.005859375
0 0.26854409153679226 0.722900390625 0.0016768593410929177 0.00537109375
0 0.26686723219569936 0.72119140625 0.001085026632471888 0.001953125
0 0.255770368909055 0.721923828125 0.004340106529887552 0.00634765625
0 0.178733478003551 0.720703125 0.002170053264943776 0.00390625
0 0.28136713355691456 0.72021484375 0.003452357466956007 0.00390625
0 0.2750542513316236 0.721923828125 0.007989741566383901 0.00830078125
0 0.2598145590846321 0.72119140625 0.004537384099427895 0.0078125
0 0.29231603866640365 0.720458984375 0.0077924639968435586 0.00830078125
0 0.2509370684553166 0.718017578125 0.001578220556322746 0.00341796875
0 0.27174985204182284 0.71875 0.004340106529887552 0.0078125
0 0.2602091142237128 0.71533203125 0.0011836654172420597 0.001953125
0 0.19698165318603275 0.71728515625 0.005721049516669955 0.005859375
0 0.5888242256855396 0.715576171875 0.005227855592819097 0.00341796875
0 0.23283685144999014 0.71630859375 0.0022686920497139475 0.0048828125
0 0.19027421582166107 0.71484375 0.0025646084040244622 0.001953125
0 0.3110574077727362 0.714111328125 0.001085026632471888 0.00244140625
0 0.23964292759913197 0.71630859375 0.0030578023278753207 0.0068359375
0 0.29335174590649044 0.71337890625 0.0017754981258630894 0.00390625
0 0.2562635628329059 0.713623046875 0.003156441112645492 0.00439453125
0 0.25004931939238506 0.712890625 0.002170053264943776 0.00390625
0 0.2550305780232788 0.7119140625 0.0016768593410929177 0.0029296875
0 0.2795916354310515 0.7119140625 0.00424146774511738 0.00390625
0 0.43790688498717695 0.715087890625 0.0038469126060366936 0.01123046875
0 0.259765239692247 0.710693359375 0.002071414480173604 0.00341796875
0 0.44525547445255476 0.70947265625 0.003156441112645492 0.0029296875
0 0.4365259420003946 0.709228515625 0.0022686920497139475 0.00244140625
0 0.25231801144209903 0.712158203125 0.0027618859735648055 0.00830078125
0 0.2371276385874926 0.71044921875 0.0019727756954034327 0.005859375
0 0.2725882817123693 0.70849609375 0.004044190175577037 0.0048828125
0 0.26681791280331424 0.70703125 0.0023673308344841193 0.0029296875
0 0.24432826987571513 0.70751953125 0.003156441112645492 0.00390625
0 0.27022095087788517 0.706787109375 0.0022686920497139475 0.00341796875
0 0.2852633655553364 0.707275390625 0.0023673308344841193 0.00537109375
0 0.23979088577628724 0.706298828125 0.0017754981258630894 0.00341796875
0 0.283339909252318 0.70361328125 0.0016768593410929177 0.001953125
0 0.2924639968435589 0.703369140625 0.003550996251726179 0.00244140625
0 0.27608995857171037 0.701904296875 0.001578220556322746 0.00244140625
0 0.21606825803906096 0.70458984375 0.0036496350364963502 0.0078125
0 0.29566975734858947 0.7021484375 0.002465969619254291 0.0048828125
0 0.28856776484513713 0.701904296875 0.002071414480173604 0.00537109375
0 0.21912606036693627 0.701416015625 0.0022686920497139475 0.00537109375
0 0.27066482540935094 0.699462890625 0.001578220556322746 0.00244140625
0 0.25256460840402445 0.699462890625 0.002465969619254291 0.00244140625
0 0.26237916748865653 0.69775390625 0.002170053264943776 0.001953125
0 0.4388439534424936 0.697021484375 0.0013809429867824028 0.00244140625
0 0.27465969619254293 0.69775390625 0.0016768593410929177 0.0068359375
0 0.23263957388044978 0.693359375 0.0008877490629315447 0.001953125
0 0.21897810218978103 0.693115234375 0.001578220556322746 0.00439453125
0 0.28378378378378377 0.69140625 0.0011836654172420597 0.00390625
0 0.27978891300059183 0.68896484375 0.001085026632471888 0.0029296875
0 0.26972775695403434 0.686279296875 0.001874136910633261 0.00341796875
0 0.2889623199842178 0.68603515625 0.0022686920497139475 0.00390625
0 0.44209903333990924 0.66357421875 0.0011836654172420597 0.00390625
0 0.4493489840205169 0.660888671875 0.0012823042020122311 0.00244140625
0 0.44762280528703885 0.6533203125 0.0027618859735648055 0.001953125
0 0.4530972578417834 0.65185546875 0.002663247188794634 0.0029296875
0 0.1300552377194713 0.6513671875 0.01864273032156244 0.0107421875
