0 0.639623199842178 0.998779296875 0.0036496350364963502 0.00244140625
0 0.6239889524561057 0.998779296875 0.0019727756954034327 0.00244140625
0 0.6159498914973367 0.99853515625 0.005030578023278753 0.0029296875
0 0.5171138291576248 0.997802734375 0.0012823042020122311 0.00244140625
0 0.4019530479384494 0.998291015625 0.0033537186821858355 0.00341796875
0 0.11116591043598342 0.99755859375 0.004537384099427895 0.0029296875
0 0.6783389228644703 0.997802734375 0.004340106529887552 0.00439453125
0 0.6707930558295522 0.997802734375 0.008384296705464589 0.00439453125
0 0.34927993687117775 0.996337890625 0.003550996251726179 0.00244140625
0 0.4239001775498126 0.996826171875 0.002465969619254291 0.00439453125
0 0.3849378575655948 0.9970703125 0.005227855592819097 0.005859375
0 0.3223515486289209 0.99609375 0.004931939238508582 0.00390625
0 0.597159202998619 0.994873046875 0.001578220556322746 0.00244140625
0 0.309775103570724 0.9951171875 0.001085026632471888 0.0029296875
0 0.10406391793253107 0.995849609375 0.0017754981258630894 0.00439453125
0 0.3370980469520615 0.994384765625 0.003255079897415664 0.00244140625
0 0.6650226869204972 0.994140625 0.0017754981258630894 0.00390625
0 0.39164529492996647 0.9931640625 0.002071414480173604 0.0029296875
0 0.28881436180706255 0.99267578125 0.0019727756954034327 0.001953125
0 0.25438942592227265 0.994873046875 0.004734661668968239 0.00634765625
0 0.6072203590451766 0.9921875 0.002170053264943776 0.0029296875
0 0.5814263168277767 0.994873046875 0.0022686920497139475 0.00830078125
0 0.6148155454724797 0.99267578125 0.003748273821266522 0.0048828125
0 0.21843558887354508 0.990966796875 0.0008877490629315447 0.00244140625
0 0.6766127441309923 0.990478515625 0.0022686920497139475 0.00244140625
0 0.2603077530084829 0.990966796875 0.0061156046557506415 0.00537109375
0 0.5598244229631091 0.9892578125 0.0016768593410929177 0.0029296875
0 0.6920003945551391 0.9912109375 0.007595186427303216 0.0078125
0 0.3885381732097061 0.988525390625 0.0025646084040244622 0.00244140625
0 0.6159498914973367 0.987548828125 0.001874136910633261 0.00244140625
0 0.2521207338725587 0.987548828125 0.0017754981258630894 0.00244140625
0 0.3489840205168672 0.98828125 0.004537384099427895 0.0048828125
0 0.2658315249556125 0.98828125 0.0039455513908068654 0.0048828125
0 0.3949990136121523 0.99267578125 0.007397908857762872 0.0146484375
0 0.6327184849082659 0.98876953125 0.0036496350364963502 0.0078125
0 0.44476228052870387 0.98583984375 0.0011836654172420597 0.001953125
0 0.404616295127244 0.984619140625 0.0017754981258630894 0.00244140625
0 0.40111461826790296 0.98486328125 0.0016768593410929177 0.0029296875
0 0.2583842967054646 0.984619140625 0.003452357466956007 0.00341796875
0 0.5226869204971395 0.984375 0.0017754981258630894 0.00390625
0 0.4166009074768199 0.984619140625 0.0036496350364963502 0.00439453125
0 0.4313967251923456 0.983642578125 0.0016768593410929177 0.00341796875
0 0.20812783586506214 0.9853515625 0.0051292168080489245 0.0068359375
0 0.659745511935293 0.987548828125 0.007003353718682186 0.01318359375
0 0.28353718682185836 0.982177734375 0.0014795817715525744 0.00244140625
0 0.35633260998224503 0.985107421875 0.006411521010061156 0.01025390625
0 0.1922963109094496 0.981201171875 0.0030578023278753207 0.00244140625
0 0.5819195107516275 0.98095703125 0.0014795817715525744 0.0029296875
0 0.22198658512527125 0.98046875 0.0014795817715525744 0.001953125
0 0.16975734858946537 0.98095703125 0.0033537186821858355 0.0029296875
0 0.5929670546458867 0.982666015625 0.006214243440520813 0.00732421875
0 0.5711678832116789 0.984619140625 0.00424146774511738 0.01123046875
0 0.4623693036101795 0.97998046875 0.0016768593410929177 0.001953125
0 0.612053659498915 0.980224609375 0.0011836654172420597 0.00341796875
0 0.6079601499309528 0.979736328125 0.0016768593410929177 0.00244140625
0 0.59765239692247 0.98095703125 0.0019727756954034327 0.0048828125
0 0.2489642927599132 0.9794921875 0.001578220556322746 0.001953125
0 0.6208818307358454 0.981201171875 0.006214243440520813 0.00830078125
0 0.602288419806668 0.9814453125 0.0033537186821858355 0.0087890625
0 0.39652791477608995 0.978515625 0.002170053264943776 0.0029296875
0 0.37961136318800554 0.979248046875 0.0028605247583349774 0.00439453125
0 0.34661668968238313 0.979248046875 0.0033537186821858355 0.00439453125
0 0.5848786742947327 0.97802734375 0.0012823042020122311 0.0029296875
0 0.6000690471493392 0.9794921875 0.001874136910633261 0.0068359375
0 0.41788321167883213 0.977294921875 0.0016768593410929177 0.00244140625
0 0.33256066285263364 0.978515625 0.0036496350364963502 0.0048828125
0 0.21917537975932136 0.9794921875 0.003156441112645492 0.0068359375
0 0.6599921088972184 0.97802734375 0.001578220556322746 0.0048828125
0 0.35657920694417045 0.976806640625 0.0027618859735648055 0.00341796875
0 0.28136713355691456 0.9765625 0.004044190175577037 0.00390625
0 0.6188104162556717 0.9755859375 0.0012823042020122311 0.0029296875
0 0.6151114618267903 0.979736328125 0.005918327086210298 0.01123046875
0 0.5822154271059381 0.975830078125 0.0012823042020122311 0.00341796875
0 0.633852830933123 0.97900390625 0.004537384099427895 0.0107421875
0 0.2555237719471296 0.9755859375 0.003452357466956007 0.00390625
0 0.3509074768198856 0.974365234375 0.0016768593410929177 0.00439453125
0 0.6163444466364174 0.974609375 0.0016768593410929177 0.005859375
0 0.24250345235746695 0.974609375 0.0030578023278753207 0.005859375
0 0.41186624580785164 0.974609375 0.008384296705464589 0.0068359375
0 0.3973170250542513 0.97314453125 0.0039455513908068654 0.00390625
0 0.3601302031958966 0.9736328125 0.004142828960347208 0.0048828125
0 0.20082856579206945 0.9716796875 0.0025646084040244622 0.001953125
0 0.264943775892681 0.97119140625 0.0011836654172420597 0.001953125
0 0.3552969027421582 0.97216796875 0.004931939238508582 0.0048828125
0 0.1647760899585717 0.973876953125 0.011343460248569737 0.00830078125
0 0.5701814953639771 0.972900390625 0.0036496350364963502 0.00732421875
0 0.22825014795817716 0.97216796875 0.0051292168080489245 0.0068359375
0 0.24625172617873348 0.96875 0.0014795817715525744 0.001953125
0 0.6774511738015387 0.96875 0.004142828960347208 0.00390625
0 0.6012033931741961 0.96826171875 0.001578220556322746 0.0029296875
0 0.35066087985796013 0.96923828125 0.0039455513908068654 0.0048828125
0 0.4401755770368909 0.96728515625 0.0012823042020122311 0.001953125
0 0.2861017952258828 0.967529296875 0.0016768593410929177 0.00244140625
0 0.6340501085026633 0.967529296875 0.0017754981258630894 0.00341796875
0 0.4088084434799763 0.970703125 0.0066087985796014995 0.009765625
0 0.6135825606628527 0.968505859375 0.0038469126060366936 0.00634765625
0 0.6116591043598343 0.96630859375 0.000789110278161373 0.001953125
0 0.5983921878082462 0.966796875 0.0012823042020122311 0.0029296875
0 0.5771848490826593 0.97314453125 0.008187019135924246 0.015625
0 0.32900966660090747 0.966796875 0.0030578023278753207 0.0029296875
0 0.5950384691260604 0.966552734375 0.0012823042020122311 0.00341796875
0 0.4320871966857368 0.966552734375 0.0036496350364963502 0.00341796875
0 0.4196587098046952 0.96630859375 0.0030578023278753207 0.0029296875
0 0.6203393174196093 0.967529296875 0.003156441112645492 0.00634765625
0 0.235056224107319 0.965087890625 0.0009863878477017164 0.00146484375
0 0.5841882028013415 0.966552734375 0.0030578023278753207 0.00537109375
0 0.5792562635628329 0.966552734375 0.0044387453146577235 0.00537109375
0 0.47701716314855 0.96533203125 0.000789110278161373 0.0029296875
0 0.2647464983231407 0.96630859375 0.005721049516669955 0.0048828125
0 0.6805582955217991 0.964599609375 0.001085026632471888 0.00244140625
0 0.6044091536792267 0.96435546875 0.0012823042020122311 0.001953125
0 0.29009666600907474 0.964599609375 0.0027618859735648055 0.00244140625
0 0.6167390017754981 0.964599609375 0.002465969619254291 0.00439453125
0 0.39425922272637604 0.963134765625 0.0011836654172420597 0.00244140625
0 0.6236437167094101 0.964111328125 0.005622410731899783 0.00634765625
0 0.38153481949102386 0.9619140625 0.0011836654172420597 0.001953125
0 0.31337541921483525 0.962646484375 0.0033537186821858355 0.00341796875
0 0.18736437167094103 0.96337890625 0.006016965870980469 0.0048828125
0 0.301736042611955 0.96142578125 0.0017754981258630894 0.001953125
0 0.5118366541724206 0.96142578125 0.001578220556322746 0.0029296875
0 0.5860130203195897 0.962158203125 0.0019727756954034327 0.00537109375
0 0.4150720063128822 0.9609375 0.0019727756954034327 0.0029296875
0 0.38474057999605443 0.963623046875 0.005819688301440126 0.00830078125
0 0.23727559676464785 0.96044921875 0.0030578023278753207 0.001953125
0 0.22326888932728348 0.96142578125 0.002663247188794634 0.00390625
0 0.6745906490432038 0.960205078125 0.0013809429867824028 0.00244140625
0 0.6256164924048135 0.960693359375 0.001874136910633261 0.00341796875
0 0.6199940816729138 0.960205078125 0.0008877490629315447 0.00244140625
0 0.5613040047346617 0.96044921875 0.0016768593410929177 0.0029296875
0 0.5717103965279148 0.96142578125 0.0019727756954034327 0.005859375
0 0.33966265535608603 0.96240234375 0.006411521010061156 0.0078125
0 0.39711974748471096 0.960205078125 0.004340106529887552 0.00439453125
0 0.24344052081278358 0.96044921875 0.0025646084040244622 0.0048828125
0 0.5751134346024857 0.96044921875 0.002071414480173604 0.005859375
0 0.5658907082264747 0.962646484375 0.003156441112645492 0.01025390625
0 0.4276977707634642 0.958740234375 0.0019727756954034327 0.00244140625
0 0.40446833695008877 0.96044921875 0.00542513316235944 0.005859375
0 0.22050700335371867 0.958740234375 0.001874136910633261 0.00341796875
0 0.5901065298875517 0.960205078125 0.0044387453146577235 0.00732421875
0 0.31697573485894653 0.95947265625 0.0030578023278753207 0.005859375
0 0.6692148352732294 0.957275390625 0.0016768593410929177 0.00244140625
0 0.5585421187610968 0.9580078125 0.0022686920497139475 0.00390625
0 0.41068258039060956 0.95849609375 0.00542513316235944 0.0068359375
0 0.3288123890313671 0.956787109375 0.0038469126060366936 0.00341796875
0 0.6165910435983428 0.95556640625 0.0009863878477017164 0.001953125
0 0.41467745117380156 0.95556640625 0.0009863878477017164 0.001953125
0 0.2807259814559085 0.95849609375 0.006707437364371671 0.0078125
0 0.6296606825803907 0.95654296875 0.007397908857762872 0.0048828125
0 0.6014993095285066 0.957275390625 0.0025646084040244622 0.00634765625
0 0.5721049516669955 0.9560546875 0.0023673308344841193 0.00390625
0 0.1620142039850069 0.9560546875 0.004044190175577037 0.00390625
0 0.5667291378970211 0.95556640625 0.002663247188794634 0.0048828125
0 0.2871868218583547 0.9541015625 0.001874136910633261 0.001953125
0 0.6215723022292365 0.953857421875 0.0028605247583349774 0.00244140625
0 0.6110179522588282 0.95458984375 0.0022686920497139475 0.00390625
0 0.5953837048727559 0.95751953125 0.005326494377589268 0.009765625
0 0.29502860524758334 0.955078125 0.002959163543105149 0.0048828125
0 0.613237324916157 0.953125 0.0017754981258630894 0.001953125
0 0.6067271651213257 0.9560546875 0.005326494377589268 0.0078125
0 0.26094890510948904 0.954833984375 0.003255079897415664 0.00537109375
0 0.24985204182284473 0.955322265625 0.007101992503452358 0.00634765625
0 0.1724699151706451 0.953125 0.00483330045373841 0.0029296875
0 0.58621029788913 0.95263671875 0.000789110278161373 0.0029296875
0 0.43539159597553756 0.953369140625 0.0039455513908068654 0.00439453125
0 0.35455711185638195 0.95654296875 0.0066087985796014995 0.0107421875
0 0.2743637798382324 0.95361328125 0.00483330045373841 0.0048828125
0 0.6326691655158808 0.951904296875 0.0009863878477017164 0.00341796875
0 0.4192641546656145 0.95166015625 0.001874136910633261 0.0029296875
0 0.34198066679818506 0.951416015625 0.0023673308344841193 0.00244140625
0 0.6239889524561057 0.95068359375 0.001578220556322746 0.0029296875
0 0.3473071611757743 0.951171875 0.0033537186821858355 0.00390625
0 0.28748273821266523 0.9501953125 0.002071414480173604 0.001953125
0 0.18884395344249358 0.9501953125 0.0016768593410929177 0.001953125
0 0.40866048530282106 0.952392578125 0.005721049516669955 0.00732421875
0 0.22711580193332018 0.950439453125 0.0022686920497139475 0.00341796875
0 0.5933122903925824 0.949951171875 0.004734661668968239 0.00439453125
0 0.5272243045965673 0.948974609375 0.000789110278161373 0.00244140625
0 0.40289011639376604 0.95068359375 0.005819688301440126 0.005859375
0 0.3384296705464589 0.948974609375 0.003156441112645492 0.00244140625
0 0.6300552377194713 0.94873046875 0.0022686920497139475 0.0029296875
0 0.3348293549023476 0.949462890625 0.0028605247583349774 0.00439453125
0 0.6875123298480963 0.952880859375 0.006312882225290984 0.01220703125
0 0.601154073781811 0.947998046875 0.0014795817715525744 0.00244140625
0 0.5893174196093904 0.951416015625 0.002663247188794634 0.00927734375
0 0.4127046754783981 0.947998046875 0.0023673308344841193 0.00244140625
0 0.38597356480568157 0.947998046875 0.0013809429867824028 0.00244140625
0 0.2090155849279937 0.949462890625 0.005326494377589268 0.00537109375
0 0.34784967449201026 0.948486328125 0.004636022884198066 0.00439453125
0 0.12768790688498718 0.94775390625 0.0038469126060366936 0.0029296875
0 0.5816729137897021 0.947021484375 0.0009863878477017164 0.00244140625
0 0.6320280134148747 0.9462890625 0.0006904714933912014 0.001953125
0 0.4030380745709213 0.946533203125 0.0017754981258630894 0.00244140625
0 0.6164924048135727 0.946044921875 0.004142828960347208 0.00341796875
0 0.5644604458473071 0.947021484375 0.0038469126060366936 0.00537109375
0 0.4290293943578615 0.9462890625 0.003255079897415664 0.00390625
0 0.21231998421779444 0.946044921875 0.002663247188794634 0.00341796875
0 0.6047050700335372 0.9462890625 0.0012823042020122311 0.0048828125
0 0.42424541329650817 0.947509765625 0.004734661668968239 0.00732421875
0 0.5899092523180114 0.944580078125 0.001874136910633261 0.00244140625
0 0.4185736831722233 0.94677734375 0.00424146774511738 0.0068359375
0 0.15658907082264747 0.946044921875 0.0066087985796014995 0.00537109375
0 0.6025843361609785 0.944091796875 0.0009863878477017164 0.00244140625
0 0.4367232195699349 0.94384765625 0.001085026632471888 0.001953125
0 0.39904320378772934 0.94677734375 0.005819688301440126 0.0078125
0 0.5981949102387059 0.944091796875 0.0012823042020122311 0.00341796875
0 0.5867528112053659 0.94580078125 0.002663247188794634 0.0068359375
0 0.5999704083645689 0.943359375 0.0014795817715525744 0.0029296875
0 0.22090155849279938 0.942626953125 0.002465969619254291 0.00439453125
0 0.6335075951864273 0.941162109375 0.0014795817715525744 0.00244140625
0 0.6198954428881436 0.941162109375 0.0016768593410929177 0.00244140625
0 0.34168475044387453 0.941162109375 0.003156441112645492 0.00244140625
0 0.2684454527520221 0.94384765625 0.0066087985796014995 0.0078125
0 0.24881633458275795 0.941162109375 0.001874136910633261 0.00244140625
0 0.6247780627342671 0.943115234375 0.004142828960347208 0.00732421875
0 0.6181199447622805 0.940673828125 0.001085026632471888 0.00244140625
0 0.6018445452752023 0.941162109375 0.002071414480173604 0.00341796875
0 0.579305582955218 0.945068359375 0.003156441112645492 0.01123046875
0 0.29359834286841585 0.942138671875 0.00483330045373841 0.00634765625
0 0.4221246794239495 0.93994140625 0.003452357466956007 0.0029296875
0 0.5808344841191556 0.9404296875 0.0016768593410929177 0.0048828125
0 0.5655947918721641 0.940673828125 0.0013809429867824028 0.00537109375
0 0.6665515880844348 0.939453125 0.00483330045373841 0.00390625
0 0.4438745314657723 0.9384765625 0.0027618859735648055 0.0029296875
0 0.23180114420990333 0.939453125 0.0027618859735648055 0.005859375
0 0.4294239494969422 0.937744140625 0.001874136910633261 0.00341796875
0 0.5527224304596567 0.93701171875 0.002071414480173604 0.00390625
0 0.30617478792661273 0.936767578125 0.0013809429867824028 0.00341796875
0 0.4186230025646084 0.936279296875 0.002170053264943776 0.00341796875
0 0.345975537581377 0.937744140625 0.00542513316235944 0.00634765625
0 0.4245413296508187 0.936279296875 0.003156441112645492 0.00537109375
0 0.27406786348392187 0.936767578125 0.005227855592819097 0.00634765625
0 0.6196981653186032 0.934814453125 0.002663247188794634 0.00341796875
0 0.5485302821069244 0.934326171875 0.0019727756954034327 0.00244140625
0 0.44042217399881634 0.934326171875 0.0009863878477017164 0.00244140625
0 0.6261096863286645 0.9345703125 0.001874136910633261 0.00390625
0 0.19347997632669164 0.935546875 0.0044387453146577235 0.005859375
0 0.6711876109686329 0.934326171875 0.007003353718682186 0.00439453125
0 0.3508088380351154 0.93359375 0.005819688301440126 0.0029296875
0 0.17794436772538963 0.9345703125 0.0061156046557506415 0.0048828125
0 0.632225290984415 0.93408203125 0.0038469126060366936 0.0048828125
0 0.3407476819885579 0.93408203125 0.006214243440520813 0.0048828125
0 0.23727559676464785 0.932861328125 0.004044190175577037 0.00341796875
0 0.5665318603274808 0.931884765625 0.0008877490629315447 0.00244140625
0 0.5874926020911423 0.933349609375 0.0019727756954034327 0.00634765625
0 0.32876306963898205 0.930419921875 0.004537384099427895 0.00341796875
0 0.35164726770566185 0.929443359375 0.004340106529887552 0.00341796875
0 0.24812586308936674 0.9287109375 0.0008877490629315447 0.001953125
0 0.15106529887551787 0.9287109375 0.00542513316235944 0.0029296875
0 0.43696981653186034 0.9287109375 0.0025646084040244622 0.00390625
0 0.18489840205168673 0.929443359375 0.00542513316235944 0.00537109375
0 0.6243341882028013 0.9287109375 0.0044387453146577235 0.0048828125
0 0.6346912606036693 0.9267578125 0.0014795817715525744 0.001953125
0 0.5581475636220162 0.927001953125 0.002465969619254291 0.00244140625
0 0.4257249950680608 0.92724609375 0.0051292168080489245 0.0029296875
0 0.20176563424738608 0.92724609375 0.0022686920497139475 0.00390625
0 0.29428881436180704 0.92578125 0.001085026632471888 0.001953125
0 0.17794436772538963 0.927490234375 0.003550996251726179 0.00537109375
0 0.6335075951864273 0.925537109375 0.0008877490629315447 0.00244140625
0 0.5893174196093904 0.926513671875 0.0016768593410929177 0.00439453125
0 0.6726178733478003 0.927001953125 0.0033537186821858355 0.00634765625
0 0.3471592029986191 0.925537109375 0.0030578023278753207 0.00341796875
0 0.16556520023673307 0.925048828125 0.005622410731899783 0.00439453125
0 0.42809232590254487 0.92333984375 0.0013809429867824028 0.001953125
0 0.41882028013414874 0.9228515625 0.001578220556322746 0.0029296875
0 0.3121424344052081 0.92333984375 0.0028605247583349774 0.00390625
0 0.29226671927401854 0.923828125 0.003156441112645492 0.0048828125
0 0.22178930755573092 0.9248046875 0.0044387453146577235 0.0068359375
0 0.6014499901361215 0.92724609375 0.004044190175577037 0.0126953125
0 0.5650522785559282 0.92236328125 0.0014795817715525744 0.0029296875
0 0.1731110672716512 0.92236328125 0.0039455513908068654 0.0029296875
0 0.43933714736634444 0.921142578125 0.0009863878477017164 0.00244140625
0 0.6273426711382916 0.9208984375 0.000789110278161373 0.0029296875
0 0.2360919313474058 0.921142578125 0.0036496350364963502 0.00341796875
0 0.15797001380942988 0.92138671875 0.00542513316235944 0.00390625
0 0.43346813967251924 0.92236328125 0.00542513316235944 0.0068359375
0 0.22903925823633853 0.920166015625 0.0039455513908068654 0.00244140625
0 0.21074176366147168 0.921875 0.0028605247583349774 0.005859375
0 0.3528309331229039 0.922607421875 0.005326494377589268 0.00830078125
0 0.4223712763858749 0.92041015625 0.0061156046557506415 0.0048828125
0 0.5898599329256263 0.918701171875 0.0019727756954034327 0.00244140625
0 0.5864075754586704 0.91943359375 0.002959163543105149 0.00390625
0 0.5612546853422766 0.91845703125 0.0009863878477017164 0.001953125
0 0.44540343262971 0.91845703125 0.0016768593410929177 0.0029296875
0 0.6203393174196093 0.91845703125 0.0019727756954034327 0.00390625
0 0.6127441309923062 0.917236328125 0.000789110278161373 0.00244140625
0 0.3587985796014993 0.920166015625 0.0044387453146577235 0.00830078125
0 0.34508778851844546 0.9189453125 0.00424146774511738 0.005859375
0 0.287926612744131 0.91845703125 0.0017754981258630894 0.0048828125
0 0.5744722825014796 0.91845703125 0.003748273821266522 0.005859375
0 0.5537581376997436 0.916748046875 0.001578220556322746 0.00244140625
0 0.4304103373446439 0.917236328125 0.002663247188794634 0.00341796875
0 0.3490826593016374 0.91796875 0.0017754981258630894 0.0048828125
0 0.5682580390609587 0.921142578125 0.007891102781613731 0.01220703125
0 0.4282896034720852 0.916259765625 0.0017754981258630894 0.00244140625
0 0.579848096271454 0.921630859375 0.0036496350364963502 0.01416015625
0 0.3175182481751825 0.916015625 0.0019727756954034327 0.0029296875
0 0.3530282106924443 0.91552734375 0.004537384099427895 0.0029296875
0 0.5237226277372263 0.91552734375 0.002465969619254291 0.00390625
0 0.6335569145788124 0.913818359375 0.000789110278161373 0.00244140625
0 0.6318307358453343 0.920166015625 0.0038469126060366936 0.01513671875
0 0.559183270862103 0.914306640625 0.002170053264943776 0.00341796875
0 0.5190866048530283 0.9140625 0.0014795817715525744 0.0029296875
0 0.6004636022884198 0.913818359375 0.002071414480173604 0.00537109375
0 0.43539159597553756 0.91357421875 0.003156441112645492 0.0048828125
0 0.5936575261392779 0.913330078125 0.002465969619254291 0.00537109375
0 0.42182876306963896 0.913818359375 0.007989741566383901 0.00634765625
0 0.6250739790885776 0.911865234375 0.0019727756954034327 0.00341796875
0 0.4519135924245413 0.91064453125 0.0008877490629315447 0.001953125
0 0.3403531268494772 0.912109375 0.004636022884198066 0.0048828125
0 0.6087985796014993 0.91162109375 0.0019727756954034327 0.0048828125
0 0.21019925034523573 0.91162109375 0.005918327086210298 0.005859375
0 0.6024363779838232 0.90966796875 0.001085026632471888 0.0029296875
0 0.4447129611363188 0.91015625 0.002071414480173604 0.00390625
0 0.6345433024265141 0.90966796875 0.0019727756954034327 0.00390625
0 0.5784178338922864 0.9140625 0.004734661668968239 0.013671875
0 0.6054941803116985 0.907958984375 0.0016768593410929177 0.00244140625
0 0.589662655356086 0.910400390625 0.006707437364371671 0.00732421875
0 0.34553166304991123 0.9111328125 0.009863878477017163 0.0087890625
0 0.5863582560662852 0.906494140625 0.0006904714933912014 0.00244140625
0 0.561451962911817 0.908935546875 0.005326494377589268 0.00732421875
0 0.2142434405208128 0.906982421875 0.0011836654172420597 0.00341796875
0 0.6102288419806668 0.90673828125 0.001085026632471888 0.00390625
0 0.5890215032550798 0.905029296875 0.0022686920497139475 0.00341796875
0 0.6387847701716315 0.904052734375 0.0009863878477017164 0.00244140625
0 0.3249654764253304 0.9052734375 0.001874136910633261 0.005859375
0 0.629857960149931 0.906494140625 0.0044387453146577235 0.00927734375
0 0.6013513513513513 0.9052734375 0.002071414480173604 0.0068359375
0 0.5938054843164332 0.90625 0.003748273821266522 0.0087890625
0 0.44599526533833106 0.903564453125 0.002071414480173604 0.00341796875
0 0.5493193923850859 0.902587890625 0.002170053264943776 0.00244140625
0 0.4383507595186427 0.9033203125 0.0027618859735648055 0.00390625
0 0.4128033142631683 0.902587890625 0.0023673308344841193 0.00244140625
0 0.17725389623199841 0.902587890625 0.0017754981258630894 0.00244140625
0 0.5658413888340895 0.906982421875 0.005622410731899783 0.01220703125
0 0.3473071611757743 0.9033203125 0.005326494377589268 0.0048828125
0 0.25690471493391204 0.90234375 0.0028605247583349774 0.0029296875
0 0.19234563030183469 0.902099609375 0.004340106529887552 0.00341796875
0 0.6253205760505031 0.90087890625 0.0008877490629315447 0.001953125
0 0.607466956007102 0.901611328125 0.001085026632471888 0.00341796875
0 0.5726474649832314 0.905517578125 0.008384296705464589 0.01123046875
0 0.4354409153679227 0.900634765625 0.001085026632471888 0.00244140625
0 0.27776681791280333 0.902099609375 0.0039455513908068654 0.00537109375
0 0.578713750246597 0.901123046875 0.0027618859735648055 0.00439453125
0 0.25424146774511736 0.8994140625 0.002663247188794634 0.001953125
0 0.6446044584730716 0.899169921875 0.000789110278161373 0.00244140625
0 0.5898106135332413 0.901123046875 0.0030578023278753207 0.00634765625
0 0.4414578812389031 0.899169921875 0.001874136910633261 0.00244140625
0 0.6168376405602684 0.899658203125 0.0012823042020122311 0.00439453125
0 0.5953837048727559 0.89892578125 0.001578220556322746 0.0029296875
0 0.25833497731307953 0.8984375 0.001578220556322746 0.001953125
0 0.6415466561451962 0.899169921875 0.0023673308344841193 0.00439453125
0 0.6007595186427304 0.898193359375 0.0012823042020122311 0.00244140625
0 0.42681002170053267 0.901611328125 0.0061156046557506415 0.00927734375
0 0.5624876701519037 0.898193359375 0.001085026632471888 0.00341796875
0 0.431594002761886 0.897705078125 0.0022686920497139475 0.00244140625
0 0.4374136910633261 0.896484375 0.0008877490629315447 0.001953125
0 0.23209706056421384 0.896728515625 0.0009863878477017164 0.00244140625
0 0.6214243440520812 0.897216796875 0.002959163543105149 0.00439453125
0 0.5803412901953048 0.895751953125 0.003255079897415664 0.00341796875
0 0.584434799763267 0.900146484375 0.005326494377589268 0.01318359375
0 0.2890116393766029 0.895263671875 0.0027618859735648055 0.00341796875
0 0.4293746301045571 0.894287109375 0.0013809429867824028 0.00244140625
0 0.4168968238311304 0.896728515625 0.005819688301440126 0.00732421875
0 0.22825014795817716 0.894775390625 0.0033537186821858355 0.00341796875
0 0.6424344052081279 0.893798828125 0.0011836654172420597 0.00244140625
0 0.6068751232984809 0.893798828125 0.001085026632471888 0.00244140625
0 0.5670250542513317 0.89404296875 0.0028605247583349774 0.0029296875
0 0.5950877885184455 0.894287109375 0.004734661668968239 0.00537109375
0 0.20664825409350956 0.89306640625 0.002959163543105149 0.0029296875
0 0.43479976326691655 0.892578125 0.004142828960347208 0.0029296875
0 0.35539554152692837 0.896240234375 0.011639376602880253 0.01025390625
0 0.2513316235943973 0.89306640625 0.0039455513908068654 0.00390625
0 0.4263661471690669 0.892333984375 0.0016768593410929177 0.00341796875
0 0.4444170447820083 0.892333984375 0.0028605247583349774 0.00439453125
0 0.6060860130203196 0.890625 0.001085026632471888 0.001953125
0 0.6443085421187611 0.892822265625 0.0027618859735648055 0.00732421875
0 0.5891201420398501 0.890380859375 0.0012823042020122311 0.00341796875
0 0.3422272637601105 0.890625 0.0030578023278753207 0.00390625
0 0.57757940422174 0.893310546875 0.004044190175577037 0.01123046875
0 0.42207536003156443 0.890380859375 0.004931939238508582 0.00537109375
0 0.19708029197080293 0.8896484375 0.004340106529887552 0.00390625
0 0.6413000591832708 0.88916015625 0.0022686920497139475 0.00390625
0 0.6267015190372854 0.889892578125 0.002663247188794634 0.00537109375
0 0.5676168869599526 0.88818359375 0.0008877490629315447 0.001953125
0 0.1648747287433419 0.887939453125 0.0022686920497139475 0.00244140625
0 0.5999704083645689 0.888916015625 0.005030578023278753 0.00732421875
0 0.21162951272440322 0.88623046875 0.0028605247583349774 0.0029296875
0 0.5945945945945946 0.886474609375 0.0025646084040244622 0.00439453125
0 0.42375221937265733 0.88525390625 0.002170053264943776 0.001953125
0 0.2455612546853423 0.88525390625 0.001874136910633261 0.001953125
0 0.23988952456105742 0.887451171875 0.005326494377589268 0.00634765625
0 0.6132866443085421 0.884033203125 0.0008877490629315447 0.00244140625
0 0.2048234365752614 0.884521484375 0.0038469126060366936 0.00341796875
0 0.5586900769382521 0.88671875 0.004734661668968239 0.0087890625
0 0.4275498125863089 0.88330078125 0.0028605247583349774 0.001953125
0 0.2158709804695206 0.884033203125 0.0028605247583349774 0.00341796875
0 0.43830144012625766 0.88330078125 0.003452357466956007 0.0029296875
0 0.6237423554941803 0.883544921875 0.0030578023278753207 0.00439453125
0 0.3188498717695798 0.8828125 0.001874136910633261 0.0029296875
0 0.6326198461234958 0.882568359375 0.0014795817715525744 0.00341796875
0 0.5905997238114027 0.883544921875 0.002071414480173604 0.00537109375
0 0.58330045373841 0.882080078125 0.0028605247583349774 0.00244140625
0 0.5392089169461433 0.882080078125 0.001874136910633261 0.00244140625
0 0.4413099230617479 0.882568359375 0.0019727756954034327 0.00341796875
0 0.33285657920694417 0.882568359375 0.003255079897415664 0.00341796875
0 0.5628822252909844 0.88232421875 0.002465969619254291 0.00390625
0 0.3381830735845334 0.88232421875 0.005227855592819097 0.00390625
0 0.5984908265930163 0.880126953125 0.002071414480173604 0.00244140625
0 0.3205267311106727 0.880615234375 0.001085026632471888 0.00341796875
0 0.1585618465180509 0.880859375 0.0030578023278753207 0.00390625
0 0.636811994476228 0.881591796875 0.006312882225290984 0.00732421875
0 0.42099033339909253 0.87890625 0.0011836654172420597 0.0029296875
0 0.632767804300651 0.878662109375 0.0009863878477017164 0.00341796875
0 0.22455119352929573 0.877685546875 0.0016768593410929177 0.00244140625
0 0.5745216018938647 0.876953125 0.0006904714933912014 0.001953125
0 0.6194022489642927 0.876953125 0.0022686920497139475 0.0029296875
0 0.6165910435983428 0.876953125 0.0011836654172420597 0.0029296875
0 0.5911422371276386 0.877685546875 0.0025646084040244622 0.00439453125
0 0.42952258828171236 0.8779296875 0.005030578023278753 0.0048828125
0 0.3511047543894259 0.87841796875 0.005622410731899783 0.005859375
0 0.5606135332412705 0.877197265625 0.002663247188794634 0.00439453125
0 0.22923653580587888 0.87744140625 0.004142828960347208 0.0048828125
0 0.4370684553166305 0.875732421875 0.001578220556322746 0.00244140625
0 0.597159202998619 0.8740234375 0.0011836654172420597 0.001953125
0 0.5725981455908463 0.87451171875 0.000789110278161373 0.0029296875
0 0.20659893470112448 0.87548828125 0.00542513316235944 0.0048828125
0 0.5955316630499112 0.8740234375 0.0014795817715525744 0.0029296875
0 0.3129315446833695 0.874267578125 0.0014795817715525744 0.00341796875
0 0.5860130203195897 0.875732421875 0.005918327086210298 0.00830078125
0 0.44165515880844347 0.87255859375 0.0008877490629315447 0.001953125
0 0.5678634839218781 0.87451171875 0.004734661668968239 0.0068359375
0 0.2718978102189781 0.872314453125 0.002663247188794634 0.00244140625
0 0.6382422568553956 0.871826171875 0.0012823042020122311 0.00244140625
0 0.6259617281515092 0.872802734375 0.0027618859735648055 0.00439453125
0 0.34567962122706647 0.873291015625 0.0030578023278753207 0.00537109375
0 0.64080686525942 0.871337890625 0.0014795817715525744 0.00244140625
0 0.6295127244032354 0.875 0.003156441112645492 0.009765625
0 0.6003156441112646 0.870849609375 0.0011836654172420597 0.00341796875
0 0.3578121917537976 0.870849609375 0.00424146774511738 0.00341796875
0 0.5937068455316631 0.869873046875 0.001578220556322746 0.00244140625
0 0.6369599526533833 0.868896484375 0.0008877490629315447 0.00244140625
0 0.6863779838232393 0.869140625 0.00542513316235944 0.00390625
0 0.6201913592424542 0.86962890625 0.0014795817715525744 0.0048828125
0 0.5652002367330834 0.868408203125 0.001578220556322746 0.00244140625
0 0.5556815940027618 0.87060546875 0.00483330045373841 0.0078125
0 0.43164332215427104 0.868408203125 0.001578220556322746 0.00439453125
0 0.22617873347800355 0.868408203125 0.003156441112645492 0.00439453125
0 0.3535707240086802 0.868896484375 0.0044387453146577235 0.00634765625
0 0.6152101006115605 0.868896484375 0.005918327086210298 0.00732421875
0 0.6418918918918919 0.867431640625 0.002663247188794634 0.00537109375
0 0.6385874926020911 0.86572265625 0.0019727756954034327 0.00390625
0 0.6116591043598343 0.864501953125 0.0011836654172420597 0.00244140625
0 0.6068751232984809 0.86474609375 0.002071414480173604 0.0029296875
0 0.3458768987966068 0.86474609375 0.0038469126060366936 0.0029296875
0 0.5929177352535017 0.864501953125 0.0011836654172420597 0.00341796875
0 0.2305188400078911 0.864990234375 0.004734661668968239 0.00439453125
0 0.1599427895048333 0.8662109375 0.005227855592819097 0.0068359375
0 0.5515387650424147 0.863037109375 0.001085026632471888 0.00244140625
0 0.4187709607417637 0.863037109375 0.0014795817715525744 0.00244140625
0 0.42266719274018544 0.863525390625 0.004142828960347208 0.00439453125
0 0.20156835667784573 0.862548828125 0.003452357466956007 0.00341796875
0 0.5586407575458671 0.86376953125 0.0044387453146577235 0.0068359375
0 0.6359242454132965 0.861572265625 0.003748273821266522 0.00341796875
0 0.6180706253698954 0.8642578125 0.003748273821266522 0.0087890625
0 0.5964687315052278 0.861083984375 0.0019727756954034327 0.00341796875
0 0.41709410140067077 0.862060546875 0.0016768593410929177 0.00537109375
0 0.4293746301045571 0.861572265625 0.0027618859735648055 0.00537109375
0 0.633852830933123 0.858642578125 0.0017754981258630894 0.00244140625
0 0.6145689485105543 0.859375 0.002071414480173604 0.00390625
0 0.6402150325507989 0.860107421875 0.0038469126060366936 0.00634765625
0 0.6012527125665812 0.858642578125 0.0028605247583349774 0.00341796875
0 0.5861116591043598 0.858642578125 0.0017754981258630894 0.00341796875
0 0.2562635628329059 0.85986328125 0.0027618859735648055 0.005859375
0 0.18193923850858157 0.858154296875 0.001874136910633261 0.00244140625
0 0.5639179325310713 0.8564453125 0.0019727756954034327 0.001953125
0 0.6314361807062537 0.859375 0.0030578023278753207 0.0087890625
0 0.6248273821266522 0.857421875 0.002071414480173604 0.0048828125
0 0.6166896823831131 0.856689453125 0.0017754981258630894 0.00341796875
0 0.2322450187413691 0.857666015625 0.006214243440520813 0.00537109375
0 0.5587393963306372 0.855712890625 0.002663247188794634 0.00244140625
0 0.29793844939830344 0.85595703125 0.001085026632471888 0.0029296875
0 0.21789307555730913 0.85693359375 0.005918327086210298 0.005859375
0 0.6411521010061156 0.85498046875 0.0013809429867824028 0.0029296875
0 0.42158216610771354 0.85595703125 0.002959163543105149 0.0048828125
0 0.4325803906095877 0.855224609375 0.0022686920497139475 0.00439453125
0 0.42685934109291773 0.855712890625 0.00483330045373841 0.00732421875
0 0.3018346813967252 0.85302734375 0.0011836654172420597 0.0029296875
0 0.3560366936279345 0.851806640625 0.0012823042020122311 0.00244140625
0 0.640856184651805 0.850830078125 0.0005918327086210298 0.00244140625
0 0.6363188005523772 0.853759765625 0.0061156046557506415 0.00830078125
0 0.6089958571710397 0.851318359375 0.0025646084040244622 0.00439453125
0 0.42508384296705465 0.85107421875 0.001874136910633261 0.00390625
0 0.35199250345235744 0.850830078125 0.005030578023278753 0.00341796875
0 0.3458768987966068 0.851318359375 0.003452357466956007 0.00439453125
0 0.4085618465180509 0.851806640625 0.003156441112645492 0.00634765625
0 0.20699348984020516 0.849853515625 0.002465969619254291 0.00244140625
0 0.6166896823831131 0.850830078125 0.004142828960347208 0.00537109375
0 0.4494969421976721 0.84912109375 0.000789110278161373 0.001953125
0 0.4308048924837246 0.849853515625 0.0022686920497139475 0.00341796875
0 0.22469915170645097 0.849609375 0.003748273821266522 0.00390625
0 0.21478595383704874 0.849853515625 0.0044387453146577235 0.00439453125
0 0.4414578812389031 0.8486328125 0.001085026632471888 0.0029296875
0 0.6210297889130006 0.848876953125 0.0023673308344841193 0.00439453125
0 0.5907970013809429 0.8515625 0.006016965870980469 0.0107421875
0 0.5549418031169856 0.84765625 0.001578220556322746 0.0029296875
0 0.6062339711974748 0.84619140625 0.0011836654172420597 0.001953125
0 0.5974551193529296 0.85009765625 0.0039455513908068654 0.0107421875
0 0.5834977313079502 0.848388671875 0.00424146774511738 0.00927734375
0 0.44209903333990924 0.84521484375 0.0011836654172420597 0.0029296875
0 0.4211876109686329 0.84521484375 0.0013809429867824028 0.0029296875
0 0.3313276780430065 0.844970703125 0.0019727756954034327 0.00244140625
0 0.42330834484119156 0.846435546875 0.003255079897415664 0.00732421875
0 0.6093904123101204 0.84375 0.0025646084040244622 0.00390625
0 0.20467547839810613 0.842041015625 0.003748273821266522 0.00341796875
0 0.7031958966265536 0.84326171875 0.005326494377589268 0.0068359375
0 0.631041625567173 0.84423828125 0.0077924639968435586 0.0087890625
0 0.5751627539948708 0.8427734375 0.004734661668968239 0.005859375
0 0.5443381337541922 0.840576171875 0.0014795817715525744 0.00341796875
0 0.16990530676662063 0.840087890625 0.001874136910633261 0.00244140625
0 0.6060366936279346 0.841552734375 0.003550996251726179 0.00634765625
0 0.15900572104951666 0.83984375 0.0051292168080489245 0.0029296875
0 0.6375024659696192 0.841796875 0.002959163543105149 0.0078125
0 0.6340501085026633 0.83935546875 0.003748273821266522 0.0029296875
0 0.6126454922075361 0.838134765625 0.0011836654172420597 0.00244140625
0 0.2019629118169264 0.837890625 0.001874136910633261 0.0029296875
0 0.59484119155652 0.840087890625 0.003452357466956007 0.00830078125
0 0.6024856973762083 0.837890625 0.0023673308344841193 0.0048828125
0 0.44560071019925035 0.837646484375 0.002071414480173604 0.00439453125
0 0.631041625567173 0.836181640625 0.0036496350364963502 0.00244140625
0 0.3188991911619649 0.836181640625 0.003156441112645492 0.00244140625
0 0.4198559873742356 0.835693359375 0.0016768593410929177 0.00244140625
0 0.6212270664825409 0.83642578125 0.0025646084040244622 0.0048828125
0 0.4298185046360229 0.841064453125 0.0036496350364963502 0.01416015625
0 0.15308739396330637 0.836669921875 0.004340106529887552 0.00537109375
0 0.6430755573091339 0.834228515625 0.001085026632471888 0.00244140625
0 0.6087492602091142 0.8349609375 0.004044190175577037 0.00390625
0 0.42227263760110473 0.83447265625 0.001578220556322746 0.0029296875
0 0.6343953442493588 0.834716796875 0.0022686920497139475 0.00439453125
0 0.44653777865456695 0.832763671875 0.0011836654172420597 0.00244140625
0 0.22770763464194121 0.83251953125 0.0012823042020122311 0.001953125
0 0.42577431446044584 0.8359375 0.0044387453146577235 0.009765625
0 0.6123988952456105 0.83154296875 0.0008877490629315447 0.001953125
0 0.610327480765437 0.831787109375 0.0012823042020122311 0.00244140625
0 0.4386959952653383 0.83203125 0.0016768593410929177 0.0029296875
0 0.43262971000197276 0.832275390625 0.0011836654172420597 0.00341796875
0 0.5979976326691655 0.83349609375 0.006411521010061156 0.0068359375
0 0.2786545669757349 0.83251953125 0.001578220556322746 0.0048828125
0 0.6395738804497929 0.832275390625 0.0017754981258630894 0.00537109375
0 0.6314361807062537 0.83056640625 0.0012823042020122311 0.001953125
0 0.5624876701519037 0.83251953125 0.0022686920497139475 0.005859375
0 0.3434602485697376 0.83154296875 0.0051292168080489245 0.0048828125
0 0.2044288814361807 0.830322265625 0.003255079897415664 0.00244140625
0 0.6238903136713355 0.830078125 0.002170053264943776 0.0048828125
0 0.6515584927993687 0.82958984375 0.001874136910633261 0.0048828125
0 0.6012527125665812 0.830322265625 0.007200631288222529 0.00634765625
0 0.6501775498125864 0.828857421875 0.002071414480173604 0.00439453125
0 0.43238311304004734 0.829345703125 0.0036496350364963502 0.00634765625
0 0.42853620043401064 0.828369140625 0.002663247188794634 0.00439453125
0 0.5668277766817913 0.82666015625 0.002465969619254291 0.0029296875
0 0.688498717695798 0.826171875 0.0027618859735648055 0.0029296875
0 0.6819885579009667 0.826416015625 0.0027618859735648055 0.00341796875
0 0.5546952061550602 0.82666015625 0.0014795817715525744 0.00390625
0 0.7018149536397712 0.8251953125 0.004537384099427895 0.00390625
0 0.4489051094890511 0.8251953125 0.001578220556322746 0.00390625
0 0.6444565002959164 0.823974609375 0.0016768593410929177 0.00244140625
0 0.4210889721838627 0.82373046875 0.0009863878477017164 0.001953125
0 0.2749556125468534 0.82373046875 0.001874136910633261 0.001953125
0 0.6118070625369896 0.826171875 0.002663247188794634 0.0087890625
0 0.6077628723614125 0.824462890625 0.0016768593410929177 0.00537109375
0 0.5595285066087986 0.82568359375 0.004044190175577037 0.009765625
0 0.4276977707634642 0.82275390625 0.0017754981258630894 0.00390625
0 0.4130499112250937 0.82275390625 0.0028605247583349774 0.00390625
0 0.20871966857368318 0.82177734375 0.0017754981258630894 0.001953125
0 0.6293647662260801 0.823486328125 0.0036496350364963502 0.00732421875
0 0.6039159597553758 0.821533203125 0.0036496350364963502 0.00439453125
0 0.6009074768198855 0.820556640625 0.0017754981258630894 0.00244140625
0 0.5983428684158612 0.821044921875 0.003156441112645492 0.00341796875
0 0.2156243835075952 0.82080078125 0.0019727756954034327 0.00390625
0 0.6165910435983428 0.821044921875 0.0039455513908068654 0.00634765625
0 0.5710692444269087 0.8193359375 0.002071414480173604 0.0029296875
0 0.44520615506016964 0.8193359375 0.0008877490629315447 0.0029296875
0 0.6125961728151509 0.819091796875 0.0012823042020122311 0.00439453125
0 0.4297691852436378 0.819091796875 0.0017754981258630894 0.00732421875
0 0.16600907476819884 0.818603515625 0.0039455513908068654 0.00634765625
0 0.6535312684947722 0.816650390625 0.0030578023278753207 0.00439453125
0 0.6365160781219176 0.81591796875 0.0013809429867824028 0.0029296875
0 0.4468830144012626 0.816162109375 0.002071414480173604 0.00341796875
0 0.6289208916946143 0.817138671875 0.0061156046557506415 0.00634765625
0 0.36215229828368517 0.81591796875 0.002663247188794634 0.00390625
0 0.42483724600512923 0.815185546875 0.0025646084040244622 0.00341796875
0 0.5588873545077925 0.81884765625 0.007891102781613731 0.01171875
0 0.44244426908660484 0.81494140625 0.0028605247583349774 0.00390625
0 0.450581968830144 0.813720703125 0.0009863878477017164 0.00244140625
0 0.2540935095679621 0.8134765625 0.0017754981258630894 0.001953125
0 0.6326198461234958 0.813720703125 0.001874136910633261 0.00341796875
0 0.43933714736634444 0.8134765625 0.0017754981258630894 0.0029296875
0 0.17089169461432235 0.81494140625 0.003452357466956007 0.005859375
0 0.6508187019135925 0.814208984375 0.002170053264943776 0.00537109375
0 0.5532649437758926 0.8125 0.0025646084040244622 0.0029296875
0 0.4323337936476623 0.813720703125 0.0019727756954034327 0.00537109375
0 0.41788321167883213 0.8134765625 0.0016768593410929177 0.0048828125
0 0.409202998619057 0.812744140625 0.0022686920497139475 0.00341796875
0 0.44283882422568555 0.8115234375 0.001085026632471888 0.001953125
0 0.6534326297100019 0.81103515625 0.0014795817715525744 0.001953125
0 0.6147169066877096 0.812255859375 0.0033537186821858355 0.00537109375
0 0.6060366936279346 0.8125 0.003748273821266522 0.005859375
0 0.4224699151706451 0.81298828125 0.003550996251726179 0.0068359375
0 0.622410731899783 0.812255859375 0.0027618859735648055 0.00634765625
0 0.6838626948115999 0.809814453125 0.0019727756954034327 0.00341796875
0 0.6913099230617479 0.809814453125 0.007200631288222529 0.00537109375
0 0.5979483132767804 0.8095703125 0.006312882225290984 0.005859375
0 0.3661471690668771 0.808349609375 0.002170053264943776 0.00341796875
0 0.43514499901361214 0.80908203125 0.002071414480173604 0.005859375
0 0.4120142039850069 0.80810546875 0.003550996251726179 0.00390625
0 0.42794436772538963 0.810791015625 0.002663247188794634 0.01025390625
0 0.44540343262971 0.806640625 0.001085026632471888 0.0029296875
0 0.4248865653975143 0.80615234375 0.0014795817715525744 0.001953125
0 0.42020122312093117 0.808349609375 0.0039455513908068654 0.00634765625
0 0.3438054843164332 0.80859375 0.0077924639968435586 0.0068359375
0 0.43780824620240677 0.8056640625 0.001085026632471888 0.001953125
0 0.5543006510159795 0.80419921875 0.0012823042020122311 0.001953125
0 0.6211284276977708 0.803955078125 0.000789110278161373 0.00244140625
0 0.5604655750641152 0.804931640625 0.0051292168080489245 0.00439453125
0 0.35001972775695406 0.80322265625 0.003255079897415664 0.0029296875
0 0.20428092325902544 0.8037109375 0.003156441112645492 0.00390625
0 0.6031761688695996 0.802734375 0.0019727756954034327 0.0029296875
0 0.439090550404419 0.805419921875 0.0030578023278753207 0.00830078125
0 0.6892385085815743 0.802734375 0.004636022884198066 0.0048828125
0 0.638488853817321 0.801513671875 0.0011836654172420597 0.00244140625
0 0.627638587492602 0.80126953125 0.001578220556322746 0.001953125
0 0.6116591043598343 0.802001953125 0.0019727756954034327 0.00439453125
0 0.3560860130203196 0.8037109375 0.004142828960347208 0.0078125
0 0.45077924639968436 0.80078125 0.0011836654172420597 0.0029296875
0 0.344249358847899 0.80419921875 0.0061156046557506415 0.009765625
0 0.6599427895048333 0.799560546875 0.0036496350364963502 0.00244140625
0 0.6181199447622805 0.800537109375 0.0016768593410929177 0.00439453125
0 0.6139771158019334 0.80224609375 0.0022686920497139475 0.0078125
0 0.6089465377786546 0.7998046875 0.0012823042020122311 0.0029296875
0 0.6338035115407378 0.799560546875 0.0014795817715525744 0.00341796875
0 0.5703787729335175 0.798583984375 0.0016768593410929177 0.00439453125
0 0.36101795225882816 0.79931640625 0.004142828960347208 0.005859375
0 0.45220950877885185 0.79638671875 0.0012823042020122311 0.001953125
0 0.5963700927204577 0.7958984375 0.0017754981258630894 0.001953125
0 0.6405602682974946 0.79736328125 0.0025646084040244622 0.005859375
0 0.4419017557703689 0.796875 0.002170053264943776 0.0048828125
0 0.6492404813572696 0.79541015625 0.0009863878477017164 0.0029296875
0 0.6334089564016572 0.795166015625 0.0012823042020122311 0.00244140625
0 0.4020023673308345 0.797119140625 0.00424146774511738 0.00634765625
0 0.6823831130400474 0.795166015625 0.005326494377589268 0.00341796875
0 0.6349378575655948 0.794921875 0.000789110278161373 0.0029296875
0 0.3578615111461827 0.795166015625 0.0023673308344841193 0.00341796875
0 0.42449201025843364 0.796142578125 0.005819688301440126 0.00634765625
0 0.345975537581377 0.794677734375 0.005622410731899783 0.00341796875
0 0.6252219372657329 0.794189453125 0.0014795817715525744 0.00341796875
0 0.3975636220161768 0.793701171875 0.0016768593410929177 0.00244140625
0 0.6445058196883015 0.793701171875 0.003550996251726179 0.00341796875
0 0.5624383507595186 0.7939453125 0.0027618859735648055 0.00390625
0 0.42015190372854605 0.793212890625 0.0022686920497139475 0.00244140625
0 0.440224896429276 0.79345703125 0.0019727756954034327 0.00390625
0 0.639623199842178 0.794921875 0.004044190175577037 0.0078125
0 0.6308443479976327 0.792236328125 0.0028605247583349774 0.00341796875
0 0.6489938843953442 0.791015625 0.0016768593410929177 0.001953125
0 0.3938646675872953 0.79150390625 0.0019727756954034327 0.0029296875
0 0.6518050897612941 0.794677734375 0.003156441112645492 0.01025390625
0 0.5588380351154074 0.791015625 0.002071414480173604 0.0029296875
0 0.38035115407378184 0.790283203125 0.0013809429867824028 0.00244140625
0 0.3863188005523772 0.789794921875 0.001874136910633261 0.00244140625
0 0.5828565792069442 0.789794921875 0.0033537186821858355 0.00341796875
0 0.42685934109291773 0.789794921875 0.003452357466956007 0.00341796875
0 0.404616295127244 0.78955078125 0.002959163543105149 0.00390625
0 0.36521010061156045 0.788818359375 0.003452357466956007 0.00244140625
0 0.6265042414677451 0.78857421875 0.001085026632471888 0.0029296875
0 0.4364273032156244 0.788330078125 0.0014795817715525744 0.00244140625
0 0.40121325705267313 0.791015625 0.0036496350364963502 0.0078125
0 0.4076247780627343 0.78759765625 0.0012823042020122311 0.001953125
0 0.3704379562043796 0.7890625 0.00483330045373841 0.0048828125
0 0.6330637206549615 0.787841796875 0.002959163543105149 0.00341796875
0 0.5552870388636812 0.787841796875 0.003255079897415664 0.00341796875
0 0.3977608995857171 0.78759765625 0.0012823042020122311 0.0029296875
0 0.6641349378575656 0.788330078125 0.0033537186821858355 0.00537109375
0 0.6474649832314066 0.786865234375 0.0013809429867824028 0.00244140625
0 0.6299565989347011 0.78662109375 0.001085026632471888 0.001953125
0 0.6237916748865654 0.786865234375 0.0033537186821858355 0.00439453125
0 0.5979483132767804 0.786865234375 0.002170053264943776 0.00439453125
0 0.5898599329256263 0.788330078125 0.008877490629315447 0.00732421875
0 0.641941211284277 0.786376953125 0.0039455513908068654 0.00439453125
0 0.4192641546656145 0.78662109375 0.0016768593410929177 0.0068359375
0 0.395393568751233 0.78515625 0.0030578023278753207 0.00390625
0 0.6451962911816926 0.784912109375 0.0013809429867824028 0.00439453125
0 0.6390313671335569 0.7841796875 0.0016768593410929177 0.0029296875
0 0.3770467547839811 0.783447265625 0.001874136910633261 0.00244140625
0 0.40481357269678436 0.7841796875 0.003550996251726179 0.0048828125
0 0.6170842375221938 0.78271484375 0.0019727756954034327 0.0029296875
0 0.5644111264549221 0.783447265625 0.002170053264943776 0.00439453125
0 0.6501282304202012 0.78466796875 0.004734661668968239 0.0087890625
0 0.6466758729532452 0.78173828125 0.0009863878477017164 0.0029296875
0 0.5613533241270467 0.78125 0.003156441112645492 0.0029296875
0 0.41763661471690666 0.781982421875 0.0017754981258630894 0.00439453125
0 0.6153087393963307 0.781005859375 0.0009863878477017164 0.00341796875
0 0.5871966857368317 0.781005859375 0.0023673308344841193 0.00341796875
0 0.432185835470507 0.78271484375 0.0028605247583349774 0.0068359375
0 0.6897317025054251 0.78173828125 0.009370684553166305 0.0068359375
0 0.680459656737029 0.7802734375 0.00542513316235944 0.00390625
0 0.6547149339120142 0.780029296875 0.0022686920497139475 0.00341796875
0 0.3912014203985007 0.779541015625 0.0025646084040244622 0.00341796875
0 0.5940027618859736 0.78271484375 0.009469323337936477 0.01171875
0 0.564953639771158 0.77734375 0.0028605247583349774 0.0029296875
0 0.42459064904320376 0.7783203125 0.001874136910633261 0.0048828125
0 0.6923949496942198 0.777099609375 0.005819688301440126 0.00537109375
0 0.6765141053462221 0.774658203125 0.002071414480173604 0.00341796875
0 0.6438646675872953 0.774169921875 0.0036496350364963502 0.00439453125
0 0.3541132373249162 0.7734375 0.001578220556322746 0.0029296875
0 0.6501775498125864 0.775634765625 0.002071414480173604 0.00830078125
0 0.5891694614322351 0.774169921875 0.002959163543105149 0.00537109375
0 0.6548135726967844 0.772216796875 0.0006904714933912014 0.00244140625
0 0.6271947129611363 0.771240234375 0.001085026632471888 0.00244140625
0 0.5674689287827974 0.772216796875 0.002170053264943776 0.00537109375
0 0.6583645689485106 0.7724609375 0.0038469126060366936 0.0078125
0 0.6790293943578615 0.770263671875 0.002170053264943776 0.00439453125
0 0.6382422568553956 0.76953125 0.002465969619254291 0.00390625
0 0.6330144012625765 0.7685546875 0.0012823042020122311 0.0029296875
0 0.5936575261392779 0.771484375 0.006411521010061156 0.0087890625
0 0.42291378970211085 0.76904296875 0.0012823042020122311 0.00390625
0 0.40940027618859737 0.76806640625 0.0016768593410929177 0.00390625
0 0.38118958374432826 0.76611328125 0.0016768593410929177 0.001953125
0 0.5634740579996055 0.767333984375 0.0030578023278753207 0.00537109375
0 0.37374235549418033 0.766357421875 0.002170053264943776 0.00341796875
0 0.35682580390609586 0.765869140625 0.0012823042020122311 0.00244140625
0 0.6849970408364568 0.76513671875 0.002071414480173604 0.001953125
0 0.6592523180114421 0.763427734375 0.0014795817715525744 0.00244140625
0 0.5794042217399882 0.76611328125 0.004931939238508582 0.0078125
0 0.4231110672716512 0.765380859375 0.00424146774511738 0.00634765625
0 0.674146774511738 0.76171875 0.001085026632471888 0.001953125
0 0.6501775498125864 0.766845703125 0.007003353718682186 0.01318359375
0 0.5842375221937266 0.763916015625 0.003748273821266522 0.00732421875
0 0.5901065298875517 0.7626953125 0.005227855592819097 0.0068359375
0 0.6707930558295522 0.759765625 0.0016768593410929177 0.0029296875
0 0.6765634247386072 0.759033203125 0.002170053264943776 0.00244140625
0 0.40205168672321956 0.76025390625 0.002959163543105149 0.0048828125
0 0.39425922272637604 0.758544921875 0.001578220556322746 0.00244140625
0 0.6729137897021109 0.757568359375 0.0017754981258630894 0.00244140625
0 0.6779936871177747 0.756103515625 0.002663247188794634 0.00244140625
0 0.6571809035312685 0.755859375 0.0022686920497139475 0.0029296875
0 0.6814953639771159 0.755615234375 0.0025646084040244622 0.00341796875
0 0.6678832116788321 0.753662109375 0.0013809429867824028 0.00439453125
0 0.6640362990727954 0.75341796875 0.005721049516669955 0.0048828125
0 0.5776287236141251 0.75244140625 0.0019727756954034327 0.0029296875
0 0.5860623397119747 0.750244140625 0.0014795817715525744 0.00244140625
0 0.6782896034720852 0.75 0.0016768593410929177 0.0029296875
0 0.6484020516867233 0.750244140625 0.001085026632471888 0.00341796875
0 0.5827086210297889 0.754150390625 0.007989741566383901 0.01220703125
0 0.6535805878871572 0.751953125 0.0039455513908068654 0.0087890625
0 0.567222331820872 0.75244140625 0.009962517261787335 0.009765625
0 0.6725192345630302 0.748291015625 0.0019727756954034327 0.00537109375
0 0.5723515486289209 0.748046875 0.006016965870980469 0.0048828125
0 0.668425724995068 0.745361328125 0.0028605247583349774 0.00341796875
0 0.585667784572894 0.745849609375 0.005622410731899783 0.00439453125
0 0.6803610179522588 0.7412109375 0.0014795817715525744 0.001953125
0 0.5763464194121128 0.74169921875 0.0011836654172420597 0.0029296875
0 0.5698855790096666 0.7421875 0.0030578023278753207 0.00390625
0 0.5799960544486092 0.740478515625 0.0009863878477017164 0.00341796875
0 0.5779246399684356 0.7373046875 0.002959163543105149 0.00390625
0 0.6653679226671927 0.73046875 0.0006904714933912014 0.001953125
0 0.6517557703689091 0.73095703125 0.0014795817715525744 0.00390625
0 0.6665022686920498 0.7255859375 0.0009863878477017164 0.001953125
0 0.6111659104359835 0.722412109375 0.0009863878477017164 0.00146484375
0 0.6732097060564214 0.72265625 0.0013809429867824028 0.0029296875
0 0.6545669757348589 0.722412109375 0.003748273821266522 0.00341796875
0 0.6660090747681988 0.709228515625 0.0013809429867824028 0.00244140625
0 0.6560465575064115 0.7001953125 0.000789110278161373 0.0029296875
0 0.6681791280331426 0.695068359375 0.006904714933912014 0.00341796875
0 0.6468238311304004 0.693359375 0.003255079897415664 0.00390625
