0 0.5208621029788914 0.998779296875 0.001085026632471888 0.00244140625
0 0.4905306766620635 0.998291015625 0.0033537186821858355 0.00341796875
0 0.4659696192542908 0.998291015625 0.0009863878477017164 0.00341796875
0 0.42399881633458275 0.998291015625 0.0008877490629315447 0.00341796875
0 0.4276484513710791 0.998046875 0.0016768593410929177 0.00390625
0 0.5575064115210101 0.996826171875 0.0011836654172420597 0.00341796875
0 0.4446636417439337 0.99755859375 0.001578220556322746 0.0048828125
0 0.09133951469717894 0.99755859375 0.002170053264943776 0.0048828125
0 0.5605642138488853 0.997314453125 0.003550996251726179 0.00537109375
0 0.4228644703097258 0.995849609375 0.0009863878477017164 0.00244140625
0 0.5347208522391004 0.9970703125 0.004340106529887552 0.005859375
0 0.5555829552179917 0.995849609375 0.0022686920497139475 0.00439453125
0 0.4414578812389031 0.995361328125 0.0012823042020122311 0.00439453125
0 0.5916847504438746 0.99560546875 0.005030578023278753 0.0087890625
0 0.41112645492207534 0.991943359375 0.000789110278161373 0.00244140625
0 0.5228348786742947 0.9951171875 0.0028605247583349774 0.009765625
0 0.5372854606431249 0.992431640625 0.0033537186821858355 0.00732421875
0 0.5166699546261591 0.9873046875 0.0011836654172420597 0.0029296875
0 0.5105050305780233 0.987548828125 0.002465969619254291 0.00341796875
0 0.5323042020122312 0.987060546875 0.002465969619254291 0.00732421875
0 0.4269579798776879 0.986328125 0.0038469126060366936 0.0107421875
0 0.42858551982639576 0.98095703125 0.0009863878477017164 0.0029296875
0 0.5626849477214441 0.980224609375 0.0014795817715525744 0.00341796875
0 0.5032550798974157 0.981201171875 0.0051292168080489245 0.00537109375
0 0.44352929571907673 0.981201171875 0.0014795817715525744 0.00537109375
0 0.550552377194713 0.979736328125 0.0012823042020122311 0.00341796875
0 0.5151903728546064 0.98095703125 0.0025646084040244622 0.005859375
0 0.5302327875320576 0.979248046875 0.0028605247583349774 0.00439453125
0 0.42952258828171236 0.978271484375 0.0012823042020122311 0.00439453125
0 0.5335865062142434 0.978515625 0.0016768593410929177 0.005859375
0 0.4251331623594397 0.97509765625 0.001578220556322746 0.00390625
0 0.5421187610968633 0.974609375 0.002170053264943776 0.005859375
0 0.5504044190175577 0.9755859375 0.009272045768396133 0.0087890625
0 0.5307259814559084 0.97314453125 0.0038469126060366936 0.0048828125
0 0.5078911027816138 0.97705078125 0.0039455513908068654 0.0146484375
0 0.5376306963898205 0.970947265625 0.002663247188794634 0.00439453125
0 0.5254488064707042 0.970458984375 0.001578220556322746 0.00341796875
0 0.5426612744130992 0.969482421875 0.002465969619254291 0.00244140625
0 0.5234760307753008 0.97021484375 0.005326494377589268 0.0078125
0 0.5400966660090748 0.966796875 0.0014795817715525744 0.0048828125
0 0.5550404419017557 0.96533203125 0.0011836654172420597 0.0029296875
0 0.5426612744130992 0.964599609375 0.0022686920497139475 0.00439453125
0 0.5186920497139476 0.96923828125 0.0038469126060366936 0.013671875
0 0.5692444269086605 0.96142578125 0.0009863878477017164 0.00390625
0 0.5240678634839219 0.9609375 0.002959163543105149 0.0029296875
0 0.5571611757743145 0.96044921875 0.001085026632471888 0.0029296875
0 0.5467054645886763 0.95947265625 0.0008877490629315447 0.0029296875
0 0.5335865062142434 0.96435546875 0.006411521010061156 0.0126953125
0 0.5050798974156638 0.963134765625 0.0077924639968435586 0.01025390625
0 0.540787137502466 0.958740234375 0.0030578023278753207 0.00439453125
0 0.5544979285855198 0.958740234375 0.0028605247583349774 0.00634765625
0 0.5601696587098047 0.95703125 0.0013809429867824028 0.00390625
0 0.570132175971592 0.956298828125 0.004734661668968239 0.00341796875
0 0.547741171828763 0.955810546875 0.0061156046557506415 0.00439453125
0 0.5354606431248767 0.955810546875 0.0036496350364963502 0.00927734375
0 0.5292463996843559 0.95458984375 0.0028605247583349774 0.0068359375
0 0.5274709015584927 0.951904296875 0.0014795817715525744 0.00439453125
0 0.5377786545669757 0.951171875 0.0039455513908068654 0.0078125
0 0.5329453541132373 0.94921875 0.0011836654172420597 0.00390625
0 0.5106529887551785 0.95166015625 0.0061156046557506415 0.0087890625
0 0.4295719076740975 0.952880859375 0.004931939238508582 0.01318359375
0 0.5031071217202604 0.947509765625 0.001085026632471888 0.00341796875
0 0.5351647267705661 0.9443359375 0.002663247188794634 0.0048828125
0 0.5682087196685737 0.943115234375 0.0008877490629315447 0.00341796875
0 0.523574669560071 0.94384765625 0.0061156046557506415 0.0068359375
0 0.5197770763464195 0.940673828125 0.0008877490629315447 0.00244140625
0 0.4265634247386072 0.94091796875 0.0012823042020122311 0.0029296875
0 0.5320082856579207 0.94091796875 0.004044190175577037 0.00390625
0 0.5286545669757349 0.943115234375 0.004044190175577037 0.00830078125
0 0.5203195896626553 0.9365234375 0.0009863878477017164 0.001953125
0 0.5451272440323536 0.93603515625 0.0014795817715525744 0.001953125
0 0.4238508581574275 0.940673828125 0.003550996251726179 0.01123046875
0 0.5426612744130992 0.9365234375 0.002465969619254291 0.00390625
0 0.5295916354310515 0.932861328125 0.0009863878477017164 0.00244140625
0 0.5269777076346419 0.933837890625 0.002663247188794634 0.00537109375
0 0.548234365752614 0.93212890625 0.002959163543105149 0.00390625
0 0.5064608404024462 0.931396484375 0.001085026632471888 0.00244140625
0 0.5426612744130992 0.932373046875 0.004636022884198066 0.00732421875
0 0.5252022095087788 0.9306640625 0.0028605247583349774 0.0048828125
0 0.518987966068258 0.931884765625 0.004636022884198066 0.00732421875
0 0.5475438942592227 0.927490234375 0.0019727756954034327 0.00244140625
0 0.5421187610968633 0.92236328125 0.0011836654172420597 0.00390625
0 0.5219964490037483 0.919189453125 0.0011836654172420597 0.00244140625
0 0.520664825409351 0.918212890625 0.0006904714933912014 0.00244140625
0 0.0956303018346814 0.917724609375 0.0008877490629315447 0.00244140625
0 0.5500591832708621 0.917724609375 0.002071414480173604 0.00341796875
0 0.4989642927599132 0.91748046875 0.003452357466956007 0.00390625
0 0.5568159400276188 0.914794921875 0.0011836654172420597 0.00244140625
0 0.5182974945748668 0.91455078125 0.0012823042020122311 0.001953125
0 0.5156342473860722 0.91357421875 0.0014795817715525744 0.001953125
0 0.40254488064707045 0.915283203125 0.0027618859735648055 0.00634765625
0 0.4308048924837246 0.915771484375 0.003452357466956007 0.01123046875
0 0.42459064904320376 0.911865234375 0.0016768593410929177 0.00439453125
0 0.5072992700729927 0.907958984375 0.0013809429867824028 0.00244140625
0 0.5395541526928388 0.9072265625 0.001578220556322746 0.0029296875
0 0.42868415861116593 0.908447265625 0.002170053264943776 0.00732421875
0 0.530430065101598 0.90576171875 0.003255079897415664 0.00390625
0 0.5228348786742947 0.907470703125 0.007989741566383901 0.00830078125
0 0.49970408364568947 0.904052734375 0.001578220556322746 0.00244140625
0 0.5410337344643914 0.904541015625 0.0019727756954034327 0.00537109375
0 0.09341092917735254 0.902099609375 0.0009863878477017164 0.00244140625
0 0.10889721838626948 0.90087890625 0.0011836654172420597 0.001953125
0 0.10495166699546261 0.90380859375 0.004734661668968239 0.0078125
0 0.5183468139672519 0.90234375 0.0025646084040244622 0.0078125
0 0.5056717301242849 0.901123046875 0.002465969619254291 0.00927734375
0 0.4262675083842967 0.900390625 0.00424146774511738 0.0078125
0 0.523525350167686 0.89697265625 0.001874136910633261 0.00390625
0 0.4255770368909055 0.896728515625 0.001085026632471888 0.00439453125
0 0.43297494574866835 0.894775390625 0.0012823042020122311 0.00244140625
0 0.44510751627539946 0.8974609375 0.0030578023278753207 0.0087890625
0 0.4932925626356283 0.893798828125 0.0025646084040244622 0.00244140625
0 0.5159794831327678 0.898681640625 0.005326494377589268 0.01416015625
0 0.10199250345235747 0.8916015625 0.001578220556322746 0.0029296875
0 0.09602485697376208 0.891845703125 0.0016768593410929177 0.00341796875
0 0.528161373051884 0.896484375 0.005030578023278753 0.013671875
0 0.40757545867034917 0.892822265625 0.0027618859735648055 0.00634765625
0 0.5244624186230026 0.890869140625 0.002170053264943776 0.00439453125
0 0.42325902544880645 0.892578125 0.002959163543105149 0.0078125
0 0.09395344249358847 0.889892578125 0.0016768593410929177 0.00341796875
0 0.4280430065101598 0.890380859375 0.0028605247583349774 0.00537109375
0 0.4996547642533044 0.893798828125 0.0077924639968435586 0.01416015625
0 0.4939830341290195 0.888671875 0.0013809429867824028 0.00390625
0 0.43228447425527716 0.885986328125 0.0012823042020122311 0.00244140625
0 0.5387650424146775 0.885986328125 0.001578220556322746 0.00341796875
0 0.4262675083842967 0.884033203125 0.0012823042020122311 0.00244140625
0 0.4438745314657723 0.885009765625 0.0023673308344841193 0.00537109375
0 0.5012823042020123 0.884521484375 0.0033537186821858355 0.00537109375
0 0.41393766028802526 0.8837890625 0.0036496350364963502 0.0048828125
0 0.5163740382718485 0.885986328125 0.004340106529887552 0.01123046875
0 0.48273821266522 0.88134765625 0.0011836654172420597 0.0029296875
0 0.5346222134543303 0.882568359375 0.005326494377589268 0.00732421875
0 0.4413099230617479 0.88037109375 0.0023673308344841193 0.00390625
0 0.42015190372854605 0.8798828125 0.001085026632471888 0.0029296875
0 0.5278161373051884 0.88232421875 0.0039455513908068654 0.0087890625
0 0.5251035707240087 0.87939453125 0.001085026632471888 0.0029296875
0 0.494821463799566 0.87841796875 0.002071414480173604 0.00390625
0 0.531663049911225 0.8779296875 0.004931939238508582 0.0048828125
0 0.5170151903728546 0.877685546875 0.0030578023278753207 0.00439453125
0 0.5280134148747287 0.875732421875 0.0017754981258630894 0.00341796875
0 0.41645294929966464 0.875732421875 0.0011836654172420597 0.00341796875
0 0.5555336358256067 0.874267578125 0.0011836654172420597 0.00244140625
0 0.4989642927599132 0.877685546875 0.005227855592819097 0.00927734375
0 0.5128723614125074 0.875 0.0030578023278753207 0.0048828125
0 0.4715920299861906 0.873046875 0.0019727756954034327 0.001953125
0 0.4044190175577037 0.873046875 0.0009863878477017164 0.001953125
0 0.5194811599921089 0.871337890625 0.0008877490629315447 0.00244140625
0 0.4157624778062734 0.870361328125 0.001578220556322746 0.00439453125
0 0.11792266719274018 0.8720703125 0.003255079897415664 0.0078125
0 0.41048530282106926 0.869384765625 0.0016768593410929177 0.00537109375
0 0.41211284276977705 0.86767578125 0.001578220556322746 0.0029296875
0 0.10090747681988559 0.868408203125 0.0027618859735648055 0.00537109375
0 0.41388834089564014 0.8662109375 0.0013809429867824028 0.001953125
0 0.5048826198461235 0.869140625 0.008187019135924246 0.01171875
0 0.5312191753797593 0.8642578125 0.007003353718682186 0.005859375
0 0.501726178733478 0.864501953125 0.0066087985796014995 0.00634765625
0 0.0963207733280726 0.862548828125 0.0012823042020122311 0.00341796875
0 0.5208127835865062 0.866455078125 0.003550996251726179 0.01220703125
0 0.5246103768001579 0.86279296875 0.004044190175577037 0.0068359375
0 0.5159794831327678 0.86328125 0.004931939238508582 0.0078125
0 0.4801736042611955 0.8671875 0.005721049516669955 0.015625
0 0.4108798579601499 0.861572265625 0.004636022884198066 0.00732421875
0 0.09913197869402249 0.859619140625 0.0017754981258630894 0.00341796875
0 0.5532649437758926 0.8564453125 0.0005918327086210298 0.001953125
0 0.5308246202406787 0.85595703125 0.0008877490629315447 0.001953125
0 0.5289011639376603 0.85693359375 0.002170053264943776 0.00390625
0 0.4391398697968041 0.85791015625 0.003550996251726179 0.005859375
0 0.4330735845334385 0.858154296875 0.0038469126060366936 0.00634765625
0 0.5022193726573289 0.85595703125 0.0016768593410929177 0.0029296875
0 0.4951666995462616 0.85546875 0.0025646084040244622 0.0029296875
0 0.48382323929769183 0.85546875 0.0009863878477017164 0.0029296875
0 0.10189386466758729 0.857666015625 0.0027618859735648055 0.00732421875
0 0.10687512329848096 0.85693359375 0.004636022884198066 0.0068359375
0 0.5136614716906688 0.854248046875 0.001085026632471888 0.00341796875
0 0.14578812389031368 0.853759765625 0.0011836654172420597 0.00244140625
0 0.09656737028999803 0.853515625 0.000789110278161373 0.0029296875
0 0.5198263957388045 0.853515625 0.0019727756954034327 0.00390625
0 0.5095186427303215 0.853271484375 0.001874136910633261 0.00341796875
0 0.5502564608404025 0.8515625 0.002465969619254291 0.0029296875
0 0.499408167291379 0.8505859375 0.0013809429867824028 0.0029296875
0 0.5328960347208522 0.85009765625 0.0036496350364963502 0.0029296875
0 0.5271749852041823 0.8505859375 0.001085026632471888 0.00390625
0 0.5118859735648057 0.849365234375 0.002071414480173604 0.00244140625
0 0.09464391398697967 0.849609375 0.001085026632471888 0.0029296875
0 0.09858946537778654 0.848876953125 0.0014795817715525744 0.00341796875
0 0.5213059775103571 0.847900390625 0.0011836654172420597 0.00244140625
0 0.49635036496350365 0.849609375 0.004340106529887552 0.0068359375
0 0.5460149930952851 0.847900390625 0.002465969619254291 0.00537109375
0 0.4359834286841586 0.848876953125 0.0025646084040244622 0.00732421875
0 0.41645294929966464 0.846923828125 0.002170053264943776 0.00439453125
0 0.5302821069244427 0.84521484375 0.000789110278161373 0.001953125
0 0.48106135332412703 0.846923828125 0.0017754981258630894 0.00537109375
0 0.4265634247386072 0.84619140625 0.001874136910633261 0.00390625
0 0.5483823239297692 0.8447265625 0.0008877490629315447 0.001953125
0 0.10322548826198462 0.84814453125 0.003255079897415664 0.0087890625
0 0.49985204182284476 0.84423828125 0.002071414480173604 0.001953125
0 0.13646675872953246 0.84716796875 0.0028605247583349774 0.0078125
0 0.09010652988755179 0.8447265625 0.001085026632471888 0.00390625
0 0.5245117380153876 0.845458984375 0.002465969619254291 0.00634765625
0 0.5054744525547445 0.84716796875 0.007989741566383901 0.009765625
0 0.4307555730913395 0.845458984375 0.002959163543105149 0.00634765625
0 0.4847603077530085 0.84423828125 0.0016768593410929177 0.0048828125
0 0.4331722233182087 0.843505859375 0.001874136910633261 0.00341796875
0 0.13819293746301045 0.842041015625 0.000789110278161373 0.00244140625
0 0.4270566186624581 0.842529296875 0.0012823042020122311 0.00439453125
0 0.12675083842967055 0.8427734375 0.0019727756954034327 0.0048828125
0 0.4370684553166305 0.841796875 0.0013809429867824028 0.00390625
0 0.5332412704675479 0.841552734375 0.0025646084040244622 0.00439453125
0 0.5018741369106332 0.840576171875 0.0019727756954034327 0.00244140625
0 0.0952850660879858 0.84423828125 0.0033537186821858355 0.0107421875
0 0.5153876504241468 0.841064453125 0.0013809429867824028 0.00537109375
0 0.4315446833695009 0.839599609375 0.001578220556322746 0.00244140625
0 0.41956007101992504 0.841552734375 0.00424146774511738 0.00634765625
0 0.12127638587492602 0.83984375 0.0022686920497139475 0.005859375
0 0.42651410534622214 0.83740234375 0.0011836654172420597 0.0029296875
0 0.4239001775498126 0.839599609375 0.0028605247583349774 0.00830078125
0 0.5187413691063326 0.838134765625 0.004340106529887552 0.00634765625
0 0.1376504241467745 0.83544921875 0.0016768593410929177 0.0048828125
0 0.43553955415269285 0.8359375 0.002465969619254291 0.0068359375
0 0.492552771749852 0.833251953125 0.0012823042020122311 0.00244140625
0 0.09617281515091734 0.833984375 0.003156441112645492 0.0048828125
0 0.4880153876504241 0.836181640625 0.005030578023278753 0.01123046875
0 0.4196093904123101 0.83203125 0.0023673308344841193 0.0029296875
0 0.42409745511935293 0.830810546875 0.0012823042020122311 0.00244140625
0 0.5326987571513119 0.830810546875 0.004636022884198066 0.00341796875
0 0.13163345827579404 0.833251953125 0.003452357466956007 0.00830078125
0 0.47657328861708426 0.829833984375 0.0016768593410929177 0.00341796875
0 0.43958374432826985 0.828125 0.0012823042020122311 0.0048828125
0 0.5314164529492996 0.827392578125 0.0030578023278753207 0.00439453125
0 0.527618859735648 0.8271484375 0.0023673308344841193 0.00390625
0 0.5154369698165319 0.825439453125 0.0008877490629315447 0.00244140625
0 0.5301341487472875 0.824951171875 0.001085026632471888 0.00244140625
0 0.09740579996054449 0.8271484375 0.0036496350364963502 0.0068359375
0 0.7299270072992701 0.82470703125 0.0023673308344841193 0.00390625
0 0.4999013612152298 0.82763671875 0.004734661668968239 0.009765625
0 0.49842177944367727 0.823974609375 0.0011836654172420597 0.00244140625
0 0.5377786545669757 0.823486328125 0.0009863878477017164 0.00244140625
0 0.10509962517261787 0.823486328125 0.0014795817715525744 0.00439453125
0 0.13296508187019135 0.82666015625 0.003156441112645492 0.01171875
0 0.5207634641941211 0.823974609375 0.00424146774511738 0.00732421875
0 0.5174097455119353 0.82275390625 0.0012823042020122311 0.0048828125
0 0.4308048924837246 0.8212890625 0.0008877490629315447 0.001953125
0 0.5327480765436969 0.8212890625 0.000789110278161373 0.0029296875
0 0.10337344643913987 0.82177734375 0.0009863878477017164 0.00390625
0 0.528161373051884 0.8212890625 0.0012823042020122311 0.00390625
0 0.5246596961925429 0.82470703125 0.004340106529887552 0.0107421875
0 0.41186624580785164 0.8193359375 0.002663247188794634 0.0029296875
0 0.11082067468928783 0.8193359375 0.0012823042020122311 0.0029296875
0 0.43026237916748866 0.816650390625 0.0009863878477017164 0.00244140625
0 0.4200532649437759 0.8173828125 0.001874136910633261 0.00390625
0 0.5213552969027422 0.81689453125 0.001874136910633261 0.00390625
0 0.10934109291773525 0.81640625 0.0012823042020122311 0.0029296875
0 0.5691951075162754 0.816162109375 0.001874136910633261 0.00341796875
0 0.5378279739593608 0.816162109375 0.002465969619254291 0.00341796875
0 0.12492602091142237 0.816162109375 0.0014795817715525744 0.00341796875
0 0.4162556717301243 0.81640625 0.0017754981258630894 0.0048828125
0 0.41452949299664626 0.816162109375 0.001085026632471888 0.00439453125
0 0.1547642533043993 0.81982421875 0.004931939238508582 0.01171875
0 0.5416255671730125 0.815185546875 0.0025646084040244622 0.00341796875
0 0.49418031169855986 0.815673828125 0.0011836654172420597 0.00439453125
0 0.5580982442296311 0.814697265625 0.004142828960347208 0.00341796875
0 0.5008384296705465 0.814208984375 0.003452357466956007 0.00244140625
0 0.5098638784770172 0.8154296875 0.005326494377589268 0.005859375
0 0.16043598342868415 0.813720703125 0.001085026632471888 0.00244140625
0 0.10731899782994674 0.81591796875 0.0025646084040244622 0.0068359375
0 0.43405997238114025 0.814453125 0.0016768593410929177 0.005859375
0 0.4183270862102979 0.814208984375 0.0025646084040244622 0.00537109375
0 0.15668770960741762 0.8125 0.0016768593410929177 0.0029296875
0 0.5408857762872361 0.811279296875 0.0008877490629315447 0.00244140625
0 0.43021305977510355 0.811767578125 0.0016768593410929177 0.00341796875
0 0.5319096468731506 0.8134765625 0.00424146774511738 0.0078125
0 0.42483724600512923 0.809814453125 0.002170053264943776 0.00341796875
0 0.5279147760899586 0.809814453125 0.003550996251726179 0.00439453125
0 0.10381732097060564 0.8115234375 0.003452357466956007 0.0087890625
0 0.4996547642533044 0.808349609375 0.0012823042020122311 0.00341796875
0 0.1262083251134346 0.80908203125 0.002663247188794634 0.0048828125
0 0.0928190964687315 0.80810546875 0.0011836654172420597 0.0029296875
0 0.5243144604458473 0.808837890625 0.002071414480173604 0.00537109375
0 0.5125764450581969 0.80859375 0.002465969619254291 0.005859375
0 0.4159104359834287 0.807373046875 0.0014795817715525744 0.00341796875
0 0.16290195304793845 0.810302734375 0.0038469126060366936 0.00927734375
0 0.15905504044190175 0.80908203125 0.002465969619254291 0.0068359375
0 0.11516078121917538 0.806640625 0.0008877490629315447 0.001953125
0 0.4332215427105938 0.805908203125 0.0027618859735648055 0.00341796875
0 0.15165713158413888 0.805419921875 0.0022686920497139475 0.00341796875
0 0.11782402840797002 0.80517578125 0.002071414480173604 0.0029296875
0 0.5271256658117972 0.80419921875 0.0013809429867824028 0.001953125
0 0.5225882817123693 0.8037109375 0.0011836654172420597 0.001953125
0 0.4194121128427698 0.8046875 0.002170053264943776 0.00390625
0 0.5138587492602091 0.803955078125 0.0016768593410929177 0.00341796875
0 0.5104557111856382 0.804931640625 0.002959163543105149 0.00634765625
0 0.0990826593016374 0.802978515625 0.0008877490629315447 0.00244140625
0 0.15658907082264747 0.802734375 0.001085026632471888 0.0029296875
0 0.10090747681988559 0.8017578125 0.001578220556322746 0.0029296875
0 0.09395344249358847 0.80712890625 0.0036496350364963502 0.013671875
0 0.5173604261195502 0.802490234375 0.002959163543105149 0.00537109375
0 0.4276484513710791 0.802490234375 0.002663247188794634 0.00537109375
0 0.09138883408956401 0.802001953125 0.0012823042020122311 0.00439453125
0 0.44500887749062934 0.802001953125 0.004044190175577037 0.00537109375
0 0.43302426514105347 0.800537109375 0.0011836654172420597 0.00244140625
0 0.43696981653186034 0.802001953125 0.005721049516669955 0.00634765625
0 0.13439534424935884 0.802001953125 0.0022686920497139475 0.00634765625
0 0.5095186427303215 0.800048828125 0.002071414480173604 0.00341796875
0 0.4164036299072795 0.79931640625 0.0006904714933912014 0.001953125
0 0.12246005129216808 0.802734375 0.0028605247583349774 0.0087890625
0 0.516078121917538 0.798583984375 0.001578220556322746 0.00244140625
0 0.13666403629907278 0.798583984375 0.0014795817715525744 0.00244140625
0 0.4225192345630302 0.798583984375 0.0044387453146577235 0.00341796875
0 0.5220457683961334 0.798583984375 0.0016768593410929177 0.00439453125
0 0.5202702702702703 0.7978515625 0.002465969619254291 0.00390625
0 0.5363977115801933 0.79833984375 0.0017754981258630894 0.0068359375
0 0.4071809035312685 0.796142578125 0.0009863878477017164 0.00244140625
0 0.1387354507792464 0.7958984375 0.0016768593410929177 0.00390625
0 0.1484020516867232 0.794921875 0.002663247188794634 0.0048828125
0 0.0973564805681594 0.795166015625 0.0027618859735648055 0.00537109375
0 0.42927599131978694 0.79443359375 0.0025646084040244622 0.0048828125
0 0.17380153876504242 0.7939453125 0.0013809429867824028 0.00390625
0 0.5127244032353522 0.794921875 0.003156441112645492 0.0068359375
0 0.1077628723614125 0.795166015625 0.006214243440520813 0.00732421875
0 0.5406391793253107 0.793701171875 0.001578220556322746 0.00537109375
0 0.4113237324916157 0.793212890625 0.0011836654172420597 0.00439453125
0 0.16285263365555336 0.79296875 0.0011836654172420597 0.00390625
0 0.1310909449595581 0.79296875 0.0009863878477017164 0.00390625
0 0.5086802130597751 0.7939453125 0.004931939238508582 0.0068359375
0 0.41956007101992504 0.79248046875 0.0014795817715525744 0.00390625
0 0.5193825212073387 0.79345703125 0.006214243440520813 0.0068359375
0 0.11826790293943579 0.795166015625 0.002959163543105149 0.01025390625
0 0.4996054448609193 0.7919921875 0.0027618859735648055 0.0048828125
0 0.43553955415269285 0.794921875 0.0030578023278753207 0.01171875
0 0.12502465969619253 0.797607421875 0.005030578023278753 0.01708984375
0 0.5439928980074965 0.79052734375 0.0019727756954034327 0.00390625
0 0.13666403629907278 0.79150390625 0.0028605247583349774 0.005859375
0 0.5078417833892287 0.789306640625 0.0014795817715525744 0.00244140625
0 0.4973367528112054 0.78955078125 0.0017754981258630894 0.0029296875
0 0.16048530282106924 0.78955078125 0.0009863878477017164 0.0029296875
0 0.1290195304793845 0.790771484375 0.0025646084040244622 0.00537109375
0 0.12403827184849082 0.789794921875 0.001085026632471888 0.00341796875
0 0.09207930558295521 0.789306640625 0.001085026632471888 0.00244140625
0 0.4949694219767212 0.7890625 0.0013809429867824028 0.0029296875
0 0.4072302229236536 0.79150390625 0.002465969619254291 0.0078125
0 0.09084632077332808 0.79052734375 0.0017754981258630894 0.005859375
0 0.504586703491813 0.78955078125 0.002663247188794634 0.0048828125
0 0.14208916946143224 0.78857421875 0.0022686920497139475 0.00390625
0 0.5118859735648057 0.7880859375 0.002465969619254291 0.0048828125
0 0.4989642927599132 0.786865234375 0.0014795817715525744 0.00244140625
0 0.13094298678240285 0.787109375 0.001085026632471888 0.0029296875
0 0.47691852436377985 0.787353515625 0.0025646084040244622 0.00439453125
0 0.14766226080094694 0.787841796875 0.002170053264943776 0.00537109375
0 0.10218978102189781 0.78857421875 0.0025646084040244622 0.0068359375
0 0.1401163937660288 0.7861328125 0.0022686920497139475 0.0029296875
0 0.5226376011047544 0.78564453125 0.002465969619254291 0.0029296875
0 0.5169658709804695 0.785400390625 0.0019727756954034327 0.00244140625
0 0.4788419806667982 0.785400390625 0.0008877490629315447 0.00244140625
0 0.09375616492404813 0.78515625 0.0012823042020122311 0.0029296875
0 0.12122706648254093 0.788818359375 0.0027618859735648055 0.01123046875
0 0.49393371473663444 0.78466796875 0.0016768593410929177 0.00390625
0 0.11945156835667785 0.7841796875 0.0011836654172420597 0.0029296875
0 0.43440520812783584 0.782958984375 0.000789110278161373 0.00244140625
0 0.15269283882422569 0.78369140625 0.0017754981258630894 0.00390625
0 0.1494870783191951 0.7841796875 0.001874136910633261 0.0048828125
0 0.09765239692246991 0.785400390625 0.003156441112645492 0.00732421875
0 0.551144209903334 0.783203125 0.001874136910633261 0.00390625
0 0.4382028013414875 0.783447265625 0.001085026632471888 0.00439453125
0 0.4234563030183468 0.787353515625 0.004734661668968239 0.01220703125
0 0.4134937857565595 0.78564453125 0.0023673308344841193 0.0087890625
0 0.13952456105740776 0.7822265625 0.001085026632471888 0.001953125
0 0.17301242848688103 0.78271484375 0.0027618859735648055 0.00390625
0 0.12803314263168278 0.78271484375 0.001578220556322746 0.0048828125
0 0.5461136318800552 0.781982421875 0.003255079897415664 0.00439453125
0 0.5426612744130992 0.782958984375 0.0036496350364963502 0.00634765625
0 0.5325014795817715 0.78125 0.0030578023278753207 0.0029296875
0 0.4976326691655159 0.78173828125 0.0009863878477017164 0.00390625
0 0.15348194910238705 0.78076171875 0.0009863878477017164 0.001953125
0 0.14164529492996647 0.782470703125 0.0025646084040244622 0.00537109375
0 0.5133655553363583 0.7822265625 0.001874136910633261 0.005859375
0 0.42784572894061945 0.781982421875 0.0016768593410929177 0.00537109375
0 0.5814263168277767 0.783935546875 0.004636022884198066 0.01025390625
0 0.5000986387847701 0.78076171875 0.001578220556322746 0.00390625
0 0.4113237324916157 0.78125 0.001578220556322746 0.0048828125
0 0.1568356677845729 0.781982421875 0.004537384099427895 0.00634765625
0 0.5165219964490038 0.781494140625 0.00424146774511738 0.00634765625
0 0.49570921286249753 0.7802734375 0.002071414480173604 0.00390625
0 0.4297691852436378 0.78125 0.0017754981258630894 0.005859375
0 0.13607220359045177 0.781494140625 0.00483330045373841 0.00732421875
0 0.5663345827579405 0.77880859375 0.002465969619254291 0.0029296875
0 0.559232590254488 0.780029296875 0.002465969619254291 0.00537109375
0 0.4329256263562833 0.779541015625 0.0023673308344841193 0.00439453125
0 0.4905306766620635 0.78173828125 0.003156441112645492 0.009765625
0 0.48362596172815153 0.7783203125 0.005326494377589268 0.00390625
0 0.16660090747681988 0.777587890625 0.0011836654172420597 0.00244140625
0 0.11387847701716315 0.778076171875 0.0014795817715525744 0.00341796875
0 0.17025054251331623 0.7783203125 0.0025646084040244622 0.0048828125
0 0.4107318997829947 0.776611328125 0.0023673308344841193 0.00244140625
0 0.10243637798382324 0.7783203125 0.002465969619254291 0.0068359375
0 0.5387650424146775 0.77783203125 0.003156441112645492 0.0068359375
0 0.5158315249556126 0.776123046875 0.002071414480173604 0.00341796875
0 0.43825212073387254 0.7763671875 0.0017754981258630894 0.00390625
0 0.16191556520023673 0.77880859375 0.002465969619254291 0.0087890625
0 0.15012823042020124 0.776123046875 0.0017754981258630894 0.00341796875
0 0.11629512724403235 0.77685546875 0.001578220556322746 0.0048828125
0 0.5418228447425528 0.77587890625 0.0025646084040244622 0.00390625
0 0.16502268692049715 0.775634765625 0.0019727756954034327 0.00341796875
0 0.5136614716906688 0.77490234375 0.001874136910633261 0.0029296875
0 0.0963207733280726 0.775146484375 0.001874136910633261 0.00341796875
0 0.15496153087393963 0.77587890625 0.0017754981258630894 0.005859375
0 0.1376997435391596 0.777099609375 0.0027618859735648055 0.00830078125
0 0.11900769382521208 0.774169921875 0.001085026632471888 0.00244140625
0 0.43100217005326497 0.774658203125 0.0016768593410929177 0.00439453125
0 0.5119846123495758 0.7734375 0.0014795817715525744 0.0029296875
0 0.13439534424935884 0.773681640625 0.0014795817715525744 0.00341796875
0 0.10894653777865457 0.7734375 0.001085026632471888 0.0029296875
0 0.5285066087985796 0.7734375 0.0027618859735648055 0.00390625
0 0.47400868021305975 0.77294921875 0.001085026632471888 0.0029296875
0 0.1529887551785362 0.773193359375 0.0013809429867824028 0.00341796875
0 0.5468534227658315 0.7724609375 0.0019727756954034327 0.0029296875
0 0.3340895640165713 0.775146484375 0.0027618859735648055 0.00830078125
0 0.17099033339909253 0.774658203125 0.0036496350364963502 0.00732421875
0 0.5250049319392385 0.773193359375 0.003255079897415664 0.00537109375
0 0.4881633458275794 0.773193359375 0.0019727756954034327 0.00537109375
0 0.43790688498717695 0.771728515625 0.0016768593410929177 0.00244140625
0 0.1317814164529493 0.771728515625 0.0019727756954034327 0.00244140625
0 0.4144801736042612 0.771484375 0.0023673308344841193 0.0029296875
0 0.16699546261590056 0.77197265625 0.001578220556322746 0.00390625
0 0.1286742947326889 0.7744140625 0.00424146774511738 0.0087890625
0 0.514894456500296 0.770751953125 0.001578220556322746 0.00244140625
0 0.4168968238311304 0.771240234375 0.002071414480173604 0.00341796875
0 0.09622213454330243 0.7705078125 0.001085026632471888 0.001953125
0 0.12147366344446636 0.77099609375 0.00424146774511738 0.0048828125
0 0.46838626948115997 0.77001953125 0.001874136910633261 0.00390625
0 0.4305089761294141 0.768798828125 0.0016768593410929177 0.00244140625
0 0.1721246794239495 0.768798828125 0.0009863878477017164 0.00244140625
0 0.16102781613730519 0.770263671875 0.0014795817715525744 0.00537109375
0 0.11210297889130005 0.7685546875 0.001085026632471888 0.001953125
0 0.5398500690471494 0.7685546875 0.0017754981258630894 0.0029296875
0 0.4360820674689288 0.7685546875 0.0009863878477017164 0.0029296875
0 0.3637305188400079 0.769775390625 0.0016768593410929177 0.00537109375
0 0.16551588084434798 0.76953125 0.0011836654172420597 0.0048828125
0 0.10125271256658118 0.76806640625 0.0006904714933912014 0.001953125
0 0.16324718879463404 0.76806640625 0.0023673308344841193 0.0029296875
0 0.1536792266719274 0.768310546875 0.0017754981258630894 0.00341796875
0 0.49950680607614917 0.76708984375 0.0011836654172420597 0.001953125
0 0.5104063917932531 0.76904296875 0.002465969619254291 0.0068359375
0 0.11521010061156046 0.768310546875 0.004142828960347208 0.00537109375
0 0.14174393371473665 0.76806640625 0.0023673308344841193 0.005859375
0 0.3689090550404419 0.765869140625 0.001578220556322746 0.00244140625
0 0.44071809035312687 0.76708984375 0.0027618859735648055 0.005859375
0 0.42015190372854605 0.768798828125 0.00542513316235944 0.00927734375
0 0.1773525350167686 0.76806640625 0.004340106529887552 0.0078125
0 0.10357072400868021 0.76513671875 0.0009863878477017164 0.001953125
0 0.15964687315052278 0.76513671875 0.0014795817715525744 0.0029296875
0 0.14544288814361808 0.76513671875 0.0014795817715525744 0.0029296875
0 0.47701716314855 0.76416015625 0.0013809429867824028 0.001953125
0 0.39628131781416454 0.7646484375 0.0012823042020122311 0.0029296875
0 0.14761294140856185 0.766357421875 0.002071414480173604 0.00634765625
0 0.13617084237522195 0.766845703125 0.002071414480173604 0.00732421875
0 0.1279838232392977 0.76513671875 0.001085026632471888 0.00390625
0 0.150572104951667 0.76611328125 0.0036496350364963502 0.0068359375
0 0.1630499112250937 0.763427734375 0.0019727756954034327 0.00244140625
0 0.1568356677845729 0.763671875 0.0013809429867824028 0.0029296875
0 0.10958768987966068 0.764404296875 0.0011836654172420597 0.00439453125
0 0.5197770763464195 0.762939453125 0.002071414480173604 0.00244140625
0 0.3699940816729138 0.763427734375 0.0011836654172420597 0.00341796875
0 0.35021700532649436 0.763671875 0.0016768593410929177 0.00390625
0 0.12300256460840403 0.762939453125 0.0011836654172420597 0.00244140625
0 0.5369895442888144 0.764404296875 0.004340106529887552 0.00634765625
0 0.5337837837837838 0.76171875 0.0012823042020122311 0.001953125
0 0.3449891497336753 0.762939453125 0.001874136910633261 0.00439453125
0 0.409794831327678 0.763916015625 0.002465969619254291 0.00927734375
0 0.16043598342868415 0.759765625 0.0008877490629315447 0.001953125
0 0.5232787532057604 0.759765625 0.0019727756954034327 0.0029296875
0 0.4207437364371671 0.759033203125 0.0006904714933912014 0.00244140625
0 0.41112645492207534 0.75927734375 0.0013809429867824028 0.0029296875
0 0.10006904714933912 0.7587890625 0.0028605247583349774 0.001953125
0 0.5087788518445453 0.7587890625 0.002959163543105149 0.0029296875
0 0.43553955415269285 0.762451171875 0.005030578023278753 0.01025390625
0 0.36703491812980865 0.76025390625 0.003156441112645492 0.005859375
0 0.3636811994476228 0.7587890625 0.0017754981258630894 0.0029296875
0 0.09158611165910437 0.7587890625 0.001874136910633261 0.0029296875
0 0.5438449398303413 0.7587890625 0.0016768593410929177 0.00390625
0 0.5128230420201223 0.759521484375 0.0033537186821858355 0.00537109375
0 0.37398895245610575 0.758544921875 0.0008877490629315447 0.00341796875
0 0.17932531071217203 0.759521484375 0.0027618859735648055 0.00537109375
0 0.531021897810219 0.757568359375 0.002071414480173604 0.00244140625
0 0.4403728546064313 0.757568359375 0.001085026632471888 0.00244140625
0 0.16216216216216217 0.75732421875 0.0013809429867824028 0.0029296875
0 0.1414973367528112 0.75732421875 0.003452357466956007 0.00390625
0 0.4737127638587493 0.756103515625 0.0008877490629315447 0.00244140625
0 0.3221049516669955 0.75634765625 0.0008877490629315447 0.0029296875
0 0.10332412704675478 0.75634765625 0.0014795817715525744 0.0029296875
0 0.5196291181692642 0.75732421875 0.005721049516669955 0.005859375
0 0.324718879463405 0.756103515625 0.003550996251726179 0.00439453125
0 0.17789504833300454 0.75830078125 0.0038469126060366936 0.0087890625
0 0.1262083251134346 0.756103515625 0.0016768593410929177 0.00439453125
0 0.11358256066285263 0.755615234375 0.0014795817715525744 0.00341796875
0 0.42301242848688103 0.755615234375 0.002663247188794634 0.00439453125
0 0.10549418031169856 0.755859375 0.0028605247583349774 0.0048828125
0 0.5254488064707042 0.755615234375 0.003748273821266522 0.00537109375
0 0.41502268692049715 0.755615234375 0.002465969619254291 0.00537109375
0 0.5393568751232984 0.754150390625 0.002170053264943776 0.00341796875
0 0.5072499506806076 0.753662109375 0.002071414480173604 0.00244140625
0 0.4311501282304202 0.757080078125 0.003156441112645492 0.00927734375
0 0.39317419609390414 0.757080078125 0.004537384099427895 0.00927734375
0 0.36678832116788324 0.7548828125 0.001874136910633261 0.005859375
0 0.13602288419806668 0.75537109375 0.0023673308344841193 0.0068359375
0 0.5254981258630894 0.75244140625 0.001085026632471888 0.001953125
0 0.45363977115801934 0.75341796875 0.0025646084040244622 0.00390625
0 0.5324028407970014 0.752197265625 0.0008877490629315447 0.00244140625
0 0.4398303412901953 0.752685546875 0.0019727756954034327 0.00341796875
0 0.379907279542316 0.75439453125 0.001874136910633261 0.0068359375
0 0.3520911422371276 0.752685546875 0.0016768593410929177 0.00341796875
0 0.13937660288025253 0.7529296875 0.0025646084040244622 0.00390625
0 0.3814855000986388 0.753173828125 0.0014795817715525744 0.00537109375
0 0.37615900572104954 0.756103515625 0.004044190175577037 0.01220703125
0 0.12408759124087591 0.75146484375 0.0013809429867824028 0.0029296875
0 0.5100611560465576 0.750732421875 0.0019727756954034327 0.00341796875
0 0.4002761885973565 0.751953125 0.0019727756954034327 0.005859375
0 0.35288025251528904 0.75 0.0008877490629315447 0.001953125
0 0.17365358058788716 0.75439453125 0.003452357466956007 0.0107421875
0 0.13370487275596765 0.750244140625 0.001874136910633261 0.00244140625
0 0.32417636614716905 0.749755859375 0.001874136910633261 0.00244140625
0 0.41778457289406196 0.74951171875 0.0030578023278753207 0.0029296875
0 0.15343262971000196 0.7490234375 0.0008877490629315447 0.001953125
0 0.5021700532649438 0.748779296875 0.001578220556322746 0.00244140625
0 0.4733675281120537 0.748779296875 0.0019727756954034327 0.00244140625
0 0.4900374827382127 0.749755859375 0.006904714933912014 0.00537109375
0 0.46394752416650226 0.7490234375 0.0016768593410929177 0.00390625
0 0.17542907871375024 0.74853515625 0.003255079897415664 0.0029296875
0 0.5480370881830736 0.750244140625 0.005721049516669955 0.00732421875
0 0.48658512527125664 0.74755859375 0.0025646084040244622 0.0029296875
0 0.42681002170053267 0.7490234375 0.003748273821266522 0.005859375
0 0.10095679621227066 0.74755859375 0.0014795817715525744 0.0029296875
0 0.3995857171039653 0.74755859375 0.0013809429867824028 0.00390625
0 0.33596370092720457 0.74755859375 0.0011836654172420597 0.00390625
0 0.09163543105148944 0.747314453125 0.0009863878477017164 0.00341796875
0 0.44116196488459264 0.748779296875 0.0028605247583349774 0.00732421875
0 0.13957388044979285 0.746337890625 0.0009863878477017164 0.00244140625
0 0.3266423357664234 0.74853515625 0.002071414480173604 0.0078125
0 0.17025054251331623 0.746337890625 0.0013809429867824028 0.00341796875
0 0.0928190964687315 0.745849609375 0.0009863878477017164 0.00244140625
0 0.5252515289011639 0.745361328125 0.0013809429867824028 0.00244140625
0 0.4331722233182087 0.747802734375 0.002465969619254291 0.00732421875
0 0.18854803708818307 0.749267578125 0.0038469126060366936 0.01025390625
0 0.4955612546853423 0.74560546875 0.0017754981258630894 0.00390625
0 0.10929177352535016 0.74462890625 0.0011836654172420597 0.001953125
0 0.5444367725389623 0.744384765625 0.001874136910633261 0.00244140625
0 0.4854507792463997 0.744140625 0.0006904714933912014 0.001953125
0 0.17330834484119156 0.744140625 0.000789110278161373 0.0029296875
0 0.5539060958768988 0.74365234375 0.002465969619254291 0.0029296875
0 0.5076938252120734 0.74560546875 0.007101992503452358 0.0068359375
0 0.48318208719668576 0.743896484375 0.001085026632471888 0.00341796875
0 0.44140856184651805 0.743408203125 0.0011836654172420597 0.00244140625
0 0.17863483921878082 0.747314453125 0.0033537186821858355 0.01025390625
0 0.15653975143026239 0.743408203125 0.0013809429867824028 0.00244140625
0 0.5746695600710199 0.742919921875 0.000789110278161373 0.00244140625
0 0.5309232590254488 0.742919921875 0.0012823042020122311 0.00244140625
0 0.527569540343263 0.7431640625 0.0012823042020122311 0.0029296875
0 0.44540343262971 0.745361328125 0.004636022884198066 0.00732421875
0 0.37393963306372063 0.749755859375 0.004537384099427895 0.01611328125
0 0.32215427105938055 0.743408203125 0.0019727756954034327 0.00341796875
0 0.5196291181692642 0.744140625 0.0033537186821858355 0.005859375
0 0.5003452357466956 0.74267578125 0.0022686920497139475 0.0029296875
0 0.49077727362398893 0.7431640625 0.0016768593410929177 0.00390625
0 0.4290787137502466 0.7431640625 0.0011836654172420597 0.00390625
0 0.39480173604261193 0.744384765625 0.003452357466956007 0.00732421875
0 0.37783586506214245 0.744873046875 0.0028605247583349774 0.00830078125
0 0.29843164332215427 0.744140625 0.003452357466956007 0.0068359375
0 0.12201617676070231 0.7431640625 0.003550996251726179 0.0048828125
0 0.547691852436378 0.741455078125 0.001085026632471888 0.00244140625
0 0.4713454330242651 0.742431640625 0.0022686920497139475 0.00439453125
0 0.3887847701716315 0.742919921875 0.002071414480173604 0.00537109375
0 0.5689485105543499 0.74072265625 0.0009863878477017164 0.001953125
0 0.49871769579798775 0.74072265625 0.0009863878477017164 0.001953125
0 0.09992108897218387 0.7412109375 0.0025646084040244622 0.0029296875
0 0.40313671335569146 0.74267578125 0.0027618859735648055 0.0068359375
0 0.38118958374432826 0.741943359375 0.001874136910633261 0.00537109375
0 0.3323140658907082 0.7431640625 0.0019727756954034327 0.0078125
0 0.3530282106924443 0.742431640625 0.004142828960347208 0.00830078125
0 0.17222331820871967 0.73974609375 0.0009863878477017164 0.0029296875
0 0.5451272440323536 0.739990234375 0.0028605247583349774 0.00439453125
0 0.48771947129611365 0.741455078125 0.003452357466956007 0.00732421875
0 0.4186230025646084 0.7392578125 0.001578220556322746 0.0029296875
0 0.4130992306174788 0.73876953125 0.0017754981258630894 0.001953125
0 0.4343065693430657 0.739990234375 0.0019727756954034327 0.00537109375
0 0.323535214046163 0.739013671875 0.002170053264943776 0.00341796875
0 0.1800651015979483 0.740234375 0.0016768593410929177 0.005859375
0 0.12675083842967055 0.738525390625 0.000789110278161373 0.00244140625
0 0.5267311106727165 0.738525390625 0.0017754981258630894 0.00341796875
0 0.4715920299861906 0.73779296875 0.0013809429867824028 0.001953125
0 0.15210100611560465 0.73974609375 0.001578220556322746 0.005859375
0 0.5064115210100611 0.737548828125 0.0011836654172420597 0.00244140625
0 0.4936377983823239 0.738037109375 0.0012823042020122311 0.00341796875
0 0.4237028999802722 0.73779296875 0.0030578023278753207 0.0029296875
0 0.39657723416847507 0.73779296875 0.0008877490629315447 0.0029296875
0 0.5295423160386664 0.7373046875 0.0028605247583349774 0.0029296875
0 0.4701617676070231 0.737548828125 0.001085026632471888 0.00341796875
0 0.3998816334582758 0.740478515625 0.003550996251726179 0.00927734375
0 0.3876997435391596 0.73779296875 0.001874136910633261 0.00390625
0 0.13577628723614124 0.738037109375 0.001874136910633261 0.00439453125
0 0.3841487472874334 0.74365234375 0.0044387453146577235 0.0166015625
0 0.35657920694417045 0.73779296875 0.0039455513908068654 0.0048828125
0 0.31460840402446244 0.73876953125 0.0028605247583349774 0.0068359375
0 0.503452357466956 0.736083984375 0.0013809429867824028 0.00244140625
0 0.3921878082462024 0.736328125 0.0017754981258630894 0.0029296875
0 0.1745413296508187 0.738037109375 0.002663247188794634 0.00634765625
0 0.512675083842967 0.739013671875 0.0030578023278753207 0.00927734375
0 0.4844150720063129 0.736572265625 0.003156441112645492 0.00439453125
0 0.45146971789307555 0.73583984375 0.0033537186821858355 0.00390625
0 0.1784375616492405 0.7353515625 0.001578220556322746 0.0029296875
0 0.3291576247780627 0.735107421875 0.001578220556322746 0.00341796875
0 0.41921483527322945 0.7353515625 0.0019727756954034327 0.0048828125
0 0.38025251528901166 0.73583984375 0.003156441112645492 0.005859375
0 0.41334582757940425 0.733642578125 0.0008877490629315447 0.00244140625
0 0.11003156441112645 0.734130859375 0.0014795817715525744 0.00341796875
0 0.5432531071217203 0.734375 0.0028605247583349774 0.0048828125
0 0.5233280725981456 0.7353515625 0.002663247188794634 0.0068359375
0 0.4951173801538765 0.733154296875 0.001874136910633261 0.00244140625
0 0.43243243243243246 0.73291015625 0.0009863878477017164 0.001953125
0 0.12019135924245414 0.733154296875 0.001085026632471888 0.00244140625
0 0.44461432235154863 0.735595703125 0.005819688301440126 0.00830078125
0 0.15619451568356676 0.733154296875 0.0008877490629315447 0.00341796875
0 0.12778654566975736 0.732666015625 0.0006904714933912014 0.00244140625
0 0.4828368514499901 0.732177734375 0.0013809429867824028 0.00244140625
0 0.51435194318406 0.73193359375 0.0016768593410929177 0.0029296875
0 0.4899388439534425 0.73193359375 0.0023673308344841193 0.0029296875
0 0.48515486289208914 0.7333984375 0.002663247188794634 0.005859375
0 0.3872558690076938 0.732177734375 0.0027618859735648055 0.00341796875
0 0.3490826593016374 0.733642578125 0.001578220556322746 0.00634765625
0 0.2634641941211284 0.731689453125 0.0009863878477017164 0.00244140625
0 0.1571315841388834 0.73193359375 0.0011836654172420597 0.0029296875
0 0.3140165713158414 0.73095703125 0.0008877490629315447 0.001953125
0 0.42325902544880645 0.732421875 0.001578220556322746 0.005859375
0 0.3512527125665812 0.731201171875 0.002170053264943776 0.00341796875
0 0.3152495561254685 0.730712890625 0.0013809429867824028 0.00244140625
0 0.39953639771158017 0.731201171875 0.001085026632471888 0.00439453125
0 0.24353915959755376 0.731689453125 0.0017754981258630894 0.00537109375
0 0.22445255474452555 0.730712890625 0.0012823042020122311 0.00341796875
0 0.5176563424738607 0.733642578125 0.005918327086210298 0.01025390625
0 0.4323337936476623 0.729736328125 0.0013809429867824028 0.00244140625
0 0.5073979088577629 0.73193359375 0.005721049516669955 0.0078125
0 0.481603866640363 0.729248046875 0.0014795817715525744 0.00244140625
0 0.4530479384493983 0.730224609375 0.0019727756954034327 0.00439453125
0 0.3546557506411521 0.731201171875 0.0038469126060366936 0.00634765625
0 0.5102584336160978 0.72900390625 0.0017754981258630894 0.0029296875
0 0.44343065693430656 0.729736328125 0.002071414480173604 0.00439453125
0 0.4195107516275399 0.729736328125 0.0019727756954034327 0.00439453125
0 0.49847109883606233 0.72900390625 0.0016768593410929177 0.00390625
0 0.4179818504636023 0.728759765625 0.0008877490629315447 0.00341796875
0 0.38370487275596765 0.73095703125 0.0027618859735648055 0.0078125
0 0.3795620437956204 0.72998046875 0.002959163543105149 0.005859375
0 0.5485302821069244 0.731201171875 0.005721049516669955 0.00927734375
0 0.5259913197869402 0.72802734375 0.001874136910633261 0.0029296875
0 0.48688104162556717 0.72900390625 0.0013809429867824028 0.0048828125
0 0.4497435391595975 0.73095703125 0.0036496350364963502 0.0087890625
0 0.14716906687709608 0.728271484375 0.0011836654172420597 0.00341796875
0 0.13217597159202998 0.727783203125 0.0011836654172420597 0.00244140625
0 0.5196291181692642 0.72705078125 0.0009863878477017164 0.001953125
0 0.42681002170053267 0.727783203125 0.0025646084040244622 0.00341796875
0 0.25404419017557706 0.727294921875 0.0016768593410929177 0.00244140625
0 0.15392582363385282 0.727294921875 0.0014795817715525744 0.00244140625
0 0.4566975734858947 0.727294921875 0.001578220556322746 0.00341796875
0 0.4211876109686329 0.72705078125 0.0011836654172420597 0.0029296875
0 0.13405010850266325 0.7275390625 0.0011836654172420597 0.00390625
0 0.3824225685539554 0.726318359375 0.0009863878477017164 0.00244140625
0 0.2602091142237128 0.726318359375 0.0011836654172420597 0.00244140625
0 0.182185835470507 0.7265625 0.000789110278161373 0.0029296875
0 0.1687216413493786 0.7265625 0.001874136910633261 0.0029296875
0 0.5157328861708423 0.7275390625 0.0028605247583349774 0.005859375
0 0.46128427697770763 0.730224609375 0.0044387453146577235 0.01220703125
0 0.5527717498520418 0.7255859375 0.0017754981258630894 0.00390625
0 0.5014795817715526 0.726806640625 0.0027618859735648055 0.00634765625
0 0.43647662260800946 0.728515625 0.0025646084040244622 0.009765625
0 0.4161570329453541 0.725341796875 0.0019727756954034327 0.00341796875
0 0.13824225685539554 0.724853515625 0.0008877490629315447 0.00244140625
0 0.40323535214046163 0.729248046875 0.005326494377589268 0.01220703125
0 0.38069638982047743 0.72509765625 0.001874136910633261 0.00390625
0 0.360919313474058 0.72607421875 0.002170053264943776 0.005859375
0 0.22317025054251333 0.724365234375 0.0012823042020122311 0.00244140625
0 0.39282896034720854 0.72412109375 0.0014795817715525744 0.0029296875
0 0.3365062142434405 0.723876953125 0.0016768593410929177 0.00244140625
0 0.5467054645886763 0.723388671875 0.002663247188794634 0.00244140625
0 0.5131189583744328 0.72412109375 0.0025646084040244622 0.00390625
0 0.6381929374630104 0.723388671875 0.0019727756954034327 0.00341796875
0 0.5411323732491615 0.72314453125 0.0013809429867824028 0.0029296875
0 0.1790293943578615 0.722900390625 0.0011836654172420597 0.00244140625
0 0.549418031169856 0.72265625 0.0019727756954034327 0.0029296875
0 0.5177549812586308 0.722900390625 0.001578220556322746 0.00341796875
0 0.2496547642533044 0.722412109375 0.0009863878477017164 0.00244140625
0 0.24778062734267114 0.72607421875 0.0025646084040244622 0.009765625
0 0.442542907871375 0.7236328125 0.004044190175577037 0.005859375
0 0.571266521996449 0.7236328125 0.0022686920497139475 0.0068359375
0 0.5089268100217005 0.7216796875 0.0012823042020122311 0.0029296875
0 0.49526533833103176 0.725341796875 0.004734661668968239 0.01025390625
0 0.341388834089564 0.72412109375 0.004734661668968239 0.0078125
0 0.2583842967054646 0.72216796875 0.002071414480173604 0.00390625
0 0.41808048924837243 0.72119140625 0.0008877490629315447 0.0029296875
0 0.36244821463799565 0.72119140625 0.001874136910633261 0.0029296875
0 0.22474847109883606 0.721923828125 0.0016768593410929177 0.00439453125
0 0.22336752811205365 0.720703125 0.001085026632471888 0.001953125
0 0.1356776484513711 0.721435546875 0.0008877490629315447 0.00341796875
0 0.39065890708226475 0.720703125 0.0012823042020122311 0.0029296875
0 0.2897021108699941 0.722412109375 0.001578220556322746 0.00634765625
0 0.1665515880844348 0.720947265625 0.0014795817715525744 0.00341796875
0 0.5388636811994476 0.72265625 0.0025646084040244622 0.0078125
0 0.4926514105346222 0.720703125 0.0030578023278753207 0.0048828125
0 0.25680607614914186 0.71923828125 0.001874136910633261 0.001953125
0 0.1686723219569935 0.7197265625 0.000789110278161373 0.0029296875
0 0.13986979680410339 0.71923828125 0.000789110278161373 0.001953125
0 0.5584434799763267 0.718994140625 0.0012823042020122311 0.00244140625
0 0.5365949891497337 0.718994140625 0.0009863878477017164 0.00244140625
0 0.395985401459854 0.720947265625 0.003452357466956007 0.00634765625
0 0.3705859143815348 0.723388671875 0.003156441112645492 0.01123046875
0 0.18213651607812192 0.719482421875 0.0014795817715525744 0.00341796875
0 0.5469520615506017 0.71875 0.0011836654172420597 0.0029296875
0 0.49659696192542907 0.71923828125 0.003255079897415664 0.00390625
0 0.4581278358650621 0.720703125 0.002071414480173604 0.0068359375
0 0.5645590846320774 0.7197265625 0.002465969619254291 0.005859375
0 0.5617478792661275 0.718017578125 0.0009863878477017164 0.00244140625
0 0.4993095285066088 0.71923828125 0.0013809429867824028 0.0048828125
0 0.4698658512527126 0.72119140625 0.004044190175577037 0.0087890625
0 0.3636811994476228 0.718017578125 0.0011836654172420597 0.00244140625
0 0.32407772736239887 0.7177734375 0.0016768593410929177 0.001953125
0 0.25833497731307953 0.7177734375 0.0009863878477017164 0.001953125
0 0.17676070230814755 0.719970703125 0.0019727756954034327 0.00634765625
0 0.47415663839021505 0.71728515625 0.0009863878477017164 0.001953125
0 0.3685638192937463 0.71826171875 0.0022686920497139475 0.00390625
0 0.30124284868810414 0.7177734375 0.0025646084040244622 0.0029296875
0 0.24733675281120537 0.717529296875 0.0012823042020122311 0.00244140625
0 0.2319491023870586 0.71875 0.0012823042020122311 0.0048828125
0 0.15742750049319393 0.718017578125 0.0009863878477017164 0.00341796875
0 0.5928190964687315 0.717041015625 0.0011836654172420597 0.00244140625
0 0.5289011639376603 0.720458984375 0.008877490629315447 0.00927734375
0 0.3727559676464786 0.717529296875 0.0013809429867824028 0.00341796875
0 0.24930952850660879 0.717529296875 0.001085026632471888 0.00341796875
0 0.2427007299270073 0.717041015625 0.0014795817715525744 0.00244140625
0 0.4877687906884987 0.720458984375 0.005326494377589268 0.01025390625
0 0.4552179917143421 0.716796875 0.0011836654172420597 0.0029296875
0 0.4158611165910436 0.716552734375 0.0011836654172420597 0.00244140625
0 0.5150917340698362 0.716064453125 0.0011836654172420597 0.00244140625
0 0.48352732294338135 0.717529296875 0.004340106529887552 0.00537109375
0 0.46019925034523573 0.717529296875 0.0016768593410929177 0.00537109375
0 0.337344643913987 0.717041015625 0.0033537186821858355 0.00439453125
0 0.32284474255277174 0.7158203125 0.000789110278161373 0.001953125
0 0.2531071217202604 0.71923828125 0.002170053264943776 0.0087890625
0 0.16660090747681988 0.71630859375 0.001578220556322746 0.0029296875
0 0.2893568751232985 0.71728515625 0.0036496350364963502 0.005859375
0 0.5636713355691458 0.71630859375 0.002071414480173604 0.0048828125
0 0.558591438153482 0.71484375 0.001578220556322746 0.001953125
0 0.34484119155652004 0.71728515625 0.0017754981258630894 0.0068359375
0 0.5265831524955612 0.71484375 0.0014795817715525744 0.0029296875
0 0.3869106332609982 0.718017578125 0.00483330045373841 0.00927734375
0 0.34725784178338925 0.718017578125 0.002465969619254291 0.00927734375
0 0.5017754981258631 0.716064453125 0.003156441112645492 0.00634765625
0 0.4349477214440718 0.71484375 0.0014795817715525744 0.00390625
0 0.4130499112250937 0.71435546875 0.002071414480173604 0.0029296875
0 0.3538666403629907 0.715576171875 0.0030578023278753207 0.00537109375
0 0.2263266916551588 0.714599609375 0.0012823042020122311 0.00341796875
0 0.5099625172617873 0.71337890625 0.0011836654172420597 0.001953125
0 0.5547445255474452 0.716552734375 0.005918327086210298 0.00927734375
0 0.5307259814559084 0.714111328125 0.001874136910633261 0.00439453125
0 0.30222923653580586 0.713623046875 0.0009863878477017164 0.00341796875
0 0.523525350167686 0.712646484375 0.0008877490629315447 0.00244140625
0 0.333349773130795 0.71240234375 0.001874136910633261 0.001953125
0 0.2561156046557506 0.714111328125 0.002663247188794634 0.00537109375
0 0.539060958768988 0.713623046875 0.004340106529887552 0.00537109375
0 0.33645689485105545 0.71240234375 0.000789110278161373 0.0029296875
0 0.21878082462024068 0.71533203125 0.0039455513908068654 0.0087890625
0 0.5338331031761688 0.712646484375 0.0017754981258630894 0.00439453125
0 0.4863385283093312 0.712890625 0.0028605247583349774 0.0048828125
0 0.3973170250542513 0.711669921875 0.0017754981258630894 0.00244140625
0 0.3956401657131584 0.712158203125 0.0009863878477017164 0.00341796875
0 0.32032945354113235 0.71240234375 0.0012823042020122311 0.00390625
0 0.3110574077727362 0.711669921875 0.0012823042020122311 0.00244140625
0 0.3838528309331229 0.71142578125 0.0014795817715525744 0.0029296875
0 0.22326888932728348 0.71240234375 0.002071414480173604 0.0048828125
0 0.1268987966068258 0.711669921875 0.001874136910633261 0.00341796875
0 0.3865160781219175 0.711669921875 0.0016768593410929177 0.00439453125
0 0.23979088577628724 0.71142578125 0.0017754981258630894 0.00390625
0 0.3217103965279148 0.71044921875 0.001085026632471888 0.0029296875
0 0.27406786348392187 0.710205078125 0.001085026632471888 0.00244140625
0 0.23495758532254882 0.71240234375 0.0039455513908068654 0.0068359375
0 0.5198263957388045 0.7099609375 0.0019727756954034327 0.0029296875
0 0.4968928782797396 0.71142578125 0.001874136910633261 0.005859375
0 0.22721444071809035 0.7099609375 0.0012823042020122311 0.0029296875
0 0.36654172420595776 0.710693359375 0.0013809429867824028 0.00537109375
0 0.3382817123693036 0.7099609375 0.0016768593410929177 0.00390625
0 0.2889130005918327 0.7109375 0.002170053264943776 0.005859375
0 0.3118958374432827 0.709228515625 0.0011836654172420597 0.00341796875
0 0.2791477608995857 0.708984375 0.0017754981258630894 0.0029296875
0 0.17828960347208522 0.7099609375 0.0014795817715525744 0.0048828125
0 0.1318307358453344 0.709228515625 0.0014795817715525744 0.00341796875
0 0.4380055237719471 0.7109375 0.002465969619254291 0.0078125
0 0.35278161373051886 0.709228515625 0.0030578023278753207 0.00439453125
0 0.22489642927599132 0.7080078125 0.0009863878477017164 0.001953125
0 0.49013612152298286 0.7099609375 0.0033537186821858355 0.0068359375
0 0.4785460643124877 0.7099609375 0.0022686920497139475 0.0068359375
0 0.39100414282896034 0.711181640625 0.0023673308344841193 0.00927734375
0 0.18262971000197278 0.70849609375 0.0012823042020122311 0.00390625
0 0.7250443874531466 0.707275390625 0.002465969619254291 0.00244140625
0 0.5270763464194121 0.707763671875 0.0012823042020122311 0.00341796875
0 0.4422963109094496 0.709228515625 0.0039455513908068654 0.00634765625
0 0.4112250937068455 0.707763671875 0.002170053264943776 0.00341796875
0 0.5451272440323536 0.70947265625 0.005819688301440126 0.0078125
0 0.35983428684158614 0.70703125 0.001578220556322746 0.0029296875
0 0.4711974748471099 0.7060546875 0.002170053264943776 0.001953125
0 0.46503255079897415 0.706298828125 0.001874136910633261 0.00244140625
0 0.5019234563030184 0.70849609375 0.0066087985796014995 0.0078125
0 0.3778851844545275 0.7060546875 0.0009863878477017164 0.0029296875
0 0.47583349773130795 0.70556640625 0.0019727756954034327 0.0029296875
0 0.3001578220556323 0.7099609375 0.003156441112645492 0.01171875
0 0.14051094890510948 0.706298828125 0.0016768593410929177 0.00439453125
0 0.6943677253896232 0.705810546875 0.003255079897415664 0.00439453125
0 0.4627638587492602 0.70751953125 0.002465969619254291 0.0078125
0 0.4012625764450582 0.71044921875 0.004142828960347208 0.013671875
0 0.395985401459854 0.70556640625 0.001874136910633261 0.00390625
0 0.36955020714144804 0.7060546875 0.001874136910633261 0.0048828125
0 0.21981653186032749 0.7060546875 0.002663247188794634 0.005859375
0 0.16216216216216217 0.704345703125 0.0011836654172420597 0.00244140625
0 0.5104557111856382 0.70458984375 0.0023673308344841193 0.00390625
0 0.46685736831722235 0.70458984375 0.0009863878477017164 0.00390625
0 0.434503846912606 0.703857421875 0.000789110278161373 0.00244140625
0 0.3563819293746301 0.70458984375 0.0013809429867824028 0.00390625
0 0.4923061747879266 0.703857421875 0.0011836654172420597 0.00341796875
0 0.4246399684355889 0.703369140625 0.0011836654172420597 0.00244140625
0 0.3445452752022095 0.703857421875 0.002170053264943776 0.00341796875
0 0.33093312290392585 0.70361328125 0.0013809429867824028 0.0029296875
0 0.23870585914381534 0.70751953125 0.004340106529887552 0.0107421875
0 0.7285953837048728 0.70263671875 0.002071414480173604 0.001953125
0 0.7094594594594594 0.705078125 0.003452357466956007 0.0068359375
0 0.4782994673505622 0.703125 0.0013809429867824028 0.0029296875
0 0.45087788518445454 0.706298828125 0.0023673308344841193 0.00927734375
0 0.25631288222529097 0.704833984375 0.002465969619254291 0.00634765625
0 0.4743539159597554 0.702392578125 0.0011836654172420597 0.00244140625
0 0.5595778260011837 0.7060546875 0.0033537186821858355 0.0107421875
0 0.46818899191161967 0.70263671875 0.0016768593410929177 0.00390625
0 0.4556125468534228 0.7021484375 0.002170053264943776 0.0029296875
0 0.4457979877687907 0.704345703125 0.003452357466956007 0.00732421875
0 0.2963109094495956 0.702880859375 0.0017754981258630894 0.00439453125
0 0.282748076543697 0.701904296875 0.0008877490629315447 0.00244140625
0 0.26898796606825803 0.702880859375 0.0013809429867824028 0.00439453125
0 0.5050305780232788 0.701904296875 0.0009863878477017164 0.00341796875
0 0.48076543696981655 0.703125 0.0025646084040244622 0.005859375
0 0.46394752416650226 0.70166015625 0.001085026632471888 0.0029296875
0 0.24916157032945355 0.701416015625 0.001578220556322746 0.00244140625
0 0.5575064115210101 0.701416015625 0.002170053264943776 0.00341796875
0 0.3793647662260801 0.701171875 0.0013809429867824028 0.0029296875
0 0.4944269086604853 0.7001953125 0.001085026632471888 0.001953125
0 0.26277372262773724 0.700439453125 0.0013809429867824028 0.00244140625
0 0.18766028802525153 0.700439453125 0.0014795817715525744 0.00244140625
0 0.1808048924837246 0.70263671875 0.0017754981258630894 0.0068359375
0 0.5112941408561846 0.699951171875 0.001874136910633261 0.00244140625
0 0.46049516669954627 0.700439453125 0.001085026632471888 0.00341796875
0 0.2892089169461432 0.699951171875 0.000789110278161373 0.00244140625
0 0.5516374038271848 0.70166015625 0.0077924639968435586 0.0068359375
0 0.5450286052475833 0.7001953125 0.0016768593410929177 0.00390625
0 0.5181002170053265 0.69921875 0.0022686920497139475 0.001953125
0 0.5012329848096272 0.699462890625 0.001085026632471888 0.00244140625
0 0.5348194910238706 0.70068359375 0.0017754981258630894 0.005859375
0 0.4732688893272835 0.69873046875 0.0009863878477017164 0.001953125
0 0.6953047938449398 0.69970703125 0.001578220556322746 0.0048828125
0 0.47484710988360623 0.698486328125 0.000789110278161373 0.00244140625
0 0.3180114420990333 0.6982421875 0.0011836654172420597 0.001953125
0 0.25567173012428485 0.698974609375 0.0011836654172420597 0.00341796875
0 0.5278654566975735 0.697998046875 0.0014795817715525744 0.00244140625
0 0.4843164332215427 0.698974609375 0.003550996251726179 0.00439453125
0 0.4578812389031367 0.69921875 0.001578220556322746 0.0048828125
0 0.3849871769579799 0.699951171875 0.003550996251726179 0.00634765625
0 0.2852633655553364 0.699951171875 0.003156441112645492 0.00634765625
0 0.23382323929769186 0.697509765625 0.001085026632471888 0.00146484375
0 0.3386269481159992 0.700927734375 0.003748273821266522 0.00927734375
0 0.23135726967843756 0.699462890625 0.002071414480173604 0.00634765625
0 0.5727954231603867 0.69970703125 0.007496547642533044 0.0078125
0 0.5683073584533439 0.69677734375 0.001874136910633261 0.001953125
0 0.32841783389228646 0.698974609375 0.002071414480173604 0.00634765625
0 0.2830933122903926 0.697021484375 0.0019727756954034327 0.00244140625
0 0.5839909252318012 0.69775390625 0.0038469126060366936 0.0048828125
0 0.5099131978694023 0.696533203125 0.0014795817715525744 0.00244140625
0 0.4911225093706846 0.697265625 0.002959163543105149 0.00390625
0 0.45975537581376996 0.697265625 0.0017754981258630894 0.00390625
0 0.33354705070033536 0.6962890625 0.0014795817715525744 0.001953125
0 0.2630696389820477 0.696533203125 0.0009863878477017164 0.00244140625
0 0.18558887354507791 0.697021484375 0.0016768593410929177 0.00341796875
0 0.5459656737029 0.6962890625 0.0013809429867824028 0.0029296875
0 0.540836456894851 0.696533203125 0.0013809429867824028 0.00341796875
0 0.4433320181495364 0.696533203125 0.002663247188794634 0.00341796875
0 0.33162359439731703 0.697265625 0.001578220556322746 0.0048828125
0 0.30647070428092327 0.69677734375 0.0025646084040244622 0.00390625
0 0.7211974748471098 0.697021484375 0.002663247188794634 0.00537109375
0 0.6063819293746301 0.69580078125 0.002465969619254291 0.0029296875
0 0.44979285855198264 0.6962890625 0.0009863878477017164 0.00390625
0 0.4473268889327284 0.6962890625 0.001578220556322746 0.00390625
0 0.4388439534424936 0.69580078125 0.0009863878477017164 0.0029296875
0 0.35825606628526335 0.70068359375 0.004142828960347208 0.0126953125
0 0.30045373840994277 0.697021484375 0.0023673308344841193 0.00537109375
0 0.26622608009469323 0.696044921875 0.0023673308344841193 0.00341796875
0 0.5026139277964096 0.695068359375 0.0016768593410929177 0.00244140625
0 0.4419017557703689 0.698486328125 0.004734661668968239 0.00927734375
0 0.3240284079700138 0.696044921875 0.0011836654172420597 0.00439453125
0 0.2618366541724206 0.6953125 0.0014795817715525744 0.0029296875
0 0.6927401854409153 0.698486328125 0.0025646084040244622 0.01025390625
0 0.3097257841783389 0.700439453125 0.005918327086210298 0.01416015625
0 0.30346222134543305 0.6962890625 0.001874136910633261 0.005859375
0 0.29290787137502466 0.697265625 0.003255079897415664 0.0078125
0 0.5638686131386861 0.695068359375 0.0028605247583349774 0.00439453125
0 0.4746005129216808 0.694091796875 0.002663247188794634 0.00244140625
0 0.25438942592227265 0.69482421875 0.001578220556322746 0.00390625
0 0.48875517853620043 0.693603515625 0.0019727756954034327 0.00244140625
0 0.45280134148747286 0.694091796875 0.001085026632471888 0.00341796875
0 0.30508976129414084 0.693359375 0.000789110278161373 0.001953125
0 0.23022292365358057 0.693603515625 0.0009863878477017164 0.00244140625
0 0.21917537975932136 0.697509765625 0.0039455513908068654 0.01025390625
0 0.21202406786348393 0.6943359375 0.0016768593410929177 0.00390625
0 0.6710396527914776 0.693115234375 0.0011836654172420597 0.00244140625
0 0.4918623002564608 0.69287109375 0.0014795817715525744 0.001953125
0 0.45975537581376996 0.69287109375 0.002170053264943776 0.001953125
0 0.44555139080686523 0.6943359375 0.0017754981258630894 0.0048828125
0 0.2851154073781811 0.693359375 0.0012823042020122311 0.0029296875
0 0.2523673308344841 0.69384765625 0.001085026632471888 0.00390625
0 0.5690471493391202 0.694580078125 0.004931939238508582 0.00634765625
0 0.5596271453935687 0.69287109375 0.0012823042020122311 0.0029296875
0 0.5548431643322155 0.69287109375 0.0009863878477017164 0.0029296875
0 0.5127244032353522 0.692626953125 0.0017754981258630894 0.00244140625
0 0.4805681594002762 0.693603515625 0.001578220556322746 0.00439453125
0 0.4783981061353324 0.693359375 0.002170053264943776 0.00390625
0 0.18751232984809627 0.693115234375 0.002170053264943776 0.00341796875
0 0.5824620240678635 0.692138671875 0.0009863878477017164 0.00244140625
0 0.5059183270862103 0.69384765625 0.002959163543105149 0.005859375
0 0.4570428092325903 0.69189453125 0.0014795817715525744 0.001953125
0 0.24787926612744132 0.694091796875 0.004340106529887552 0.00634765625
0 0.23594397317025054 0.697265625 0.005326494377589268 0.0126953125
0 0.2256855395541527 0.6923828125 0.0013809429867824028 0.0029296875
0 0.6613237324916157 0.69140625 0.0012823042020122311 0.001953125
0 0.5536101795225883 0.691650390625 0.0012823042020122311 0.00244140625
0 0.2575458670349181 0.6943359375 0.003550996251726179 0.0078125
0 0.2447721444071809 0.69189453125 0.0008877490629315447 0.0029296875
0 0.5979483132767804 0.692626953125 0.0023673308344841193 0.00537109375
0 0.5157328861708423 0.69189453125 0.002465969619254291 0.00390625
0 0.36101795225882816 0.69140625 0.0013809429867824028 0.0029296875
0 0.19076740974551193 0.692138671875 0.001578220556322746 0.00439453125
0 0.5412803314263168 0.69091796875 0.002071414480173604 0.0029296875
0 0.4641448017360426 0.6943359375 0.0028605247583349774 0.009765625
0 0.35337344643913987 0.69091796875 0.001085026632471888 0.0029296875
0 0.18509567962122705 0.69091796875 0.0008877490629315447 0.0029296875
0 0.7256362201617677 0.6923828125 0.003255079897415664 0.0068359375
0 0.7139968435588874 0.6943359375 0.003255079897415664 0.0107421875
0 0.4378575655947919 0.68994140625 0.000789110278161373 0.001953125
0 0.722381140264352 0.690185546875 0.0036496350364963502 0.00341796875
0 0.703442493588479 0.690185546875 0.0012823042020122311 0.00341796875
0 0.5864075754586704 0.69189453125 0.005523771947129611 0.0068359375
0 0.5716117577431447 0.689697265625 0.002959163543105149 0.00244140625
0 0.30489248372460054 0.689697265625 0.0009863878477017164 0.00244140625
0 0.20748668376405602 0.69091796875 0.0022686920497139475 0.0048828125
0 0.38286644308542117 0.689208984375 0.0012823042020122311 0.00244140625
0 0.31312882225290983 0.68994140625 0.004044190175577037 0.00390625
0 0.2044288814361807 0.689208984375 0.0008877490629315447 0.00244140625
0 0.5643124876701519 0.688720703125 0.0017754981258630894 0.00244140625
0 0.5255967646478595 0.68896484375 0.0014795817715525744 0.0029296875
0 0.49610376800157824 0.692626953125 0.005622410731899783 0.01025390625
0 0.4830834484119156 0.69091796875 0.00424146774511738 0.0068359375
0 0.29458473071611757 0.68994140625 0.0016768593410929177 0.0048828125
0 0.6315841388834089 0.6884765625 0.000789110278161373 0.0029296875
0 0.4913197869402249 0.6884765625 0.0013809429867824028 0.0029296875
0 0.6346912606036693 0.687744140625 0.001085026632471888 0.00244140625
0 0.5036989544288815 0.688720703125 0.001874136910633261 0.00439453125
0 0.37191753797593213 0.687744140625 0.001085026632471888 0.00244140625
0 0.27973959360820677 0.6884765625 0.0013809429867824028 0.00390625
0 0.25404419017557706 0.689208984375 0.001874136910633261 0.00537109375
0 0.5752120733872559 0.690673828125 0.005227855592819097 0.00927734375
0 0.47726376011047544 0.687744140625 0.0008877490629315447 0.00341796875
0 0.45941014006707437 0.68798828125 0.0016768593410929177 0.00390625
0 0.3922371276385875 0.687255859375 0.001085026632471888 0.00244140625
0 0.33655553363582563 0.6884765625 0.001578220556322746 0.0048828125
0 0.32531071217202606 0.6884765625 0.0011836654172420597 0.0048828125
0 0.2131584138883409 0.688232421875 0.0023673308344841193 0.00439453125
0 0.7294338133754192 0.69287109375 0.003550996251726179 0.0146484375
0 0.7111363188005524 0.6865234375 0.0022686920497139475 0.001953125
0 0.6380942986782403 0.686767578125 0.0009863878477017164 0.00244140625
0 0.5690964687315052 0.68701171875 0.0012823042020122311 0.0029296875
0 0.5337837837837838 0.688720703125 0.005030578023278753 0.00634765625
0 0.5096666009074768 0.686767578125 0.0013809429867824028 0.00244140625
0 0.30188400078911026 0.6875 0.0012823042020122311 0.00390625
0 0.27549812586308936 0.687255859375 0.0011836654172420597 0.00341796875
0 0.7325409350956796 0.68798828125 0.002071414480173604 0.005859375
0 0.7249950680607615 0.6865234375 0.0025646084040244622 0.0029296875
0 0.47366344446636416 0.686767578125 0.0011836654172420597 0.00341796875
0 0.45817715525744723 0.686279296875 0.0011836654172420597 0.00244140625
0 0.45630301834681397 0.68701171875 0.0017754981258630894 0.00390625
0 0.38957388044979285 0.6865234375 0.0012823042020122311 0.0029296875
0 0.3409449595580982 0.6865234375 0.0008877490629315447 0.0029296875
0 0.2839810613533241 0.686279296875 0.0009863878477017164 0.00244140625
0 0.2781120536594989 0.687255859375 0.0012823042020122311 0.00439453125
0 0.19579798776879068 0.687744140625 0.0013809429867824028 0.00537109375
0 0.6769579798776879 0.685791015625 0.0005918327086210298 0.00244140625
0 0.51435194318406 0.685791015625 0.0028605247583349774 0.00244140625
0 0.507496547642533 0.685546875 0.0013809429867824028 0.001953125
0 0.47524166502268694 0.68701171875 0.0013809429867824028 0.0048828125
0 0.4527520220950878 0.686279296875 0.001578220556322746 0.00341796875
0 0.47267705661866244 0.685546875 0.0009863878477017164 0.0029296875
0 0.33187019135924245 0.685302734375 0.001874136910633261 0.00244140625
0 0.5823633852830933 0.68603515625 0.003748273821266522 0.0048828125
0 0.31159992108897216 0.68505859375 0.001578220556322746 0.0029296875
0 0.30918327086210295 0.687744140625 0.0022686920497139475 0.00830078125
0 0.2825014795817716 0.685546875 0.0009863878477017164 0.00390625
0 0.25152890116393767 0.68505859375 0.0019727756954034327 0.0029296875
0 0.7226277372262774 0.68603515625 0.0019727756954034327 0.005859375
0 0.7136516078121917 0.684814453125 0.0017754981258630894 0.00341796875
0 0.6590550404419018 0.68798828125 0.005030578023278753 0.009765625
0 0.24565989347011244 0.68408203125 0.001085026632471888 0.001953125
0 0.232195699348984 0.6845703125 0.001578220556322746 0.0029296875
0 0.5046853422765831 0.6845703125 0.004044190175577037 0.00390625
0 0.4659696192542908 0.6865234375 0.0027618859735648055 0.0078125
0 0.44234563030183466 0.6845703125 0.0014795817715525744 0.00390625
0 0.25922272637601107 0.6845703125 0.0009863878477017164 0.00390625
0 0.23382323929769186 0.68408203125 0.0008877490629315447 0.0029296875
0 0.21611757743144605 0.683837890625 0.000789110278161373 0.00244140625
0 0.6295127244032354 0.685791015625 0.002170053264943776 0.00732421875
0 0.624136910633261 0.684814453125 0.002465969619254291 0.00537109375
0 0.48096271453935685 0.68359375 0.0009863878477017164 0.0029296875
0 0.46330637206549613 0.684326171875 0.002170053264943776 0.00439453125
0 0.30139080686525943 0.68310546875 0.0008877490629315447 0.001953125
0 0.6334089564016572 0.6845703125 0.005030578023278753 0.005859375
0 0.4944269086604853 0.6826171875 0.002071414480173604 0.001953125
0 0.25789110278161376 0.683349609375 0.0008877490629315447 0.00341796875
0 0.7246498323140659 0.682373046875 0.002071414480173604 0.00244140625
0 0.6468238311304004 0.6845703125 0.002465969619254291 0.0068359375
0 0.5542513316235944 0.68359375 0.005326494377589268 0.0048828125
0 0.4472282501479582 0.686767578125 0.004340106529887552 0.01123046875
0 0.21996449003748275 0.68310546875 0.0011836654172420597 0.00390625
0 0.7315545472479779 0.681884765625 0.0012823042020122311 0.00244140625
0 0.694811599921089 0.684814453125 0.002170053264943776 0.00830078125
0 0.5725488261984613 0.68408203125 0.005030578023278753 0.0068359375
0 0.276435194318406 0.683349609375 0.0016768593410929177 0.00537109375
0 0.7042316038666404 0.683349609375 0.002071414480173604 0.00634765625
0 0.5821167883211679 0.681396484375 0.001085026632471888 0.00244140625
0 0.5805385677648451 0.681396484375 0.0016768593410929177 0.00244140625
0 0.4648845926218189 0.68115234375 0.000789110278161373 0.001953125
0 0.674196093904123 0.68310546875 0.002170053264943776 0.0068359375
0 0.6656145196291182 0.684326171875 0.003156441112645492 0.00927734375
0 0.5241665022686921 0.68115234375 0.0019727756954034327 0.0029296875
0 0.46922469915170645 0.6826171875 0.002959163543105149 0.005859375
0 0.4854507792463997 0.68017578125 0.0008877490629315447 0.001953125
0 0.22509370684553165 0.6826171875 0.0017754981258630894 0.0068359375
0 0.6403136713355692 0.679931640625 0.0012823042020122311 0.00244140625
0 0.45053264943775895 0.680908203125 0.002071414480173604 0.00439453125
0 0.2934010652988755 0.6796875 0.001085026632471888 0.001953125
0 0.6262576445058197 0.679443359375 0.0017754981258630894 0.00244140625
0 0.6992503452357467 0.67919921875 0.001578220556322746 0.00390625
0 0.23628920891694613 0.679931640625 0.001874136910633261 0.00537109375
0 0.6730617478792661 0.677734375 0.0008877490629315447 0.001953125
0 0.4658216610771355 0.677978515625 0.001874136910633261 0.00244140625
0 0.5935588873545078 0.679931640625 0.003452357466956007 0.00732421875
0 0.6052969027421582 0.67724609375 0.001085026632471888 0.0029296875
0 0.3055829552179917 0.67724609375 0.0013809429867824028 0.0029296875
0 0.5733379364766226 0.678466796875 0.002663247188794634 0.00634765625
0 0.46128427697770763 0.677001953125 0.0008877490629315447 0.00341796875
0 0.6999901361215229 0.67578125 0.0008877490629315447 0.001953125
0 0.6782896034720852 0.676025390625 0.002071414480173604 0.00244140625
0 0.6752318011442099 0.677001953125 0.002465969619254291 0.00439453125
0 0.6612250937068456 0.677734375 0.005030578023278753 0.005859375
0 0.5772834878674294 0.6787109375 0.002663247188794634 0.0078125
0 0.5612053659498915 0.677734375 0.0022686920497139475 0.005859375
0 0.6937758926810021 0.6767578125 0.003255079897415664 0.0048828125
0 0.6871177747090156 0.6767578125 0.0011836654172420597 0.0048828125
0 0.6372558690076938 0.676025390625 0.001085026632471888 0.00341796875
0 0.6926415466561452 0.67529296875 0.0013809429867824028 0.0029296875
0 0.2138488853817321 0.6748046875 0.0011836654172420597 0.001953125
0 0.45294929966462816 0.6748046875 0.0009863878477017164 0.0029296875
0 0.6846518050897613 0.67431640625 0.000789110278161373 0.0029296875
0 0.6654172420595779 0.67578125 0.002959163543105149 0.005859375
0 0.658611165910436 0.675048828125 0.0011836654172420597 0.00439453125
0 0.6162951272440323 0.67431640625 0.000789110278161373 0.0029296875
0 0.619550207141448 0.6767578125 0.003156441112645492 0.0087890625
0 0.6093904123101204 0.6748046875 0.0025646084040244622 0.005859375
0 0.5820674689287828 0.6748046875 0.005523771947129611 0.005859375
0 0.5692444269086605 0.67431640625 0.002170053264943776 0.0048828125
0 0.6680311698559874 0.672607421875 0.0008877490629315447 0.00244140625
0 0.7234661668968239 0.67236328125 0.0012823042020122311 0.0029296875
0 0.46153087393963305 0.672119140625 0.0009863878477017164 0.00244140625
0 0.44347997632669167 0.671875 0.000789110278161373 0.001953125
0 0.698263957388045 0.671630859375 0.0009863878477017164 0.00244140625
0 0.6831722233182087 0.673095703125 0.0013809429867824028 0.00537109375
0 0.655701321759716 0.673583984375 0.002465969619254291 0.00634765625
0 0.6476622608009469 0.671875 0.0009863878477017164 0.0029296875
0 0.7033438548037089 0.673583984375 0.002465969619254291 0.00732421875
0 0.7011244821463799 0.6708984375 0.0011836654172420597 0.001953125
0 0.6920990333399093 0.6708984375 0.0012823042020122311 0.001953125
0 0.6724699151706451 0.672607421875 0.0014795817715525744 0.00537109375
0 0.44491023870585916 0.671630859375 0.0014795817715525744 0.00341796875
0 0.5157822055632275 0.67041015625 0.000789110278161373 0.001953125
0 0.6050503057802328 0.67138671875 0.002959163543105149 0.0048828125
0 0.5901558492799369 0.671875 0.0051292168080489245 0.005859375
0 0.6002170053264944 0.671630859375 0.001578220556322746 0.00634765625
0 0.6342473860722035 0.671875 0.0039455513908068654 0.0078125
0 0.7064509765239693 0.675537109375 0.0039455513908068654 0.01611328125
0 0.579305582955218 0.6689453125 0.001578220556322746 0.0029296875
0 0.6668968238311304 0.668701171875 0.0013809429867824028 0.00341796875
0 0.6374038271848491 0.668212890625 0.001578220556322746 0.00244140625
0 0.5491221148155455 0.66845703125 0.0011836654172420597 0.0029296875
0 0.44619254290787136 0.668212890625 0.001085026632471888 0.00244140625
0 0.639623199842178 0.66748046875 0.0006904714933912014 0.001953125
0 0.6196981653186032 0.667724609375 0.002071414480173604 0.00341796875
0 0.6163937660288025 0.66845703125 0.002959163543105149 0.0048828125
0 0.6062339711974748 0.667236328125 0.0019727756954034327 0.00244140625
0 0.6732590254488064 0.66552734375 0.001874136910633261 0.00390625
0 0.6255178536200434 0.6640625 0.0008877490629315447 0.001953125
0 0.6291181692641546 0.663818359375 0.001578220556322746 0.00244140625
0 0.6942197672124679 0.663818359375 0.0009863878477017164 0.00341796875
0 0.6907180903531268 0.663330078125 0.001874136910633261 0.00634765625
0 0.5867034918129809 0.661865234375 0.0011836654172420597 0.00439453125
0 0.6452456105740777 0.659912109375 0.0008877490629315447 0.00244140625
0 0.6439139869796804 0.659423828125 0.0009863878477017164 0.00244140625
0 0.6973762083251135 0.65869140625 0.000789110278161373 0.001953125
