0 0.6755770368909055 0.99853515625 0.000789110278161373 0.0029296875
0 0.5809824422963109 0.99853515625 0.0017754981258630894 0.0029296875
0 0.13469126060366937 0.998046875 0.0008877490629315447 0.001953125
0 0.13222529098441507 0.9970703125 0.0014795817715525744 0.001953125
0 0.3807950286052476 0.9970703125 0.0012823042020122311 0.0029296875
0 0.23697968041033735 0.99658203125 0.0008877490629315447 0.001953125
0 0.45571118563819296 0.996826171875 0.002170053264943776 0.00439453125
0 0.21616689682383114 0.995849609375 0.001085026632471888 0.00244140625
0 0.32323929769185245 0.9970703125 0.003748273821266522 0.005859375
0 0.27658315249556126 0.995849609375 0.0011836654172420597 0.00341796875
0 0.1593016374038272 0.995361328125 0.0009863878477017164 0.00244140625
0 0.2138488853817321 0.99462890625 0.000789110278161373 0.001953125
0 0.2699250345235747 0.99658203125 0.004636022884198066 0.0068359375
0 0.26627539948707835 0.995361328125 0.0022686920497139475 0.00439453125
0 0.24146774511738014 0.994873046875 0.0019727756954034327 0.00341796875
0 0.22894061945156835 0.994384765625 0.0013809429867824028 0.00244140625
0 0.1543696981653186 0.994384765625 0.0009863878477017164 0.00244140625
0 0.3094298678240284 0.99462890625 0.0013809429867824028 0.00390625
0 0.3743835075951864 0.9931640625 0.0008877490629315447 0.001953125
0 0.3145590846320773 0.995361328125 0.004931939238508582 0.00927734375
0 0.5633754192148352 0.9921875 0.0022686920497139475 0.0048828125
0 0.513168277766818 0.9931640625 0.0044387453146577235 0.0068359375
0 0.35066087985796013 0.99072265625 0.000789110278161373 0.001953125
0 0.30336358256066287 0.991455078125 0.001874136910633261 0.00341796875
0 0.23840994278950484 0.99072265625 0.001578220556322746 0.00390625
0 0.09518642730321562 0.989990234375 0.0005918327086210298 0.00244140625
0 0.44796804103373444 0.992431640625 0.005819688301440126 0.00830078125
0 0.3521897810218978 0.989990234375 0.001085026632471888 0.00341796875
0 0.345383704872756 0.992431640625 0.003452357466956007 0.00830078125
0 0.3014894456500296 0.98974609375 0.001085026632471888 0.0029296875
0 0.27589268100217007 0.989990234375 0.0027618859735648055 0.00341796875
0 0.28116985598737426 0.98974609375 0.0012823042020122311 0.00390625
0 0.16886959952653383 0.990234375 0.0013809429867824028 0.0048828125
0 0.1636910633260998 0.989013671875 0.0008877490629315447 0.00244140625
0 0.09622213454330243 0.98876953125 0.0008877490629315447 0.001953125
0 0.3100710199250345 0.988525390625 0.0006904714933912014 0.00244140625
0 0.2591240875912409 0.98876953125 0.0009863878477017164 0.0029296875
0 0.5009370684553166 0.988037109375 0.0014795817715525744 0.00244140625
0 0.34686328664430854 0.99267578125 0.004044190175577037 0.01171875
0 0.2550305780232788 0.98828125 0.002071414480173604 0.0029296875
0 0.25187413691063326 0.98828125 0.0014795817715525744 0.00390625
0 0.4127539948707832 0.987548828125 0.0014795817715525744 0.00341796875
0 0.1714835273229434 0.98681640625 0.0012823042020122311 0.001953125
0 0.1676366147169067 0.98681640625 0.0008877490629315447 0.001953125
0 0.13474057999605446 0.989990234375 0.0039455513908068654 0.00830078125
0 0.433320181495364 0.986328125 0.0013809429867824028 0.001953125
0 0.31702505425133165 0.990478515625 0.003748273821266522 0.01025390625
0 0.40249556125468533 0.989990234375 0.003452357466956007 0.01025390625
0 0.14282896034720852 0.990478515625 0.004734661668968239 0.01123046875
0 0.4005227855592819 0.989013671875 0.0038469126060366936 0.01025390625
0 0.27007299270072993 0.985107421875 0.0009863878477017164 0.00244140625
0 0.44377589268100215 0.9853515625 0.0013809429867824028 0.0048828125
0 0.19806667981850465 0.983642578125 0.0011836654172420597 0.00244140625
0 0.4757841783389229 0.983642578125 0.0008877490629315447 0.00341796875
0 0.28363582560662853 0.98779296875 0.003255079897415664 0.01171875
0 0.25646084040244627 0.984375 0.0025646084040244622 0.0048828125
0 0.3685638192937463 0.983154296875 0.002071414480173604 0.00341796875
0 0.279887551785362 0.982666015625 0.001874136910633261 0.00244140625
0 0.3737916748865654 0.982177734375 0.001085026632471888 0.00244140625
0 0.3359143815348195 0.982177734375 0.0014795817715525744 0.00244140625
0 0.2870881830735845 0.984619140625 0.0022686920497139475 0.00732421875
0 0.31174787926612746 0.9833984375 0.005030578023278753 0.005859375
0 0.1759222726376011 0.98291015625 0.0016768593410929177 0.0048828125
0 0.3647662260800947 0.982177734375 0.0033537186821858355 0.00634765625
0 0.3502663247188795 0.982421875 0.0039455513908068654 0.0068359375
0 0.19836259617281515 0.980224609375 0.0009863878477017164 0.00244140625
0 0.15866048530282106 0.980224609375 0.0008877490629315447 0.00244140625
0 0.15432037877293353 0.97998046875 0.0008877490629315447 0.0029296875
0 0.10204182284474256 0.980712890625 0.002465969619254291 0.00439453125
0 0.6169362793450385 0.979248046875 0.0006904714933912014 0.00244140625
0 0.29719865851252714 0.978515625 0.0025646084040244622 0.00390625
0 0.203442493588479 0.9775390625 0.0012823042020122311 0.001953125
0 0.10514894456500296 0.980224609375 0.0027618859735648055 0.00732421875
0 0.3914480173604261 0.9775390625 0.0012823042020122311 0.0029296875
0 0.3391201420398501 0.980712890625 0.002959163543105149 0.00927734375
0 0.4936377983823239 0.9765625 0.0008877490629315447 0.001953125
0 0.24205957782600118 0.977294921875 0.0017754981258630894 0.00341796875
0 0.18386269481159992 0.9765625 0.000789110278161373 0.001953125
0 0.6807555730913395 0.976806640625 0.002465969619254291 0.00439453125
0 0.36738015387650425 0.97607421875 0.0014795817715525744 0.0029296875
0 0.22307161175774315 0.97607421875 0.0016768593410929177 0.00390625
0 0.1808542118761097 0.97509765625 0.0022686920497139475 0.0029296875
0 0.627638587492602 0.97509765625 0.0025646084040244622 0.00390625
0 0.1317814164529493 0.97509765625 0.0009863878477017164 0.00390625
0 0.3981061353324127 0.976806640625 0.0027618859735648055 0.00830078125
0 0.4716906687709607 0.973388671875 0.0013809429867824028 0.00244140625
0 0.25355099625172617 0.97314453125 0.0022686920497139475 0.0029296875
0 0.23204774117182878 0.97265625 0.0006904714933912014 0.001953125
0 0.48688104162556717 0.97265625 0.0019727756954034327 0.0029296875
0 0.313819293746301 0.971923828125 0.0006904714933912014 0.00244140625
0 0.17118761096863286 0.972412109375 0.0008877490629315447 0.00341796875
0 0.3221049516669955 0.9716796875 0.0012823042020122311 0.0029296875
0 0.2100019727756954 0.971435546875 0.0009863878477017164 0.00244140625
0 0.42809232590254487 0.9716796875 0.003156441112645492 0.00390625
0 0.2717005326494378 0.9697265625 0.0016768593410929177 0.001953125
0 0.30918327086210295 0.968994140625 0.001874136910633261 0.00244140625
0 0.37985796014993095 0.968994140625 0.0025646084040244622 0.00341796875
0 0.17468928782797397 0.968505859375 0.0013809429867824028 0.00244140625
0 0.40219964490037485 0.969482421875 0.003452357466956007 0.00537109375
0 0.2960643124876702 0.9697265625 0.002663247188794634 0.005859375
0 0.19002761885973565 0.968505859375 0.001085026632471888 0.00341796875
0 0.5735352140461629 0.9677734375 0.0014795817715525744 0.0029296875
0 0.4583744328269876 0.9677734375 0.002170053264943776 0.0029296875
0 0.47992700729927007 0.96875 0.007003353718682186 0.005859375
0 0.46670941014006706 0.966796875 0.0008877490629315447 0.001953125
0 0.3638291576247781 0.96826171875 0.0012823042020122311 0.0048828125
0 0.33127835865062144 0.967529296875 0.0028605247583349774 0.00341796875
0 0.16211284276977708 0.966796875 0.0014795817715525744 0.001953125
0 0.5702801341487473 0.966796875 0.0012823042020122311 0.0029296875
0 0.2872361412507398 0.966796875 0.0019727756954034327 0.0029296875
0 0.2834385480370882 0.967041015625 0.0012823042020122311 0.00341796875
0 0.23027224304596566 0.966552734375 0.001085026632471888 0.00244140625
0 0.33823239297691854 0.966552734375 0.002170053264943776 0.00341796875
0 0.32323929769185245 0.96630859375 0.0017754981258630894 0.0029296875
0 0.20571118563819293 0.966796875 0.0028605247583349774 0.00390625
0 0.19880647070428092 0.966552734375 0.001874136910633261 0.00341796875
0 0.3616097849674492 0.966552734375 0.0017754981258630894 0.00439453125
0 0.21305977510357071 0.96533203125 0.002170053264943776 0.001953125
0 0.3912014203985007 0.966796875 0.0027618859735648055 0.005859375
0 0.18519431840599723 0.965576171875 0.002071414480173604 0.00341796875
0 0.18272834878674293 0.965087890625 0.0006904714933912014 0.00244140625
0 0.5690964687315052 0.96484375 0.0008877490629315447 0.0029296875
0 0.38464194121128426 0.965087890625 0.0016768593410929177 0.00341796875
0 0.2600611560465575 0.964599609375 0.0014795817715525744 0.00244140625
0 0.5674196093904124 0.96435546875 0.0008877490629315447 0.0029296875
0 0.4269579798776879 0.965087890625 0.003452357466956007 0.00439453125
0 0.2030479384493983 0.964111328125 0.0008877490629315447 0.00244140625
0 0.47139475241665024 0.966552734375 0.00848293549023476 0.00830078125
0 0.21611757743144605 0.963623046875 0.001578220556322746 0.00244140625
0 0.15555336358256067 0.96435546875 0.0013809429867824028 0.0048828125
0 0.4355888735450779 0.963134765625 0.0019727756954034327 0.00341796875
0 0.3253600315644111 0.964111328125 0.0036496350364963502 0.00537109375
0 0.30405405405405406 0.96533203125 0.00542513316235944 0.0078125
0 0.5026632471887946 0.961181640625 0.0039455513908068654 0.00439453125
0 0.3095285066087986 0.9619140625 0.005523771947129611 0.005859375
0 0.2974945748668376 0.960693359375 0.0019727756954034327 0.00341796875
0 0.11368119944762281 0.960205078125 0.0008877490629315447 0.00244140625
0 0.42039850069047147 0.95947265625 0.0011836654172420597 0.001953125
0 0.41078121917537974 0.962646484375 0.002465969619254291 0.00830078125
0 0.4548727559676465 0.959716796875 0.0028605247583349774 0.00341796875
0 0.315496153087394 0.95947265625 0.0028605247583349774 0.0029296875
0 0.61491418425725 0.958984375 0.001578220556322746 0.0029296875
0 0.43997829946735056 0.96142578125 0.004636022884198066 0.0078125
0 0.381584138883409 0.958740234375 0.0016768593410929177 0.00244140625
0 0.14687315052278557 0.9599609375 0.002170053264943776 0.0068359375
0 0.275300848293549 0.957275390625 0.0009863878477017164 0.00244140625
0 0.38010455711185637 0.95703125 0.0012823042020122311 0.0029296875
0 0.3951469717893076 0.95654296875 0.0011836654172420597 0.0029296875
0 0.23387255869007695 0.95654296875 0.0017754981258630894 0.0029296875
0 0.37916748865653976 0.95556640625 0.000789110278161373 0.001953125
0 0.20156835667784573 0.957275390625 0.001874136910633261 0.00537109375
0 0.4192641546656145 0.9560546875 0.0016768593410929177 0.00390625
0 0.24570921286249753 0.9560546875 0.003156441112645492 0.00390625
0 0.20314657723416849 0.9541015625 0.0008877490629315447 0.0029296875
0 0.7113335963700927 0.953125 0.0006904714933912014 0.001953125
0 0.34720852239100414 0.953369140625 0.002170053264943776 0.00244140625
0 0.25295916354310516 0.95361328125 0.0016768593410929177 0.0029296875
0 0.22312093115012824 0.954833984375 0.006312882225290984 0.00537109375
0 0.1473663444466364 0.953857421875 0.0011836654172420597 0.00341796875
0 0.24245413296508186 0.9541015625 0.001578220556322746 0.0048828125
0 0.3692542907871375 0.9521484375 0.0008877490629315447 0.001953125
0 0.26760702308147566 0.953125 0.001578220556322746 0.00390625
0 0.16334582757940422 0.953369140625 0.0027618859735648055 0.00439453125
0 0.34198066679818506 0.952392578125 0.0019727756954034327 0.00341796875
0 0.2405799960544486 0.95361328125 0.0017754981258630894 0.0068359375
0 0.6071710396527915 0.951171875 0.001085026632471888 0.0029296875
0 0.5094200039455514 0.950927734375 0.0006904714933912014 0.00244140625
0 0.44777076346419414 0.952880859375 0.0030578023278753207 0.00634765625
0 0.32910830538567765 0.95166015625 0.0028605247583349774 0.00390625
0 0.17523180114420991 0.950927734375 0.001085026632471888 0.00244140625
0 0.15012823042020124 0.953125 0.0027618859735648055 0.0068359375
0 0.12142434405208127 0.950927734375 0.0009863878477017164 0.00244140625
0 0.11836654172420595 0.9521484375 0.0013809429867824028 0.0048828125
0 0.2555730913395147 0.949951171875 0.0023673308344841193 0.00244140625
0 0.18179128033142633 0.950439453125 0.0009863878477017164 0.00341796875
0 0.36698559873742354 0.94873046875 0.0008877490629315447 0.001953125
0 0.1762675083842967 0.94873046875 0.000789110278161373 0.0029296875
0 0.14277964095482343 0.94873046875 0.001874136910633261 0.0029296875
0 0.12458078516472677 0.94970703125 0.0033537186821858355 0.0048828125
0 0.372410731899783 0.947998046875 0.0028605247583349774 0.00244140625
0 0.17799368711777472 0.9482421875 0.001874136910633261 0.0029296875
0 0.32432432432432434 0.948486328125 0.0019727756954034327 0.00439453125
0 0.28363582560662853 0.950439453125 0.003255079897415664 0.00830078125
0 0.31036693627934503 0.9482421875 0.00424146774511738 0.0048828125
0 0.3057802327875321 0.94970703125 0.003748273821266522 0.0078125
0 0.28985006904714933 0.947265625 0.001085026632471888 0.0029296875
0 0.36417439337147367 0.946533203125 0.0009863878477017164 0.00244140625
0 0.2861017952258828 0.947265625 0.001085026632471888 0.00390625
0 0.375863089366739 0.946044921875 0.0008877490629315447 0.00244140625
0 0.34030380745709216 0.946533203125 0.0011836654172420597 0.00341796875
0 0.2773722627737226 0.94580078125 0.0017754981258630894 0.0029296875
0 0.25951864273032155 0.947021484375 0.002959163543105149 0.00537109375
0 0.3625468534227658 0.9453125 0.001085026632471888 0.0029296875
0 0.32802327875320575 0.9453125 0.0028605247583349774 0.0029296875
0 0.2786545669757349 0.94775390625 0.0051292168080489245 0.0078125
0 0.46991517064509764 0.945068359375 0.0017754981258630894 0.00341796875
0 0.42962122706648254 0.947509765625 0.006016965870980469 0.00927734375
0 0.27451173801538764 0.944091796875 0.0011836654172420597 0.00244140625
0 0.44417044782008286 0.943603515625 0.0009863878477017164 0.00244140625
0 0.4401262576445058 0.94384765625 0.0027618859735648055 0.0029296875
0 0.4252318011442099 0.944580078125 0.003550996251726179 0.00439453125
0 0.3576149141842572 0.943359375 0.0008877490629315447 0.001953125
0 0.3421286249753403 0.943603515625 0.0014795817715525744 0.00244140625
0 0.458029197080292 0.943603515625 0.003255079897415664 0.00341796875
0 0.35214046162951274 0.943603515625 0.0009863878477017164 0.00341796875
0 0.38044979285855196 0.944091796875 0.002170053264943776 0.00537109375
0 0.291378970211087 0.943359375 0.002959163543105149 0.00390625
0 0.28462221345433025 0.943359375 0.0014795817715525744 0.00390625
0 0.3057802327875321 0.94287109375 0.0023673308344841193 0.00390625
0 0.3932235154862892 0.94140625 0.001085026632471888 0.001953125
0 0.2636614716906688 0.942626953125 0.0025646084040244622 0.00439453125
0 0.12472874334188203 0.94140625 0.0014795817715525744 0.001953125
0 0.35583941605839414 0.94189453125 0.0014795817715525744 0.00390625
0 0.2556224107318998 0.943603515625 0.001874136910633261 0.00732421875
0 0.44929966462813176 0.94091796875 0.0013809429867824028 0.0029296875
0 0.433320181495364 0.9423828125 0.0051292168080489245 0.005859375
0 0.11022884198066679 0.943115234375 0.002663247188794634 0.00732421875
0 0.30232787532057603 0.940673828125 0.0009863878477017164 0.00341796875
0 0.16014006707437364 0.940673828125 0.0008877490629315447 0.00341796875
0 0.2990234760307753 0.940185546875 0.0014795817715525744 0.00341796875
0 0.09587689879660682 0.942138671875 0.0023673308344841193 0.00732421875
0 0.18992898007496548 0.939208984375 0.0006904714933912014 0.00244140625
0 0.10579009666600908 0.939697265625 0.0014795817715525744 0.00341796875
0 0.3152495561254685 0.940673828125 0.004340106529887552 0.00634765625
0 0.28985006904714933 0.938232421875 0.0012823042020122311 0.00341796875
0 0.4196587098046952 0.93896484375 0.0038469126060366936 0.005859375
0 0.1335075951864273 0.937744140625 0.0014795817715525744 0.00341796875
0 0.12946340501085027 0.939208984375 0.006016965870980469 0.00634765625
0 0.11678832116788321 0.93798828125 0.0009863878477017164 0.00390625
0 0.3742848688104163 0.9375 0.001874136910633261 0.0048828125
0 0.22326888932728348 0.936279296875 0.001874136910633261 0.00244140625
0 0.18405997238114027 0.936279296875 0.0011836654172420597 0.00244140625
0 0.17651410534622214 0.93603515625 0.0008877490629315447 0.001953125
0 0.15797001380942988 0.936279296875 0.0012823042020122311 0.00244140625
0 0.430459656737029 0.935546875 0.0013809429867824028 0.001953125
0 0.2593706845531663 0.935791015625 0.0016768593410929177 0.00244140625
0 0.30824620240678635 0.935302734375 0.001578220556322746 0.00341796875
0 0.2645492207536003 0.935302734375 0.0009863878477017164 0.00341796875
0 0.2350069047149339 0.934814453125 0.0012823042020122311 0.00244140625
0 0.10312684947721444 0.935791015625 0.0012823042020122311 0.00439453125
0 0.3715229828368514 0.93408203125 0.0008877490629315447 0.001953125
0 0.30232787532057603 0.934326171875 0.0013809429867824028 0.00341796875
0 0.29912211481554546 0.933837890625 0.0012823042020122311 0.00244140625
0 0.28388242256855395 0.9365234375 0.0039455513908068654 0.0078125
0 0.2708621029788913 0.934326171875 0.0017754981258630894 0.00341796875
0 0.4263661471690669 0.932861328125 0.0006904714933912014 0.00244140625
0 0.35347208522391005 0.934326171875 0.0028605247583349774 0.00537109375
0 0.35071019925034524 0.932861328125 0.001085026632471888 0.00244140625
0 0.2618859735648057 0.932861328125 0.0025646084040244622 0.00244140625
0 0.22405799960544487 0.93310546875 0.0012823042020122311 0.0029296875
0 0.23392187808246204 0.93212890625 0.0006904714933912014 0.001953125
0 0.21981653186032749 0.934814453125 0.004044190175577037 0.00732421875
0 0.137354507792464 0.935546875 0.004636022884198066 0.009765625
0 0.2746103768001578 0.93115234375 0.0009863878477017164 0.001953125
0 0.4461432235154863 0.931884765625 0.0027618859735648055 0.00537109375
0 0.36974748471098834 0.930908203125 0.002663247188794634 0.00341796875
0 0.5707733280725982 0.93017578125 0.001085026632471888 0.0029296875
0 0.32397908857762875 0.931640625 0.002465969619254291 0.005859375
0 0.21133359637009272 0.9296875 0.0008877490629315447 0.001953125
0 0.18001578220556322 0.93212890625 0.0039455513908068654 0.0078125
0 0.16300059183270862 0.92919921875 0.001085026632471888 0.0029296875
0 0.1647760899585717 0.927734375 0.001085026632471888 0.001953125
0 0.412063523377392 0.927001953125 0.0014795817715525744 0.00244140625
0 0.37467942394949694 0.92724609375 0.001085026632471888 0.00390625
0 0.3272341684750444 0.927490234375 0.0014795817715525744 0.00439453125
0 0.24733675281120537 0.926513671875 0.0006904714933912014 0.00244140625
0 0.44870783191951075 0.92578125 0.0017754981258630894 0.001953125
0 0.3248175182481752 0.926513671875 0.003156441112645492 0.00439453125
0 0.27490629315446835 0.92529296875 0.000789110278161373 0.001953125
0 0.25295916354310516 0.925537109375 0.001085026632471888 0.00244140625
0 0.16058394160583941 0.93017578125 0.004734661668968239 0.01171875
0 0.14134937857565594 0.926025390625 0.001578220556322746 0.00341796875
0 0.3924837246005129 0.924560546875 0.003156441112645492 0.00341796875
0 0.4675971592029986 0.924560546875 0.0016768593410929177 0.00439453125
0 0.39800749654764256 0.924560546875 0.0019727756954034327 0.00439453125
0 0.2097060564213849 0.923583984375 0.0009863878477017164 0.00244140625
0 0.2716018938646676 0.923583984375 0.0030578023278753207 0.00341796875
0 0.2110869994081673 0.9228515625 0.000789110278161373 0.001953125
0 0.20610574077727362 0.9228515625 0.0006904714933912014 0.001953125
0 0.4030873939633064 0.922607421875 0.0008877490629315447 0.00244140625
0 0.395393568751233 0.92236328125 0.001874136910633261 0.0029296875
0 0.24807654369698165 0.92236328125 0.0011836654172420597 0.0029296875
0 0.34341092917735255 0.921630859375 0.0016768593410929177 0.00439453125
0 0.3671828763069639 0.9208984375 0.0014795817715525744 0.00390625
0 0.23485894653777867 0.920654296875 0.001578220556322746 0.00341796875
0 0.4107318997829947 0.9189453125 0.0013809429867824028 0.001953125
0 0.38365555336358254 0.9189453125 0.0012823042020122311 0.001953125
0 0.3391201420398501 0.92041015625 0.0023673308344841193 0.0048828125
0 0.1707437364371671 0.9189453125 0.000789110278161373 0.001953125
0 0.43766028802525153 0.91845703125 0.0009863878477017164 0.001953125
0 0.13533241270467547 0.918701171875 0.000789110278161373 0.00244140625
0 0.4405208127835865 0.918701171875 0.0019727756954034327 0.00341796875
0 0.4308048924837246 0.917724609375 0.0008877490629315447 0.00244140625
0 0.29566975734858947 0.918701171875 0.0028605247583349774 0.00439453125
0 0.4071809035312685 0.91943359375 0.004931939238508582 0.0078125
0 0.22474847109883606 0.91650390625 0.0008877490629315447 0.001953125
0 0.360919313474058 0.91796875 0.003550996251726179 0.005859375
0 0.18928782797395935 0.9169921875 0.003156441112645492 0.00390625
0 0.16965870980469522 0.915771484375 0.000789110278161373 0.00244140625
0 0.31337541921483525 0.916259765625 0.0013809429867824028 0.00439453125
0 0.3713257052673111 0.916015625 0.00424146774511738 0.005859375
0 0.25818701913592423 0.914306640625 0.0016768593410929177 0.00244140625
0 0.5073979088577629 0.914306640625 0.0025646084040244622 0.00341796875
0 0.30356086013020317 0.9140625 0.0008877490629315447 0.0029296875
0 0.301736042611955 0.91455078125 0.002170053264943776 0.00390625
0 0.29912211481554546 0.91357421875 0.002071414480173604 0.001953125
0 0.26913592424541327 0.91455078125 0.001874136910633261 0.00390625
0 0.10485302821069245 0.913818359375 0.000789110278161373 0.00244140625
0 0.46434207930558297 0.9130859375 0.0012823042020122311 0.001953125
0 0.31209311501282305 0.913330078125 0.0013809429867824028 0.00341796875
0 0.4387946340501085 0.91259765625 0.001085026632471888 0.0029296875
0 0.09518642730321562 0.91259765625 0.000789110278161373 0.0029296875
0 0.1637403827184849 0.911865234375 0.0009863878477017164 0.00341796875
0 0.23791674886565398 0.91064453125 0.0013809429867824028 0.001953125
0 0.19436772538962319 0.910888671875 0.0016768593410929177 0.00341796875
0 0.48411915565200236 0.909423828125 0.002170053264943776 0.00341796875
0 0.417833892286447 0.91064453125 0.007891102781613731 0.005859375
0 0.39307555730913396 0.909912109375 0.0013809429867824028 0.00439453125
0 0.34651805089761295 0.908447265625 0.0009863878477017164 0.00244140625
0 0.2041329650818702 0.90869140625 0.0014795817715525744 0.0029296875
0 0.10731899782994674 0.90869140625 0.0009863878477017164 0.0029296875
0 0.12393963306372066 0.908447265625 0.0022686920497139475 0.00341796875
0 0.37053659498914976 0.907958984375 0.0008877490629315447 0.00341796875
0 0.2138488853817321 0.907470703125 0.0019727756954034327 0.00244140625
0 0.16546656145196292 0.907958984375 0.0008877490629315447 0.00341796875
0 0.460347208522391 0.9072265625 0.001578220556322746 0.0029296875
0 0.19737620832511343 0.906982421875 0.000789110278161373 0.00244140625
0 0.6106233971197474 0.906494140625 0.0012823042020122311 0.00244140625
0 0.16773525350167687 0.907470703125 0.0028605247583349774 0.00439453125
0 0.10943973170250543 0.90673828125 0.0012823042020122311 0.0029296875
0 0.4323337936476623 0.90673828125 0.0011836654172420597 0.00390625
0 0.31312882225290983 0.907470703125 0.00483330045373841 0.00634765625
0 0.2162655356086013 0.90625 0.002071414480173604 0.00390625
0 0.40111461826790296 0.90576171875 0.003452357466956007 0.00390625
0 0.29369698165318603 0.90625 0.003255079897415664 0.0048828125
0 0.2687413691063326 0.905029296875 0.0012823042020122311 0.00341796875
0 0.33463207733280725 0.90478515625 0.0016768593410929177 0.00390625
0 0.15861116591043598 0.90625 0.003156441112645492 0.0078125
0 0.38118958374432826 0.903564453125 0.001874136910633261 0.00341796875
0 0.29927007299270075 0.9033203125 0.0025646084040244622 0.00390625
0 0.5421680804892484 0.902099609375 0.002465969619254291 0.00244140625
0 0.21429275991319788 0.90185546875 0.001085026632471888 0.001953125
0 0.19806667981850465 0.902099609375 0.000789110278161373 0.00244140625
0 0.5252022095087788 0.900634765625 0.0022686920497139475 0.00244140625
0 0.21044584730716118 0.900634765625 0.001085026632471888 0.00244140625
0 0.5276681791280331 0.900146484375 0.0012823042020122311 0.00244140625
0 0.24733675281120537 0.902099609375 0.005622410731899783 0.00732421875
0 0.20408364568948512 0.899658203125 0.0017754981258630894 0.00244140625
0 0.5389130005918327 0.902099609375 0.0036496350364963502 0.00830078125
0 0.2798382323929769 0.899169921875 0.0009863878477017164 0.00244140625
0 0.14110278161373052 0.90283203125 0.005227855592819097 0.009765625
0 0.5341290195304794 0.8994140625 0.003156441112645492 0.0048828125
0 0.2586802130597751 0.898193359375 0.0022686920497139475 0.00244140625
0 0.23096271453935688 0.898193359375 0.0014795817715525744 0.00244140625
0 0.09045176563424738 0.898193359375 0.0005918327086210298 0.00244140625
0 0.2750542513316236 0.897705078125 0.0012823042020122311 0.00244140625
0 0.3487374235549418 0.89697265625 0.0016768593410929177 0.001953125
0 0.1617182876306964 0.89697265625 0.0006904714933912014 0.001953125
0 0.23485894653777867 0.89892578125 0.0061156046557506415 0.0068359375
0 0.2628723614125074 0.89697265625 0.0011836654172420597 0.00390625
0 0.37423554941803117 0.895263671875 0.000789110278161373 0.00244140625
0 0.3541132373249162 0.8955078125 0.001578220556322746 0.0029296875
0 0.2536003156441113 0.89599609375 0.0033537186821858355 0.00390625
0 0.4472282501479582 0.896728515625 0.0039455513908068654 0.00634765625
0 0.36422371276385873 0.89453125 0.0012823042020122311 0.0029296875
0 0.19130992306174788 0.894775390625 0.0016768593410929177 0.00341796875
0 0.2563622016176761 0.89599609375 0.0033537186821858355 0.0068359375
0 0.24674492010258434 0.89453125 0.0022686920497139475 0.00390625
0 0.5288518445452752 0.894287109375 0.0030578023278753207 0.00439453125
0 0.4070329453541132 0.89306640625 0.0014795817715525744 0.0029296875
0 0.1713848885381732 0.892333984375 0.0012823042020122311 0.00244140625
0 0.17015190372854608 0.892578125 0.000789110278161373 0.0029296875
0 0.09464391398697967 0.89306640625 0.001085026632471888 0.00390625
0 0.5204675478398106 0.8916015625 0.0014795817715525744 0.001953125
0 0.32693825212073385 0.892333984375 0.002663247188794634 0.00341796875
0 0.32407772736239887 0.891845703125 0.0012823042020122311 0.00244140625
0 0.28812389031367136 0.89111328125 0.001578220556322746 0.001953125
0 0.278161373051884 0.893310546875 0.001578220556322746 0.00634765625
0 0.5248569737620833 0.892578125 0.0019727756954034327 0.005859375
0 0.30513908068652595 0.891357421875 0.0028605247583349774 0.00341796875
0 0.2208522391004143 0.89111328125 0.0013809429867824028 0.0029296875
0 0.2947326888932728 0.891357421875 0.0013809429867824028 0.00439453125
0 0.2839810613533241 0.89111328125 0.0023673308344841193 0.0048828125
0 0.23318208719668573 0.890625 0.0025646084040244622 0.00390625
0 0.09267113829157625 0.890869140625 0.0016768593410929177 0.00439453125
0 0.3507595186427303 0.8896484375 0.001578220556322746 0.0029296875
0 0.3409449595580982 0.889404296875 0.001085026632471888 0.00244140625
0 0.4234563030183468 0.88818359375 0.0025646084040244622 0.001953125
0 0.28605247583349774 0.888427734375 0.0019727756954034327 0.00244140625
0 0.36930361017952257 0.887939453125 0.000789110278161373 0.00244140625
0 0.2993193923850858 0.888671875 0.0012823042020122311 0.00390625
0 0.18761096863286644 0.8876953125 0.000789110278161373 0.001953125
0 0.27668179128033143 0.8896484375 0.0019727756954034327 0.0068359375
0 0.3442986782402841 0.886962890625 0.0008877490629315447 0.00244140625
0 0.18894259222726376 0.886474609375 0.0012823042020122311 0.00146484375
0 0.19190175577036891 0.886474609375 0.0014795817715525744 0.00244140625
0 0.23737423554941803 0.886474609375 0.002071414480173604 0.00341796875
0 0.35347208522391005 0.885498046875 0.0006904714933912014 0.00244140625
0 0.46887946340501085 0.884765625 0.0008877490629315447 0.001953125
0 0.4336160978496745 0.885498046875 0.0013809429867824028 0.00341796875
0 0.36738015387650425 0.884765625 0.0008877490629315447 0.001953125
0 0.5146478595383704 0.88623046875 0.005622410731899783 0.0068359375
0 0.26094890510948904 0.88427734375 0.003452357466956007 0.0029296875
0 0.2562635628329059 0.88720703125 0.005326494377589268 0.0087890625
0 0.3077036890905504 0.883544921875 0.004044190175577037 0.00439453125
0 0.2892582363385283 0.8837890625 0.0030578023278753207 0.005859375
0 0.321266521996449 0.88232421875 0.0019727756954034327 0.00390625
0 0.3136220161767607 0.884521484375 0.004044190175577037 0.00830078125
0 0.1974748471098836 0.882080078125 0.0025646084040244622 0.00341796875
0 0.16956007101992504 0.8818359375 0.0009863878477017164 0.0029296875
0 0.15589859932925626 0.882080078125 0.003255079897415664 0.00537109375
0 0.40274215821661075 0.879638671875 0.0013809429867824028 0.00244140625
0 0.37778654566975733 0.879638671875 0.0013809429867824028 0.00244140625
0 0.20645097652396924 0.8798828125 0.000789110278161373 0.0029296875
0 0.4262181889919116 0.879150390625 0.0009863878477017164 0.00244140625
0 0.41773525350167684 0.8798828125 0.0023673308344841193 0.00390625
0 0.33009469323337937 0.879638671875 0.0022686920497139475 0.00341796875
0 0.29818504636022886 0.879638671875 0.0017754981258630894 0.00341796875
0 0.2953245216018939 0.87939453125 0.0009863878477017164 0.0029296875
0 0.17922667192740185 0.87890625 0.0011836654172420597 0.001953125
0 0.4313967251923456 0.878662109375 0.0012823042020122311 0.00439453125
0 0.3382817123693036 0.8798828125 0.00424146774511738 0.0068359375
0 0.31865259420003944 0.880126953125 0.003452357466956007 0.00732421875
0 0.16107713552969027 0.8779296875 0.0017754981258630894 0.0029296875
0 0.1046557506411521 0.878173828125 0.0011836654172420597 0.00341796875
0 0.33379364766226083 0.877685546875 0.002170053264943776 0.00341796875
0 0.3128822252909844 0.87841796875 0.004537384099427895 0.005859375
0 0.40915367922667195 0.87744140625 0.001578220556322746 0.0048828125
0 0.3564312487670152 0.876708984375 0.0014795817715525744 0.00341796875
0 0.24205957782600118 0.8759765625 0.0019727756954034327 0.001953125
0 0.4543795620437956 0.87548828125 0.0016768593410929177 0.0029296875
0 0.20980469520615505 0.875 0.0009863878477017164 0.001953125
0 0.20807851647267706 0.876220703125 0.0016768593410929177 0.00439453125
0 0.20576050503057802 0.877197265625 0.002170053264943776 0.00634765625
0 0.3751726178733478 0.8759765625 0.001874136910633261 0.0048828125
0 0.3727559676464786 0.874755859375 0.0009863878477017164 0.00244140625
0 0.2367330834484119 0.87548828125 0.0039455513908068654 0.00390625
0 0.22755967646478595 0.875 0.0009863878477017164 0.0029296875
0 0.44703097257841784 0.874755859375 0.003550996251726179 0.00439453125
0 0.18356677845728941 0.873046875 0.0009863878477017164 0.001953125
0 0.6793253107121721 0.872314453125 0.003156441112645492 0.00244140625
0 0.259765239692247 0.872314453125 0.0014795817715525744 0.00244140625
0 0.1359242454132965 0.873046875 0.005523771947129611 0.005859375
0 0.311501282304202 0.870361328125 0.0013809429867824028 0.00244140625
0 0.2778654566975735 0.870849609375 0.0023673308344841193 0.00341796875
0 0.3722627737226277 0.86962890625 0.000789110278161373 0.001953125
0 0.32190767409745513 0.870361328125 0.0030578023278753207 0.00341796875
0 0.2639080686525942 0.869873046875 0.001085026632471888 0.00244140625
0 0.23027224304596566 0.87060546875 0.0014795817715525744 0.00390625
0 0.22686920497139476 0.869873046875 0.003156441112645492 0.00341796875
0 0.21897810218978103 0.869384765625 0.003156441112645492 0.00244140625
0 0.2852633655553364 0.869384765625 0.0009863878477017164 0.00341796875
0 0.4210396527914776 0.868896484375 0.0028605247583349774 0.00341796875
0 0.3394653777865457 0.868408203125 0.0014795817715525744 0.00244140625
0 0.30864075754586706 0.868896484375 0.0013809429867824028 0.00341796875
0 0.1825310712172026 0.867431640625 0.0012823042020122311 0.00244140625
0 0.1342967054645887 0.8671875 0.001085026632471888 0.001953125
0 0.2881732097060564 0.867919921875 0.001874136910633261 0.00439453125
0 0.15062142434405207 0.866943359375 0.0011836654172420597 0.00244140625
0 0.11491418425724995 0.86767578125 0.0025646084040244622 0.00390625
0 0.3198362596172815 0.866943359375 0.001085026632471888 0.00341796875
0 0.20876898796606827 0.8662109375 0.0008877490629315447 0.0029296875
0 0.2072894061945157 0.8662109375 0.0012823042020122311 0.0029296875
0 0.2830933122903926 0.8671875 0.001578220556322746 0.005859375
0 0.2103965279147761 0.865478515625 0.0009863878477017164 0.00244140625
0 0.16226080094693232 0.865478515625 0.000789110278161373 0.00244140625
0 0.2664233576642336 0.864013671875 0.0019727756954034327 0.00244140625
0 0.2020615506016966 0.86572265625 0.001874136910633261 0.005859375
0 0.12285460643124876 0.864501953125 0.002071414480173604 0.00341796875
0 0.36979680410337346 0.862060546875 0.001578220556322746 0.00244140625
0 0.1992503452357467 0.86328125 0.0025646084040244622 0.0048828125
0 0.3432136516078122 0.864013671875 0.00542513316235944 0.00732421875
0 0.33847898993884395 0.862548828125 0.0012823042020122311 0.00439453125
0 0.29118169264154664 0.8623046875 0.0011836654172420597 0.0048828125
0 0.24457486683764057 0.85888671875 0.0012823042020122311 0.0029296875
0 0.22173998816334584 0.85986328125 0.004537384099427895 0.0048828125
0 0.26745906490432036 0.8583984375 0.001874136910633261 0.0029296875
0 0.24156638390215032 0.85888671875 0.0009863878477017164 0.00390625
0 0.1515584927993687 0.8583984375 0.0022686920497139475 0.0029296875
0 0.22509370684553165 0.85693359375 0.0017754981258630894 0.00390625
0 0.40106529887551784 0.85546875 0.0019727756954034327 0.001953125
0 0.2562635628329059 0.855712890625 0.001578220556322746 0.00244140625
0 0.14662655356086013 0.855712890625 0.001085026632471888 0.00244140625
0 0.42296310909449597 0.855224609375 0.0011836654172420597 0.00244140625
0 0.34227658315249554 0.855712890625 0.0017754981258630894 0.00341796875
0 0.20605642138488853 0.855712890625 0.002170053264943776 0.00341796875
0 0.40732886170842375 0.8544921875 0.0012823042020122311 0.001953125
0 0.3284671532846715 0.856201171875 0.0027618859735648055 0.00537109375
0 0.1443085421187611 0.85400390625 0.0009863878477017164 0.001953125
0 0.16561451962911816 0.853515625 0.0009863878477017164 0.0029296875
0 0.38163345827579404 0.85302734375 0.0017754981258630894 0.0029296875
0 0.2969027421582166 0.853271484375 0.0019727756954034327 0.00439453125
0 0.2735253501676859 0.853271484375 0.0025646084040244622 0.00439453125
0 0.16403629907279543 0.85205078125 0.0009863878477017164 0.00390625
0 0.1822351548628921 0.850830078125 0.0008877490629315447 0.00244140625
0 0.19525547445255476 0.851318359375 0.002663247188794634 0.00439453125
0 0.3258039060958769 0.850830078125 0.001578220556322746 0.00439453125
0 0.31233971197474847 0.849609375 0.0016768593410929177 0.001953125
0 0.18800552377194713 0.85009765625 0.0019727756954034327 0.0029296875
0 0.30129216808048925 0.853271484375 0.004636022884198066 0.01123046875
0 0.26469717893075556 0.849365234375 0.001085026632471888 0.00341796875
0 0.4953146577234169 0.8486328125 0.0012823042020122311 0.00390625
0 0.49886565397514304 0.84814453125 0.002663247188794634 0.005859375
0 0.24141842572499506 0.845947265625 0.0014795817715525744 0.00341796875
0 0.28077530084829355 0.8466796875 0.0014795817715525744 0.005859375
0 0.2735253501676859 0.845703125 0.002170053264943776 0.00390625
0 0.2628723614125074 0.845458984375 0.0013809429867824028 0.00341796875
0 0.2686920497139475 0.8447265625 0.0011836654172420597 0.0029296875
0 0.2659794831327678 0.847412109375 0.0028605247583349774 0.00830078125
0 0.17799368711777472 0.844482421875 0.001085026632471888 0.00244140625
0 0.19624186230025645 0.84375 0.0016768593410929177 0.001953125
0 0.3400572104951667 0.84521484375 0.00424146774511738 0.005859375
0 0.2619846123495759 0.84375 0.0009863878477017164 0.0029296875
0 0.2983823239297692 0.843017578125 0.0013809429867824028 0.00244140625
0 0.28713750246596964 0.844482421875 0.001578220556322746 0.00537109375
0 0.2357960149930953 0.8427734375 0.0008877490629315447 0.001953125
0 0.46444071809035314 0.84228515625 0.0008877490629315447 0.001953125
0 0.29261195502071413 0.84326171875 0.001085026632471888 0.00390625
0 0.2596172815150917 0.843505859375 0.0023673308344841193 0.00439453125
0 0.19012625764450583 0.841796875 0.001085026632471888 0.001953125
0 0.16211284276977708 0.842041015625 0.0012823042020122311 0.00244140625
0 0.29458473071611757 0.841064453125 0.0008877490629315447 0.00244140625
0 0.20600710199250344 0.841064453125 0.0012823042020122311 0.00244140625
0 0.3938646675872953 0.841064453125 0.0011836654172420597 0.00341796875
0 0.3733478003550996 0.840576171875 0.0017754981258630894 0.00341796875
0 0.45003945551390806 0.840576171875 0.002663247188794634 0.00439453125
0 0.3386762675083843 0.83935546875 0.0008877490629315447 0.001953125
0 0.20280134148747286 0.84033203125 0.0019727756954034327 0.00390625
0 0.19796804103373447 0.83935546875 0.0011836654172420597 0.001953125
0 0.4854014598540146 0.83935546875 0.0009863878477017164 0.0029296875
0 0.3466660090747682 0.83837890625 0.001085026632471888 0.001953125
0 0.34193134740579995 0.838623046875 0.0008877490629315447 0.00244140625
0 0.27007299270072993 0.836181640625 0.001578220556322746 0.00341796875
0 0.21996449003748275 0.836181640625 0.002959163543105149 0.00341796875
0 0.11284276977707634 0.835693359375 0.0019727756954034327 0.00244140625
0 0.319540343262971 0.8349609375 0.0016768593410929177 0.001953125
0 0.4548727559676465 0.8349609375 0.002663247188794634 0.0029296875
0 0.30898599329256266 0.8349609375 0.0008877490629315447 0.0029296875
0 0.20640165713158415 0.83447265625 0.0008877490629315447 0.001953125
0 0.1244821463799566 0.835205078125 0.001578220556322746 0.00341796875
0 0.3976622608009469 0.833740234375 0.0014795817715525744 0.00244140625
0 0.33117971986585126 0.833740234375 0.002663247188794634 0.00341796875
0 0.21616689682383114 0.833251953125 0.0036496350364963502 0.00439453125
0 0.46463799565989344 0.831787109375 0.002663247188794634 0.00244140625
0 0.20220950877885185 0.83154296875 0.0013809429867824028 0.0029296875
0 0.3496744920102584 0.831298828125 0.0027618859735648055 0.00341796875
0 0.2834385480370882 0.830810546875 0.001085026632471888 0.00439453125
0 0.20516867232195699 0.830078125 0.001578220556322746 0.0029296875
0 0.22267705661866247 0.8291015625 0.0008877490629315447 0.001953125
0 0.33113040047346615 0.82958984375 0.0011836654172420597 0.00390625
0 0.13365555336358256 0.82861328125 0.001578220556322746 0.001953125
0 0.21503255079897415 0.828125 0.0009863878477017164 0.001953125
0 0.1648747287433419 0.827880859375 0.0012823042020122311 0.00341796875
0 0.4686821858354705 0.826904296875 0.001085026632471888 0.00244140625
0 0.5554349970408364 0.8271484375 0.0019727756954034327 0.00390625
0 0.24881633458275795 0.826416015625 0.001874136910633261 0.00244140625
0 0.2399881633458276 0.825927734375 0.001578220556322746 0.00244140625
0 0.26445058196883015 0.825927734375 0.0013809429867824028 0.00341796875
0 0.16739001775498125 0.824951171875 0.0009863878477017164 0.00341796875
0 0.22884198066679817 0.823974609375 0.0009863878477017164 0.00244140625
0 0.20936082067468928 0.824462890625 0.002071414480173604 0.00341796875
0 0.5497632669165516 0.82373046875 0.001085026632471888 0.0029296875
0 0.3334484119155652 0.823974609375 0.002663247188794634 0.00341796875
0 0.2906391793253107 0.82373046875 0.001085026632471888 0.0029296875
0 0.2670645097652397 0.82470703125 0.0012823042020122311 0.0048828125
0 0.2875320576050503 0.823486328125 0.0011836654172420597 0.00341796875
0 0.543696981653186 0.822265625 0.0011836654172420597 0.001953125
0 0.354014598540146 0.822509765625 0.0011836654172420597 0.00244140625
0 0.20595778260011838 0.82275390625 0.0019727756954034327 0.0029296875
0 0.18874531465772343 0.82177734375 0.001085026632471888 0.001953125
0 0.12241073189978299 0.821533203125 0.0013809429867824028 0.00244140625
0 0.12024067863483921 0.82177734375 0.002170053264943776 0.00390625
0 0.19323337936476623 0.820556640625 0.0019727756954034327 0.00244140625
0 0.17242059577826002 0.8203125 0.0017754981258630894 0.001953125
0 0.2958177155257447 0.8203125 0.0011836654172420597 0.0029296875
0 0.1975734858946538 0.81982421875 0.0013809429867824028 0.001953125
0 0.18465180508976128 0.820068359375 0.001578220556322746 0.00244140625
0 0.4349970408364569 0.82080078125 0.004142828960347208 0.005859375
0 0.20955809824422963 0.81884765625 0.0014795817715525744 0.0029296875
0 0.38395146971789307 0.818115234375 0.001874136910633261 0.00244140625
0 0.1828763069638982 0.818359375 0.002170053264943776 0.0048828125
0 0.3821266521996449 0.816650390625 0.000789110278161373 0.00244140625
0 0.22484710988360623 0.81640625 0.001085026632471888 0.001953125
0 0.23293549023476032 0.81640625 0.0012823042020122311 0.00390625
0 0.17222331820871967 0.81591796875 0.0011836654172420597 0.0029296875
0 0.24837246005129215 0.8154296875 0.0011836654172420597 0.0029296875
0 0.1881534819491024 0.815185546875 0.0008877490629315447 0.00244140625
0 0.23480962714539358 0.814453125 0.001085026632471888 0.001953125
0 0.2236634444663642 0.814697265625 0.0008877490629315447 0.00244140625
0 0.6079601499309528 0.814697265625 0.0022686920497139475 0.00341796875
0 0.2200138094298678 0.813720703125 0.0016768593410929177 0.00244140625
0 0.135628329058986 0.8134765625 0.0023673308344841193 0.0029296875
0 0.36688695995265336 0.81298828125 0.001085026632471888 0.0029296875
0 0.312635628329059 0.812744140625 0.0016768593410929177 0.00244140625
0 0.17463996843558888 0.81298828125 0.0012823042020122311 0.0029296875
0 0.3185046360228842 0.812255859375 0.0011836654172420597 0.00244140625
0 0.4336160978496745 0.811767578125 0.0033537186821858355 0.00244140625
0 0.2940422173998816 0.8125 0.0017754981258630894 0.0048828125
0 0.2805780232787532 0.810546875 0.0014795817715525744 0.001953125
0 0.3431643322154271 0.809814453125 0.0011836654172420597 0.00244140625
0 0.3132767804300651 0.80908203125 0.0017754981258630894 0.0029296875
0 0.2963109094495956 0.8095703125 0.0013809429867824028 0.00390625
0 0.29132965081870194 0.808349609375 0.0008877490629315447 0.00244140625
0 0.4443677253896232 0.808349609375 0.0025646084040244622 0.00341796875
0 0.3897218386269481 0.807861328125 0.0011836654172420597 0.00244140625
0 0.16980666798185046 0.806884765625 0.002465969619254291 0.00244140625
0 0.22484710988360623 0.80615234375 0.0006904714933912014 0.001953125
0 0.2051193529295719 0.80615234375 0.0006904714933912014 0.001953125
0 0.2065002959163543 0.8056640625 0.0006904714933912014 0.001953125
0 0.14924048135726967 0.805419921875 0.0011836654172420597 0.00244140625
0 0.6343460248569738 0.804931640625 0.0013809429867824028 0.00244140625
0 0.33857762872361413 0.8046875 0.0014795817715525744 0.0029296875
0 0.21429275991319788 0.804443359375 0.001085026632471888 0.00244140625
0 0.6319293746301046 0.80419921875 0.001874136910633261 0.0029296875
0 0.45359045176563423 0.803955078125 0.0012823042020122311 0.00244140625
0 0.33675281120536593 0.80419921875 0.0011836654172420597 0.0029296875
0 0.2801341487472874 0.803955078125 0.0009863878477017164 0.00244140625
0 0.1456894851055435 0.80419921875 0.001578220556322746 0.0029296875
0 0.09858946537778654 0.803955078125 0.0008877490629315447 0.00244140625
0 0.6299565989347011 0.80322265625 0.0008877490629315447 0.001953125
0 0.5965673702899981 0.8037109375 0.0023673308344841193 0.00390625
0 0.47918721641349377 0.802734375 0.0011836654172420597 0.0029296875
0 0.5088774906293154 0.802490234375 0.0011836654172420597 0.00341796875
0 0.28491812980864073 0.802001953125 0.0012823042020122311 0.00439453125
0 0.14406194515683568 0.80126953125 0.0008877490629315447 0.0029296875
0 0.3223515486289209 0.80126953125 0.0025646084040244622 0.00390625
0 0.30306766620635234 0.80029296875 0.001085026632471888 0.001953125
0 0.16260603669362794 0.80029296875 0.0008877490629315447 0.001953125
0 0.5479877687906884 0.80029296875 0.0008877490629315447 0.0029296875
0 0.6554054054054054 0.7998046875 0.001085026632471888 0.0029296875
0 0.15308739396330637 0.7998046875 0.001578220556322746 0.0029296875
0 0.10021700532649437 0.79833984375 0.0011836654172420597 0.0029296875
0 0.7019629118169264 0.79736328125 0.0008877490629315447 0.001953125
0 0.21320773328072598 0.798095703125 0.0008877490629315447 0.00341796875
0 0.13641743933714737 0.79736328125 0.0013809429867824028 0.0029296875
0 0.3066679818504636 0.79736328125 0.002170053264943776 0.00390625
0 0.12581376997435392 0.796875 0.004044190175577037 0.00390625
0 0.3134740579996054 0.795654296875 0.001578220556322746 0.00244140625
0 0.2920694417044782 0.79345703125 0.0011836654172420597 0.001953125
0 0.3281219175379759 0.794189453125 0.002071414480173604 0.00439453125
0 0.09183270862102978 0.791748046875 0.001578220556322746 0.00439453125
0 0.5760505030578024 0.789794921875 0.001578220556322746 0.00244140625
0 0.5314164529492996 0.79052734375 0.0038469126060366936 0.0048828125
0 0.09405208127835865 0.788818359375 0.0008877490629315447 0.00244140625
0 0.1839613335963701 0.78564453125 0.0013809429867824028 0.0029296875
0 0.17296310909449594 0.7861328125 0.001874136910633261 0.00390625
0 0.23895245610574078 0.782470703125 0.0006904714933912014 0.00244140625
0 0.3087393963306372 0.781494140625 0.0005918327086210298 0.00244140625
0 0.23308344841191556 0.779296875 0.0009863878477017164 0.001953125
0 0.3818307358453344 0.77783203125 0.0017754981258630894 0.0029296875
0 0.4458966265535609 0.767333984375 0.001085026632471888 0.00244140625
0 0.3595383704872756 0.76708984375 0.0011836654172420597 0.001953125
0 0.3560860130203196 0.766357421875 0.001578220556322746 0.00244140625
0 0.19969421976721247 0.76611328125 0.0008877490629315447 0.001953125
0 0.1832215427105938 0.76513671875 0.0014795817715525744 0.001953125
0 0.17740185440915368 0.765869140625 0.0014795817715525744 0.00341796875
0 0.42651410534622214 0.764404296875 0.0009863878477017164 0.00244140625
0 0.4441211284276978 0.76416015625 0.0016768593410929177 0.0029296875
0 0.4416058394160584 0.763916015625 0.0013809429867824028 0.00341796875
0 0.32383113040047345 0.763671875 0.0011836654172420597 0.0029296875
0 0.3403531268494772 0.763427734375 0.0012823042020122311 0.00341796875
0 0.29566975734858947 0.761962890625 0.0008877490629315447 0.00244140625
0 0.39845137107910833 0.76123046875 0.0012823042020122311 0.001953125
0 0.2969027421582166 0.7607421875 0.0013809429867824028 0.0029296875
0 0.39159597553758135 0.759765625 0.0023673308344841193 0.0029296875
0 0.4309035312684948 0.758544921875 0.0008877490629315447 0.00341796875
0 0.23604261195502071 0.754638671875 0.001578220556322746 0.00341796875
0 0.2603077530084829 0.753662109375 0.000789110278161373 0.00244140625
0 0.3090353126849477 0.7509765625 0.0009863878477017164 0.001953125
0 0.3494772144407181 0.751708984375 0.0019727756954034327 0.00439453125
0 0.3045472479779049 0.74951171875 0.0008877490629315447 0.001953125
0 0.4197080291970803 0.7490234375 0.0011836654172420597 0.001953125
0 0.7057605050305781 0.74853515625 0.002959163543105149 0.001953125
0 0.4274018544091537 0.74658203125 0.003156441112645492 0.0029296875
0 0.21646281317814164 0.738037109375 0.001085026632471888 0.00244140625
0 0.43085421187610967 0.7373046875 0.0011836654172420597 0.001953125
0 0.3355691457881239 0.736572265625 0.0009863878477017164 0.00244140625
0 0.386762675083843 0.736083984375 0.0005918327086210298 0.00244140625
0 0.6110179522588282 0.73388671875 0.0008877490629315447 0.001953125
0 0.5762477806273427 0.73388671875 0.000789110278161373 0.001953125
0 0.4274018544091537 0.73388671875 0.0009863878477017164 0.001953125
0 0.4030380745709213 0.7333984375 0.0011836654172420597 0.001953125
0 0.4124580785164727 0.72705078125 0.002465969619254291 0.0029296875
0 0.32388044979285857 0.72802734375 0.002071414480173604 0.0048828125
0 0.24388439534424936 0.725830078125 0.0022686920497139475 0.00439453125
0 0.36017952258828173 0.723876953125 0.0006904714933912014 0.00244140625
0 0.3284671532846715 0.723876953125 0.0009863878477017164 0.00244140625
0 0.6242355494180312 0.72314453125 0.0030578023278753207 0.001953125
0 0.6567370289998027 0.72265625 0.0017754981258630894 0.0029296875
0 0.36629512724403235 0.720703125 0.0014795817715525744 0.001953125
0 0.36037680015782203 0.716064453125 0.0012823042020122311 0.00244140625
0 0.7134543302426514 0.715087890625 0.0017754981258630894 0.00244140625
0 0.19303610179522587 0.711669921875 0.0013809429867824028 0.00244140625
0 0.3773919905306767 0.7080078125 0.001578220556322746 0.001953125
0 0.39317419609390414 0.705810546875 0.0011836654172420597 0.00244140625
0 0.321266521996449 0.702880859375 0.0009863878477017164 0.00244140625
0 0.6637403827184849 0.7021484375 0.0011836654172420597 0.0029296875
0 0.6478102189781022 0.701416015625 0.0012823042020122311 0.00244140625
0 0.4449595580982442 0.696533203125 0.0011836654172420597 0.00341796875
0 0.43795620437956206 0.6943359375 0.0019727756954034327 0.0029296875
0 0.43336950088774906 0.693603515625 0.0014795817715525744 0.00244140625
0 0.25162753994870785 0.69189453125 0.0009863878477017164 0.0029296875
0 0.6589070822647465 0.691162109375 0.0009863878477017164 0.00244140625
0 0.6570822647464983 0.69091796875 0.001085026632471888 0.001953125
0 0.24432826987571513 0.691162109375 0.000789110278161373 0.00244140625
0 0.4370191359242454 0.68603515625 0.0022686920497139475 0.0029296875
0 0.42483724600512923 0.68603515625 0.0023673308344841193 0.0029296875
0 0.4570428092325903 0.682861328125 0.001085026632471888 0.00244140625
0 0.6390313671335569 0.68115234375 0.0012823042020122311 0.001953125
0 0.4203491812980864 0.676513671875 0.0008877490629315447 0.00244140625
