0 0.3605247583349773 0.9990234375 0.000789110278161373 0.001953125
0 0.6560958768987966 0.998779296875 0.002663247188794634 0.00244140625
0 0.5822154271059381 0.998779296875 0.001874136910633261 0.00244140625
0 0.6895837443282699 0.99853515625 0.0019727756954034327 0.0029296875
0 0.1063819293746301 0.997314453125 0.0014795817715525744 0.00341796875
0 0.3890313671335569 0.99755859375 0.005326494377589268 0.0048828125
0 0.1328664430854212 0.99755859375 0.0023673308344841193 0.0048828125
0 0.11190570132175971 0.997314453125 0.00483330045373841 0.00537109375
0 0.6587591240875912 0.995849609375 0.002663247188794634 0.00341796875
0 0.18864667587295325 0.9970703125 0.002465969619254291 0.005859375
0 0.6734069836259617 0.994873046875 0.0013809429867824028 0.00244140625
0 0.17365358058788716 0.99658203125 0.005030578023278753 0.0068359375
0 0.15456697573485895 0.9951171875 0.002170053264943776 0.00390625
0 0.7282994673505623 0.995849609375 0.00483330045373841 0.00634765625
0 0.7210495166699546 0.99560546875 0.005326494377589268 0.005859375
0 0.41812980864075755 0.996337890625 0.007101992503452358 0.00732421875
0 0.39692246991517066 0.9951171875 0.0027618859735648055 0.0048828125
0 0.1171828763069639 0.99462890625 0.001578220556322746 0.00390625
0 0.0928190964687315 0.996337890625 0.004340106529887552 0.00732421875
0 0.5854211876109686 0.99609375 0.004142828960347208 0.0078125
0 0.1648254093509568 0.99609375 0.005918327086210298 0.0078125
0 0.5603176168869599 0.992919921875 0.001874136910633261 0.00341796875
0 0.13848885381732098 0.99365234375 0.0027618859735648055 0.0048828125
0 0.6619155652002368 0.9921875 0.001085026632471888 0.0029296875
0 0.5915861116591044 0.993896484375 0.004636022884198066 0.00634765625
0 0.16911619648845927 0.994384765625 0.0028605247583349774 0.00927734375
0 0.6193036101795226 0.99462890625 0.010948905109489052 0.0107421875
0 0.11836654172420595 0.992431640625 0.003748273821266522 0.00634765625
0 0.10505030578023279 0.990478515625 0.0013809429867824028 0.00341796875
0 0.09656737028999803 0.98974609375 0.000789110278161373 0.001953125
0 0.3840994278950483 0.991455078125 0.004340106529887552 0.00634765625
0 0.38296508187019135 0.98974609375 0.0012823042020122311 0.00390625
0 0.09982245018741369 0.989990234375 0.0051292168080489245 0.00439453125
0 0.6521996449003749 0.990478515625 0.0039455513908068654 0.00830078125
0 0.3932728348786743 0.98828125 0.0019727756954034327 0.0048828125
0 0.16319786940224895 0.988037109375 0.002465969619254291 0.00439453125
0 0.5223910041428289 0.984375 0.0025646084040244622 0.0029296875
0 0.3812389031367134 0.985595703125 0.0023673308344841193 0.00537109375
0 0.17123693036101795 0.986328125 0.004931939238508582 0.0087890625
0 0.2381633458275794 0.9833984375 0.003452357466956007 0.0078125
0 0.38996843558887356 0.984619140625 0.0036496350364963502 0.01123046875
0 0.18627934503846913 0.982666015625 0.005227855592819097 0.00732421875
0 0.6504241467745118 0.98046875 0.004734661668968239 0.00390625
0 0.6884493983034129 0.979736328125 0.0022686920497139475 0.00341796875
0 0.39593608206746894 0.983642578125 0.006312882225290984 0.01123046875
0 0.10583941605839416 0.9814453125 0.005326494377589268 0.0068359375
0 0.1828269875715131 0.98193359375 0.007989741566383901 0.0087890625
0 0.09780035509962517 0.982177734375 0.009370684553166305 0.01025390625
0 0.40935095679621225 0.97705078125 0.001578220556322746 0.0029296875
0 0.12443282698757151 0.9765625 0.0012823042020122311 0.001953125
0 0.11900769382521208 0.976806640625 0.0014795817715525744 0.00439453125
0 0.6139277964095482 0.975830078125 0.008877490629315447 0.00634765625
0 0.18366541724205956 0.973876953125 0.004142828960347208 0.00341796875
0 0.15441901755770368 0.9755859375 0.013118958374432827 0.009765625
0 0.4099921088972184 0.9716796875 0.0012823042020122311 0.0029296875
0 0.3882915762477806 0.97607421875 0.003452357466956007 0.0126953125
0 0.3840007891102782 0.97119140625 0.0013809429867824028 0.0029296875
0 0.6899289800749655 0.97021484375 0.002663247188794634 0.0029296875
0 0.39105346222134546 0.971435546875 0.00424146774511738 0.00927734375
0 0.1592523180114421 0.969482421875 0.002465969619254291 0.00634765625
0 0.10879857960149932 0.968994140625 0.006904714933912014 0.00537109375
0 0.6376504241467745 0.967041015625 0.0014795817715525744 0.00439453125
0 0.6437660288025252 0.966552734375 0.005227855592819097 0.00537109375
0 0.185638192937463 0.96630859375 0.0033537186821858355 0.0048828125
0 0.3860228841980667 0.965087890625 0.0012823042020122311 0.00341796875
0 0.09641941211284277 0.964599609375 0.0012823042020122311 0.00244140625
0 0.09400276188597356 0.9658203125 0.003156441112645492 0.0048828125
0 0.36629512724403235 0.963623046875 0.0014795817715525744 0.00439453125
0 0.19007693825212074 0.96337890625 0.003156441112645492 0.005859375
0 0.1877589268100217 0.961181640625 0.0014795817715525744 0.00244140625
0 0.3792168080489248 0.961669921875 0.001085026632471888 0.00439453125
0 0.3874531465772342 0.9609375 0.002959163543105149 0.0048828125
0 0.13809429867824027 0.964111328125 0.008285657920694417 0.01513671875
0 0.19560071019925035 0.95654296875 0.0017754981258630894 0.0029296875
0 0.4061451962911817 0.961669921875 0.00897612941408562 0.01416015625
0 0.7315052278555928 0.95458984375 0.0027618859735648055 0.0029296875
0 0.3912014203985007 0.95458984375 0.003156441112645492 0.00390625
0 0.34627145393568753 0.954833984375 0.001874136910633261 0.00439453125
0 0.3299960544486092 0.953369140625 0.0016768593410929177 0.00341796875
0 0.36989544288814363 0.953125 0.004537384099427895 0.00390625
0 0.10001972775695403 0.95361328125 0.0027618859735648055 0.0048828125
0 0.3751232984809627 0.9521484375 0.004537384099427895 0.0048828125
0 0.09474255277174985 0.953857421875 0.0038469126060366936 0.01025390625
0 0.3856776484513711 0.94873046875 0.001578220556322746 0.0029296875
0 0.38044979285855196 0.94921875 0.004537384099427895 0.0068359375
0 0.36772538962319984 0.948486328125 0.0051292168080489245 0.00537109375
0 0.37951272440323536 0.94580078125 0.002071414480173604 0.001953125
0 0.37541921483527324 0.94580078125 0.001578220556322746 0.0029296875
0 0.32950286052475836 0.94677734375 0.0044387453146577235 0.0048828125
0 0.15072006312882225 0.9462890625 0.004537384099427895 0.00390625
0 0.13543105148944565 0.946044921875 0.0023673308344841193 0.00341796875
0 0.37196685736831725 0.945556640625 0.0023673308344841193 0.00537109375
0 0.11111659104359835 0.943359375 0.0028605247583349774 0.00390625
0 0.7133556914578812 0.94140625 0.0009863878477017164 0.001953125
0 0.09893470112448215 0.94189453125 0.002170053264943776 0.0029296875
0 0.13927796409548235 0.943359375 0.004734661668968239 0.0087890625
0 0.35179522588281714 0.9384765625 0.0012823042020122311 0.001953125
0 0.12985796014993095 0.94091796875 0.0028605247583349774 0.0068359375
0 0.3441507200631288 0.93798828125 0.0011836654172420597 0.001953125
0 0.1050009863878477 0.9384765625 0.0008877490629315447 0.0029296875
0 0.30405405405405406 0.937255859375 0.0008877490629315447 0.00244140625
0 0.14687315052278557 0.937744140625 0.0017754981258630894 0.00341796875
0 0.13089366739001776 0.93798828125 0.0025646084040244622 0.0068359375
0 0.10228841980666799 0.9365234375 0.002170053264943776 0.00390625
0 0.09661668968238311 0.936767578125 0.0038469126060366936 0.00439453125
0 0.35657920694417045 0.938720703125 0.002959163543105149 0.00927734375
0 0.14090550404419017 0.938720703125 0.007200631288222529 0.01025390625
0 0.1265535608601302 0.93701171875 0.003748273821266522 0.0087890625
0 0.09242454132965082 0.938720703125 0.005721049516669955 0.01318359375
0 0.38286644308542117 0.93798828125 0.007989741566383901 0.013671875
0 0.18386269481159992 0.932373046875 0.0009863878477017164 0.00244140625
0 0.1237916748865654 0.931640625 0.0019727756954034327 0.0029296875
0 0.38888340895640167 0.931884765625 0.00424146774511738 0.00732421875
0 0.10539554152692839 0.9306640625 0.001874136910633261 0.0048828125
0 0.7137009272045768 0.9306640625 0.0038469126060366936 0.005859375
0 0.17898007496547644 0.93017578125 0.003452357466956007 0.0048828125
0 0.11945156835667785 0.92822265625 0.0013809429867824028 0.0029296875
0 0.7307161175774315 0.927734375 0.003156441112645492 0.0029296875
0 0.3309824422963109 0.927978515625 0.0014795817715525744 0.00341796875
0 0.1494870783191951 0.92919921875 0.003452357466956007 0.0068359375
0 0.14647859538370486 0.92919921875 0.0039455513908068654 0.0078125
0 0.39342079305582955 0.927001953125 0.00542513316235944 0.00634765625
0 0.4019530479384494 0.92626953125 0.006510159794831328 0.005859375
0 0.7188794634050109 0.925048828125 0.006904714933912014 0.00439453125
0 0.3158413888340896 0.924560546875 0.0027618859735648055 0.00537109375
0 0.38607220359045175 0.922607421875 0.0027618859735648055 0.00537109375
0 0.16605839416058393 0.925048828125 0.003255079897415664 0.01025390625
0 0.14697178930755572 0.922607421875 0.0025646084040244622 0.00537109375
0 0.14282896034720852 0.925048828125 0.004340106529887552 0.01025390625
0 0.6856875123298481 0.921875 0.0014795817715525744 0.0048828125
0 0.3831623594397317 0.9228515625 0.004044190175577037 0.0068359375
0 0.2888636811994476 0.9208984375 0.0022686920497139475 0.0029296875
0 0.13710791083053855 0.919677734375 0.0013809429867824028 0.00244140625
0 0.40382718484908264 0.919677734375 0.0025646084040244622 0.00341796875
0 0.10731899782994674 0.919921875 0.003748273821266522 0.005859375
0 0.7255375813769974 0.91748046875 0.003255079897415664 0.00390625
0 0.38261984612349575 0.916748046875 0.004142828960347208 0.00341796875
0 0.1304004734661669 0.9140625 0.000789110278161373 0.001953125
0 0.36846518050897614 0.920166015625 0.005227855592819097 0.01611328125
0 0.15486289208916945 0.91357421875 0.0013809429867824028 0.00390625
0 0.39268100217005325 0.91455078125 0.004142828960347208 0.0068359375
0 0.10307753008482935 0.914794921875 0.0039455513908068654 0.00830078125
0 0.0935095679621227 0.913818359375 0.005721049516669955 0.00732421875
0 0.1063819293746301 0.913330078125 0.002663247188794634 0.00830078125
0 0.27870388636811994 0.9111328125 0.0014795817715525744 0.0048828125
0 0.725290984415072 0.912109375 0.005918327086210298 0.0078125
0 0.38730518840007894 0.908935546875 0.002071414480173604 0.00244140625
0 0.10174590649043204 0.90869140625 0.002465969619254291 0.00390625
0 0.7024067863483922 0.906982421875 0.0011836654172420597 0.00341796875
0 0.39938843953442493 0.91162109375 0.007496547642533044 0.0126953125
0 0.3675281120536595 0.908935546875 0.005523771947129611 0.00732421875
0 0.17927599131978694 0.907958984375 0.002071414480173604 0.00537109375
0 0.09883606233971197 0.90771484375 0.0013809429867824028 0.0048828125
0 0.34124087591240876 0.904296875 0.001874136910633261 0.001953125
0 0.39268100217005325 0.9052734375 0.004142828960347208 0.0048828125
0 0.10475438942592227 0.90576171875 0.0039455513908068654 0.005859375
0 0.27248964292759914 0.904296875 0.0012823042020122311 0.00390625
0 0.18524363779838232 0.905029296875 0.004340106529887552 0.00634765625
0 0.7313572696784376 0.902587890625 0.003255079897415664 0.00341796875
0 0.12112842769777077 0.903076171875 0.0011836654172420597 0.00439453125
0 0.3431643322154271 0.90087890625 0.0009863878477017164 0.001953125
0 0.3755178536200434 0.90185546875 0.001578220556322746 0.0048828125
0 0.15219964490037483 0.90625 0.005918327086210298 0.013671875
0 0.09637009272045768 0.902099609375 0.002170053264943776 0.00732421875
0 0.6916058394160584 0.902099609375 0.003452357466956007 0.00830078125
0 0.3469619254290787 0.9013671875 0.0030578023278753207 0.0068359375
0 0.31830735845334385 0.8994140625 0.001578220556322746 0.00390625
0 0.1220654961530874 0.89892578125 0.002465969619254291 0.0029296875
0 0.10692444269086605 0.899169921875 0.0011836654172420597 0.00341796875
0 0.34937857565594793 0.898193359375 0.0013809429867824028 0.00341796875
0 0.3616591043598343 0.901123046875 0.0077924639968435586 0.01416015625
0 0.33882422568553955 0.898193359375 0.004931939238508582 0.00830078125
0 0.09464391398697967 0.8955078125 0.0016768593410929177 0.0029296875
0 0.5096666009074768 0.89501953125 0.0033537186821858355 0.0029296875
0 0.19668573683172225 0.89501953125 0.0011836654172420597 0.0029296875
0 0.41033734464391397 0.8974609375 0.008680213059775104 0.009765625
0 0.20507003353718684 0.8935546875 0.0019727756954034327 0.001953125
0 0.18065693430656934 0.895263671875 0.003452357466956007 0.00634765625
0 0.14199053067666206 0.89501953125 0.004044190175577037 0.005859375
0 0.3922864470309726 0.89208984375 0.0019727756954034327 0.0029296875
0 0.3164825409350957 0.890625 0.0016768593410929177 0.001953125
0 0.28985006904714933 0.890625 0.0030578023278753207 0.0048828125
0 0.10830538567764846 0.889892578125 0.0025646084040244622 0.00341796875
0 0.3960347208522391 0.890380859375 0.0025646084040244622 0.00537109375
0 0.14726770566186625 0.890625 0.005326494377589268 0.005859375
0 0.28590451765634245 0.888671875 0.0016768593410929177 0.0029296875
0 0.1585618465180509 0.889404296875 0.0012823042020122311 0.00439453125
0 0.09898402051686724 0.8896484375 0.0036496350364963502 0.0048828125
0 0.3707831919510752 0.88916015625 0.002959163543105149 0.0048828125
0 0.7061057407772736 0.8896484375 0.005819688301440126 0.0068359375
0 0.3865160781219175 0.889404296875 0.011146182679029394 0.00732421875
0 0.13498717695797988 0.887939453125 0.004636022884198066 0.00537109375
0 0.097701716314855 0.88671875 0.001085026632471888 0.0029296875
0 0.4100414282896035 0.885986328125 0.0011836654172420597 0.00244140625
0 0.12053659498914973 0.8857421875 0.004734661668968239 0.005859375
0 0.39292759913197867 0.884765625 0.001874136910633261 0.0048828125
0 0.3063720654961531 0.88330078125 0.0009863878477017164 0.001953125
0 0.1592523180114421 0.884033203125 0.001874136910633261 0.00341796875
0 0.37088183073584535 0.8828125 0.005721049516669955 0.0048828125
0 0.28437561649240484 0.882080078125 0.001578220556322746 0.00341796875
0 0.09346024856973761 0.883544921875 0.005030578023278753 0.00634765625
0 0.6920990333399093 0.88232421875 0.002465969619254291 0.0048828125
0 0.14332215427105938 0.88232421875 0.003156441112645492 0.0048828125
0 0.1359242454132965 0.8818359375 0.003550996251726179 0.0048828125
0 0.3497731307950286 0.8837890625 0.0027618859735648055 0.009765625
0 0.2705168672321957 0.880859375 0.0016768593410929177 0.00390625
0 0.36377983823239296 0.88232421875 0.006510159794831328 0.0078125
0 0.11945156835667785 0.880126953125 0.0019727756954034327 0.00341796875
0 0.49950680607614917 0.878662109375 0.002170053264943776 0.00244140625
0 0.17898007496547644 0.87744140625 0.0008877490629315447 0.001953125
0 0.12216413493785756 0.87939453125 0.0016768593410929177 0.005859375
0 0.13276780430065102 0.877685546875 0.0019727756954034327 0.00341796875
0 0.10726967843756165 0.877685546875 0.00424146774511738 0.00341796875
0 0.1554054054054054 0.879638671875 0.004636022884198066 0.00830078125
0 0.23480962714539358 0.87890625 0.0022686920497139475 0.0087890625
0 0.17661274413099232 0.876953125 0.0030578023278753207 0.0048828125
0 0.7322450187413692 0.87548828125 0.001085026632471888 0.0029296875
0 0.2691852436377984 0.8759765625 0.0017754981258630894 0.00390625
0 0.14342079305582955 0.87646484375 0.0039455513908068654 0.0048828125
0 0.6967350562241074 0.875732421875 0.0044387453146577235 0.00439453125
0 0.345975537581377 0.875244140625 0.001085026632471888 0.00341796875
0 0.7280528703886369 0.876220703125 0.006707437364371671 0.00634765625
0 0.27140461629512724 0.874755859375 0.0016768593410929177 0.00341796875
0 0.2353521404616295 0.87353515625 0.0011836654172420597 0.001953125
0 0.3664430854211876 0.874267578125 0.0013809429867824028 0.00439453125
0 0.35061156046557507 0.87451171875 0.0012823042020122311 0.0048828125
0 0.6889425922272637 0.874755859375 0.007989741566383901 0.00634765625
0 0.3483428684158611 0.873046875 0.0016768593410929177 0.0029296875
0 0.13266916551588084 0.873046875 0.002959163543105149 0.0029296875
0 0.10648056815940028 0.873291015625 0.0030578023278753207 0.00341796875
0 0.10214046162951272 0.87451171875 0.0036496350364963502 0.005859375
0 0.3323140658907082 0.8720703125 0.0017754981258630894 0.001953125
0 0.2676563424738607 0.8720703125 0.0012823042020122311 0.001953125
0 0.18909055040441902 0.87451171875 0.004537384099427895 0.0068359375
0 0.1370585914381535 0.8720703125 0.0008877490629315447 0.001953125
0 0.3636811994476228 0.872314453125 0.0023673308344841193 0.00439453125
0 0.7062043795620438 0.871337890625 0.0044387453146577235 0.00439453125
0 0.3863681199447623 0.873779296875 0.008680213059775104 0.00927734375
0 0.12477806273426711 0.872314453125 0.004340106529887552 0.00634765625
0 0.37157230222923654 0.870849609375 0.0033537186821858355 0.00439453125
0 0.3591438153481949 0.872802734375 0.005918327086210298 0.00830078125
0 0.09706056421384888 0.870849609375 0.004537384099427895 0.00439453125
0 0.3794140856184652 0.8701171875 0.0012823042020122311 0.00390625
0 0.33043992898007496 0.869140625 0.000789110278161373 0.001953125
0 0.11668968238311304 0.871826171875 0.0051292168080489245 0.00732421875
0 0.3989938843953442 0.87451171875 0.005523771947129611 0.013671875
0 0.36422371276385873 0.869384765625 0.001874136910633261 0.00341796875
0 0.25157822055632273 0.870361328125 0.0014795817715525744 0.00537109375
0 0.14139869796804103 0.869384765625 0.0012823042020122311 0.00341796875
0 0.41872164134937856 0.868896484375 0.001578220556322746 0.00341796875
0 0.3539652791477609 0.8701171875 0.0044387453146577235 0.005859375
0 0.25414282896034723 0.869384765625 0.003255079897415664 0.00439453125
0 0.16581179719865852 0.869873046875 0.004142828960347208 0.00537109375
0 0.15565200236733084 0.86865234375 0.003156441112645492 0.00390625
0 0.1171828763069639 0.867919921875 0.0011836654172420597 0.00244140625
0 0.15279147760899586 0.86767578125 0.0009863878477017164 0.0029296875
0 0.6742454132965082 0.8681640625 0.0030578023278753207 0.0048828125
0 0.1512625764450582 0.867431640625 0.001085026632471888 0.00341796875
0 0.7054645886762675 0.866455078125 0.006312882225290984 0.00341796875
0 0.3933221542710594 0.86865234375 0.004044190175577037 0.0078125
0 0.1384395344249359 0.8671875 0.003452357466956007 0.0048828125
0 0.10865062142434405 0.867431640625 0.00424146774511738 0.00537109375
0 0.6874136910633261 0.866943359375 0.0017754981258630894 0.00537109375
0 0.3891300059183271 0.8671875 0.0039455513908068654 0.005859375
0 0.5174097455119353 0.864990234375 0.0012823042020122311 0.00244140625
0 0.7272144407180904 0.8662109375 0.003255079897415664 0.005859375
0 0.144259222726376 0.865966796875 0.003255079897415664 0.00537109375
0 0.10066087985796016 0.8662109375 0.0030578023278753207 0.005859375
0 0.27066482540935094 0.866943359375 0.003748273821266522 0.00927734375
0 0.3567271651213257 0.86376953125 0.0014795817715525744 0.00390625
0 0.31317814164529495 0.863037109375 0.0011836654172420597 0.00244140625
0 0.1324718879463405 0.864501953125 0.0027618859735648055 0.00537109375
0 0.7229236535805879 0.8671875 0.009469323337936477 0.01171875
0 0.3671828763069639 0.8623046875 0.0012823042020122311 0.0029296875
0 0.3332511343460249 0.866943359375 0.005030578023278753 0.01220703125
0 0.3032649437758927 0.86181640625 0.0008877490629315447 0.001953125
0 0.12739199053067665 0.8642578125 0.00542513316235944 0.0068359375
0 0.3918425724995068 0.86181640625 0.00424146774511738 0.00390625
0 0.2537482738212665 0.861572265625 0.0044387453146577235 0.00634765625
0 0.18489840205168673 0.864013671875 0.004044190175577037 0.01123046875
0 0.10840402446241862 0.859375 0.003156441112645492 0.00390625
0 0.4016078121917538 0.862548828125 0.00542513316235944 0.01123046875
0 0.3703393174196094 0.861083984375 0.0038469126060366936 0.00927734375
0 0.346567370289998 0.858642578125 0.003255079897415664 0.00439453125
0 0.1516078121917538 0.8583984375 0.0017754981258630894 0.00390625
0 0.7166107713552969 0.860107421875 0.012625764450581969 0.00927734375
0 0.16285263365555336 0.858642578125 0.0019727756954034327 0.00634765625
0 0.15629315446833694 0.8603515625 0.00542513316235944 0.0107421875
0 0.11693627934503847 0.857177734375 0.005622410731899783 0.00537109375
0 0.10450779246399684 0.857177734375 0.002663247188794634 0.00537109375
0 0.27589268100217007 0.856201171875 0.0013809429867824028 0.00439453125
0 0.19594594594594594 0.85498046875 0.0008877490629315447 0.001953125
0 0.12172026040639179 0.859130859375 0.005326494377589268 0.01220703125
0 0.13695995265338332 0.853515625 0.0012823042020122311 0.001953125
0 0.24008680213059774 0.854248046875 0.002170053264943776 0.00439453125
0 0.41956007101992504 0.855712890625 0.0030578023278753207 0.00830078125
0 0.4002761885973565 0.852783203125 0.001578220556322746 0.00244140625
0 0.3824225685539554 0.85400390625 0.0025646084040244622 0.0048828125
0 0.5263365555336358 0.852294921875 0.0009863878477017164 0.00244140625
0 0.38922864470309726 0.854248046875 0.004142828960347208 0.00634765625
0 0.37601104754389425 0.852783203125 0.0019727756954034327 0.00439453125
0 0.2475340303807457 0.852783203125 0.0012823042020122311 0.00439453125
0 0.24156638390215032 0.851318359375 0.0009863878477017164 0.00146484375
0 0.19481159992108898 0.85205078125 0.0013809429867824028 0.0029296875
0 0.41788321167883213 0.851806640625 0.002663247188794634 0.00341796875
0 0.3706352337739199 0.852294921875 0.004636022884198066 0.00439453125
0 0.266078121917538 0.853271484375 0.002465969619254291 0.00634765625
0 0.3538666403629907 0.85400390625 0.0036496350364963502 0.0087890625
0 0.5253501676859341 0.85009765625 0.0013809429867824028 0.001953125
0 0.19910238705859143 0.850341796875 0.0016768593410929177 0.00244140625
0 0.21434207930558297 0.850341796875 0.0009863878477017164 0.00341796875
0 0.14307555730913396 0.855224609375 0.007595186427303216 0.01318359375
0 0.12739199053067665 0.850830078125 0.002465969619254291 0.00439453125
0 0.10283093312290392 0.85009765625 0.001085026632471888 0.0029296875
0 0.1804103373446439 0.8505859375 0.0033537186821858355 0.0048828125
0 0.14869796804103375 0.85009765625 0.0014795817715525744 0.00390625
0 0.11284276977707634 0.851806640625 0.003156441112645492 0.00732421875
0 0.6980666798185047 0.849853515625 0.0017754981258630894 0.00439453125
0 0.5187906884987177 0.849609375 0.00483330045373841 0.00390625
0 0.34676464785953837 0.850341796875 0.0028605247583349774 0.00634765625
0 0.1571315841388834 0.849365234375 0.003156441112645492 0.00439453125
0 0.3770467547839811 0.847900390625 0.003452357466956007 0.00244140625
0 0.0949398303412902 0.848388671875 0.0028605247583349774 0.00439453125
0 0.32634641941211284 0.848876953125 0.0028605247583349774 0.00634765625
0 0.31623594397317023 0.8466796875 0.0011836654172420597 0.001953125
0 0.1431741960939041 0.846435546875 0.0016768593410929177 0.00244140625
0 0.3236338528309331 0.847412109375 0.0019727756954034327 0.00537109375
0 0.31342473860722037 0.85107421875 0.005622410731899783 0.0126953125
0 0.12507397908857762 0.847412109375 0.0013809429867824028 0.00537109375
0 0.3668376405602683 0.848388671875 0.0025646084040244622 0.00830078125
0 0.14623199842177945 0.84716796875 0.0014795817715525744 0.005859375
0 0.11047543894259222 0.84619140625 0.0017754981258630894 0.00390625
0 0.3884395344249359 0.8466796875 0.0033537186821858355 0.005859375
0 0.33778851844545277 0.84521484375 0.0008877490629315447 0.0029296875
0 0.25665811797198657 0.844970703125 0.0011836654172420597 0.00244140625
0 0.1387354507792464 0.848876953125 0.0044387453146577235 0.01123046875
0 0.37112842769777077 0.843994140625 0.0012823042020122311 0.00244140625
0 0.1303511540737818 0.844970703125 0.002071414480173604 0.00439453125
0 0.11668968238311304 0.84423828125 0.0017754981258630894 0.0029296875
0 0.7159202998619058 0.84423828125 0.002170053264943776 0.00390625
0 0.21261590057210494 0.845458984375 0.0036496350364963502 0.00634765625
0 0.1540737818110081 0.844482421875 0.0027618859735648055 0.00439453125
0 0.34646873150522783 0.8447265625 0.001874136910633261 0.005859375
0 0.3300453738409943 0.8427734375 0.0013809429867824028 0.001953125
0 0.1567863483921878 0.8427734375 0.0006904714933912014 0.001953125
0 0.3942099033339909 0.8447265625 0.005819688301440126 0.0078125
0 0.3407476819885579 0.841796875 0.0012823042020122311 0.001953125
0 0.2100019727756954 0.845947265625 0.004142828960347208 0.01025390625
0 0.726425330439929 0.84326171875 0.005819688301440126 0.005859375
0 0.10445847307161175 0.843505859375 0.004340106529887552 0.00634765625
0 0.34306569343065696 0.84375 0.0025646084040244622 0.0078125
0 0.20403432629710003 0.8408203125 0.0028605247583349774 0.0029296875
0 0.36116591043598345 0.839599609375 0.001085026632471888 0.00244140625
0 0.33931741960939044 0.83935546875 0.0005918327086210298 0.001953125
0 0.4089564016571316 0.83935546875 0.0017754981258630894 0.0029296875
0 0.390215032550799 0.83984375 0.0019727756954034327 0.00390625
0 0.19555139080686526 0.83935546875 0.0016768593410929177 0.0029296875
0 0.38153481949102386 0.84130859375 0.002959163543105149 0.0078125
0 0.11072203590451765 0.83935546875 0.001085026632471888 0.00390625
0 0.7253896231998421 0.8388671875 0.004142828960347208 0.0048828125
0 0.7163641743933715 0.8388671875 0.00483330045373841 0.0048828125
0 0.3224501874136911 0.839111328125 0.004734661668968239 0.00537109375
0 0.42148352732294336 0.837646484375 0.0017754981258630894 0.00341796875
0 0.32817123693036104 0.837890625 0.002170053264943776 0.0048828125
0 0.32970013809429866 0.8369140625 0.003452357466956007 0.00390625
0 0.24940816729137896 0.83740234375 0.0012823042020122311 0.0048828125
0 0.24378575655947918 0.83642578125 0.001085026632471888 0.00390625
0 0.5393568751232984 0.8349609375 0.0013809429867824028 0.001953125
0 0.3566285263365555 0.8359375 0.005227855592819097 0.00390625
0 0.29231603866640365 0.83544921875 0.001085026632471888 0.00390625
0 0.2646478595383705 0.83447265625 0.000789110278161373 0.001953125
0 0.15111461826790293 0.840087890625 0.0039455513908068654 0.01318359375
0 0.1401163937660288 0.8369140625 0.005819688301440126 0.0078125
0 0.36945156835667786 0.835693359375 0.0028605247583349774 0.00634765625
0 0.36713355691457883 0.8369140625 0.003550996251726179 0.0087890625
0 0.1376997435391596 0.833984375 0.003156441112645492 0.0029296875
0 0.36003156441112644 0.833740234375 0.0009863878477017164 0.00341796875
0 0.2269678437561649 0.833740234375 0.0009863878477017164 0.00341796875
0 0.10934109291773525 0.83447265625 0.001874136910633261 0.0048828125
0 0.3943085421187611 0.83447265625 0.004636022884198066 0.005859375
0 0.34434799763266916 0.8359375 0.003156441112645492 0.0087890625
0 0.3129808640757546 0.834228515625 0.0013809429867824028 0.00537109375
0 0.37231209311501284 0.832275390625 0.0016768593410929177 0.00244140625
0 0.20186427303215623 0.83349609375 0.0014795817715525744 0.0048828125
0 0.16566383902150325 0.83203125 0.0016768593410929177 0.001953125
0 0.12300256460840403 0.835693359375 0.004734661668968239 0.00927734375
0 0.09114223712763858 0.83251953125 0.002170053264943776 0.0029296875
0 0.7309627145393569 0.83251953125 0.002663247188794634 0.00390625
0 0.35840402446241865 0.831787109375 0.0012823042020122311 0.00244140625
0 0.11259617281515091 0.833984375 0.0044387453146577235 0.0068359375
0 0.40599723811402644 0.83251953125 0.0019727756954034327 0.0048828125
0 0.30508976129414084 0.8330078125 0.002959163543105149 0.005859375
0 0.15634247386072203 0.833740234375 0.003550996251726179 0.00732421875
0 0.7267705661866246 0.83154296875 0.002959163543105149 0.00390625
0 0.7117774709015585 0.8310546875 0.003550996251726179 0.00390625
0 0.7026040639179325 0.831787109375 0.004340106529887552 0.00537109375
0 0.33463207733280725 0.83447265625 0.0044387453146577235 0.0107421875
0 0.11747879266127441 0.832763671875 0.0051292168080489245 0.00732421875
0 0.10648056815940028 0.83203125 0.002465969619254291 0.005859375
0 0.16181692641546655 0.83251953125 0.00542513316235944 0.0087890625
0 0.31278358650621424 0.82958984375 0.0017754981258630894 0.00390625
0 0.29744525547445255 0.82861328125 0.0022686920497139475 0.0029296875
0 0.261491418425725 0.831298828125 0.004142828960347208 0.00830078125
0 0.3400572104951667 0.8310546875 0.005030578023278753 0.0087890625
0 0.3302426514105346 0.829345703125 0.005523771947129611 0.00634765625
0 0.2667192740185441 0.8291015625 0.0033537186821858355 0.005859375
0 0.4940816729137897 0.82763671875 0.002959163543105149 0.005859375
0 0.3971690668770961 0.827392578125 0.002071414480173604 0.00537109375
0 0.28703886368119946 0.83203125 0.004142828960347208 0.015625
0 0.19777076346419412 0.825439453125 0.001578220556322746 0.00244140625
0 0.18608206746892877 0.829345703125 0.0038469126060366936 0.01025390625
0 0.38922864470309726 0.826904296875 0.004340106529887552 0.00634765625
0 0.3562832905898599 0.8251953125 0.0013809429867824028 0.0029296875
0 0.24363779838232394 0.825439453125 0.0017754981258630894 0.00341796875
0 0.17404813572696784 0.82666015625 0.004636022884198066 0.005859375
0 0.10983428684158611 0.826416015625 0.005030578023278753 0.00537109375
0 0.10228841980666799 0.827392578125 0.0051292168080489245 0.00732421875
0 0.3717695797987769 0.8251953125 0.0025646084040244622 0.00390625
0 0.39549220753600317 0.825439453125 0.002071414480173604 0.00537109375
0 0.2148845926218189 0.82666015625 0.00542513316235944 0.0078125
0 0.15210100611560465 0.82666015625 0.00848293549023476 0.0078125
0 0.7087196685736832 0.82421875 0.0013809429867824028 0.00390625
0 0.20778260011836655 0.824462890625 0.002465969619254291 0.00439453125
0 0.19599526533833103 0.823974609375 0.0011836654172420597 0.00341796875
0 0.14051094890510948 0.82568359375 0.005227855592819097 0.0068359375
0 0.14618267902939436 0.82421875 0.003156441112645492 0.0048828125
0 0.3872558690076938 0.82275390625 0.0017754981258630894 0.0029296875
0 0.22346616689682383 0.822265625 0.0014795817715525744 0.001953125
0 0.19012625764450583 0.82275390625 0.0012823042020122311 0.0029296875
0 0.22859538370487276 0.822265625 0.002071414480173604 0.0029296875
0 0.2706155060169659 0.822021484375 0.001874136910633261 0.00341796875
0 0.2416650226869205 0.822509765625 0.0011836654172420597 0.00439453125
0 0.12117774709015584 0.823486328125 0.0036496350364963502 0.00634765625
0 0.240234760307753 0.821044921875 0.0012823042020122311 0.00244140625
0 0.18213651607812192 0.824462890625 0.003452357466956007 0.00927734375
0 0.11747879266127441 0.821533203125 0.0027618859735648055 0.00341796875
0 0.569589662655356 0.822265625 0.0028605247583349774 0.005859375
0 0.2176464785953837 0.81982421875 0.0008877490629315447 0.001953125
0 0.16773525350167687 0.81982421875 0.0006904714933912014 0.001953125
0 0.36008088380351155 0.8203125 0.002663247188794634 0.00390625
0 0.3426218188991912 0.81982421875 0.0012823042020122311 0.0029296875
0 0.20433024265141053 0.820068359375 0.001085026632471888 0.00341796875
0 0.1884493983034129 0.82177734375 0.002465969619254291 0.0068359375
0 0.10741763661471691 0.81982421875 0.0013809429867824028 0.0029296875
0 0.3671828763069639 0.81982421875 0.0012823042020122311 0.00390625
0 0.32560662852633654 0.821533203125 0.0033537186821858355 0.00732421875
0 0.16635431051489447 0.819091796875 0.0012823042020122311 0.00244140625
0 0.5136614716906688 0.818603515625 0.001085026632471888 0.00244140625
0 0.4130005918327086 0.822998046875 0.0033537186821858355 0.01123046875
0 0.2963109094495956 0.81982421875 0.0023673308344841193 0.0048828125
0 0.16433221542710594 0.81982421875 0.0019727756954034327 0.0048828125
0 0.3282205563227461 0.818603515625 0.001085026632471888 0.00341796875
0 0.10288025251528901 0.818603515625 0.003550996251726179 0.00341796875
0 0.37566581179719866 0.819091796875 0.0016768593410929177 0.00537109375
0 0.36451962911816926 0.818359375 0.001085026632471888 0.00390625
0 0.23875517853620043 0.8173828125 0.001085026632471888 0.001953125
0 0.35682580390609586 0.817626953125 0.0030578023278753207 0.00439453125
0 0.3067173012428487 0.816162109375 0.0008877490629315447 0.00244140625
0 0.25675675675675674 0.81591796875 0.000789110278161373 0.001953125
0 0.33857762872361413 0.816650390625 0.002465969619254291 0.00439453125
0 0.14578812389031368 0.81591796875 0.000789110278161373 0.0029296875
0 0.5733872558690077 0.820068359375 0.0051292168080489245 0.01220703125
0 0.15915367922667192 0.818603515625 0.0030578023278753207 0.00927734375
0 0.14307555730913396 0.8173828125 0.00483330045373841 0.0068359375
0 0.382767804300651 0.8154296875 0.002071414480173604 0.00390625
0 0.348836062339712 0.81591796875 0.002465969619254291 0.0048828125
0 0.2475833497731308 0.8154296875 0.008877490629315447 0.0048828125
0 0.10889721838626948 0.814453125 0.004142828960347208 0.0029296875
0 0.7167587295324521 0.81494140625 0.0014795817715525744 0.0048828125
0 0.38715723022292364 0.81494140625 0.003156441112645492 0.0048828125
0 0.3696981653186033 0.814453125 0.0017754981258630894 0.00390625
0 0.2541921483527323 0.81494140625 0.0017754981258630894 0.0048828125
0 0.17779640954823436 0.816650390625 0.005227855592819097 0.00830078125
0 0.1717794436772539 0.817626953125 0.008187019135924246 0.01025390625
0 0.11565397514302624 0.814208984375 0.0008877490629315447 0.00341796875
0 0.14904320378772934 0.814453125 0.0017754981258630894 0.0048828125
0 0.33566778457289403 0.8125 0.001578220556322746 0.001953125
0 0.17330834484119156 0.813232421875 0.0019727756954034327 0.00341796875
0 0.11397711580193332 0.816162109375 0.00424146774511738 0.00927734375
0 0.5273722627737226 0.812255859375 0.0006904714933912014 0.00244140625
0 0.3794140856184652 0.812744140625 0.0014795817715525744 0.00341796875
0 0.36634444663641746 0.812744140625 0.002170053264943776 0.00341796875
0 0.29537384099427894 0.81298828125 0.001874136910633261 0.00390625
0 0.4138390215032551 0.81396484375 0.0044387453146577235 0.0068359375
0 0.3209706056421385 0.81298828125 0.0019727756954034327 0.0048828125
0 0.3049418031169856 0.812744140625 0.002663247188794634 0.00439453125
0 0.14356875123298482 0.811767578125 0.0012823042020122311 0.00244140625
0 0.7276583152495562 0.812255859375 0.0027618859735648055 0.00439453125
0 0.2357466956007102 0.812744140625 0.003550996251726179 0.00537109375
0 0.1359735648056816 0.8125 0.004044190175577037 0.0048828125
0 0.5752120733872559 0.81103515625 0.002663247188794634 0.0029296875
0 0.2568553955415269 0.81103515625 0.0025646084040244622 0.0029296875
0 0.16265535608601303 0.812255859375 0.004142828960347208 0.00537109375
0 0.1568356677845729 0.81396484375 0.0039455513908068654 0.0087890625
0 0.1056914578812389 0.81201171875 0.003255079897415664 0.0048828125
0 0.38962319984217797 0.810546875 0.0027618859735648055 0.00390625
0 0.354606431248767 0.809814453125 0.0009863878477017164 0.00244140625
0 0.09316433221542711 0.81005859375 0.001874136910633261 0.0029296875
0 0.38089366739001773 0.81103515625 0.002071414480173604 0.005859375
0 0.33399092523180113 0.8095703125 0.0017754981258630894 0.0029296875
0 0.15244624186230027 0.81201171875 0.0036496350364963502 0.0078125
0 0.3519431840599724 0.809814453125 0.004142828960347208 0.00439453125
0 0.3435588873545078 0.811767578125 0.002170053264943776 0.00830078125
0 0.338528309331229 0.810546875 0.004142828960347208 0.005859375
0 0.3313276780430065 0.80859375 0.0009863878477017164 0.001953125
0 0.2589761294140856 0.813232421875 0.003255079897415664 0.01123046875
0 0.21059380548431644 0.8095703125 0.005918327086210298 0.005859375
0 0.1498816334582758 0.80859375 0.0012823042020122311 0.00390625
0 0.7238607220359046 0.809326171875 0.004636022884198066 0.00634765625
0 0.2506904714933912 0.807861328125 0.0022686920497139475 0.00341796875
0 0.1700532649437759 0.80810546875 0.0023673308344841193 0.00390625
0 0.688498717695798 0.8095703125 0.003156441112645492 0.0078125
0 0.1665515880844348 0.808349609375 0.0022686920497139475 0.00537109375
0 0.1213750246596962 0.807373046875 0.0012823042020122311 0.00341796875
0 0.7038863681199448 0.81005859375 0.002959163543105149 0.009765625
0 0.3045472479779049 0.80712890625 0.0016768593410929177 0.00390625
0 0.11146182679029394 0.806396484375 0.001578220556322746 0.00244140625
0 0.3630400473466167 0.8056640625 0.001085026632471888 0.001953125
0 0.3459262181889919 0.80615234375 0.003748273821266522 0.0029296875
0 0.28136713355691456 0.807861328125 0.002465969619254291 0.00634765625
0 0.5718583547050701 0.806884765625 0.007397908857762872 0.00634765625
0 0.3421779443677254 0.80517578125 0.0027618859735648055 0.0029296875
0 0.12576445058196883 0.805908203125 0.003748273821266522 0.00439453125
0 0.25863089366739 0.80419921875 0.001578220556322746 0.001953125
0 0.20605642138488853 0.804931640625 0.0013809429867824028 0.00341796875
0 0.12842769777076346 0.809326171875 0.004142828960347208 0.01220703125
0 0.11501282304202012 0.806640625 0.005326494377589268 0.0068359375
0 0.3974156638390215 0.803955078125 0.0009863878477017164 0.00244140625
0 0.33675281120536593 0.805419921875 0.0013809429867824028 0.00537109375
0 0.35144999013612155 0.804443359375 0.0023673308344841193 0.00439453125
0 0.19407180903531268 0.8037109375 0.001085026632471888 0.00390625
0 0.3889327283487867 0.803466796875 0.0027618859735648055 0.00439453125
0 0.36807062536989543 0.80224609375 0.0022686920497139475 0.0029296875
0 0.3286644308542119 0.803466796875 0.0013809429867824028 0.00537109375
0 0.7154271059380548 0.80322265625 0.002959163543105149 0.005859375
0 0.35993292562635626 0.804443359375 0.004734661668968239 0.00830078125
0 0.3320181495363977 0.80224609375 0.0017754981258630894 0.00390625
0 0.15550404419017558 0.801513671875 0.001874136910633261 0.00244140625
0 0.14337147366344447 0.803466796875 0.001874136910633261 0.00634765625
0 0.39208916946143224 0.80419921875 0.0033537186821858355 0.0087890625
0 0.19525547445255476 0.80126953125 0.0016768593410929177 0.0029296875
0 0.4870289998027224 0.802734375 0.004636022884198066 0.0068359375
0 0.32388044979285857 0.805908203125 0.003452357466956007 0.01318359375
0 0.3173209706056421 0.80078125 0.0013809429867824028 0.0029296875
0 0.1975241665022687 0.80126953125 0.0016768593410929177 0.00390625
0 0.13577628723614124 0.800537109375 0.0006904714933912014 0.00244140625
0 0.1332116788321168 0.802001953125 0.002465969619254291 0.00537109375
0 0.11994476228052871 0.802978515625 0.0019727756954034327 0.00732421875
0 0.3297494574866838 0.800537109375 0.0013809429867824028 0.00341796875
0 0.2339711974748471 0.80078125 0.003748273821266522 0.00390625
0 0.3078023278753206 0.80126953125 0.001874136910633261 0.005859375
0 0.12877293351745905 0.799560546875 0.001085026632471888 0.00244140625
0 0.11116591043598342 0.801025390625 0.004931939238508582 0.00634765625
0 0.4947228250147958 0.798583984375 0.0014795817715525744 0.00244140625
0 0.3869106332609982 0.798828125 0.0016768593410929177 0.0029296875
0 0.1481554547247978 0.798828125 0.0009863878477017164 0.0029296875
0 0.3389721838626948 0.80029296875 0.0030578023278753207 0.0068359375
0 0.19130992306174788 0.801513671875 0.002663247188794634 0.00927734375
0 0.14998027224304597 0.80078125 0.0022686920497139475 0.0078125
0 0.11521010061156046 0.7978515625 0.0011836654172420597 0.001953125
0 0.3548530282106924 0.798583984375 0.002071414480173604 0.00439453125
0 0.31421384888538173 0.7978515625 0.0022686920497139475 0.0029296875
0 0.20546458867626752 0.801025390625 0.0027618859735648055 0.00927734375
0 0.6832708621029789 0.800048828125 0.007693825212073387 0.00830078125
0 0.3820773328072598 0.79736328125 0.002465969619254291 0.0029296875
0 0.34745511935292955 0.79736328125 0.0008877490629315447 0.0029296875
0 0.7210001972775696 0.797119140625 0.003255079897415664 0.00341796875
0 0.32146379956598936 0.800537109375 0.003748273821266522 0.01025390625
0 0.30824620240678635 0.796630859375 0.0011836654172420597 0.00244140625
0 0.35860130203195895 0.796630859375 0.0014795817715525744 0.00341796875
0 0.3440520812783586 0.796630859375 0.001578220556322746 0.00341796875
0 0.7274117182876307 0.7958984375 0.002071414480173604 0.0029296875
0 0.2318997829946735 0.795654296875 0.000789110278161373 0.00244140625
0 0.129315446833695 0.79541015625 0.0025646084040244622 0.0029296875
0 0.1446537778654567 0.795166015625 0.0008877490629315447 0.00341796875
0 0.31835667784572896 0.7958984375 0.0016768593410929177 0.005859375
0 0.20960741763661472 0.7998046875 0.004734661668968239 0.013671875
0 0.19392385085815741 0.79443359375 0.001578220556322746 0.0029296875
0 0.1773525350167686 0.794189453125 0.000789110278161373 0.00244140625
0 0.20630301834681397 0.794677734375 0.001874136910633261 0.00439453125
0 0.309775103570724 0.794677734375 0.001874136910633261 0.00634765625
0 0.13217597159202998 0.79296875 0.0009863878477017164 0.0029296875
0 0.10869994081672914 0.794677734375 0.0039455513908068654 0.00634765625
0 0.49659696192542907 0.792236328125 0.001874136910633261 0.00244140625
0 0.49117182876306964 0.79443359375 0.006806076149141842 0.0068359375
0 0.3913000591832709 0.793212890625 0.0023673308344841193 0.00439453125
0 0.26267508384296706 0.793701171875 0.003156441112645492 0.00634765625
0 0.2371769579798777 0.79296875 0.002663247188794634 0.0048828125
0 0.16457881238903135 0.797607421875 0.0066087985796014995 0.01513671875
0 0.39549220753600317 0.79150390625 0.004044190175577037 0.00390625
0 0.2966561451962912 0.79150390625 0.002071414480173604 0.00390625
0 0.6882028013414875 0.79150390625 0.002170053264943776 0.0048828125
0 0.2131090944959558 0.79150390625 0.001874136910633261 0.0048828125
0 0.16023870585914382 0.790771484375 0.0008877490629315447 0.00341796875
0 0.15811797198658512 0.791015625 0.0009863878477017164 0.00390625
0 0.3588972183862695 0.78955078125 0.0006904714933912014 0.001953125
0 0.34863878477017163 0.7900390625 0.001085026632471888 0.0029296875
0 0.29261195502071413 0.7919921875 0.002663247188794634 0.0068359375
0 0.2899487078319195 0.7919921875 0.0028605247583349774 0.0068359375
0 0.11353324127046754 0.792724609375 0.005721049516669955 0.00830078125
0 0.3646675872953245 0.790283203125 0.002170053264943776 0.00439453125
0 0.3539159597553758 0.790771484375 0.003156441112645492 0.00537109375
0 0.1690175577036891 0.78955078125 0.002465969619254291 0.0029296875
0 0.402298283685145 0.788818359375 0.0012823042020122311 0.00244140625
0 0.23495758532254882 0.7919921875 0.0027618859735648055 0.0087890625
0 0.13607220359045177 0.788818359375 0.0012823042020122311 0.00244140625
0 0.1189090550404419 0.791259765625 0.0030578023278753207 0.00732421875
0 0.7147366344446636 0.7890625 0.004340106529887552 0.00390625
0 0.428733478003551 0.78955078125 0.003255079897415664 0.0048828125
0 0.7204576839613336 0.78955078125 0.006707437364371671 0.005859375
0 0.5000493193923851 0.789306640625 0.0016768593410929177 0.00537109375
0 0.41112645492207534 0.7890625 0.004931939238508582 0.0048828125
0 0.36688695995265336 0.7880859375 0.002465969619254291 0.0029296875
0 0.3379857960149931 0.78955078125 0.001874136910633261 0.005859375
0 0.2516768593410929 0.788818359375 0.0036496350364963502 0.00439453125
0 0.1950581968830144 0.788818359375 0.002465969619254291 0.00439453125
0 0.15377786545669758 0.7919921875 0.003550996251726179 0.0107421875
0 0.12334780035509962 0.788818359375 0.0028605247583349774 0.00439453125
0 0.1829256263562833 0.787841796875 0.0030578023278753207 0.00439453125
0 0.34646873150522783 0.78759765625 0.002465969619254291 0.0048828125
0 0.2565101597948313 0.78955078125 0.004044190175577037 0.0087890625
0 0.17888143618070626 0.78857421875 0.003452357466956007 0.0068359375
0 0.35682580390609586 0.7861328125 0.002071414480173604 0.0029296875
0 0.332757940422174 0.78955078125 0.004636022884198066 0.009765625
0 0.5435490234760307 0.786376953125 0.002071414480173604 0.00439453125
0 0.32254882619846126 0.790283203125 0.0039455513908068654 0.01220703125
0 0.3862694811599921 0.784912109375 0.0005918327086210298 0.00244140625
0 0.3685638192937463 0.78515625 0.001874136910633261 0.0029296875
0 0.3627441309923062 0.7861328125 0.0014795817715525744 0.0048828125
0 0.2921187610968633 0.785400390625 0.0016768593410929177 0.00341796875
0 0.1342967054645887 0.78759765625 0.0028605247583349774 0.0078125
0 0.4210396527914776 0.78515625 0.003255079897415664 0.00390625
0 0.2663247188794634 0.788330078125 0.004142828960347208 0.01025390625
0 0.2009272045768396 0.7861328125 0.0051292168080489245 0.005859375
0 0.18405997238114027 0.78515625 0.0019727756954034327 0.00390625
0 0.17103965279147762 0.78564453125 0.0027618859735648055 0.0048828125
0 0.49630104557111854 0.784912109375 0.0028605247583349774 0.00439453125
0 0.39401262576445056 0.78369140625 0.0012823042020122311 0.001953125
0 0.10894653777865457 0.783935546875 0.0006904714933912014 0.00244140625
0 0.09306569343065693 0.78369140625 0.001085026632471888 0.001953125
0 0.32910830538567765 0.785400390625 0.002071414480173604 0.00634765625
0 0.22213454330242652 0.7841796875 0.0017754981258630894 0.00390625
0 0.2405799960544486 0.7861328125 0.0027618859735648055 0.0087890625
0 0.20294929966462813 0.782958984375 0.0014795817715525744 0.00244140625
0 0.11747879266127441 0.783203125 0.002170053264943776 0.0029296875
0 0.11239889524561057 0.7841796875 0.0022686920497139475 0.0048828125
0 0.4026435194318406 0.783203125 0.001578220556322746 0.00390625
0 0.1978200828565792 0.784423828125 0.00542513316235944 0.00634765625
0 0.3474057999605445 0.782958984375 0.0023673308344841193 0.00439453125
0 0.2652890116393766 0.782958984375 0.001085026632471888 0.00439453125
0 0.261491418425725 0.782958984375 0.0017754981258630894 0.00439453125
0 0.1317814164529493 0.7822265625 0.001578220556322746 0.0029296875
0 0.7025547445255474 0.781982421875 0.00483330045373841 0.00341796875
0 0.4109784967449201 0.782958984375 0.00424146774511738 0.00537109375
0 0.263217597159203 0.78125 0.0008877490629315447 0.001953125
0 0.2576445058196883 0.78173828125 0.0019727756954034327 0.0029296875
0 0.6617676070230815 0.78271484375 0.003550996251726179 0.005859375
0 0.40693430656934304 0.781005859375 0.001085026632471888 0.00244140625
0 0.3670842375221937 0.78125 0.001085026632471888 0.0029296875
0 0.3052870388636812 0.781494140625 0.0023673308344841193 0.00341796875
0 0.26627539948707835 0.781005859375 0.001085026632471888 0.00244140625
0 0.13015387650424146 0.781005859375 0.001085026632471888 0.00244140625
0 0.7071907674097455 0.784912109375 0.006214243440520813 0.01123046875
0 0.2597159202998619 0.781005859375 0.0017754981258630894 0.00341796875
0 0.6924442690866048 0.780517578125 0.0025646084040244622 0.00341796875
0 0.5826099822450187 0.786376953125 0.009370684553166305 0.01513671875
0 0.5015782205563227 0.78173828125 0.003748273821266522 0.005859375
0 0.4253797593213652 0.78076171875 0.001085026632471888 0.00390625
0 0.2291378970211087 0.783203125 0.0023673308344841193 0.0087890625
0 0.16734069836259619 0.7802734375 0.004044190175577037 0.00390625
0 0.5716610771355297 0.781494140625 0.002071414480173604 0.00732421875
0 0.23155454724797792 0.779296875 0.001085026632471888 0.0029296875
0 0.20704280923259025 0.781005859375 0.004340106529887552 0.00634765625
0 0.3889327283487867 0.7802734375 0.004931939238508582 0.005859375
0 0.34858946537778657 0.779296875 0.0011836654172420597 0.00390625
0 0.5897612941408562 0.779052734375 0.0019727756954034327 0.00439453125
0 0.4290293943578615 0.777587890625 0.002071414480173604 0.00244140625
0 0.20102584336160978 0.7783203125 0.0011836654172420597 0.00390625
0 0.17192740185440916 0.7802734375 0.003748273821266522 0.0078125
0 0.5092227263760111 0.77734375 0.002663247188794634 0.0029296875
0 0.22297297297297297 0.777587890625 0.0008877490629315447 0.00341796875
0 0.21044584730716118 0.77685546875 0.0014795817715525744 0.001953125
0 0.7112842769777077 0.77685546875 0.001578220556322746 0.0029296875
0 0.38996843558887356 0.7763671875 0.0006904714933912014 0.001953125
0 0.3055336358256066 0.77685546875 0.001874136910633261 0.0029296875
0 0.14051094890510948 0.77685546875 0.001085026632471888 0.0029296875
0 0.7060564213848886 0.776611328125 0.0017754981258630894 0.00341796875
0 0.4239494969421977 0.778564453125 0.003156441112645492 0.00732421875
0 0.1981653186032748 0.77685546875 0.003748273821266522 0.00390625
0 0.5010850266324719 0.775634765625 0.001578220556322746 0.00244140625
0 0.3956894851055435 0.77685546875 0.005819688301440126 0.0048828125
0 0.3374432826987572 0.77587890625 0.000789110278161373 0.0029296875
0 0.2932037877293352 0.776611328125 0.0016768593410929177 0.00439453125
0 0.5061649240481357 0.7783203125 0.005030578023278753 0.0087890625
0 0.5028112053659499 0.775146484375 0.0012823042020122311 0.00244140625
0 0.4060958768987966 0.775146484375 0.0019727756954034327 0.00244140625
0 0.3426218188991912 0.775146484375 0.001874136910633261 0.00244140625
0 0.22726376011047544 0.776611328125 0.004734661668968239 0.00537109375
0 0.20906490432037877 0.77587890625 0.0016768593410929177 0.00390625
0 0.7173012428486881 0.778564453125 0.004931939238508582 0.01025390625
0 0.24955612546853423 0.776611328125 0.0019727756954034327 0.00634765625
0 0.13365555336358256 0.775146484375 0.0017754981258630894 0.00341796875
0 0.38084434799763267 0.780029296875 0.0072992700729927005 0.01416015625
0 0.20324521601893863 0.7763671875 0.002071414480173604 0.0068359375
0 0.12472874334188203 0.776123046875 0.005030578023278753 0.00732421875
0 0.49768198855790097 0.77587890625 0.00483330045373841 0.0078125
0 0.3497238114026435 0.7734375 0.0022686920497139475 0.0029296875
0 0.34015584927993686 0.773681640625 0.001085026632471888 0.00439453125
0 0.3149043203787729 0.774169921875 0.001874136910633261 0.00537109375
0 0.37374235549418033 0.774169921875 0.0033537186821858355 0.00634765625
0 0.29468336950088775 0.7724609375 0.0008877490629315447 0.0029296875
0 0.40984415072006314 0.774658203125 0.004537384099427895 0.00830078125
0 0.34553166304991123 0.77197265625 0.0013809429867824028 0.0029296875
0 0.25330439928980075 0.77734375 0.0033537186821858355 0.013671875
0 0.19012625764450583 0.77392578125 0.004044190175577037 0.0068359375
0 0.11900769382521208 0.776123046875 0.004636022884198066 0.01123046875
0 0.29083645689485105 0.776611328125 0.003255079897415664 0.01318359375
0 0.19387453146577235 0.77294921875 0.002071414480173604 0.005859375
0 0.4186230025646084 0.770751953125 0.0009863878477017164 0.00244140625
0 0.4044190175577037 0.7705078125 0.0011836654172420597 0.001953125
0 0.24225685539554154 0.7705078125 0.0011836654172420597 0.001953125
0 0.3607220359045177 0.77001953125 0.0011836654172420597 0.001953125
0 0.24393371473663444 0.77392578125 0.007693825212073387 0.009765625
0 0.22815150917340699 0.771240234375 0.007693825212073387 0.00439453125
0 0.2030972578417834 0.77001953125 0.0017754981258630894 0.001953125
0 0.18381337541921483 0.7744140625 0.005622410731899783 0.0107421875
0 0.5760505030578024 0.771484375 0.0051292168080489245 0.005859375
0 0.23456303018346814 0.771728515625 0.0025646084040244622 0.00634765625
0 0.1418425724995068 0.7705078125 0.002959163543105149 0.00390625
0 0.4164036299072795 0.769775390625 0.0022686920497139475 0.00341796875
0 0.33187019135924245 0.76953125 0.0014795817715525744 0.0029296875
0 0.32836851449990134 0.769287109375 0.001578220556322746 0.00244140625
0 0.3618070625369895 0.7685546875 0.0011836654172420597 0.001953125
0 0.34193134740579995 0.7685546875 0.0008877490629315447 0.001953125
0 0.335075951864273 0.77099609375 0.002959163543105149 0.0068359375
0 0.3058788715723022 0.769775390625 0.002170053264943776 0.00439453125
0 0.19846123495758533 0.76904296875 0.0011836654172420597 0.0029296875
0 0.17646478595383705 0.76904296875 0.000789110278161373 0.0029296875
0 0.6135332412704676 0.76953125 0.0011836654172420597 0.0048828125
0 0.3755178536200434 0.76953125 0.0013809429867824028 0.0048828125
0 0.19584730716117577 0.76904296875 0.002071414480173604 0.00390625
0 0.17094101400670744 0.76904296875 0.002170053264943776 0.00390625
0 0.7299270072992701 0.76806640625 0.004537384099427895 0.0029296875
0 0.2725389623199842 0.76806640625 0.0011836654172420597 0.0029296875
0 0.36772538962319984 0.767578125 0.0013809429867824028 0.0029296875
0 0.30405405405405406 0.773193359375 0.007595186427303216 0.01416015625
0 0.5569638982047741 0.767578125 0.001874136910633261 0.00390625
0 0.20911422371276386 0.768798828125 0.005326494377589268 0.00634765625
0 0.5925724995068061 0.766845703125 0.002465969619254291 0.00439453125
0 0.41009074768198855 0.7666015625 0.0022686920497139475 0.00390625
0 0.3153481949102387 0.76611328125 0.001578220556322746 0.0029296875
0 0.24077727362398896 0.766845703125 0.0013809429867824028 0.00439453125
0 0.3494772144407181 0.765869140625 0.001578220556322746 0.00341796875
0 0.4183270862102979 0.765380859375 0.001578220556322746 0.00341796875
0 0.2949792858551983 0.76513671875 0.0028605247583349774 0.0029296875
0 0.6586604853028211 0.7646484375 0.002663247188794634 0.0029296875
0 0.4151706450976524 0.7646484375 0.001578220556322746 0.0029296875
0 0.14795817715525744 0.766845703125 0.0027618859735648055 0.00732421875
0 0.13533241270467547 0.765625 0.0027618859735648055 0.0048828125
0 0.7123693036101795 0.7646484375 0.003550996251726179 0.00390625
0 0.3670842375221937 0.763916015625 0.0008877490629315447 0.00244140625
0 0.22785559281909648 0.765625 0.0051292168080489245 0.005859375
0 0.6736535805878872 0.763916015625 0.004636022884198066 0.00341796875
0 0.5625863089366739 0.765625 0.007200631288222529 0.0068359375
0 0.569540343262971 0.767578125 0.005523771947129611 0.01171875
0 0.5529690274215822 0.76318359375 0.002170053264943776 0.0029296875
0 0.5078911027816138 0.767822265625 0.005326494377589268 0.01220703125
0 0.3932235154862892 0.76318359375 0.0014795817715525744 0.0029296875
0 0.3740382718484908 0.763671875 0.0033537186821858355 0.00390625
0 0.3265436969816532 0.76318359375 0.0014795817715525744 0.0029296875
0 0.6825803906095876 0.765625 0.004340106529887552 0.0087890625
0 0.5778753205760505 0.765869140625 0.005819688301440126 0.00927734375
0 0.41369106332609984 0.763671875 0.0019727756954034327 0.0048828125
0 0.2037384099427895 0.762939453125 0.0016768593410929177 0.00341796875
0 0.7070428092325902 0.763427734375 0.0019727756954034327 0.00537109375
0 0.33512527125665814 0.76171875 0.001085026632471888 0.001953125
0 0.2653383310317617 0.762939453125 0.001578220556322746 0.00439453125
0 0.18588478989938845 0.76220703125 0.001085026632471888 0.0029296875
0 0.1797198658512527 0.7626953125 0.0027618859735648055 0.00390625
0 0.17187808246202407 0.76220703125 0.0016768593410929177 0.0029296875
0 0.16714342079305583 0.76220703125 0.0008877490629315447 0.0029296875
0 0.40555336358256067 0.76171875 0.0008877490629315447 0.0029296875
0 0.3018346813967252 0.761474609375 0.0023673308344841193 0.00244140625
0 0.2874334188202801 0.765869140625 0.0051292168080489245 0.01123046875
0 0.18302426514105347 0.763427734375 0.0028605247583349774 0.00634765625
0 0.11905701321759717 0.763427734375 0.0023673308344841193 0.00634765625
0 0.479877687906885 0.7626953125 0.005523771947129611 0.005859375
0 0.4251824817518248 0.76318359375 0.00424146774511738 0.0068359375
0 0.3561353324127047 0.76123046875 0.0014795817715525744 0.0029296875
0 0.19831327678043006 0.764892578125 0.00542513316235944 0.01025390625
0 0.1905701321759716 0.760986328125 0.0013809429867824028 0.00244140625
0 0.17745117380153877 0.760986328125 0.0023673308344841193 0.00244140625
0 0.6705957782600118 0.761962890625 0.003255079897415664 0.00537109375
0 0.2238607220359045 0.76025390625 0.0012823042020122311 0.001953125
0 0.17468928782797397 0.76171875 0.0011836654172420597 0.0048828125
0 0.6637403827184849 0.7607421875 0.004340106529887552 0.00390625
0 0.20659893470112448 0.762451171875 0.00483330045373841 0.00732421875
0 0.16502268692049715 0.76123046875 0.001578220556322746 0.0048828125
0 0.1436180706253699 0.760498046875 0.0017754981258630894 0.00341796875
0 0.31628526336555535 0.75927734375 0.0014795817715525744 0.001953125
0 0.15688498717695798 0.760009765625 0.001085026632471888 0.00341796875
0 0.5607614914184257 0.759033203125 0.0017754981258630894 0.00244140625
0 0.43756164924048135 0.761962890625 0.003748273821266522 0.00830078125
0 0.429325310712172 0.76025390625 0.002663247188794634 0.0048828125
0 0.27199644900374825 0.76025390625 0.001874136910633261 0.0048828125
0 0.15501085026632472 0.76171875 0.002465969619254291 0.0078125
0 0.5565200236733083 0.761962890625 0.004340106529887552 0.00927734375
0 0.3542611955020714 0.759033203125 0.001085026632471888 0.00341796875
0 0.3332511343460249 0.758544921875 0.0008877490629315447 0.00244140625
0 0.11165910435983428 0.75927734375 0.0009863878477017164 0.00390625
0 0.6297100019727757 0.76123046875 0.0027618859735648055 0.0087890625
0 0.5733379364766226 0.759521484375 0.0022686920497139475 0.00537109375
0 0.5055237719471296 0.76123046875 0.004734661668968239 0.0087890625
0 0.27022095087788517 0.75830078125 0.001085026632471888 0.0029296875
0 0.7101499309528506 0.758056640625 0.002071414480173604 0.00341796875
0 0.3210199250345236 0.760009765625 0.0036496350364963502 0.00732421875
0 0.14578812389031368 0.757568359375 0.0017754981258630894 0.00244140625
0 0.7268198855790097 0.757080078125 0.003255079897415664 0.00244140625
0 0.3397119747484711 0.75830078125 0.0025646084040244622 0.0048828125
0 0.26829749457486685 0.7578125 0.0013809429867824028 0.00390625
0 0.21838626948116 0.758056640625 0.0019727756954034327 0.00439453125
0 0.652890116393766 0.755859375 0.002170053264943776 0.001953125
0 0.5129216808048925 0.7568359375 0.0027618859735648055 0.00390625
0 0.32728348786742945 0.75732421875 0.003748273821266522 0.0048828125
0 0.3237324916157033 0.756591796875 0.0017754981258630894 0.00341796875
0 0.12749062931544683 0.7578125 0.002663247188794634 0.005859375
0 0.581081081081081 0.760009765625 0.003550996251726179 0.01123046875
0 0.4880153876504241 0.7568359375 0.003255079897415664 0.0048828125
0 0.2416157032945354 0.757080078125 0.003255079897415664 0.00537109375
0 0.19032353521404616 0.75634765625 0.0022686920497139475 0.00390625
0 0.13242256855395543 0.75634765625 0.0014795817715525744 0.00390625
0 0.3491812980864076 0.7548828125 0.0011836654172420597 0.001953125
0 0.25399487078319194 0.756591796875 0.002170053264943776 0.00537109375
0 0.24950680607614914 0.755615234375 0.002465969619254291 0.00341796875
0 0.1397711580193332 0.75830078125 0.003748273821266522 0.0087890625
0 0.5571118563819294 0.75439453125 0.000789110278161373 0.001953125
0 0.5220457683961334 0.75537109375 0.001874136910633261 0.00390625
0 0.31594002761885975 0.75439453125 0.000789110278161373 0.001953125
0 0.3006510159794831 0.755859375 0.001578220556322746 0.0048828125
0 0.20783191951075164 0.755859375 0.0013809429867824028 0.0048828125
0 0.6635431051489445 0.75390625 0.0017754981258630894 0.001953125
0 0.5943973170250543 0.75830078125 0.003156441112645492 0.0107421875
0 0.5750641152101006 0.75439453125 0.0017754981258630894 0.0029296875
0 0.2715032550798974 0.754150390625 0.001874136910633261 0.00244140625
0 0.2461530873939633 0.75439453125 0.0008877490629315447 0.0029296875
0 0.5687512329848097 0.754150390625 0.0019727756954034327 0.00341796875
0 0.2739692246991517 0.754150390625 0.0008877490629315447 0.00341796875
0 0.48530282106924444 0.753662109375 0.0019727756954034327 0.00341796875
0 0.4195107516275399 0.756103515625 0.004340106529887552 0.00830078125
0 0.41452949299664626 0.75390625 0.001085026632471888 0.00390625
0 0.12246005129216808 0.75390625 0.0016768593410929177 0.00390625
0 0.6326691655158808 0.755126953125 0.002170053264943776 0.00732421875
0 0.36422371276385873 0.753173828125 0.0022686920497139475 0.00341796875
0 0.713207733280726 0.752685546875 0.0014795817715525744 0.00341796875
0 0.32457092128624976 0.7529296875 0.002663247188794634 0.00390625
0 0.2858551982639574 0.753173828125 0.002170053264943776 0.00439453125
0 0.2645985401459854 0.751953125 0.0006904714933912014 0.001953125
0 0.1881041625567173 0.75244140625 0.0019727756954034327 0.0029296875
0 0.1296606825803906 0.75244140625 0.0016768593410929177 0.0029296875
0 0.7011738015387651 0.753173828125 0.0022686920497139475 0.00537109375
0 0.5657427500493194 0.75537109375 0.003452357466956007 0.009765625
0 0.38405010850266325 0.75146484375 0.001085026632471888 0.001953125
0 0.2934010652988755 0.751708984375 0.0008877490629315447 0.00244140625
0 0.22903925823633853 0.75390625 0.002959163543105149 0.0068359375
0 0.6920990333399093 0.753173828125 0.005622410731899783 0.00634765625
0 0.25917340698362595 0.7509765625 0.002663247188794634 0.001953125
0 0.21848490826593017 0.751708984375 0.0013809429867824028 0.00341796875
0 0.19550207141448017 0.75390625 0.0033537186821858355 0.0078125
0 0.19175379759321365 0.751708984375 0.003550996251726179 0.00341796875
0 0.16023870585914382 0.75244140625 0.0016768593410929177 0.0048828125
0 0.22445255474452555 0.75537109375 0.005819688301440126 0.01171875
0 0.6414973367528112 0.75 0.001874136910633261 0.001953125
0 0.5248569737620833 0.75244140625 0.0033537186821858355 0.0068359375
0 0.4602978891300059 0.752197265625 0.0016768593410929177 0.00634765625
0 0.43386269481159995 0.751220703125 0.0022686920497139475 0.00439453125
0 0.35263365555336357 0.750244140625 0.000789110278161373 0.00244140625
0 0.19944762280528705 0.751953125 0.0023673308344841193 0.005859375
0 0.6728151509173407 0.749755859375 0.001578220556322746 0.00244140625
0 0.3299467350562241 0.75048828125 0.002170053264943776 0.00390625
0 0.2878279739593608 0.7509765625 0.0011836654172420597 0.0048828125
0 0.26957979877687904 0.75146484375 0.0025646084040244622 0.005859375
0 0.26336555533635825 0.75 0.0009863878477017164 0.0029296875
0 0.11841586111659104 0.750244140625 0.0012823042020122311 0.00341796875
0 0.6673900177549813 0.75048828125 0.0033537186821858355 0.0048828125
0 0.5646577234168475 0.7490234375 0.001874136910633261 0.001953125
0 0.4968928782797396 0.74951171875 0.0014795817715525744 0.0029296875
0 0.31554547247977904 0.749267578125 0.0009863878477017164 0.00244140625
0 0.29640954823436577 0.751708984375 0.004142828960347208 0.00732421875
0 0.21404616295127243 0.75146484375 0.005721049516669955 0.0068359375
0 0.5900078911027816 0.75 0.003452357466956007 0.0048828125
0 0.3447918721641349 0.749755859375 0.002465969619254291 0.00439453125
0 0.30548431643322155 0.7509765625 0.004537384099427895 0.0068359375
0 0.24743539159597555 0.74951171875 0.001085026632471888 0.00390625
0 0.5934602485697377 0.749267578125 0.003452357466956007 0.00439453125
0 0.5518346813967252 0.74853515625 0.001085026632471888 0.0029296875
0 0.4713454330242651 0.748779296875 0.0008877490629315447 0.00341796875
0 0.17681002170053264 0.748779296875 0.004044190175577037 0.00341796875
0 0.14470309725784178 0.749267578125 0.0017754981258630894 0.00439453125
0 0.6750838429670546 0.75244140625 0.005326494377589268 0.01171875
0 0.5720556322746104 0.752197265625 0.0038469126060366936 0.01123046875
0 0.47514302623791677 0.7490234375 0.005918327086210298 0.0048828125
0 0.33330045373840994 0.747802734375 0.000789110278161373 0.00244140625
0 0.29443677253896233 0.74853515625 0.0019727756954034327 0.00390625
0 0.24388439534424936 0.749755859375 0.003452357466956007 0.00634765625
0 0.22588281712369304 0.74755859375 0.000789110278161373 0.001953125
0 0.20146971789307555 0.7490234375 0.0016768593410929177 0.0048828125
0 0.6623101203393175 0.748291015625 0.00424146774511738 0.00439453125
0 0.5110968632866443 0.748779296875 0.0030578023278753207 0.00537109375
0 0.32634641941211284 0.7470703125 0.0008877490629315447 0.001953125
0 0.32180903531268495 0.748046875 0.0012823042020122311 0.00390625
0 0.3132767804300651 0.747802734375 0.0011836654172420597 0.00341796875
0 0.2819096468731505 0.749755859375 0.0023673308344841193 0.00732421875
0 0.27993687117774707 0.749755859375 0.0017754981258630894 0.00732421875
0 0.5601696587098047 0.74853515625 0.006707437364371671 0.005859375
0 0.5232787532057604 0.746826171875 0.0013809429867824028 0.00244140625
0 0.32457092128624976 0.74755859375 0.0014795817715525744 0.00390625
0 0.22154271059380548 0.748291015625 0.0017754981258630894 0.00537109375
0 0.35707240086802133 0.7470703125 0.0025646084040244622 0.00390625
0 0.12102978891300059 0.74609375 0.0011836654172420597 0.001953125
0 0.4940323535214046 0.74951171875 0.0066087985796014995 0.009765625
0 0.37640560268297496 0.74609375 0.0019727756954034327 0.0029296875
0 0.31031761688695997 0.74658203125 0.0017754981258630894 0.00390625
0 0.3029197080291971 0.74560546875 0.0009863878477017164 0.001953125
0 0.700581968830144 0.7451171875 0.0012823042020122311 0.001953125
0 0.665515880844348 0.74658203125 0.002170053264943776 0.0048828125
0 0.5268790688498718 0.745849609375 0.0038469126060366936 0.00341796875
0 0.2905405405405405 0.74755859375 0.002465969619254291 0.0068359375
0 0.2840797001380943 0.746337890625 0.0025646084040244622 0.00439453125
0 0.16265535608601303 0.745361328125 0.000789110278161373 0.00244140625
0 0.3389721838626948 0.74462890625 0.0008877490629315447 0.001953125
0 0.24950680607614914 0.7451171875 0.0014795817715525744 0.0029296875
0 0.6857861511146183 0.744384765625 0.002465969619254291 0.00244140625
0 0.6357269678437562 0.74658203125 0.0033537186821858355 0.0068359375
0 0.4197080291970803 0.745361328125 0.0033537186821858355 0.00439453125
0 0.28748273821266523 0.74462890625 0.001085026632471888 0.0029296875
0 0.24807654369698165 0.744384765625 0.002170053264943776 0.00341796875
0 0.23096271453935688 0.74462890625 0.002465969619254291 0.00390625
0 0.21227066482540935 0.74462890625 0.002170053264943776 0.00390625
0 0.20378772933517458 0.74462890625 0.0025646084040244622 0.00390625
0 0.16571315841388834 0.744384765625 0.0009863878477017164 0.00341796875
0 0.5572104951666995 0.743408203125 0.0011836654172420597 0.00244140625
0 0.23619057013217598 0.7451171875 0.0022686920497139475 0.005859375
0 0.22371276385874925 0.74609375 0.0027618859735648055 0.0078125
0 0.4719372657328862 0.742919921875 0.001085026632471888 0.00244140625
0 0.2845235746695601 0.742919921875 0.0022686920497139475 0.00244140625
0 0.2402840797001381 0.744384765625 0.003550996251726179 0.00537109375
0 0.18435588873545078 0.74853515625 0.0061156046557506415 0.013671875
0 0.7030972578417833 0.742919921875 0.0025646084040244622 0.00341796875
0 0.6786348392187809 0.743408203125 0.0013809429867824028 0.00439453125
0 0.40935095679621225 0.742431640625 0.0013809429867824028 0.00244140625
0 0.37349575853225486 0.744140625 0.0022686920497139475 0.0068359375
0 0.10805878871572303 0.741943359375 0.0008877490629315447 0.00244140625
0 0.6891891891891891 0.74365234375 0.003748273821266522 0.0068359375
0 0.41605839416058393 0.742431640625 0.0017754981258630894 0.00439453125
0 0.40515880844347996 0.742431640625 0.002071414480173604 0.00439453125
0 0.5405898599329256 0.743896484375 0.0038469126060366936 0.00830078125
0 0.4595580982442296 0.744384765625 0.004142828960347208 0.00927734375
0 0.42651410534622214 0.74267578125 0.0025646084040244622 0.005859375
0 0.2690866048530282 0.741455078125 0.0011836654172420597 0.00341796875
0 0.1828763069638982 0.743408203125 0.0033537186821858355 0.00732421875
0 0.19634050108502663 0.742431640625 0.001874136910633261 0.00634765625
0 0.17779640954823436 0.740478515625 0.0012823042020122311 0.00244140625
0 0.4959064904320379 0.74072265625 0.003255079897415664 0.00390625
0 0.24955612546853423 0.739990234375 0.0011836654172420597 0.00244140625
0 0.21355296902742157 0.73974609375 0.000789110278161373 0.001953125
0 0.5732392976918524 0.740478515625 0.0022686920497139475 0.00439453125
0 0.26445058196883015 0.7392578125 0.0009863878477017164 0.001953125
0 0.13123890313671335 0.740478515625 0.0014795817715525744 0.00439453125
0 0.6265535608601303 0.741943359375 0.004734661668968239 0.00830078125
0 0.5649043203787729 0.7412109375 0.004142828960347208 0.0068359375
0 0.311501282304202 0.740478515625 0.003156441112645492 0.00537109375
0 0.3059775103570724 0.741455078125 0.003156441112645492 0.00732421875
0 0.283339909252318 0.7392578125 0.0016768593410929177 0.0029296875
0 0.2388538173209706 0.739501953125 0.0030578023278753207 0.00341796875
0 0.6317814164529493 0.738525390625 0.003156441112645492 0.00244140625
0 0.5877391990530677 0.742431640625 0.009567962122706648 0.01025390625
0 0.4846616689682383 0.743408203125 0.007200631288222529 0.01220703125
0 0.47415663839021505 0.7412109375 0.0027618859735648055 0.0078125
0 0.27515289011639377 0.73828125 0.001085026632471888 0.001953125
0 0.17883211678832117 0.73876953125 0.0011836654172420597 0.0029296875
0 0.16852436377983823 0.7392578125 0.002663247188794634 0.00390625
0 0.450581968830144 0.7392578125 0.0025646084040244622 0.0048828125
0 0.3314263168277767 0.7392578125 0.0023673308344841193 0.0048828125
0 0.3073091339514697 0.73828125 0.0014795817715525744 0.0029296875
0 0.5694910238705859 0.739013671875 0.004044190175577037 0.00537109375
0 0.5389130005918327 0.740234375 0.0036496350364963502 0.0078125
0 0.48086407575458673 0.737548828125 0.003748273821266522 0.00244140625
0 0.21779443677253896 0.739501953125 0.0019727756954034327 0.00634765625
0 0.6754290787137502 0.73876953125 0.0028605247583349774 0.005859375
0 0.6206352337739199 0.738525390625 0.0027618859735648055 0.00537109375
0 0.4673998816334583 0.7392578125 0.0038469126060366936 0.0068359375
0 0.4403728546064313 0.738037109375 0.0028605247583349774 0.00439453125
0 0.29611363188005524 0.74072265625 0.004931939238508582 0.009765625
0 0.5579502860524759 0.7373046875 0.002071414480173604 0.00390625
0 0.3654073781811008 0.736328125 0.0014795817715525744 0.001953125
0 0.2211481554547248 0.73681640625 0.0009863878477017164 0.0029296875
0 0.15165713158413888 0.737548828125 0.0014795817715525744 0.00439453125
0 0.5290984415072006 0.737548828125 0.0039455513908068654 0.00537109375
0 0.5090254488064707 0.736328125 0.0022686920497139475 0.0029296875
0 0.23910041428289602 0.73583984375 0.000789110278161373 0.001953125
0 0.2555730913395147 0.73583984375 0.0019727756954034327 0.0029296875
0 0.22790491221148154 0.735595703125 0.0016768593410929177 0.00244140625
0 0.1852929571907674 0.73681640625 0.0022686920497139475 0.0048828125
0 0.7083744328269875 0.735595703125 0.0012823042020122311 0.00341796875
0 0.679867824028408 0.73828125 0.00424146774511738 0.0087890625
0 0.5109489051094891 0.7353515625 0.0011836654172420597 0.0029296875
0 0.45990333399092526 0.73583984375 0.0016768593410929177 0.00390625
0 0.3358650621424344 0.7353515625 0.0011836654172420597 0.0029296875
0 0.2860031564411126 0.735595703125 0.002071414480173604 0.00341796875
0 0.6947129611363188 0.73583984375 0.0013809429867824028 0.0048828125
0 0.47795423160386663 0.734375 0.0012823042020122311 0.001953125
0 0.45571118563819296 0.736572265625 0.002959163543105149 0.00634765625
0 0.3199348984020517 0.73583984375 0.001874136910633261 0.0048828125
0 0.23111067271651214 0.735595703125 0.0027618859735648055 0.00439453125
0 0.5123791674886565 0.734619140625 0.0016768593410929177 0.00341796875
0 0.11575261392779641 0.739990234375 0.006016965870980469 0.01416015625
0 0.10973564805681595 0.735595703125 0.0028605247583349774 0.00537109375
0 0.6871177747090156 0.735107421875 0.002959163543105149 0.00537109375
0 0.6600414282896034 0.7333984375 0.001085026632471888 0.001953125
0 0.2980864075754587 0.733642578125 0.002170053264943776 0.00244140625
0 0.20714144801736042 0.736572265625 0.0023673308344841193 0.00830078125
0 0.5998224501874136 0.734619140625 0.004734661668968239 0.00537109375
0 0.4332708621029789 0.738037109375 0.003452357466956007 0.01220703125
0 0.38740382718484906 0.73291015625 0.002071414480173604 0.001953125
0 0.21222134543302426 0.735107421875 0.0016768593410929177 0.00634765625
0 0.48042020122312096 0.732666015625 0.0012823042020122311 0.00244140625
0 0.2653383310317617 0.7333984375 0.0013809429867824028 0.00390625
0 0.4757841783389229 0.73291015625 0.002071414480173604 0.00390625
0 0.44550207141448017 0.7353515625 0.007003353718682186 0.0087890625
0 0.3168277766817913 0.732177734375 0.0013809429867824028 0.00244140625
0 0.7026533833103176 0.732666015625 0.002071414480173604 0.00439453125
0 0.5809824422963109 0.73486328125 0.01144209903333991 0.0087890625
0 0.34064904320378775 0.733154296875 0.002071414480173604 0.00537109375
0 0.30331426316827775 0.732421875 0.0017754981258630894 0.00390625
0 0.29576839613335965 0.732421875 0.001085026632471888 0.00390625
0 0.22484710988360623 0.7333984375 0.002071414480173604 0.005859375
0 0.2030972578417834 0.733642578125 0.0017754981258630894 0.00634765625
0 0.3007496547642533 0.731201171875 0.0013809429867824028 0.00244140625
0 0.2583842967054646 0.73193359375 0.001874136910633261 0.0048828125
0 0.24279936871177746 0.730712890625 0.0014795817715525744 0.00244140625
0 0.17498520418228447 0.73095703125 0.002170053264943776 0.0029296875
0 0.1071217202604064 0.733154296875 0.002170053264943776 0.00732421875
0 0.6187610968632866 0.73046875 0.0017754981258630894 0.0029296875
0 0.5961728151509174 0.73095703125 0.0013809429867824028 0.00390625
0 0.5502071414480174 0.73388671875 0.004537384099427895 0.009765625
0 0.6764647859538371 0.732177734375 0.003156441112645492 0.00732421875
0 0.5715131189583744 0.7314453125 0.003748273821266522 0.005859375
0 0.4490037482738213 0.730712890625 0.003748273821266522 0.00439453125
0 0.32348589465377786 0.731201171875 0.002663247188794634 0.00537109375
0 0.27377194712961134 0.729736328125 0.0006904714933912014 0.00244140625
0 0.23742355494180312 0.73095703125 0.003156441112645492 0.0048828125
0 0.29887551785362004 0.729736328125 0.0009863878477017164 0.00341796875
0 0.2934503846912606 0.730224609375 0.0017754981258630894 0.00439453125
0 0.22686920497139476 0.729736328125 0.0009863878477017164 0.00341796875
0 0.6960445847307161 0.730224609375 0.002465969619254291 0.00537109375
0 0.31460840402446244 0.728759765625 0.001085026632471888 0.00244140625
0 0.684503846912606 0.728759765625 0.0030578023278753207 0.00341796875
0 0.5909942789504833 0.7314453125 0.00424146774511738 0.0087890625
0 0.4301144209903334 0.729248046875 0.002071414480173604 0.00439453125
0 0.2518248175182482 0.72802734375 0.0017754981258630894 0.001953125
0 0.46463799565989344 0.7275390625 0.0014795817715525744 0.001953125
0 0.45714144801736045 0.72802734375 0.0022686920497139475 0.0029296875
0 0.33739396330637206 0.72705078125 0.0012823042020122311 0.001953125
0 0.27899980272243047 0.7275390625 0.0008877490629315447 0.0029296875
0 0.6250246596961926 0.729248046875 0.002663247188794634 0.00732421875
0 0.5558788715723022 0.727783203125 0.002071414480173604 0.00439453125
0 0.2295324521601894 0.7275390625 0.0011836654172420597 0.00390625
0 0.21739988163345828 0.72900390625 0.004734661668968239 0.0068359375
0 0.6809035312684948 0.7265625 0.0019727756954034327 0.0029296875
0 0.628131781416453 0.728759765625 0.003156441112645492 0.00732421875
0 0.18327086210297888 0.7275390625 0.0013809429867824028 0.0048828125
0 0.11082067468928783 0.72607421875 0.0008877490629315447 0.001953125
0 0.5636220161767607 0.72802734375 0.004142828960347208 0.0068359375
0 0.22593213651607813 0.725830078125 0.0012823042020122311 0.00244140625
0 0.541970802919708 0.727294921875 0.004636022884198066 0.00634765625
0 0.33191951075162757 0.72509765625 0.000789110278161373 0.001953125
0 0.17390017754981257 0.725830078125 0.0009863878477017164 0.00341796875
0 0.6828763069638982 0.72509765625 0.001578220556322746 0.0029296875
0 0.5999704083645689 0.728271484375 0.00424146774511738 0.00927734375
0 0.5383704872755968 0.725341796875 0.0017754981258630894 0.00341796875
0 0.44150720063128823 0.724609375 0.0011836654172420597 0.001953125
0 0.3028210692444269 0.726806640625 0.001578220556322746 0.00634765625
0 0.6463306372065496 0.724853515625 0.002465969619254291 0.00341796875
0 0.5962221345433024 0.72509765625 0.002663247188794634 0.00390625
0 0.32540935095679624 0.725341796875 0.0013809429867824028 0.00439453125
0 0.22721444071809035 0.724365234375 0.0006904714933912014 0.00244140625
0 0.6500295916354311 0.723876953125 0.0019727756954034327 0.00244140625
0 0.5703294535411324 0.723876953125 0.0025646084040244622 0.00244140625
0 0.43830144012625766 0.728759765625 0.0066087985796014995 0.01220703125
0 0.5326001183665418 0.724853515625 0.0030578023278753207 0.00537109375
0 0.4772144407180903 0.7236328125 0.001578220556322746 0.0029296875
0 0.44392385085815744 0.7236328125 0.0030578023278753207 0.0029296875
0 0.6606825803906096 0.72314453125 0.0051292168080489245 0.0029296875
0 0.45541526928388243 0.7236328125 0.002959163543105149 0.00390625
0 0.31268494772144406 0.725341796875 0.0023673308344841193 0.00732421875
0 0.2865456697573486 0.722900390625 0.0011836654172420597 0.00244140625
0 0.5470013809429868 0.72314453125 0.002071414480173604 0.00390625
0 0.5289504833300454 0.723876953125 0.003255079897415664 0.00537109375
0 0.3052870388636812 0.72314453125 0.0023673308344841193 0.00390625
0 0.2823042020122312 0.72314453125 0.0023673308344841193 0.00390625
0 0.6004142828960347 0.722412109375 0.003550996251726179 0.00341796875
0 0.5159794831327678 0.72314453125 0.0011836654172420597 0.0048828125
0 0.3289110278161373 0.72265625 0.0016768593410929177 0.00390625
0 0.28669362793450387 0.726318359375 0.004044190175577037 0.01123046875
0 0.21966857368317222 0.72265625 0.0019727756954034327 0.00390625
0 0.20556322746103767 0.72412109375 0.0033537186821858355 0.0068359375
0 0.14524561057407773 0.721923828125 0.0006904714933912014 0.00244140625
0 0.6740481357269679 0.72265625 0.006214243440520813 0.0048828125
0 0.667192740185441 0.72509765625 0.006312882225290984 0.009765625
0 0.6307950286052476 0.725341796875 0.005326494377589268 0.01025390625
0 0.6826790293943579 0.72119140625 0.0019727756954034327 0.0029296875
0 0.5533635825606629 0.72265625 0.0025646084040244622 0.005859375
0 0.18746301045571118 0.72607421875 0.004044190175577037 0.0126953125
0 0.6570822647464983 0.720703125 0.0014795817715525744 0.0029296875
0 0.6125468534227658 0.722412109375 0.003156441112645492 0.00634765625
0 0.592523180114421 0.721435546875 0.004931939238508582 0.00439453125
0 0.4603965279147761 0.722900390625 0.005622410731899783 0.00732421875
0 0.17898007496547644 0.721923828125 0.0016768593410929177 0.00537109375
0 0.5875912408759124 0.7197265625 0.0017754981258630894 0.001953125
0 0.42533043992898006 0.720947265625 0.0017754981258630894 0.00439453125
0 0.27298283685145 0.71923828125 0.0008877490629315447 0.001953125
0 0.6925922272637601 0.71923828125 0.0016768593410929177 0.0029296875
0 0.6640856184651805 0.718994140625 0.001085026632471888 0.00244140625
0 0.6356776484513711 0.720703125 0.002663247188794634 0.005859375
0 0.510307753008483 0.71923828125 0.0022686920497139475 0.0029296875
0 0.26134346024856975 0.71875 0.0008877490629315447 0.001953125
0 0.21769579798776878 0.718505859375 0.0023673308344841193 0.00244140625
0 0.19624186230025645 0.718505859375 0.001085026632471888 0.00244140625
0 0.18110080883803512 0.71923828125 0.0017754981258630894 0.00390625
0 0.6248273821266522 0.718505859375 0.005227855592819097 0.00341796875
0 0.5251528901163938 0.71826171875 0.0017754981258630894 0.0029296875
0 0.4952160189386467 0.71923828125 0.002465969619254291 0.0048828125
0 0.6622608009469323 0.71728515625 0.0011836654172420597 0.001953125
0 0.5602189781021898 0.71826171875 0.0012823042020122311 0.00390625
0 0.5351154073781811 0.717529296875 0.0011836654172420597 0.00244140625
0 0.44101400670743734 0.7177734375 0.001578220556322746 0.0029296875
0 0.30883803511540736 0.7177734375 0.000789110278161373 0.0029296875
0 0.23648648648648649 0.7177734375 0.001085026632471888 0.0029296875
0 0.6532846715328468 0.71728515625 0.0027618859735648055 0.0029296875
0 0.6088478989938844 0.71875 0.001874136910633261 0.005859375
0 0.47790491221148157 0.7177734375 0.0023673308344841193 0.00390625
0 0.31929374630104557 0.71875 0.002170053264943776 0.005859375
0 0.2629710001972776 0.71826171875 0.0013809429867824028 0.0048828125
0 0.6846518050897613 0.71728515625 0.001578220556322746 0.00390625
0 0.6131386861313869 0.716796875 0.0009863878477017164 0.0029296875
0 0.580439928980075 0.71875 0.005227855592819097 0.0068359375
0 0.4323337936476623 0.716552734375 0.0017754981258630894 0.00244140625
0 0.21325705267311107 0.716796875 0.0013809429867824028 0.0029296875
0 0.6463306372065496 0.7177734375 0.0022686920497139475 0.005859375
0 0.20605642138488853 0.71630859375 0.001578220556322746 0.0029296875
0 0.5400966660090748 0.71728515625 0.003255079897415664 0.005859375
0 0.5302327875320576 0.7158203125 0.0014795817715525744 0.0029296875
0 0.18721641349378576 0.7158203125 0.001578220556322746 0.0029296875
0 0.7042316038666404 0.71484375 0.0012823042020122311 0.001953125
0 0.6891398697968041 0.71630859375 0.0030578023278753207 0.0048828125
0 0.5633754192148352 0.716064453125 0.002071414480173604 0.00439453125
0 0.5144999013612153 0.715087890625 0.0013809429867824028 0.00244140625
0 0.49057999605444863 0.716796875 0.0030578023278753207 0.005859375
0 0.4502860524758335 0.717529296875 0.0027618859735648055 0.00732421875
0 0.3153481949102387 0.71484375 0.0017754981258630894 0.001953125
0 0.6918524363779838 0.71484375 0.0011836654172420597 0.0029296875
0 0.6066778457289406 0.7177734375 0.0038469126060366936 0.0087890625
0 0.5707733280725982 0.71533203125 0.001085026632471888 0.00390625
0 0.3116492404813573 0.715576171875 0.0016768593410929177 0.00439453125
0 0.5472479779049122 0.71728515625 0.0061156046557506415 0.0087890625
0 0.7071907674097455 0.71435546875 0.0022686920497139475 0.00390625
0 0.6334582757940422 0.717041015625 0.004734661668968239 0.00927734375
0 0.6302031958966265 0.714111328125 0.0027618859735648055 0.00341796875
0 0.5859637009272046 0.71484375 0.0022686920497139475 0.0048828125
0 0.5604162556717301 0.714111328125 0.0008877490629315447 0.00341796875
0 0.47726376011047544 0.7138671875 0.0016768593410929177 0.0029296875
0 0.30459656737029 0.7138671875 0.000789110278161373 0.0029296875
0 0.621818899191162 0.712646484375 0.000789110278161373 0.00244140625
0 0.44629118169264154 0.714599609375 0.002663247188794634 0.00634765625
0 0.6190570132175972 0.715087890625 0.0033537186821858355 0.00830078125
0 0.5425626356283291 0.7119140625 0.0008877490629315447 0.001953125
0 0.5397021108699941 0.712158203125 0.001085026632471888 0.00244140625
0 0.5300355099625172 0.7119140625 0.0014795817715525744 0.001953125
0 0.15742750049319393 0.714111328125 0.004142828960347208 0.00634765625
0 0.6562438350759519 0.712646484375 0.0019727756954034327 0.00439453125
0 0.2801341487472874 0.7119140625 0.0019727756954034327 0.0029296875
0 0.25690471493391204 0.712158203125 0.0022686920497139475 0.00341796875
0 0.21503255079897415 0.7119140625 0.0009863878477017164 0.0029296875
0 0.5223416847504438 0.711181640625 0.0014795817715525744 0.00244140625
0 0.4623693036101795 0.712890625 0.003452357466956007 0.005859375
0 0.36037680015782203 0.7109375 0.0012823042020122311 0.001953125
0 0.5964687315052278 0.7138671875 0.0023673308344841193 0.0087890625
0 0.5895640165713159 0.712646484375 0.004734661668968239 0.00634765625
0 0.4694219767212468 0.7109375 0.0013809429867824028 0.0029296875
0 0.29961530873939635 0.7109375 0.001085026632471888 0.0029296875
0 0.1658611165910436 0.7119140625 0.0014795817715525744 0.0048828125
0 0.15007891102781615 0.71142578125 0.0016768593410929177 0.00390625
0 0.6352830933122904 0.710205078125 0.002465969619254291 0.00244140625
0 0.6272933517459065 0.71044921875 0.001085026632471888 0.0029296875
0 0.6175774314460446 0.710205078125 0.001578220556322746 0.00244140625
0 0.609143815348195 0.710205078125 0.0014795817715525744 0.00244140625
0 0.29640954823436577 0.710693359375 0.0011836654172420597 0.00341796875
0 0.2862497534030381 0.7109375 0.004340106529887552 0.00390625
0 0.4536890905504044 0.711181640625 0.003452357466956007 0.00537109375
0 0.2911323732491616 0.7099609375 0.0016768593410929177 0.0029296875
0 0.5526237916748865 0.70947265625 0.001085026632471888 0.0029296875
0 0.30908463207733283 0.710205078125 0.0016768593410929177 0.00439453125
0 0.301736042611955 0.711181640625 0.002170053264943776 0.00634765625
0 0.2951272440323535 0.709228515625 0.0011836654172420597 0.00244140625
0 0.2513316235943973 0.7099609375 0.0019727756954034327 0.00390625
0 0.551736042611955 0.7080078125 0.001085026632471888 0.001953125
0 0.25424146774511736 0.70849609375 0.0016768593410929177 0.0029296875
0 0.24422963109094495 0.709228515625 0.001578220556322746 0.00439453125
0 0.545373840994279 0.708251953125 0.0019727756954034327 0.00341796875
0 0.5114420990333399 0.707763671875 0.001578220556322746 0.00244140625
0 0.25927204576839613 0.7080078125 0.001085026632471888 0.0029296875
0 0.6892878279739594 0.707275390625 0.000789110278161373 0.00244140625
0 0.5636713355691458 0.70751953125 0.0012823042020122311 0.0029296875
0 0.3127342671138292 0.707763671875 0.001874136910633261 0.00341796875
0 0.4673998816334583 0.707763671875 0.0022686920497139475 0.00439453125
0 0.29409153679226674 0.70654296875 0.0008877490629315447 0.001953125
0 0.1487472874334188 0.70654296875 0.0009863878477017164 0.0029296875
0 0.6602387058591438 0.705322265625 0.0008877490629315447 0.00244140625
0 0.2278062734267114 0.706787109375 0.0016768593410929177 0.00537109375
0 0.12837837837837837 0.705322265625 0.001085026632471888 0.00244140625
0 0.6254192148352732 0.707763671875 0.0030578023278753207 0.00830078125
0 0.614963503649635 0.70556640625 0.002465969619254291 0.00390625
0 0.5944466364174393 0.704833984375 0.002465969619254291 0.00244140625
0 0.531663049911225 0.70458984375 0.0013809429867824028 0.001953125
0 0.4527520220950878 0.705078125 0.002170053264943776 0.0029296875
0 0.5628822252909844 0.703857421875 0.0012823042020122311 0.00244140625
0 0.5249556125468534 0.705078125 0.0011836654172420597 0.0048828125
0 0.4305582955217992 0.703857421875 0.0011836654172420597 0.00244140625
0 0.4360327480765437 0.70263671875 0.0012823042020122311 0.001953125
0 0.685638192937463 0.702392578125 0.001578220556322746 0.00244140625
0 0.4621227066482541 0.702392578125 0.0011836654172420597 0.00341796875
0 0.1251232984809627 0.7021484375 0.001085026632471888 0.0029296875
0 0.5360031564411126 0.701904296875 0.0019727756954034327 0.00537109375
0 0.5912408759124088 0.699462890625 0.0013809429867824028 0.00341796875
0 0.6748865653975143 0.698486328125 0.0011836654172420597 0.00341796875
0 0.5806865259420004 0.6982421875 0.0013809429867824028 0.0029296875
0 0.5490234760307753 0.698486328125 0.0017754981258630894 0.00341796875
0 0.3066186624580785 0.697509765625 0.0006904714933912014 0.00244140625
0 0.539652791477609 0.6962890625 0.001578220556322746 0.0029296875
0 0.5361511146182679 0.696044921875 0.0012823042020122311 0.00244140625
0 0.6351351351351351 0.696044921875 0.0027618859735648055 0.00341796875
0 0.5346715328467153 0.69482421875 0.0006904714933912014 0.001953125
0 0.5995265338331032 0.69482421875 0.0017754981258630894 0.0029296875
0 0.6033241270467548 0.695556640625 0.003255079897415664 0.00634765625
0 0.6546162951272441 0.693115234375 0.0016768593410929177 0.00244140625
0 0.633852830933123 0.693359375 0.000789110278161373 0.0029296875
0 0.529295719076741 0.693359375 0.000789110278161373 0.0029296875
0 0.617774709015585 0.6923828125 0.0009863878477017164 0.0029296875
0 0.6010554349970408 0.691162109375 0.0014795817715525744 0.00341796875
0 0.6037680015782205 0.689208984375 0.0013809429867824028 0.00341796875
0 0.642533043992898 0.68359375 0.000789110278161373 0.001953125
