0 0.49768198855790097 0.9990234375 0.0008877490629315447 0.001953125
0 0.494821463799566 0.9990234375 0.0008877490629315447 0.001953125
0 0.564361807062537 0.998779296875 0.001085026632471888 0.00244140625
0 0.4932925626356283 0.998779296875 0.0011836654172420597 0.00244140625
0 0.4962024067863484 0.99853515625 0.0012823042020122311 0.0029296875
0 0.14238508581574275 0.99853515625 0.0030578023278753207 0.0029296875
0 0.5668277766817913 0.998291015625 0.0008877490629315447 0.00341796875
0 0.6946143223515486 0.998046875 0.004340106529887552 0.00390625
0 0.6733083448411915 0.997314453125 0.0013809429867824028 0.00244140625
0 0.3041033734464391 0.998046875 0.0013809429867824028 0.00390625
0 0.7263266916551588 0.997802734375 0.0014795817715525744 0.00439453125
0 0.4840698362596173 0.997802734375 0.002663247188794634 0.00439453125
0 0.18558887354507791 0.997802734375 0.0016768593410929177 0.00439453125
0 0.3001085026632472 0.9970703125 0.002071414480173604 0.005859375
0 0.5602189781021898 0.996826171875 0.002071414480173604 0.00634765625
0 0.6750345235746695 0.994873046875 0.001085026632471888 0.00341796875
0 0.19343065693430658 0.996337890625 0.004734661668968239 0.00732421875
0 0.29216808048924836 0.99609375 0.0019727756954034327 0.0078125
0 0.5590353126849478 0.995849609375 0.002071414480173604 0.00830078125
0 0.2374728743341882 0.995361328125 0.003255079897415664 0.00927734375
0 0.14420990333399092 0.99169921875 0.000789110278161373 0.0029296875
0 0.23633852830933122 0.993408203125 0.003748273821266522 0.00732421875
0 0.6529394357861511 0.990966796875 0.001085026632471888 0.00341796875
0 0.14628131781416454 0.99072265625 0.0011836654172420597 0.0029296875
0 0.566679818504636 0.9921875 0.0017754981258630894 0.0068359375
0 0.5421187610968633 0.994384765625 0.007496547642533044 0.01123046875
0 0.4854014598540146 0.9912109375 0.0011836654172420597 0.0048828125
0 0.2838331031761689 0.989990234375 0.0008877490629315447 0.00244140625
0 0.41319786940224895 0.99169921875 0.0023673308344841193 0.0068359375
0 0.19234563030183469 0.9912109375 0.003550996251726179 0.0068359375
0 0.4064411126454922 0.989013671875 0.001085026632471888 0.00341796875
0 0.2357466956007102 0.9892578125 0.001578220556322746 0.00390625
0 0.47479779049122117 0.98974609375 0.0030578023278753207 0.005859375
0 0.7178930755573091 0.990966796875 0.0023673308344841193 0.00927734375
0 0.6956007101992503 0.9873046875 0.0013809429867824028 0.0048828125
0 0.3041033734464391 0.98583984375 0.0009863878477017164 0.0029296875
0 0.7312586308936674 0.98583984375 0.002465969619254291 0.00390625
0 0.636762675083843 0.985595703125 0.003452357466956007 0.00341796875
0 0.47400868021305975 0.985107421875 0.0012823042020122311 0.00244140625
0 0.6594495955809825 0.985107421875 0.0014795817715525744 0.00439453125
0 0.20220950877885185 0.98486328125 0.0019727756954034327 0.0048828125
0 0.4102880252515289 0.984375 0.002071414480173604 0.0048828125
0 0.41418425724995067 0.98486328125 0.0019727756954034327 0.0068359375
0 0.4196093904123101 0.982666015625 0.0011836654172420597 0.00439453125
0 0.26612744130992305 0.983154296875 0.003550996251726179 0.00537109375
0 0.13508581574275005 0.981689453125 0.0008877490629315447 0.00244140625
0 0.2721937265732886 0.9833984375 0.0016768593410929177 0.0068359375
0 0.46266521996449006 0.980712890625 0.001085026632471888 0.00244140625
0 0.18657526139277963 0.981201171875 0.001874136910633261 0.00341796875
0 0.18381337541921483 0.980712890625 0.002071414480173604 0.00244140625
0 0.4684355888735451 0.97998046875 0.0009863878477017164 0.0029296875
0 0.464391398697968 0.979248046875 0.0011836654172420597 0.00244140625
0 0.1881534819491024 0.98193359375 0.002663247188794634 0.0078125
0 0.3025251528901164 0.97900390625 0.000789110278161373 0.0029296875
0 0.30079897415663837 0.979248046875 0.0012823042020122311 0.00341796875
0 0.17478792661274414 0.979248046875 0.0013809429867824028 0.00341796875
0 0.13848885381732098 0.979248046875 0.002170053264943776 0.00537109375
0 0.7286940224896429 0.977294921875 0.0008877490629315447 0.00244140625
0 0.2635135135135135 0.977783203125 0.0012823042020122311 0.00439453125
0 0.2538469126060367 0.977783203125 0.0014795817715525744 0.00439453125
0 0.47307161175774315 0.975830078125 0.0005918327086210298 0.00244140625
0 0.2617380153876504 0.975830078125 0.0012823042020122311 0.00439453125
0 0.3050404419017558 0.975341796875 0.0012823042020122311 0.00439453125
0 0.41595975537581376 0.97509765625 0.0023673308344841193 0.0048828125
0 0.3112053659498915 0.97314453125 0.0011836654172420597 0.001953125
0 0.2585322548826198 0.97314453125 0.0023673308344841193 0.00390625
0 0.6653679226671927 0.97216796875 0.0014795817715525744 0.0029296875
0 0.6626060366936279 0.97216796875 0.0028605247583349774 0.00390625
0 0.18050897612941408 0.97412109375 0.002959163543105149 0.0078125
0 0.1912606036693628 0.970947265625 0.0009863878477017164 0.00244140625
0 0.2902939435786151 0.9716796875 0.0011836654172420597 0.0048828125
0 0.25330439928980075 0.97314453125 0.002170053264943776 0.0087890625
0 0.18484908265930164 0.9736328125 0.005721049516669955 0.009765625
0 0.5680114420990333 0.971435546875 0.0028605247583349774 0.00634765625
0 0.28171236930361016 0.9697265625 0.0011836654172420597 0.00390625
0 0.3024265141053462 0.96923828125 0.0013809429867824028 0.00390625
0 0.7268198855790097 0.970947265625 0.0036496350364963502 0.00830078125
0 0.7232688893272835 0.968017578125 0.0006904714933912014 0.00244140625
0 0.6498816334582758 0.969482421875 0.0016768593410929177 0.00537109375
0 0.4124087591240876 0.96875 0.0013809429867824028 0.00390625
0 0.7315052278555928 0.96826171875 0.0025646084040244622 0.005859375
0 0.729335174590649 0.968017578125 0.0013809429867824028 0.00537109375
0 0.40806865259420005 0.9677734375 0.002170053264943776 0.0048828125
0 0.2462024067863484 0.966552734375 0.000789110278161373 0.00244140625
0 0.18479976326691655 0.96533203125 0.0008877490629315447 0.0029296875
0 0.3078023278753206 0.9658203125 0.002071414480173604 0.005859375
0 0.5336358256066285 0.964111328125 0.001578220556322746 0.00341796875
0 0.6630992306174788 0.963134765625 0.0014795817715525744 0.00244140625
0 0.2929571907674097 0.964599609375 0.0017754981258630894 0.00537109375
0 0.30415269283882423 0.96435546875 0.0022686920497139475 0.005859375
0 0.18736437167094103 0.96533203125 0.0030578023278753207 0.0078125
0 0.7198658512527125 0.965087890625 0.005326494377589268 0.00927734375
0 0.6602880252515289 0.964111328125 0.004537384099427895 0.00732421875
0 0.41645294929966464 0.969482421875 0.006312882225290984 0.01806640625
0 0.18055829552179917 0.963623046875 0.004636022884198066 0.00634765625
0 0.5266324718879464 0.9619140625 0.0009863878477017164 0.00390625
0 0.5253994870783192 0.961181640625 0.0008877490629315447 0.00244140625
0 0.5279640954823437 0.96142578125 0.0012823042020122311 0.00390625
0 0.210347208522391 0.960205078125 0.0008877490629315447 0.00244140625
0 0.537384099427895 0.961669921875 0.002170053264943776 0.00634765625
0 0.5354606431248767 0.961181640625 0.0016768593410929177 0.00537109375
0 0.19283882422568555 0.96044921875 0.004142828960347208 0.00390625
0 0.7232688893272835 0.959228515625 0.0014795817715525744 0.00244140625
0 0.651114618267903 0.960205078125 0.001578220556322746 0.00439453125
0 0.5327973959360821 0.959716796875 0.001085026632471888 0.00341796875
0 0.20733872558690078 0.9609375 0.002170053264943776 0.005859375
0 0.1770566186624581 0.958984375 0.0009863878477017164 0.001953125
0 0.6671434207930558 0.9599609375 0.002465969619254291 0.0048828125
0 0.52298283685145 0.962646484375 0.0027618859735648055 0.01025390625
0 0.26109686328664433 0.960693359375 0.0017754981258630894 0.00732421875
0 0.42404813572696787 0.961669921875 0.0025646084040244622 0.01025390625
0 0.3076050503057802 0.9580078125 0.001085026632471888 0.00390625
0 0.2041329650818702 0.95703125 0.0008877490629315447 0.001953125
0 0.18790688498717695 0.958251953125 0.0013809429867824028 0.00439453125
0 0.41211284276977705 0.956787109375 0.001578220556322746 0.00244140625
0 0.6920497139475241 0.95654296875 0.0017754981258630894 0.0029296875
0 0.6604853028210692 0.95654296875 0.0011836654172420597 0.00390625
0 0.7274117182876307 0.957275390625 0.0022686920497139475 0.00634765625
0 0.7251430262379167 0.95751953125 0.002465969619254291 0.0068359375
0 0.6433221542710594 0.95751953125 0.0033537186821858355 0.0068359375
0 0.27214440718090355 0.95654296875 0.002170053264943776 0.005859375
0 0.6397711580193332 0.95703125 0.0051292168080489245 0.0078125
0 0.2277569540343263 0.954833984375 0.0019727756954034327 0.00341796875
0 0.6667981850463602 0.96142578125 0.004931939238508582 0.017578125
0 0.41788321167883213 0.95458984375 0.002465969619254291 0.005859375
0 0.20294929966462813 0.95263671875 0.001874136910633261 0.0029296875
0 0.6996942197672125 0.9521484375 0.0016768593410929177 0.0029296875
0 0.6466265535608602 0.9521484375 0.0016768593410929177 0.0029296875
0 0.3009962517261787 0.952880859375 0.002071414480173604 0.00537109375
0 0.29705070033537184 0.950439453125 0.0014795817715525744 0.00341796875
0 0.1905701321759716 0.95166015625 0.0025646084040244622 0.005859375
0 0.423554941803117 0.95068359375 0.002170053264943776 0.0048828125
0 0.30819688301440124 0.949951171875 0.0008877490629315447 0.00341796875
0 0.20502071414480175 0.94970703125 0.0016768593410929177 0.0048828125
0 0.2796409548234366 0.94921875 0.0019727756954034327 0.0048828125
0 0.414381534819491 0.951416015625 0.005523771947129611 0.01025390625
0 0.4076247780627343 0.949951171875 0.002663247188794634 0.00732421875
0 0.09592621818899191 0.94775390625 0.002465969619254291 0.0029296875
0 0.6577234168475045 0.947021484375 0.000789110278161373 0.00244140625
0 0.660337344643914 0.94775390625 0.0030578023278753207 0.0048828125
0 0.4200039455513908 0.95068359375 0.004142828960347208 0.0107421875
0 0.6629019530479384 0.94677734375 0.001874136910633261 0.00390625
0 0.5356579206944171 0.945556640625 0.0006904714933912014 0.00244140625
0 0.7210495166699546 0.9482421875 0.004340106529887552 0.0087890625
0 0.6880055237719471 0.94580078125 0.0025646084040244622 0.00390625
0 0.6688695995265338 0.945556640625 0.0019727756954034327 0.00341796875
0 0.5203195896626553 0.947509765625 0.002959163543105149 0.00732421875
0 0.5156835667784573 0.949951171875 0.004734661668968239 0.01220703125
0 0.4294239494969422 0.945556640625 0.0008877490629315447 0.00341796875
0 0.1967843756164924 0.9462890625 0.002170053264943776 0.0048828125
0 0.5118366541724206 0.94775390625 0.0039455513908068654 0.0107421875
0 0.7231209311501282 0.942138671875 0.000789110278161373 0.00244140625
0 0.31194515683566776 0.9423828125 0.0012823042020122311 0.0029296875
0 0.6697080291970803 0.94189453125 0.0014795817715525744 0.0029296875
0 0.4072795423160387 0.94189453125 0.000789110278161373 0.0029296875
0 0.647711580193332 0.943359375 0.0044387453146577235 0.0068359375
0 0.23554941803116985 0.942138671875 0.0039455513908068654 0.00439453125
0 0.20783191951075164 0.942138671875 0.0025646084040244622 0.00439453125
0 0.7071907674097455 0.940673828125 0.0016768593410929177 0.00244140625
0 0.4398796606825804 0.94140625 0.002663247188794634 0.005859375
0 0.21231998421779444 0.940673828125 0.0014795817715525744 0.00439453125
0 0.09276977707634641 0.940673828125 0.0012823042020122311 0.00439453125
0 0.28038074570921284 0.941650390625 0.002465969619254291 0.00732421875
0 0.6721739988163346 0.938720703125 0.0012823042020122311 0.00341796875
0 0.30020714144801736 0.938232421875 0.0014795817715525744 0.00244140625
0 0.4198559873742356 0.937744140625 0.001085026632471888 0.00244140625
0 0.41078121917537974 0.9375 0.001085026632471888 0.001953125
0 0.42256855395541526 0.93798828125 0.0013809429867824028 0.00390625
0 0.19806667981850465 0.939208984375 0.0025646084040244622 0.00634765625
0 0.19037285460643125 0.94140625 0.005918327086210298 0.0107421875
0 0.6968830144012625 0.93701171875 0.0027618859735648055 0.0029296875
0 0.21049516669954627 0.9384765625 0.0019727756954034327 0.005859375
0 0.6595482343657526 0.939208984375 0.009370684553166305 0.00830078125
0 0.5337344643913987 0.937255859375 0.0027618859735648055 0.00439453125
0 0.3421779443677254 0.936767578125 0.0009863878477017164 0.00341796875
0 0.30296902742158216 0.9365234375 0.002071414480173604 0.00390625
0 0.24314460445847308 0.93798828125 0.0039455513908068654 0.0068359375
0 0.7307654369698166 0.936279296875 0.001874136910633261 0.00439453125
0 0.7004340106529887 0.934814453125 0.0017754981258630894 0.00244140625
0 0.24782994673505623 0.935302734375 0.0008877490629315447 0.00341796875
0 0.15935095679621228 0.93505859375 0.002663247188794634 0.0029296875
0 0.2876800157822056 0.934814453125 0.001085026632471888 0.00341796875
0 0.5243144604458473 0.937255859375 0.007003353718682186 0.00927734375
0 0.1981159992108897 0.93505859375 0.0012823042020122311 0.0048828125
0 0.5312191753797593 0.9345703125 0.0014795817715525744 0.0048828125
0 0.5194318405997238 0.935302734375 0.0025646084040244622 0.00634765625
0 0.4174886565397514 0.933349609375 0.0008877490629315447 0.00244140625
0 0.686180706253699 0.932373046875 0.0016768593410929177 0.00244140625
0 0.19037285460643125 0.93212890625 0.0009863878477017164 0.0029296875
0 0.24403235352140462 0.931396484375 0.0005918327086210298 0.00244140625
0 0.2455612546853423 0.931884765625 0.0014795817715525744 0.00439453125
0 0.7048727559676464 0.93017578125 0.0019727756954034327 0.001953125
0 0.21710396527914777 0.931640625 0.0011836654172420597 0.0048828125
0 0.18751232984809627 0.931640625 0.0011836654172420597 0.0048828125
0 0.7213454330242651 0.930419921875 0.0025646084040244622 0.00341796875
0 0.5615999210889722 0.9306640625 0.0022686920497139475 0.0048828125
0 0.412063523377392 0.928466796875 0.0006904714933912014 0.00244140625
0 0.2489642927599132 0.93017578125 0.0019727756954034327 0.005859375
0 0.19629118169264154 0.9306640625 0.003156441112645492 0.0068359375
0 0.4184257249950681 0.929443359375 0.0017754981258630894 0.00537109375
0 0.18405997238114027 0.92822265625 0.003156441112645492 0.0068359375
0 0.5222430459656737 0.92626953125 0.001085026632471888 0.00390625
0 0.42266719274018544 0.926025390625 0.0009863878477017164 0.00341796875
0 0.19032353521404616 0.9267578125 0.001874136910633261 0.0048828125
0 0.42089169461432235 0.925537109375 0.0023673308344841193 0.00439453125
0 0.29468336950088775 0.925537109375 0.001085026632471888 0.00439453125
0 0.5154862892089169 0.92578125 0.0023673308344841193 0.005859375
0 0.4297691852436378 0.92626953125 0.0023673308344841193 0.0078125
0 0.43682185835470505 0.92333984375 0.0012823042020122311 0.0029296875
0 0.1602880252515289 0.923095703125 0.0009863878477017164 0.00244140625
0 0.4136417439337147 0.924072265625 0.00542513316235944 0.00537109375
0 0.18716709410140067 0.921142578125 0.0028605247583349774 0.00439453125
0 0.4619747484710988 0.923583984375 0.0038469126060366936 0.01025390625
0 0.19382521207338727 0.920654296875 0.0033537186821858355 0.00439453125
0 0.5182974945748668 0.917724609375 0.0008877490629315447 0.00341796875
0 0.24960544486091932 0.919189453125 0.003255079897415664 0.00634765625
0 0.2078812389031367 0.917724609375 0.0012823042020122311 0.00439453125
0 0.29566975734858947 0.916259765625 0.001085026632471888 0.00244140625
0 0.2399881633458276 0.917724609375 0.0025646084040244622 0.00537109375
0 0.5104557111856382 0.9169921875 0.0011836654172420597 0.0048828125
0 0.5090254488064707 0.916259765625 0.0008877490629315447 0.00341796875
0 0.4203491812980864 0.91650390625 0.001874136910633261 0.00390625
0 0.22016176760702308 0.91552734375 0.001578220556322746 0.001953125
0 0.23831130400473466 0.916259765625 0.002170053264943776 0.00439453125
0 0.1828763069638982 0.9189453125 0.004537384099427895 0.009765625
0 0.572943381337542 0.915283203125 0.0008877490629315447 0.00341796875
0 0.5195797987768791 0.91552734375 0.001085026632471888 0.00390625
0 0.5038962319984218 0.91650390625 0.002465969619254291 0.005859375
0 0.29922075360031564 0.9150390625 0.002465969619254291 0.0029296875
0 0.7015190372854606 0.914306640625 0.002170053264943776 0.00244140625
0 0.5166206352337739 0.915283203125 0.001874136910633261 0.00537109375
0 0.31855395541526926 0.91455078125 0.002663247188794634 0.00390625
0 0.512033931741961 0.91552734375 0.002170053264943776 0.0068359375
0 0.17912803314263168 0.9130859375 0.000789110278161373 0.0029296875
0 0.24990136121522982 0.912353515625 0.0008877490629315447 0.00244140625
0 0.2020615506016966 0.912841796875 0.0016768593410929177 0.00341796875
0 0.17799368711777472 0.912353515625 0.001085026632471888 0.00244140625
0 0.4585717103965279 0.914306640625 0.0027618859735648055 0.00732421875
0 0.2532057605050306 0.91455078125 0.002959163543105149 0.0078125
0 0.7071414480173605 0.91162109375 0.003550996251726179 0.0029296875
0 0.4665614519629118 0.91259765625 0.0019727756954034327 0.0078125
0 0.19851055434997042 0.9140625 0.003452357466956007 0.01171875
0 0.1808048924837246 0.910400390625 0.0011836654172420597 0.00439453125
0 0.2106924442690866 0.90869140625 0.000789110278161373 0.0029296875
0 0.20802919708029197 0.9091796875 0.0009863878477017164 0.00390625
0 0.18889327283487867 0.9091796875 0.0017754981258630894 0.0048828125
0 0.17434405208127837 0.908203125 0.001085026632471888 0.0029296875
0 0.6492898007496548 0.908203125 0.00424146774511738 0.00390625
0 0.4457486683764056 0.907958984375 0.0019727756954034327 0.00439453125
0 0.3156934306569343 0.912109375 0.008187019135924246 0.0126953125
0 0.2055139080686526 0.907958984375 0.001085026632471888 0.00439453125
0 0.519530479384494 0.9072265625 0.005326494377589268 0.0048828125
0 0.5092227263760111 0.90625 0.0012823042020122311 0.0029296875
0 0.7113829157624778 0.906005859375 0.0025646084040244622 0.00341796875
0 0.5650522785559282 0.90576171875 0.0012823042020122311 0.0029296875
0 0.3202801341487473 0.906494140625 0.002959163543105149 0.00537109375
0 0.18327086210297888 0.907958984375 0.003550996251726179 0.00830078125
0 0.6879562043795621 0.906005859375 0.007200631288222529 0.00537109375
0 0.1870684553166305 0.906494140625 0.0030578023278753207 0.00634765625
0 0.698905109489051 0.90380859375 0.001874136910633261 0.001953125
0 0.511491418425725 0.90380859375 0.0008877490629315447 0.0029296875
0 0.46409548234365755 0.9052734375 0.003550996251726179 0.005859375
0 0.7159202998619058 0.90283203125 0.0051292168080489245 0.0029296875
0 0.4544288814361807 0.905029296875 0.0061156046557506415 0.00830078125
0 0.47825014795817716 0.9013671875 0.0014795817715525744 0.00390625
0 0.1884493983034129 0.90087890625 0.0008877490629315447 0.0029296875
0 0.31278358650621424 0.900146484375 0.002170053264943776 0.00341796875
0 0.15693430656934307 0.898681640625 0.0009863878477017164 0.00244140625
0 0.44762280528703885 0.898193359375 0.001578220556322746 0.00244140625
0 0.20536594989149734 0.90087890625 0.002959163543105149 0.0078125
0 0.1616689682383113 0.898681640625 0.0017754981258630894 0.00341796875
0 0.5504537384099428 0.898193359375 0.002071414480173604 0.00341796875
0 0.5299368711777471 0.89697265625 0.0008877490629315447 0.001953125
0 0.30765436969816534 0.897216796875 0.0033537186821858355 0.00244140625
0 0.6748372460051292 0.8994140625 0.0077924639968435586 0.0078125
0 0.5226376011047544 0.89697265625 0.0008877490629315447 0.0029296875
0 0.5210100611560465 0.8974609375 0.0011836654172420597 0.00390625
0 0.5081376997435392 0.89599609375 0.0008877490629315447 0.0029296875
0 0.5598737423554941 0.896728515625 0.0023673308344841193 0.00537109375
0 0.09844150720063129 0.895263671875 0.000789110278161373 0.00244140625
0 0.46044584730716115 0.895263671875 0.0013809429867824028 0.00341796875
0 0.18110080883803512 0.89697265625 0.002170053264943776 0.0078125
0 0.4685835470507003 0.89697265625 0.003255079897415664 0.0087890625
0 0.4523574669560071 0.89453125 0.005918327086210298 0.0048828125
0 0.18238311304004734 0.892822265625 0.0019727756954034327 0.00244140625
0 0.6874630104557112 0.892333984375 0.002663247188794634 0.00244140625
0 0.5139573880449793 0.894287109375 0.0036496350364963502 0.00634765625
0 0.7138982047741171 0.892333984375 0.005622410731899783 0.00341796875
0 0.31485500098638786 0.892333984375 0.001578220556322746 0.00341796875
0 0.6527421582166107 0.890869140625 0.0014795817715525744 0.00341796875
0 0.5009863878477017 0.89013671875 0.0009863878477017164 0.00390625
0 0.6920497139475241 0.888916015625 0.001578220556322746 0.00244140625
0 0.4978299467350562 0.889892578125 0.003156441112645492 0.00439453125
0 0.4940816729137897 0.89208984375 0.004537384099427895 0.0087890625
0 0.4651805089761294 0.893798828125 0.003550996251726179 0.01220703125
0 0.26385874926020914 0.888916015625 0.0013809429867824028 0.00244140625
0 0.17962122706648254 0.888916015625 0.0011836654172420597 0.00341796875
0 0.5488755178536201 0.88818359375 0.0012823042020122311 0.0029296875
0 0.4558591438153482 0.89013671875 0.003452357466956007 0.0078125
0 0.5026139277964096 0.88623046875 0.0012823042020122311 0.0029296875
0 0.22336752811205365 0.885498046875 0.0014795817715525744 0.00244140625
0 0.5615999210889722 0.885009765625 0.0008877490629315447 0.00244140625
0 0.4509765239692247 0.88623046875 0.0051292168080489245 0.0068359375
0 0.28279739593608205 0.883544921875 0.0011836654172420597 0.00244140625
0 0.3294042217399882 0.882568359375 0.001085026632471888 0.00244140625
0 0.09099427895048333 0.882568359375 0.0008877490629315447 0.00244140625
0 0.26065298875517856 0.884521484375 0.005819688301440126 0.00732421875
0 0.5166206352337739 0.8818359375 0.0008877490629315447 0.0029296875
0 0.24659696192542907 0.881591796875 0.000789110278161373 0.00244140625
0 0.5064608404024462 0.882080078125 0.0022686920497139475 0.00537109375
0 0.10386664036299073 0.882568359375 0.004142828960347208 0.00634765625
0 0.439090550404419 0.882080078125 0.004636022884198066 0.00634765625
0 0.18248175182481752 0.881103515625 0.0011836654172420597 0.00439453125
0 0.6555533635825607 0.880126953125 0.0025646084040244622 0.00341796875
0 0.3125863089366739 0.8837890625 0.004931939238508582 0.0107421875
0 0.7169066877096074 0.8798828125 0.0061156046557506415 0.00390625
0 0.24516669954626158 0.880126953125 0.002465969619254291 0.00732421875
0 0.097701716314855 0.87744140625 0.001874136910633261 0.0029296875
0 0.16004142828960347 0.877197265625 0.0008877490629315447 0.00341796875
0 0.307457092128625 0.876708984375 0.001578220556322746 0.00341796875
0 0.4706056421384889 0.87548828125 0.0011836654172420597 0.001953125
0 0.3043499704083646 0.875244140625 0.00424146774511738 0.00341796875
0 0.5063622016176761 0.874267578125 0.0012823042020122311 0.00244140625
0 0.22963109094495956 0.874267578125 0.000789110278161373 0.00244140625
0 0.5599723811402644 0.874267578125 0.0017754981258630894 0.00341796875
0 0.47282501479581773 0.873779296875 0.0016768593410929177 0.00439453125
0 0.5031564411126455 0.873291015625 0.0019727756954034327 0.00439453125
0 0.3112053659498915 0.875244140625 0.005721049516669955 0.00830078125
0 0.0980962714539357 0.87109375 0.002071414480173604 0.0029296875
0 0.18262971000197278 0.87158203125 0.002663247188794634 0.0048828125
0 0.09163543105148944 0.86962890625 0.0009863878477017164 0.001953125
0 0.09508778851844546 0.8701171875 0.003156441112645492 0.00390625
0 0.17690866048530282 0.868896484375 0.0006904714933912014 0.00244140625
0 0.13932728348786744 0.868896484375 0.001085026632471888 0.00341796875
0 0.10391595975537582 0.868896484375 0.0014795817715525744 0.00341796875
0 0.23140658907082265 0.869140625 0.0025646084040244622 0.005859375
0 0.15131189583744328 0.868408203125 0.0023673308344841193 0.00439453125
0 0.12142434405208127 0.86767578125 0.0061156046557506415 0.00390625
0 0.5698362596172815 0.865478515625 0.0011836654172420597 0.00341796875
0 0.0952850660879858 0.86474609375 0.000789110278161373 0.001953125
0 0.461481554547248 0.865234375 0.002465969619254291 0.00390625
0 0.2698757151311896 0.86572265625 0.001578220556322746 0.0048828125
0 0.2654862892089169 0.867431640625 0.0022686920497139475 0.00830078125
0 0.34183270862102977 0.864501953125 0.0012823042020122311 0.00439453125
0 0.33714736634444664 0.8662109375 0.0023673308344841193 0.0078125
0 0.13863681199447622 0.86328125 0.0014795817715525744 0.001953125
0 0.2301736042611955 0.86328125 0.0014795817715525744 0.00390625
0 0.282748076543697 0.863037109375 0.001874136910633261 0.00439453125
0 0.2267212467942395 0.86181640625 0.0008877490629315447 0.001953125
0 0.09129019530479385 0.86279296875 0.0012823042020122311 0.00390625
0 0.15328467153284672 0.8623046875 0.002959163543105149 0.00390625
0 0.1307457092128625 0.862548828125 0.0028605247583349774 0.00439453125
0 0.5452752022095088 0.86181640625 0.0013809429867824028 0.00390625
0 0.15723022292365357 0.86279296875 0.0039455513908068654 0.005859375
0 0.14924048135726967 0.860595703125 0.000789110278161373 0.00244140625
0 0.6467745117380154 0.860595703125 0.0013809429867824028 0.00341796875
0 0.4458966265535609 0.86083984375 0.0038469126060366936 0.0048828125
0 0.2899980272243046 0.8623046875 0.0023673308344841193 0.0078125
0 0.4955612546853423 0.8603515625 0.0023673308344841193 0.0048828125
0 0.47366344446636416 0.860107421875 0.003550996251726179 0.00439453125
0 0.09824422963109095 0.86083984375 0.004931939238508582 0.005859375
0 0.3345334385480371 0.858642578125 0.0008877490629315447 0.00244140625
0 0.5722529098441507 0.858642578125 0.002071414480173604 0.00341796875
0 0.1234464391398698 0.85888671875 0.008384296705464589 0.0048828125
0 0.09247386072203591 0.85791015625 0.003255079897415664 0.0029296875
0 0.2576938252120734 0.85791015625 0.001874136910633261 0.0048828125
0 0.5541526928388242 0.855712890625 0.000789110278161373 0.00244140625
0 0.1341980666798185 0.85693359375 0.006214243440520813 0.005859375
0 0.6544683369500888 0.8564453125 0.004734661668968239 0.005859375
0 0.24955612546853423 0.854248046875 0.0011836654172420597 0.00244140625
0 0.23180114420990333 0.855224609375 0.0019727756954034327 0.00439453125
0 0.22489642927599132 0.854248046875 0.0011836654172420597 0.00244140625
0 0.09424935884789899 0.85400390625 0.0030578023278753207 0.0029296875
0 0.27692838824225685 0.85693359375 0.005030578023278753 0.009765625
0 0.1515584927993687 0.854248046875 0.002663247188794634 0.00439453125
0 0.14075754586703493 0.856689453125 0.004340106529887552 0.00927734375
0 0.11096863286644308 0.853759765625 0.0023673308344841193 0.00341796875
0 0.4598046952061551 0.853515625 0.0036496350364963502 0.00390625
0 0.29887551785362004 0.853271484375 0.0011836654172420597 0.00341796875
0 0.26420398500690473 0.854248046875 0.001874136910633261 0.00537109375
0 0.27322943381337544 0.8544921875 0.0025646084040244622 0.0068359375
0 0.3004044190175577 0.85107421875 0.0012823042020122311 0.001953125
0 0.13306372065496153 0.8515625 0.0061156046557506415 0.0048828125
0 0.7226277372262774 0.850341796875 0.005523771947129611 0.00341796875
0 0.6564411126454922 0.849365234375 0.002170053264943776 0.00341796875
0 0.3098244229631091 0.849365234375 0.0019727756954034327 0.00341796875
0 0.647711580193332 0.847900390625 0.001085026632471888 0.00341796875
0 0.3397612941408562 0.85009765625 0.002663247188794634 0.0078125
0 0.25029591635431053 0.8505859375 0.0022686920497139475 0.0087890625
0 0.5041921483527323 0.846923828125 0.0012823042020122311 0.00341796875
0 0.6624580785164726 0.84765625 0.0033537186821858355 0.005859375
0 0.22874334188202802 0.849853515625 0.003156441112645492 0.01025390625
0 0.5656441112645492 0.843505859375 0.0008877490629315447 0.00244140625
0 0.299418031169856 0.843017578125 0.0014795817715525744 0.00244140625
0 0.14785953837048726 0.842529296875 0.002170053264943776 0.00244140625
0 0.1623594397317025 0.8447265625 0.005721049516669955 0.0087890625
0 0.15619451568356676 0.841064453125 0.002663247188794634 0.00244140625
0 0.1808048924837246 0.8408203125 0.0011836654172420597 0.0029296875
0 0.6457388044979285 0.843994140625 0.009173406983625962 0.01123046875
0 0.6521996449003749 0.83984375 0.0023673308344841193 0.00390625
0 0.6338035115407378 0.83935546875 0.005622410731899783 0.0048828125
0 0.14411126454922074 0.83837890625 0.003748273821266522 0.0029296875
0 0.6382915762477807 0.83837890625 0.003156441112645492 0.00390625
0 0.14080686525942002 0.837158203125 0.001874136910633261 0.00244140625
0 0.29152692838824223 0.836669921875 0.003255079897415664 0.00244140625
0 0.6564411126454922 0.839599609375 0.006707437364371671 0.01025390625
0 0.1498323140658907 0.83740234375 0.006707437364371671 0.0068359375
0 0.6440619451568357 0.835693359375 0.0044387453146577235 0.00439453125
0 0.2754488064707043 0.8359375 0.0038469126060366936 0.0048828125
0 0.4916157032945354 0.8359375 0.001578220556322746 0.005859375
0 0.4625665811797199 0.834716796875 0.006806076149141842 0.00341796875
0 0.1744920102584336 0.8349609375 0.001578220556322746 0.00390625
0 0.4950680607614914 0.833984375 0.0013809429867824028 0.0029296875
0 0.7284474255277175 0.832763671875 0.000789110278161373 0.00244140625
0 0.6366640362990728 0.833251953125 0.003452357466956007 0.00341796875
0 0.5566679818504636 0.832275390625 0.001085026632471888 0.00244140625
0 0.6514105346222134 0.833251953125 0.003550996251726179 0.00537109375
0 0.554004734661669 0.833251953125 0.0016768593410929177 0.00537109375
0 0.18731505227855594 0.831787109375 0.003550996251726179 0.00341796875
0 0.6543203787729335 0.83154296875 0.0016768593410929177 0.00390625
0 0.48337936476622606 0.83154296875 0.0014795817715525744 0.00390625
0 0.17952258828171236 0.8330078125 0.004142828960347208 0.009765625
0 0.2975932136516078 0.82763671875 0.000789110278161373 0.001953125
0 0.4594594594594595 0.827392578125 0.002170053264943776 0.00244140625
0 0.29394357861511144 0.825439453125 0.004734661668968239 0.00341796875
0 0.2768790688498718 0.82568359375 0.0013809429867824028 0.00390625
0 0.4364273032156244 0.82666015625 0.008187019135924246 0.0068359375
0 0.1254685342276583 0.826171875 0.004931939238508582 0.0078125
0 0.4972381140264352 0.825439453125 0.0051292168080489245 0.00732421875
0 0.44796804103373444 0.825439453125 0.010159794831327678 0.00830078125
0 0.6354310514894457 0.82275390625 0.0072992700729927005 0.00390625
0 0.6521996449003749 0.822509765625 0.0027618859735648055 0.00439453125
0 0.4311501282304202 0.822998046875 0.0027618859735648055 0.00537109375
0 0.6403136713355692 0.820556640625 0.0022686920497139475 0.00341796875
0 0.18830144012625766 0.82080078125 0.005918327086210298 0.00390625
0 0.18238311304004734 0.8232421875 0.004931939238508582 0.0087890625
0 0.4595580982442296 0.8212890625 0.006312882225290984 0.005859375
0 0.2698263957388045 0.820556640625 0.00424146774511738 0.00634765625
0 0.2772243045965674 0.81884765625 0.002465969619254291 0.0068359375
0 0.7207536003156441 0.818115234375 0.00907476819885579 0.00634765625
0 0.4497435391595975 0.81640625 0.006411521010061156 0.00390625
0 0.19939830341290196 0.815185546875 0.0006904714933912014 0.00244140625
0 0.27313079502860527 0.81640625 0.0027618859735648055 0.005859375
0 0.17814164529492996 0.81640625 0.0027618859735648055 0.005859375
0 0.202308147563622 0.815185546875 0.0025646084040244622 0.00439453125
0 0.1609784967449201 0.81640625 0.005721049516669955 0.0068359375
0 0.7249457486683764 0.813720703125 0.005819688301440126 0.00341796875
0 0.4782994673505622 0.8134765625 0.0013809429867824028 0.0029296875
0 0.25261392779640957 0.8134765625 0.0011836654172420597 0.00390625
0 0.18884395344249358 0.814453125 0.002465969619254291 0.005859375
0 0.20876898796606827 0.81201171875 0.00483330045373841 0.0029296875
0 0.13192937463010457 0.8115234375 0.0030578023278753207 0.0029296875
0 0.25547445255474455 0.810791015625 0.0011836654172420597 0.00341796875
0 0.17759913197869404 0.81103515625 0.0014795817715525744 0.00390625
0 0.6531367133556915 0.809814453125 0.0030578023278753207 0.00244140625
0 0.5613533241270467 0.809814453125 0.0009863878477017164 0.00244140625
0 0.14159597553758138 0.81201171875 0.008187019135924246 0.0068359375
0 0.19875715131189584 0.810302734375 0.004142828960347208 0.00439453125
0 0.574718879463405 0.807861328125 0.0006904714933912014 0.00244140625
0 0.5583941605839416 0.80712890625 0.0011836654172420597 0.001953125
0 0.1272440323535214 0.8095703125 0.005326494377589268 0.0068359375
0 0.2536003156441113 0.80615234375 0.0011836654172420597 0.0029296875
0 0.27796409548234363 0.809326171875 0.004142828960347208 0.01025390625
0 0.6403136713355692 0.804443359375 0.002465969619254291 0.00244140625
0 0.11200434010652989 0.8056640625 0.002071414480173604 0.0048828125
0 0.7053659498914974 0.803955078125 0.005326494377589268 0.00341796875
0 0.1345433024265141 0.802978515625 0.0033537186821858355 0.00244140625
0 0.11757743144604459 0.80322265625 0.001578220556322746 0.00390625
0 0.22647464983231408 0.80126953125 0.000789110278161373 0.0029296875
0 0.27776681791280333 0.80078125 0.004142828960347208 0.00390625
0 0.3387749062931545 0.80126953125 0.003255079897415664 0.0078125
0 0.22415663839021505 0.7978515625 0.003255079897415664 0.0029296875
0 0.680410337344644 0.797119140625 0.0019727756954034327 0.00244140625
0 0.5735352140461629 0.797119140625 0.0014795817715525744 0.00341796875
0 0.2808246202406786 0.797119140625 0.0013809429867824028 0.00341796875
0 0.27046754783981064 0.798095703125 0.007891102781613731 0.00634765625
0 0.17602091142237128 0.79736328125 0.0038469126060366936 0.0048828125
0 0.15348194910238705 0.796875 0.0039455513908068654 0.0048828125
0 0.28669362793450387 0.794677734375 0.002465969619254291 0.00244140625
0 0.21296113631880056 0.796875 0.005918327086210298 0.0078125
0 0.1439633063720655 0.795654296875 0.002663247188794634 0.00634765625
0 0.2753994870783192 0.792724609375 0.003156441112645492 0.00244140625
0 0.22090155849279938 0.793701171875 0.008384296705464589 0.00439453125
0 0.11654172420595778 0.79296875 0.002465969619254291 0.0029296875
0 0.6947622805287039 0.795166015625 0.00897612941408562 0.00927734375
0 0.6831722233182087 0.791748046875 0.0017754981258630894 0.00341796875
0 0.7248964292759913 0.793212890625 0.008877490629315447 0.00830078125
0 0.3278260011836654 0.7900390625 0.0014795817715525744 0.001953125
0 0.2255869007693825 0.7900390625 0.003550996251726179 0.0029296875
0 0.19495955809824422 0.791015625 0.0038469126060366936 0.0048828125
0 0.12157230222923654 0.7919921875 0.002663247188794634 0.0068359375
0 0.5604162556717301 0.78955078125 0.003255079897415664 0.0029296875
0 0.17552771749852042 0.79052734375 0.002071414480173604 0.0048828125
0 0.7226277372262774 0.788818359375 0.004537384099427895 0.00244140625
0 0.5721542710593805 0.78857421875 0.0008877490629315447 0.001953125
0 0.7096567370289998 0.7890625 0.003452357466956007 0.0048828125
0 0.6491911619648846 0.78857421875 0.001874136910633261 0.00390625
0 0.2224797790491221 0.788330078125 0.0028605247583349774 0.00341796875
0 0.11200434010652989 0.787841796875 0.003452357466956007 0.00341796875
0 0.6978200828565793 0.78662109375 0.0006904714933912014 0.001953125
0 0.19106332609982246 0.78662109375 0.0033537186821858355 0.0029296875
0 0.21828763069638982 0.787109375 0.0061156046557506415 0.0048828125
0 0.7237620832511343 0.78515625 0.005030578023278753 0.0029296875
0 0.17103965279147762 0.784912109375 0.002959163543105149 0.00341796875
0 0.11782402840797002 0.787109375 0.007200631288222529 0.0078125
0 0.6956993489840205 0.786376953125 0.002959163543105149 0.00732421875
0 0.270122312093115 0.783935546875 0.002465969619254291 0.00244140625
0 0.23046952061550602 0.78515625 0.0066087985796014995 0.0048828125
0 0.18070625369895443 0.78369140625 0.000789110278161373 0.001953125
0 0.17360426119550207 0.783203125 0.0009863878477017164 0.001953125
0 0.1512132570526731 0.786865234375 0.007891102781613731 0.00927734375
0 0.5731899782994674 0.783447265625 0.003156441112645492 0.00634765625
0 0.2363878477017163 0.78125 0.001874136910633261 0.001953125
0 0.11417439337147367 0.781494140625 0.003255079897415664 0.00244140625
0 0.23012428486881042 0.781005859375 0.001578220556322746 0.00244140625
0 0.12467942394949694 0.78271484375 0.008285657920694417 0.005859375
0 0.2881732097060564 0.780517578125 0.0022686920497139475 0.00244140625
0 0.18558887354507791 0.78173828125 0.00483330045373841 0.0048828125
0 0.6960939041231012 0.780029296875 0.002170053264943776 0.00244140625
0 0.19249358847898995 0.78125 0.00424146774511738 0.0048828125
0 0.17759913197869404 0.783203125 0.005622410731899783 0.0087890625
0 0.1484513710791083 0.7802734375 0.004340106529887552 0.0029296875
0 0.6832708621029789 0.779296875 0.0017754981258630894 0.0029296875
0 0.5769382521207339 0.779296875 0.0023673308344841193 0.0029296875
0 0.16127441309923063 0.78076171875 0.0072992700729927005 0.005859375
0 0.7078319195107516 0.778564453125 0.002170053264943776 0.00244140625
0 0.6903235352140462 0.777587890625 0.002663247188794634 0.00341796875
0 0.10406391793253107 0.77685546875 0.0011836654172420597 0.0029296875
0 0.10001972775695403 0.775390625 0.0039455513908068654 0.001953125
0 0.6654172420595779 0.774658203125 0.0023673308344841193 0.00244140625
0 0.1553560860130203 0.775146484375 0.004340106529887552 0.00341796875
0 0.18933714736634444 0.775634765625 0.003452357466956007 0.00537109375
0 0.5713651607812191 0.774169921875 0.0016768593410929177 0.00341796875
0 0.12527125665811797 0.7734375 0.002959163543105149 0.001953125
0 0.5624876701519037 0.774169921875 0.0030578023278753207 0.00439453125
0 0.7150325507989742 0.772216796875 0.0027618859735648055 0.00244140625
0 0.6935786151114618 0.77197265625 0.003452357466956007 0.0029296875
0 0.10435983428684159 0.771484375 0.0017754981258630894 0.001953125
0 0.11412507397908858 0.7705078125 0.003156441112645492 0.001953125
0 0.09854014598540146 0.7705078125 0.0033537186821858355 0.001953125
0 0.10973564805681595 0.770263671875 0.002071414480173604 0.00244140625
0 0.5650029591635432 0.769775390625 0.0017754981258630894 0.00244140625
0 0.24570921286249753 0.770751953125 0.006904714933912014 0.00439453125
0 0.19560071019925035 0.769775390625 0.003748273821266522 0.00341796875
0 0.17725389623199841 0.771728515625 0.003156441112645492 0.00830078125
0 0.5629315446833695 0.7685546875 0.0017754981258630894 0.0029296875
0 0.560958768987966 0.76806640625 0.0011836654172420597 0.001953125
0 0.27416650226869205 0.768310546875 0.0036496350364963502 0.00244140625
0 0.32452160189386464 0.771484375 0.0027618859735648055 0.009765625
0 0.22968041033734465 0.769775390625 0.005622410731899783 0.00634765625
0 0.16946143223515486 0.770263671875 0.008285657920694417 0.00732421875
0 0.70975537581377 0.76708984375 0.0028605247583349774 0.00390625
0 0.135628329058986 0.765625 0.002170053264943776 0.001953125
0 0.24960544486091932 0.7666015625 0.006411521010061156 0.0048828125
0 0.13986979680410339 0.76513671875 0.002959163543105149 0.001953125
0 0.11634444663641744 0.76513671875 0.002071414480173604 0.001953125
0 0.2545373840994279 0.7666015625 0.002071414480173604 0.0068359375
0 0.11077135529690274 0.76416015625 0.002170053264943776 0.001953125
0 0.22484710988360623 0.767578125 0.002663247188794634 0.0107421875
0 0.1202899980272243 0.763427734375 0.0030578023278753207 0.00244140625
0 0.6527914776089958 0.762939453125 0.0023673308344841193 0.00244140625
0 0.6733576642335767 0.762451171875 0.00542513316235944 0.00830078125
0 0.2613927796409548 0.759521484375 0.003156441112645492 0.00244140625
0 0.7105938054843164 0.75927734375 0.0013809429867824028 0.0029296875
0 0.2806766620635234 0.75830078125 0.002071414480173604 0.001953125
0 0.26519037285460645 0.759033203125 0.005030578023278753 0.00537109375
0 0.232195699348984 0.75830078125 0.004931939238508582 0.00390625
0 0.16147169066877096 0.75732421875 0.008088380351154074 0.005859375
0 0.27742158216610774 0.755615234375 0.006016965870980469 0.00634765625
0 0.24097455119352928 0.7529296875 0.0013809429867824028 0.0029296875
0 0.15279147760899586 0.752197265625 0.0027618859735648055 0.00244140625
0 0.17853620043401067 0.751953125 0.003156441112645492 0.0029296875
0 0.628131781416453 0.750244140625 0.001578220556322746 0.00146484375
0 0.5608108108108109 0.7509765625 0.0014795817715525744 0.0029296875
0 0.23273821266521996 0.75146484375 0.001874136910633261 0.00390625
0 0.34030380745709216 0.74951171875 0.000789110278161373 0.001953125
0 0.27668179128033143 0.752685546875 0.008285657920694417 0.00927734375
0 0.602288419806668 0.74462890625 0.0019727756954034327 0.001953125
0 0.34124087591240876 0.744384765625 0.001085026632471888 0.00244140625
0 0.5547445255474452 0.742919921875 0.002170053264943776 0.00244140625
0 0.572400868021306 0.74267578125 0.004340106529887552 0.0029296875
0 0.27761885973564804 0.741943359375 0.0022686920497139475 0.00244140625
0 0.2645492207536003 0.740234375 0.0009863878477017164 0.001953125
0 0.2611461826790294 0.7421875 0.005819688301440126 0.005859375
0 0.1678832116788321 0.740966796875 0.004734661668968239 0.00341796875
0 0.27451173801538764 0.739501953125 0.002170053264943776 0.00244140625
0 0.6070724008680213 0.73876953125 0.0012823042020122311 0.001953125
0 0.26617676070230817 0.73876953125 0.0014795817715525744 0.001953125
0 0.6578220556322746 0.73828125 0.002959163543105149 0.0029296875
0 0.6025350167685934 0.73876953125 0.002663247188794634 0.00390625
0 0.33739396330637206 0.7373046875 0.0008877490629315447 0.001953125
0 0.6600907476819886 0.737060546875 0.0019727756954034327 0.00244140625
0 0.5543992898007497 0.737060546875 0.0022686920497139475 0.00244140625
0 0.2301736042611955 0.737060546875 0.0012823042020122311 0.00244140625
0 0.6113138686131386 0.735595703125 0.0022686920497139475 0.00244140625
0 0.2791970802919708 0.735107421875 0.001874136910633261 0.00244140625
0 0.26923456303018345 0.73583984375 0.0028605247583349774 0.0048828125
0 0.23411915565200236 0.7373046875 0.004636022884198066 0.0078125
0 0.6379956598934701 0.733642578125 0.0033537186821858355 0.00244140625
0 0.2627244032353521 0.734619140625 0.006806076149141842 0.00439453125
0 0.5538567764845137 0.73291015625 0.002170053264943776 0.0029296875
0 0.33882422568553955 0.732177734375 0.0013809429867824028 0.00146484375
0 0.3319688301440126 0.73193359375 0.002465969619254291 0.00390625
0 0.5491221148155455 0.730224609375 0.002959163543105149 0.00244140625
0 0.2882718484908266 0.730224609375 0.002071414480173604 0.00244140625
0 0.5706253698954429 0.72998046875 0.004340106529887552 0.0029296875
0 0.17029986190570132 0.730224609375 0.001874136910633261 0.00341796875
0 0.3348293549023476 0.72998046875 0.003255079897415664 0.00390625
0 0.15432037877293353 0.72705078125 0.001085026632471888 0.001953125
0 0.5991319786940225 0.72607421875 0.002170053264943776 0.001953125
0 0.572992700729927 0.726318359375 0.002170053264943776 0.00244140625
0 0.21162951272440322 0.725341796875 0.002071414480173604 0.00244140625
0 0.28748273821266523 0.724853515625 0.0038469126060366936 0.00341796875
0 0.5521305977510357 0.72509765625 0.007003353718682186 0.0107421875
0 0.17380153876504242 0.72216796875 0.0017754981258630894 0.0048828125
0 0.5611560465575064 0.71875 0.0017754981258630894 0.0029296875
0 0.21468731505227856 0.718994140625 0.002071414480173604 0.00341796875
0 0.5713651607812191 0.718505859375 0.00542513316235944 0.00537109375
0 0.2117281515091734 0.717041015625 0.0028605247583349774 0.00244140625
0 0.1721246794239495 0.716796875 0.0023673308344841193 0.00390625
0 0.5677155257447228 0.71484375 0.0036496350364963502 0.0048828125
0 0.5724995068060762 0.712890625 0.0013809429867824028 0.001953125
0 0.20255474452554745 0.7109375 0.001085026632471888 0.001953125
0 0.259765239692247 0.7119140625 0.006214243440520813 0.0048828125
0 0.2552771749852042 0.712890625 0.0027618859735648055 0.0068359375
0 0.19698165318603275 0.710205078125 0.002959163543105149 0.00341796875
0 0.20926218188991913 0.712646484375 0.007989741566383901 0.01123046875
0 0.20151903728546064 0.708251953125 0.001578220556322746 0.00244140625
0 0.19032353521404616 0.70751953125 0.002071414480173604 0.001953125
0 0.22272637601104756 0.706787109375 0.0013809429867824028 0.00341796875
0 0.21537778654566975 0.704833984375 0.0016768593410929177 0.00341796875
0 0.5715131189583744 0.705810546875 0.0023673308344841193 0.00732421875
0 0.19278950483330046 0.70458984375 0.0030578023278753207 0.005859375
0 0.1846024856973762 0.70458984375 0.0028605247583349774 0.005859375
0 0.1975734858946538 0.703857421875 0.0027618859735648055 0.00537109375
0 0.18105148944565003 0.70263671875 0.0008877490629315447 0.0029296875
0 0.1759715920299862 0.705078125 0.002170053264943776 0.0078125
0 0.20733872558690078 0.70263671875 0.004340106529887552 0.0048828125
0 0.18746301045571118 0.701416015625 0.001874136910633261 0.00244140625
0 0.21483527322943383 0.699951171875 0.002170053264943776 0.00244140625
0 0.18958374432826988 0.699951171875 0.0009863878477017164 0.00244140625
0 0.20773328072598146 0.699951171875 0.001578220556322746 0.00341796875
0 0.17888143618070626 0.6982421875 0.0008877490629315447 0.001953125
0 0.1828269875715131 0.698974609375 0.0016768593410929177 0.00439453125
0 0.19668573683172225 0.697509765625 0.0011836654172420597 0.00244140625
0 0.17528112053659498 0.697265625 0.0011836654172420597 0.00390625
0 0.18139672519234562 0.69580078125 0.000789110278161373 0.001953125
0 0.21641349378575656 0.694580078125 0.0011836654172420597 0.00244140625
0 0.1884493983034129 0.6943359375 0.0012823042020122311 0.001953125
0 0.1898303412901953 0.693359375 0.001085026632471888 0.001953125
0 0.572992700729927 0.694091796875 0.0011836654172420597 0.00439453125
0 0.2249457486683764 0.696044921875 0.002663247188794634 0.00830078125
0 0.31233971197474847 0.69091796875 0.0008877490629315447 0.001953125
0 0.285066087985796 0.69091796875 0.0013809429867824028 0.001953125
0 0.18593410929177354 0.69091796875 0.0009863878477017164 0.001953125
0 0.192542907871375 0.689697265625 0.0009863878477017164 0.00146484375
0 0.22553758137699745 0.68896484375 0.0008877490629315447 0.001953125
0 0.1961432235154863 0.68896484375 0.001874136910633261 0.001953125
0 0.5394061945156836 0.689697265625 0.001874136910633261 0.00537109375
0 0.2812191753797593 0.689208984375 0.002959163543105149 0.00439453125
0 0.5689978299467351 0.6923828125 0.0044387453146577235 0.01171875
0 0.34794831327678044 0.688232421875 0.001085026632471888 0.00341796875
0 0.2711580193332018 0.6884765625 0.0027618859735648055 0.00390625
0 0.31998421779443675 0.686767578125 0.0013809429867824028 0.00146484375
0 0.3017853620043401 0.6875 0.002071414480173604 0.0029296875
0 0.29300651015979484 0.68896484375 0.003255079897415664 0.0068359375
0 0.26780430065101596 0.6875 0.002170053264943776 0.0048828125
0 0.24220753600315645 0.68701171875 0.0014795817715525744 0.00390625
0 0.3159893470112448 0.686767578125 0.0016768593410929177 0.00439453125
0 0.21739988163345828 0.68505859375 0.000789110278161373 0.001953125
0 0.2197178930755573 0.68212890625 0.0006904714933912014 0.001953125
0 0.27056618662458076 0.6826171875 0.001578220556322746 0.0048828125
0 0.22351548628920892 0.68115234375 0.0009863878477017164 0.001953125
0 0.2868415861116591 0.681396484375 0.0009863878477017164 0.00341796875
0 0.2625271256658118 0.685791015625 0.007200631288222529 0.01318359375
0 0.2378674294732689 0.677001953125 0.0008877490629315447 0.00341796875
0 0.22410731899782996 0.67626953125 0.000789110278161373 0.001953125
0 0.5515387650424147 0.672607421875 0.00424146774511738 0.00244140625
0 0.5947425527717498 0.67236328125 0.00542513316235944 0.00390625
0 0.6312389031367134 0.666015625 0.007003353718682186 0.00390625
0 0.5230814756362202 0.665283203125 0.003550996251726179 0.00634765625
0 0.46153087393963305 0.6650390625 0.009469323337936477 0.005859375
0 0.5042414677451174 0.6640625 0.003156441112645492 0.0068359375
0 0.5238705859143815 0.6533203125 0.004931939238508582 0.00390625
0 0.44762280528703885 0.652587890625 0.0023673308344841193 0.00341796875
0 0.6247780627342671 0.650634765625 0.0009863878477017164 0.00341796875
0 0.486782402840797 0.652099609375 0.0027618859735648055 0.00830078125
0 0.45230814756362203 0.64990234375 0.0022686920497139475 0.00390625
0 0.4561057407772736 0.64892578125 0.0017754981258630894 0.0029296875
