0 0.5149930952850661 0.975830078125 0.0013809429867824028 0.00439453125
0 0.512033931741961 0.9677734375 0.0019727756954034327 0.0029296875
0 0.38439534424935884 0.8037109375 0.0017754981258630894 0.0048828125
0 0.36664036299072794 0.7841796875 0.0013809429867824028 0.0029296875
0 0.368958374432827 0.721923828125 0.0022686920497139475 0.00927734375
0 0.38217597159203 0.717529296875 0.005819688301440126 0.00537109375
0 0.3830637206549615 0.710693359375 0.009370684553166305 0.01123046875
0 0.39134937857565594 0.707763671875 0.003452357466956007 0.00732421875
0 0.41906687709607415 0.699462890625 0.006806076149141842 0.00439453125
0 0.4211876109686329 0.688720703125 0.012625764450581969 0.00634765625
0 0.430459656737029 0.686767578125 0.0033537186821858355 0.00341796875
0 0.5150424146774512 0.671142578125 0.013118958374432827 0.00830078125
0 0.23012428486881042 0.66552734375 0.0023673308344841193 0.005859375
0 0.20733872558690078 0.666015625 0.0033537186821858355 0.009765625
0 0.2532550798974157 0.662353515625 0.0022686920497139475 0.00341796875
0 0.09967449201025844 0.65673828125 0.0012823042020122311 0.001953125
0 0.11205365949891498 0.656005859375 0.0019727756954034327 0.00244140625
0 0.10490234760307753 0.65625 0.003255079897415664 0.0029296875
0 0.22228250147958178 0.654296875 0.002465969619254291 0.001953125
0 0.20738804497928587 0.654541015625 0.003452357466956007 0.00244140625
0 0.23545077924639968 0.65380859375 0.001578220556322746 0.001953125
0 0.233330045373841 0.65380859375 0.002465969619254291 0.001953125
0 0.2560169658709805 0.65380859375 0.0028605247583349774 0.0029296875
0 0.27589268100217007 0.65380859375 0.004931939238508582 0.0048828125
0 0.4071315841388834 0.649169921875 0.001085026632471888 0.00244140625
0 0.4187709607417637 0.649658203125 0.006214243440520813 0.00634765625
0 0.4117182876306964 0.64794921875 0.003748273821266522 0.00390625
