0 0.5717103965279148 0.999267578125 0.0025646084040244622 0.00146484375
0 0.28378378378378377 0.998779296875 0.002959163543105149 0.00244140625
0 0.3804004734661669 0.996337890625 0.0038469126060366936 0.00341796875
0 0.49299664628131784 0.9951171875 0.0017754981258630894 0.001953125
0 0.393124876701519 0.99609375 0.0038469126060366936 0.00390625
0 0.32841783389228646 0.9951171875 0.004044190175577037 0.00390625
0 0.35421187610968635 0.994384765625 0.0061156046557506415 0.00537109375
0 0.600019727756954 0.993896484375 0.004142828960347208 0.00634765625
0 0.33320181495363976 0.9921875 0.0017754981258630894 0.00390625
0 0.31041625567173015 0.9951171875 0.015387650424146774 0.009765625
0 0.16906687709607418 0.9912109375 0.0011836654172420597 0.001953125
0 0.31243835075951865 0.991455078125 0.0038469126060366936 0.00341796875
0 0.2622312093115013 0.991455078125 0.0016768593410929177 0.00341796875
0 0.4978299467350562 0.990478515625 0.000789110278161373 0.00244140625
0 0.4705070033537187 0.991455078125 0.0023673308344841193 0.00439453125
0 0.6037680015782205 0.99072265625 0.004537384099427895 0.005859375
0 0.5507003353718682 0.99267578125 0.004142828960347208 0.009765625
0 0.4726277372262774 0.989013671875 0.0016768593410929177 0.00244140625
0 0.24916157032945355 0.989013671875 0.0027618859735648055 0.00244140625
0 0.15219964490037483 0.989013671875 0.002170053264943776 0.00244140625
0 0.475290984415072 0.9892578125 0.0030578023278753207 0.00390625
0 0.39657723416847507 0.989013671875 0.00483330045373841 0.00341796875
0 0.32807259814559087 0.989990234375 0.005523771947129611 0.00537109375
0 0.3178634839218781 0.988037109375 0.003452357466956007 0.00341796875
0 0.29793844939830344 0.987060546875 0.0014795817715525744 0.00244140625
0 0.5508976129414086 0.986328125 0.0019727756954034327 0.00390625
0 0.3334484119155652 0.986572265625 0.006016965870980469 0.00439453125
0 0.5975044387453147 0.986328125 0.006214243440520813 0.0048828125
0 0.3135726967843756 0.9853515625 0.0033537186821858355 0.00390625
0 0.2687906884987177 0.98583984375 0.003550996251726179 0.0048828125
0 0.7250937068455316 0.984130859375 0.0009863878477017164 0.00244140625
0 0.5501085026632472 0.984130859375 0.0011836654172420597 0.00244140625
0 0.4881633458275794 0.986328125 0.003156441112645492 0.0068359375
0 0.4812093115012823 0.984130859375 0.0014795817715525744 0.00244140625
0 0.2420102584336161 0.990234375 0.009567962122706648 0.0146484375
0 0.6389820477411718 0.9833984375 0.0011836654172420597 0.0029296875
0 0.4659696192542908 0.983154296875 0.0017754981258630894 0.00244140625
0 0.2521207338725587 0.984130859375 0.003156441112645492 0.00439453125
0 0.48480962714539355 0.9853515625 0.002959163543105149 0.0078125
0 0.24921088972183864 0.983154296875 0.002465969619254291 0.00341796875
0 0.365506016965871 0.983154296875 0.0030578023278753207 0.00439453125
0 0.3421779443677254 0.98486328125 0.010652988755178536 0.0078125
0 0.35860130203195895 0.981201171875 0.0014795817715525744 0.00244140625
0 0.4950680607614914 0.981201171875 0.002959163543105149 0.00341796875
0 0.3167784572894062 0.980712890625 0.00542513316235944 0.00341796875
0 0.4071315841388834 0.98046875 0.002663247188794634 0.00390625
0 0.4901854409153679 0.980712890625 0.0016768593410929177 0.00537109375
0 0.38266916551588087 0.980224609375 0.0028605247583349774 0.00439453125
0 0.46508187019135927 0.97900390625 0.0011836654172420597 0.0029296875
0 0.4871276385874926 0.979248046875 0.002465969619254291 0.00439453125
0 0.2423554941803117 0.97802734375 0.0019727756954034327 0.001953125
0 0.30306766620635234 0.97802734375 0.002465969619254291 0.00390625
0 0.48180114420990333 0.9765625 0.0014795817715525744 0.001953125
0 0.2610475438942592 0.97998046875 0.006214243440520813 0.0087890625
0 0.1662556717301243 0.97705078125 0.0036496350364963502 0.0029296875
0 0.6217695797987769 0.977783203125 0.0014795817715525744 0.00537109375
0 0.43410929177352536 0.9755859375 0.002170053264943776 0.001953125
0 0.3365062142434405 0.97705078125 0.003452357466956007 0.0048828125
0 0.3024265141053462 0.98046875 0.006904714933912014 0.01171875
0 0.25369895442888146 0.975830078125 0.0017754981258630894 0.00244140625
0 0.5012329848096272 0.97509765625 0.002465969619254291 0.001953125
0 0.4367232195699349 0.97509765625 0.0014795817715525744 0.001953125
0 0.46838626948115997 0.974853515625 0.0014795817715525744 0.00244140625
0 0.2391497336752811 0.97509765625 0.002465969619254291 0.0029296875
0 0.4989642927599132 0.974365234375 0.001874136910633261 0.00244140625
0 0.39401262576445056 0.974365234375 0.002071414480173604 0.00244140625
0 0.3738903136713356 0.9765625 0.0044387453146577235 0.0068359375
0 0.3448905109489051 0.97607421875 0.00542513316235944 0.005859375
0 0.3069638982047741 0.97509765625 0.0023673308344841193 0.00390625
0 0.2593213651607812 0.97412109375 0.004142828960347208 0.0029296875
0 0.32348589465377786 0.973388671875 0.004636022884198066 0.00341796875
0 0.4780528703886368 0.97314453125 0.0028605247583349774 0.00390625
0 0.3800059183270862 0.97265625 0.002465969619254291 0.0029296875
0 0.16674886565397515 0.972412109375 0.0022686920497139475 0.00244140625
0 0.4871769579798777 0.97216796875 0.0011836654172420597 0.0029296875
0 0.17759913197869404 0.9716796875 0.0012823042020122311 0.001953125
0 0.3312290392582363 0.97265625 0.006510159794831328 0.0048828125
0 0.2931544683369501 0.972412109375 0.0039455513908068654 0.00439453125
0 0.2904419017557704 0.971435546875 0.0012823042020122311 0.00244140625
0 0.24565989347011244 0.972900390625 0.006806076149141842 0.00537109375
0 0.47006312882225293 0.970947265625 0.0022686920497139475 0.00244140625
0 0.3542611955020714 0.97119140625 0.004636022884198066 0.0029296875
0 0.2979877687906885 0.971923828125 0.002170053264943776 0.00634765625
0 0.30449792858551983 0.97021484375 0.0025646084040244622 0.005859375
0 0.26578220556322746 0.96875 0.004044190175577037 0.0048828125
0 0.2524166502268692 0.968017578125 0.003156441112645492 0.00341796875
0 0.594791872164135 0.9697265625 0.003156441112645492 0.0078125
0 0.2932037877293352 0.96728515625 0.0014795817715525744 0.0029296875
0 0.2575458670349181 0.967041015625 0.0023673308344841193 0.00244140625
0 0.5068553955415269 0.966796875 0.0038469126060366936 0.0029296875
0 0.3863681199447623 0.967529296875 0.004537384099427895 0.00439453125
0 0.26923456303018345 0.96875 0.005227855592819097 0.0078125
0 0.5096666009074768 0.965576171875 0.001578220556322746 0.00244140625
0 0.23845926218188992 0.966796875 0.005819688301440126 0.0048828125
0 0.72701716314855 0.96533203125 0.001085026632471888 0.0029296875
0 0.3622509370684553 0.96630859375 0.0038469126060366936 0.0048828125
0 0.39652791477608995 0.96728515625 0.0051292168080489245 0.0078125
0 0.33704872755967646 0.964599609375 0.0017754981258630894 0.00244140625
0 0.20181495363977117 0.964599609375 0.0023673308344841193 0.00244140625
0 0.5009863878477017 0.964111328125 0.001578220556322746 0.00244140625
0 0.4913197869402249 0.9638671875 0.000789110278161373 0.001953125
0 0.47095087788518447 0.96533203125 0.0028605247583349774 0.0048828125
0 0.34370684553166303 0.964111328125 0.001085026632471888 0.00244140625
0 0.37433418820280134 0.964111328125 0.0027618859735648055 0.00341796875
0 0.2357466956007102 0.963134765625 0.0013809429867824028 0.00244140625
0 0.4996054448609193 0.962646484375 0.0013809429867824028 0.00244140625
0 0.4036792266719274 0.966552734375 0.006806076149141842 0.01025390625
0 0.32491615703294535 0.963623046875 0.005326494377589268 0.00537109375
0 0.34567962122706647 0.962158203125 0.0022686920497139475 0.00439453125
0 0.315496153087394 0.9619140625 0.0028605247583349774 0.00390625
0 0.30883803511540736 0.964111328125 0.0051292168080489245 0.00830078125
0 0.20812783586506214 0.961181640625 0.0027618859735648055 0.00244140625
0 0.49773130795028603 0.96142578125 0.0023673308344841193 0.00390625
0 0.4864371670941014 0.96044921875 0.0008877490629315447 0.001953125
0 0.6215229828368515 0.9609375 0.002959163543105149 0.00390625
0 0.417242059577826 0.96240234375 0.005326494377589268 0.0068359375
0 0.3289110278161373 0.960205078125 0.0012823042020122311 0.00244140625
0 0.40910435983428683 0.96044921875 0.004044190175577037 0.00390625
0 0.2784572894061945 0.960693359375 0.003550996251726179 0.00439453125
0 0.25054251331623595 0.9599609375 0.0023673308344841193 0.0029296875
0 0.5048333004537384 0.961669921875 0.005523771947129611 0.00732421875
0 0.46971789307555734 0.958251953125 0.0027618859735648055 0.00244140625
0 0.3908561846518051 0.958251953125 0.0014795817715525744 0.00244140625
0 0.34193134740579995 0.959228515625 0.004044190175577037 0.00439453125
0 0.2640067074373644 0.9580078125 0.0030578023278753207 0.0029296875
0 0.33704872755967646 0.957275390625 0.0017754981258630894 0.00244140625
0 0.45072992700729925 0.95751953125 0.0022686920497139475 0.00390625
0 0.40624383507595185 0.957275390625 0.0030578023278753207 0.00341796875
0 0.16467745117380153 0.956298828125 0.002071414480173604 0.00244140625
0 0.5093213651607812 0.956298828125 0.003452357466956007 0.00341796875
0 0.3129808640757546 0.95654296875 0.0023673308344841193 0.00390625
0 0.24679423949496943 0.9560546875 0.0025646084040244622 0.0029296875
0 0.4938843953442494 0.95751953125 0.002959163543105149 0.0068359375
0 0.48495758532254885 0.95556640625 0.0014795817715525744 0.0029296875
0 0.5617478792661275 0.955078125 0.0017754981258630894 0.0029296875
0 0.4002268692049714 0.957275390625 0.008384296705464589 0.00830078125
0 0.37329848096271456 0.954345703125 0.0036496350364963502 0.00244140625
0 0.3294042217399882 0.95458984375 0.0030578023278753207 0.0029296875
0 0.2801341487472874 0.955810546875 0.005721049516669955 0.00537109375
0 0.30247583349773133 0.955078125 0.0028605247583349774 0.0048828125
0 0.2922173998816335 0.95361328125 0.0014795817715525744 0.0029296875
0 0.24117182876306964 0.9541015625 0.003156441112645492 0.00390625
0 0.5124778062734268 0.953125 0.0022686920497139475 0.0029296875
0 0.4937857565594792 0.95263671875 0.0011836654172420597 0.001953125
0 0.4824916157032945 0.952880859375 0.001085026632471888 0.00244140625
0 0.4255770368909055 0.953369140625 0.002663247188794634 0.00341796875
0 0.365506016965871 0.95361328125 0.002465969619254291 0.00390625
0 0.504586703491813 0.9521484375 0.0006904714933912014 0.001953125
0 0.47593213651607813 0.952880859375 0.002170053264943776 0.00341796875
0 0.20610574077727362 0.953369140625 0.00542513316235944 0.00439453125
0 0.4725290984415072 0.95263671875 0.002663247188794634 0.00390625
0 0.41250739790885776 0.95263671875 0.0025646084040244622 0.00390625
0 0.3928782797395936 0.952880859375 0.004931939238508582 0.00537109375
0 0.3387749062931545 0.9521484375 0.002465969619254291 0.00390625
0 0.1547642533043993 0.951171875 0.002170053264943776 0.001953125
0 0.4846616689682383 0.95166015625 0.001085026632471888 0.00390625
0 0.38597356480568157 0.950927734375 0.002170053264943776 0.00244140625
0 0.34365752613927797 0.95068359375 0.0017754981258630894 0.001953125
0 0.30864075754586706 0.951171875 0.0027618859735648055 0.0029296875
0 0.24807654369698165 0.950927734375 0.0019727756954034327 0.00244140625
0 0.4979285855198264 0.9521484375 0.004734661668968239 0.005859375
0 0.40841388834089565 0.95068359375 0.0038469126060366936 0.00390625
0 0.17375221937265733 0.9501953125 0.002663247188794634 0.0029296875
0 0.1599427895048333 0.949462890625 0.003255079897415664 0.00244140625
0 0.4892483724600513 0.95068359375 0.005523771947129611 0.005859375
0 0.24496942197672125 0.94921875 0.001874136910633261 0.0029296875
0 0.4541329650818702 0.948486328125 0.0013809429867824028 0.00244140625
0 0.2706155060169659 0.95068359375 0.00483330045373841 0.0068359375
0 0.1651213257052673 0.948486328125 0.0033537186821858355 0.00244140625
0 0.3362596172815151 0.9482421875 0.002959163543105149 0.0029296875
0 0.47992700729927007 0.94970703125 0.005227855592819097 0.0068359375
0 0.48530282106924444 0.947021484375 0.0023673308344841193 0.00244140625
0 0.45220950877885185 0.94677734375 0.0014795817715525744 0.001953125
0 0.4123594397317025 0.94775390625 0.0014795817715525744 0.00390625
0 0.270122312093115 0.947021484375 0.0012823042020122311 0.00341796875
0 0.5049319392385085 0.946044921875 0.0019727756954034327 0.00244140625
0 0.34612349575853224 0.947021484375 0.004340106529887552 0.00439453125
0 0.2655849279936871 0.9501953125 0.005622410731899783 0.0107421875
0 0.17922667192740185 0.946533203125 0.0039455513908068654 0.00341796875
0 0.40900572104951666 0.945556640625 0.004044190175577037 0.00341796875
0 0.24087591240875914 0.946044921875 0.003550996251726179 0.00439453125
0 0.16995462615900572 0.947021484375 0.004142828960347208 0.00634765625
0 0.473564805681594 0.94482421875 0.0033537186821858355 0.0029296875
0 0.39830341290195304 0.944580078125 0.001578220556322746 0.00244140625
0 0.32249950680607614 0.9443359375 0.002465969619254291 0.001953125
0 0.3147563622016177 0.9443359375 0.0027618859735648055 0.001953125
0 0.279887551785362 0.947021484375 0.0030578023278753207 0.00732421875
0 0.34301637403827184 0.9443359375 0.001874136910633261 0.0029296875
0 0.31174787926612746 0.944580078125 0.0022686920497139475 0.00341796875
0 0.30824620240678635 0.944580078125 0.0017754981258630894 0.00341796875
0 0.27465969619254293 0.94482421875 0.002663247188794634 0.00390625
0 0.49136910633261 0.944091796875 0.002071414480173604 0.00341796875
0 0.3328072598145591 0.94384765625 0.002959163543105149 0.0029296875
0 0.3261984612349576 0.94384765625 0.0027618859735648055 0.0029296875
0 0.16433221542710594 0.943603515625 0.0027618859735648055 0.00244140625
0 0.5478891300059183 0.9423828125 0.001085026632471888 0.001953125
0 0.44811599921088974 0.94287109375 0.003156441112645492 0.0029296875
0 0.2825014795817716 0.94287109375 0.002170053264943776 0.0029296875
0 0.45541526928388243 0.942626953125 0.0023673308344841193 0.00341796875
0 0.44599526533833106 0.94189453125 0.001085026632471888 0.001953125
0 0.2698757151311896 0.942138671875 0.0027618859735648055 0.00244140625
0 0.5083349773130795 0.942626953125 0.006411521010061156 0.00537109375
0 0.344249358847899 0.94091796875 0.000789110278161373 0.001953125
0 0.28531268494772144 0.941650390625 0.003255079897415664 0.00341796875
0 0.403432629710002 0.945556640625 0.004734661668968239 0.01220703125
0 0.36249753403038076 0.940673828125 0.0025646084040244622 0.00244140625
0 0.332166107713553 0.9404296875 0.0014795817715525744 0.001953125
0 0.6211284276977708 0.9404296875 0.003156441112645492 0.0029296875
0 0.3961333596370093 0.9404296875 0.003748273821266522 0.0029296875
0 0.26514105346222133 0.94287109375 0.0061156046557506415 0.0078125
0 0.4521108699940817 0.9404296875 0.002465969619254291 0.00390625
0 0.38883408956401655 0.939453125 0.0019727756954034327 0.001953125
0 0.2433418820280134 0.939697265625 0.0017754981258630894 0.00244140625
0 0.48806470704280924 0.940185546875 0.002959163543105149 0.00537109375
0 0.3909548234365753 0.93896484375 0.002071414480173604 0.0029296875
0 0.3841487472874334 0.941162109375 0.00483330045373841 0.00732421875
0 0.6069244426908661 0.940185546875 0.003748273821266522 0.00634765625
0 0.5037975932136516 0.939208984375 0.0016768593410929177 0.00439453125
0 0.44939830341290193 0.9384765625 0.0019727756954034327 0.0029296875
0 0.37255869007693826 0.940673828125 0.0019727756954034327 0.00732421875
0 0.3152988755178536 0.938232421875 0.002465969619254291 0.00244140625
0 0.2756954034326297 0.938232421875 0.0023673308344841193 0.00244140625
0 0.5129216808048925 0.93798828125 0.0027618859735648055 0.0048828125
0 0.4536890905504044 0.936767578125 0.0008877490629315447 0.00244140625
0 0.44135924245413294 0.937744140625 0.0030578023278753207 0.00439453125
0 0.4026435194318406 0.936767578125 0.0017754981258630894 0.00244140625
0 0.38261984612349575 0.9365234375 0.0019727756954034327 0.001953125
0 0.15634247386072203 0.93701171875 0.0051292168080489245 0.0029296875
0 0.5105543499704084 0.93603515625 0.0011836654172420597 0.001953125
0 0.4802229236535806 0.938232421875 0.003452357466956007 0.00634765625
0 0.36881041625567174 0.937255859375 0.006312882225290984 0.00439453125
0 0.3454823436575261 0.93603515625 0.0012823042020122311 0.001953125
0 0.3282205563227461 0.9365234375 0.001874136910633261 0.0029296875
0 0.16122509370684554 0.93798828125 0.003255079897415664 0.005859375
0 0.28629907279542316 0.935546875 0.001085026632471888 0.001953125
0 0.5987374235549418 0.936279296875 0.0019727756954034327 0.00439453125
0 0.430459656737029 0.935302734375 0.003156441112645492 0.00244140625
0 0.38587492602091145 0.935302734375 0.0013809429867824028 0.00244140625
0 0.29853028210692445 0.936279296875 0.003255079897415664 0.00537109375
0 0.1720260406391793 0.935302734375 0.004537384099427895 0.00341796875
0 0.5965673702899981 0.934326171875 0.0011836654172420597 0.00244140625
0 0.16847504438745314 0.93408203125 0.001578220556322746 0.001953125
0 0.27752022095087786 0.9345703125 0.0028605247583349774 0.00390625
0 0.271256658117972 0.934814453125 0.003156441112645492 0.00439453125
0 0.5475932136516078 0.935302734375 0.0038469126060366936 0.00634765625
0 0.51726178733478 0.933349609375 0.0011836654172420597 0.00244140625
0 0.5142533043992898 0.934326171875 0.0038469126060366936 0.00439453125
0 0.4113730518840008 0.933349609375 0.002071414480173604 0.00244140625
0 0.15604655750641153 0.93310546875 0.0019727756954034327 0.001953125
0 0.5210593805484316 0.9326171875 0.0012823042020122311 0.001953125
0 0.35490234760307754 0.93505859375 0.003748273821266522 0.0068359375
0 0.40446833695008877 0.9326171875 0.002663247188794634 0.0029296875
0 0.2835865062142434 0.93310546875 0.0017754981258630894 0.00390625
0 0.4456993489840205 0.9345703125 0.006214243440520813 0.0078125
0 0.27357466956007104 0.931640625 0.0022686920497139475 0.0029296875
0 0.3829157624778063 0.93212890625 0.004537384099427895 0.0048828125
0 0.3411422371276386 0.9306640625 0.001085026632471888 0.001953125
0 0.36328664430854213 0.931884765625 0.0072992700729927005 0.00537109375
0 0.3366048530282107 0.931396484375 0.00424146774511738 0.00439453125
0 0.5328960347208522 0.9296875 0.0012823042020122311 0.001953125
0 0.36846518050897614 0.931884765625 0.002071414480173604 0.00634765625
0 0.45181495363977114 0.9306640625 0.003255079897415664 0.0048828125
0 0.43519431840599726 0.930419921875 0.005326494377589268 0.00439453125
0 0.4217794436772539 0.929931640625 0.0025646084040244622 0.00341796875
0 0.3952949299664628 0.929443359375 0.0022686920497139475 0.00244140625
0 0.3462221345433024 0.93017578125 0.0017754981258630894 0.00390625
0 0.2860031564411126 0.929443359375 0.0028605247583349774 0.00439453125
0 0.5186427303215624 0.928466796875 0.004537384099427895 0.00341796875
0 0.40131189583744326 0.927978515625 0.002071414480173604 0.00244140625
0 0.3167291378970211 0.92822265625 0.003156441112645492 0.0029296875
0 0.3554448609193135 0.927734375 0.0038469126060366936 0.0029296875
0 0.5225389623199842 0.9267578125 0.0016768593410929177 0.001953125
0 0.43815348194910236 0.927001953125 0.0017754981258630894 0.00244140625
0 0.426464785953837 0.9267578125 0.0030578023278753207 0.0029296875
0 0.41452949299664626 0.9267578125 0.0014795817715525744 0.0029296875
0 0.37354507792464 0.927490234375 0.0025646084040244622 0.00439453125
0 0.4108798579601499 0.927001953125 0.005622410731899783 0.00537109375
0 0.2993193923850858 0.92822265625 0.005227855592819097 0.0078125
0 0.2810712172026041 0.925537109375 0.0016768593410929177 0.00244140625
0 0.44658709804695207 0.92626953125 0.00483330045373841 0.0048828125
0 0.3946537778654567 0.92529296875 0.004340106529887552 0.0029296875
0 0.4290787137502466 0.9267578125 0.0033537186821858355 0.0068359375
0 0.35130203195896625 0.92822265625 0.004636022884198066 0.009765625
0 0.15624383507595185 0.925048828125 0.004537384099427895 0.00439453125
0 0.31184651805089764 0.924072265625 0.002465969619254291 0.00341796875
0 0.3056815940027619 0.923828125 0.0017754981258630894 0.0029296875
0 0.6285756559479188 0.924560546875 0.0014795817715525744 0.00537109375
0 0.5076445058196883 0.92333984375 0.0016768593410929177 0.0029296875
0 0.4412112842769777 0.92529296875 0.0039455513908068654 0.0068359375
0 0.46019925034523573 0.922607421875 0.001085026632471888 0.00244140625
0 0.4317419609390412 0.922607421875 0.0009863878477017164 0.00244140625
0 0.27835865062142434 0.923095703125 0.0027618859735648055 0.00341796875
0 0.39075754586703493 0.92236328125 0.0030578023278753207 0.0029296875
0 0.37147366344446636 0.92236328125 0.004537384099427895 0.0029296875
0 0.3333990925231801 0.92236328125 0.0019727756954034327 0.0029296875
0 0.19722825014795817 0.921875 0.003255079897415664 0.0029296875
0 0.32284474255277174 0.922607421875 0.0025646084040244622 0.00537109375
0 0.5092227263760111 0.921630859375 0.002465969619254291 0.00439453125
0 0.4363779838232393 0.922119140625 0.006707437364371671 0.00537109375
0 0.35381732097060564 0.920654296875 0.001578220556322746 0.00244140625
0 0.7319984217794436 0.920166015625 0.001578220556322746 0.00244140625
0 0.5347208522391004 0.919921875 0.0011836654172420597 0.001953125
0 0.512033931741961 0.92041015625 0.0025646084040244622 0.0029296875
0 0.42843756164924046 0.920166015625 0.0016768593410929177 0.00244140625
0 0.37995659893470113 0.92041015625 0.0033537186821858355 0.0029296875
0 0.417833892286447 0.9208984375 0.005721049516669955 0.0048828125
0 0.24383507595186427 0.919677734375 0.0025646084040244622 0.00244140625
0 0.3845926218188992 0.919921875 0.005326494377589268 0.00390625
0 0.5443874531465772 0.9189453125 0.003156441112645492 0.0029296875
0 0.15624383507595185 0.918701171875 0.001578220556322746 0.00244140625
0 0.39761294140856185 0.91943359375 0.0025646084040244622 0.0048828125
0 0.5391595975537581 0.918701171875 0.006707437364371671 0.00439453125
0 0.5091240875912408 0.91748046875 0.0012823042020122311 0.001953125
0 0.4516176760702308 0.91748046875 0.0008877490629315447 0.001953125
0 0.6248273821266522 0.919921875 0.0044387453146577235 0.0078125
0 0.36491418425725 0.922119140625 0.007200631288222529 0.01220703125
0 0.6219668573683172 0.916748046875 0.0014795817715525744 0.00244140625
0 0.4864371670941014 0.9169921875 0.003255079897415664 0.0029296875
0 0.316087985796015 0.917236328125 0.003255079897415664 0.00439453125
0 0.28210692444269087 0.9169921875 0.0027618859735648055 0.00390625
0 0.19865851252712566 0.916259765625 0.003748273821266522 0.00244140625
0 0.44811599921088974 0.916259765625 0.0013809429867824028 0.00341796875
0 0.44091536792266717 0.916259765625 0.0017754981258630894 0.00341796875
0 0.309775103570724 0.916748046875 0.001874136910633261 0.00439453125
0 0.20684553166304992 0.91650390625 0.005918327086210298 0.00390625
0 0.4456500295916354 0.914794921875 0.003748273821266522 0.00244140625
0 0.42020122312093117 0.91552734375 0.004142828960347208 0.00390625
0 0.40732886170842375 0.917236328125 0.001874136910633261 0.00732421875
0 0.31342473860722037 0.9150390625 0.0016768593410929177 0.0029296875
0 0.27776681791280333 0.914306640625 0.0023673308344841193 0.00244140625
0 0.5385184454527521 0.913818359375 0.001874136910633261 0.00244140625
0 0.40141053462221343 0.915283203125 0.00483330045373841 0.00537109375
0 0.5472479779049122 0.916259765625 0.003550996251726179 0.00830078125
0 0.5354606431248767 0.9140625 0.001874136910633261 0.00390625
0 0.42399881633458275 0.91552734375 0.003255079897415664 0.0068359375
0 0.3480962714539357 0.91455078125 0.004340106529887552 0.0048828125
0 0.5423653580587887 0.91259765625 0.001085026632471888 0.001953125
0 0.527569540343263 0.91259765625 0.0008877490629315447 0.001953125
0 0.453442493588479 0.91259765625 0.0009863878477017164 0.001953125
0 0.39411126454922074 0.915283203125 0.0036496350364963502 0.00732421875
0 0.19712961136318802 0.91259765625 0.002663247188794634 0.001953125
0 0.5990333399092523 0.914794921875 0.002959163543105149 0.00732421875
0 0.3455809824422963 0.91259765625 0.0014795817715525744 0.0029296875
0 0.5298382323929769 0.911865234375 0.0028605247583349774 0.00244140625
0 0.43923850858157426 0.911865234375 0.0009863878477017164 0.00244140625
0 0.35214046162951274 0.914306640625 0.003748273821266522 0.00927734375
0 0.2844249358847899 0.91064453125 0.001085026632471888 0.001953125
0 0.5655947918721641 0.912353515625 0.003156441112645492 0.00634765625
0 0.44259222726376013 0.910888671875 0.0013809429867824028 0.00341796875
0 0.3746301045571119 0.910400390625 0.0017754981258630894 0.00244140625
0 0.363237324916157 0.9111328125 0.004636022884198066 0.00390625
0 0.2991714342079306 0.910888671875 0.001578220556322746 0.00341796875
0 0.5158315249556126 0.91064453125 0.0030578023278753207 0.00390625
0 0.44594594594594594 0.90966796875 0.0023673308344841193 0.001953125
0 0.4090550404419018 0.909912109375 0.0013809429867824028 0.00244140625
0 0.384493983034129 0.912841796875 0.005918327086210298 0.00927734375
0 0.297149339120142 0.909423828125 0.002071414480173604 0.00244140625
0 0.17799368711777472 0.909912109375 0.0044387453146577235 0.00341796875
0 0.6093904123101204 0.9091796875 0.0033537186821858355 0.0029296875
0 0.5030578023278753 0.9091796875 0.0011836654172420597 0.0029296875
0 0.4350956796212271 0.910400390625 0.002959163543105149 0.00537109375
0 0.3571217202604064 0.910888671875 0.006016965870980469 0.00634765625
0 0.42967054645886765 0.909423828125 0.004537384099427895 0.00439453125
0 0.5366443085421188 0.908447265625 0.005227855592819097 0.00341796875
0 0.38863681199447625 0.907958984375 0.0017754981258630894 0.00244140625
0 0.3509074768198856 0.908203125 0.0038469126060366936 0.00390625
0 0.3480962714539357 0.9072265625 0.000789110278161373 0.001953125
0 0.343115012823042 0.907470703125 0.001874136910633261 0.00244140625
0 0.2823042020122312 0.907470703125 0.0009863878477017164 0.00244140625
0 0.4806667981850464 0.907958984375 0.004142828960347208 0.00439453125
0 0.3834089564016571 0.9091796875 0.004734661668968239 0.0068359375
0 0.3129808640757546 0.9072265625 0.0025646084040244622 0.0029296875
0 0.17261787334780035 0.9072265625 0.005721049516669955 0.0029296875
0 0.6225586900769382 0.9072265625 0.0038469126060366936 0.00390625
0 0.5432531071217203 0.907958984375 0.007200631288222529 0.00537109375
0 0.5268790688498718 0.90625 0.0014795817715525744 0.001953125
0 0.5260406391793253 0.90771484375 0.0019727756954034327 0.0048828125
0 0.3452850660879858 0.906494140625 0.0014795817715525744 0.00244140625
0 0.12393963306372066 0.906494140625 0.0030578023278753207 0.00341796875
0 0.5314657723416848 0.90673828125 0.0027618859735648055 0.0048828125
0 0.42843756164924046 0.9052734375 0.001085026632471888 0.001953125
0 0.4130005918327086 0.906982421875 0.003748273821266522 0.00537109375
0 0.33916946143223514 0.905517578125 0.0022686920497139475 0.00244140625
0 0.30296902742158216 0.905517578125 0.001085026632471888 0.00244140625
0 0.30632274610376803 0.9052734375 0.001874136910633261 0.0029296875
0 0.27826001183665416 0.905517578125 0.002170053264943776 0.00341796875
0 0.613779838232393 0.906982421875 0.0066087985796014995 0.00732421875
0 0.5662359439731702 0.9052734375 0.0022686920497139475 0.00390625
0 0.44520615506016964 0.90478515625 0.0012823042020122311 0.0029296875
0 0.5383704872755968 0.904296875 0.0011836654172420597 0.0029296875
0 0.5341783389228645 0.904296875 0.002663247188794634 0.0029296875
0 0.44777076346419414 0.904541015625 0.0016768593410929177 0.00341796875
0 0.6002170053264944 0.904296875 0.001578220556322746 0.00390625
0 0.5489248372460052 0.904052734375 0.002170053264943776 0.00341796875
0 0.4108798579601499 0.9033203125 0.001085026632471888 0.001953125
0 0.3912014203985007 0.903564453125 0.003156441112645492 0.00341796875
0 0.6294634050108503 0.904541015625 0.008384296705464589 0.00634765625
0 0.4802229236535806 0.903564453125 0.0038469126060366936 0.00439453125
0 0.42449201025843364 0.903564453125 0.005819688301440126 0.00439453125
0 0.3882915762477806 0.903076171875 0.002663247188794634 0.00341796875
0 0.1665515880844348 0.90283203125 0.002071414480173604 0.0029296875
0 0.4036792266719274 0.90283203125 0.002663247188794634 0.00390625
0 0.5298382323929769 0.90185546875 0.0030578023278753207 0.0029296875
0 0.37887157230222923 0.903076171875 0.004340106529887552 0.00537109375
0 0.5421680804892484 0.90087890625 0.0012823042020122311 0.001953125
0 0.5142533043992898 0.902587890625 0.0022686920497139475 0.00537109375
0 0.4411126454922075 0.901123046875 0.0011836654172420597 0.00244140625
0 0.5335371868218584 0.900390625 0.001578220556322746 0.001953125
0 0.4084632077332807 0.90185546875 0.0039455513908068654 0.0048828125
0 0.5163740382718485 0.901123046875 0.0025646084040244622 0.00439453125
0 0.4464884592621819 0.89990234375 0.0008877490629315447 0.001953125
0 0.40096666009074766 0.90087890625 0.0027618859735648055 0.00390625
0 0.39702110869994084 0.900146484375 0.0027618859735648055 0.00244140625
0 0.34267113829157625 0.9013671875 0.003156441112645492 0.0048828125
0 0.31446044584730715 0.900146484375 0.0027618859735648055 0.00341796875
0 0.3039060958768988 0.900146484375 0.0013809429867824028 0.00341796875
0 0.5661866245807852 0.899169921875 0.000789110278161373 0.00244140625
0 0.5238212665219965 0.900634765625 0.006016965870980469 0.00537109375
0 0.44870783191951075 0.89892578125 0.000789110278161373 0.001953125
0 0.4182777668179128 0.8994140625 0.003452357466956007 0.0029296875
0 0.6159992108897219 0.901611328125 0.005326494377589268 0.00830078125
0 0.5376306963898205 0.899169921875 0.0028605247583349774 0.00341796875
0 0.28664430854211875 0.900146484375 0.0019727756954034327 0.00634765625
0 0.6101795225882817 0.899658203125 0.004537384099427895 0.00634765625
0 0.5411323732491615 0.89697265625 0.0011836654172420597 0.001953125
0 0.41186624580785164 0.89697265625 0.001085026632471888 0.001953125
0 0.38784770171631483 0.897216796875 0.0033537186821858355 0.00244140625
0 0.30928190964687313 0.8974609375 0.0014795817715525744 0.0029296875
0 0.6253698954428881 0.8994140625 0.006510159794831328 0.0078125
0 0.5298382323929769 0.89697265625 0.0028605247583349774 0.0029296875
0 0.27766817912803315 0.896484375 0.0017754981258630894 0.001953125
0 0.39869796804103375 0.89599609375 0.000789110278161373 0.001953125
0 0.34676464785953837 0.89599609375 0.0014795817715525744 0.001953125
0 0.11284276977707634 0.896240234375 0.002959163543105149 0.00244140625
0 0.4204478200828566 0.895263671875 0.001874136910633261 0.00244140625
0 0.5690471493391202 0.894287109375 0.0013809429867824028 0.00244140625
0 0.3163839021503255 0.89404296875 0.0012823042020122311 0.001953125
0 0.5211580193332018 0.894775390625 0.006806076149141842 0.00439453125
0 0.5356579206944171 0.893310546875 0.0016768593410929177 0.00244140625
0 0.40422173998816335 0.8935546875 0.002170053264943776 0.0029296875
0 0.5085322548826199 0.893310546875 0.0030578023278753207 0.00341796875
0 0.33981061353324127 0.892822265625 0.0013809429867824028 0.00244140625
0 0.33320181495363976 0.892578125 0.002170053264943776 0.001953125
0 0.3024265141053462 0.89306640625 0.001578220556322746 0.0029296875
0 0.5457683961333596 0.892578125 0.002959163543105149 0.0029296875
0 0.37675083842967055 0.894775390625 0.010751627539948707 0.00830078125
0 0.2945354113237325 0.89306640625 0.003550996251726179 0.0048828125
0 0.5796014993095285 0.890380859375 0.0009863878477017164 0.00146484375
0 0.15732886170842375 0.890625 0.0033537186821858355 0.001953125
0 0.5283586506214244 0.890625 0.003255079897415664 0.0029296875
0 0.32659301637403826 0.89013671875 0.0017754981258630894 0.001953125
0 0.4016078121917538 0.8896484375 0.0012823042020122311 0.001953125
0 0.34962517261787335 0.8896484375 0.0012823042020122311 0.001953125
0 0.34780035509962515 0.889892578125 0.001578220556322746 0.00244140625
0 0.4982245018741369 0.890869140625 0.0025646084040244622 0.00537109375
0 0.10731899782994674 0.889404296875 0.004734661668968239 0.00244140625
0 0.534474255277175 0.888916015625 0.0012823042020122311 0.00244140625
0 0.49043203787729334 0.8916015625 0.010258433616097849 0.0078125
0 0.4092523180114421 0.888671875 0.0013809429867824028 0.001953125
0 0.29325310712172026 0.888916015625 0.0017754981258630894 0.00244140625
0 0.5473466166896824 0.88818359375 0.0013809429867824028 0.001953125
0 0.5314657723416848 0.888671875 0.001578220556322746 0.0029296875
0 0.5027618859735649 0.88916015625 0.004340106529887552 0.00390625
0 0.44663641743933713 0.888427734375 0.001578220556322746 0.00244140625
0 0.39998027224304594 0.888916015625 0.0019727756954034327 0.00341796875
0 0.39342079305582955 0.893310546875 0.007595186427303216 0.01220703125
0 0.42533043992898006 0.888427734375 0.0027618859735648055 0.00341796875
0 0.34227658315249554 0.8876953125 0.002959163543105149 0.001953125
0 0.5197770763464195 0.8876953125 0.0022686920497139475 0.00390625
0 0.5411323732491615 0.886474609375 0.0023673308344841193 0.00244140625
0 0.5295916354310515 0.88623046875 0.0011836654172420597 0.001953125
0 0.15836456894851056 0.88671875 0.00424146774511738 0.0029296875
0 0.5219964490037483 0.885498046875 0.0027618859735648055 0.00244140625
0 0.40940027618859737 0.88525390625 0.0016768593410929177 0.001953125
0 0.5347701716314855 0.885009765625 0.0016768593410929177 0.00244140625
0 0.5315150917340699 0.885009765625 0.0022686920497139475 0.00244140625
0 0.2722923653580588 0.885009765625 0.0016768593410929177 0.00244140625
0 0.41808048924837243 0.887451171875 0.005227855592819097 0.00830078125
0 0.3199348984020517 0.88427734375 0.0014795817715525744 0.001953125
0 0.49911225093706846 0.884521484375 0.002959163543105149 0.00341796875
0 0.3975636220161768 0.884033203125 0.0030578023278753207 0.00341796875
0 0.5934109291773525 0.885986328125 0.003550996251726179 0.00830078125
0 0.34646873150522783 0.884521484375 0.004636022884198066 0.00537109375
0 0.5236239889524561 0.88232421875 0.0030578023278753207 0.0029296875
0 0.40446833695008877 0.88232421875 0.0022686920497139475 0.0029296875
0 0.40111461826790296 0.882568359375 0.002071414480173604 0.00341796875
0 0.38069638982047743 0.88330078125 0.006411521010061156 0.0048828125
0 0.5970112448214638 0.8828125 0.002465969619254291 0.0048828125
0 0.4147267705661866 0.881591796875 0.002465969619254291 0.00341796875
0 0.11659104359834287 0.88232421875 0.006510159794831328 0.0048828125
0 0.5278654566975735 0.88037109375 0.001874136910633261 0.001953125
0 0.2972479779049122 0.880859375 0.0014795817715525744 0.0029296875
0 0.5031071217202604 0.881103515625 0.0038469126060366936 0.00439453125
0 0.47238114026435196 0.880126953125 0.0025646084040244622 0.00244140625
0 0.6297593213651608 0.880859375 0.00542513316235944 0.0048828125
0 0.4085618465180509 0.87939453125 0.0023673308344841193 0.001953125
0 0.16817912803314264 0.880859375 0.004931939238508582 0.0048828125
0 0.5654468336950089 0.879150390625 0.0028605247583349774 0.00244140625
0 0.15570132175971593 0.880126953125 0.005227855592819097 0.00537109375
0 0.616147169066877 0.880859375 0.005819688301440126 0.0078125
0 0.5994772144407181 0.878173828125 0.0008877490629315447 0.00244140625
0 0.4936377983823239 0.87890625 0.0044387453146577235 0.00390625
0 0.40254488064707045 0.878173828125 0.0013809429867824028 0.00244140625
0 0.5342276583152495 0.877685546875 0.0011836654172420597 0.00244140625
0 0.5092227263760111 0.882568359375 0.00424146774511738 0.01220703125
0 0.5389623199842178 0.876953125 0.0011836654172420597 0.001953125
0 0.41078121917537974 0.877685546875 0.0016768593410929177 0.00439453125
0 0.33522391004142826 0.876708984375 0.0016768593410929177 0.00244140625
0 0.09163543105148944 0.876953125 0.003550996251726179 0.0029296875
0 0.5160288025251529 0.88134765625 0.007003353718682186 0.0126953125
0 0.4865358058788716 0.878173828125 0.009173406983625962 0.00634765625
0 0.3417340698362596 0.87646484375 0.002071414480173604 0.0029296875
0 0.531663049911225 0.875732421875 0.002959163543105149 0.00341796875
0 0.4251331623594397 0.876220703125 0.003156441112645492 0.00439453125
0 0.40012823042020124 0.8759765625 0.005030578023278753 0.00390625
0 0.6736042611955021 0.874755859375 0.0019727756954034327 0.00244140625
0 0.584484119155652 0.87451171875 0.001085026632471888 0.001953125
0 0.581623594397317 0.8740234375 0.0012823042020122311 0.001953125
0 0.5795521799171435 0.874267578125 0.001874136910633261 0.00244140625
0 0.5685539554152693 0.87451171875 0.0013809429867824028 0.0029296875
0 0.11077135529690274 0.8740234375 0.003156441112645492 0.001953125
0 0.6268494772144407 0.8759765625 0.004340106529887552 0.0078125
0 0.6228546064312488 0.873291015625 0.002663247188794634 0.00341796875
0 0.5410337344643914 0.87255859375 0.0011836654172420597 0.001953125
0 0.5250542513316236 0.87255859375 0.0011836654172420597 0.001953125
0 0.4130499112250937 0.873046875 0.0022686920497139475 0.0029296875
0 0.40940027618859737 0.872802734375 0.0014795817715525744 0.00244140625
0 0.3383310317616887 0.872314453125 0.0011836654172420597 0.00146484375
0 0.5265338331031761 0.8720703125 0.000789110278161373 0.001953125
0 0.4073781811008088 0.8720703125 0.002170053264943776 0.001953125
0 0.6883507595186428 0.87158203125 0.0008877490629315447 0.001953125
0 0.32743144604458474 0.871826171875 0.002663247188794634 0.00244140625
0 0.6067271651213257 0.87548828125 0.006510159794831328 0.0107421875
0 0.5702801341487473 0.871337890625 0.0012823042020122311 0.00244140625
0 0.48042020122312096 0.872802734375 0.007595186427303216 0.00634765625
0 0.5797987768790689 0.8701171875 0.001578220556322746 0.001953125
0 0.5226869204971395 0.87353515625 0.003748273821266522 0.0087890625
0 0.3369994081672914 0.87109375 0.002663247188794634 0.0048828125
0 0.6276879068849872 0.869873046875 0.0022686920497139475 0.00341796875
0 0.5893667390017755 0.873779296875 0.006312882225290984 0.01123046875
0 0.5767409745511936 0.87060546875 0.003748273821266522 0.0048828125
0 0.6209804695206155 0.869873046875 0.002071414480173604 0.00439453125
0 0.3225981455908463 0.868896484375 0.0016768593410929177 0.00244140625
0 0.578171236930361 0.868408203125 0.0014795817715525744 0.00244140625
0 0.4858453343854804 0.86865234375 0.002663247188794634 0.0029296875
0 0.5676168869599526 0.86767578125 0.001085026632471888 0.001953125
0 0.49630104557111854 0.8681640625 0.002465969619254291 0.0029296875
0 0.101154073781811 0.8681640625 0.0030578023278753207 0.00390625
0 0.5704280923259025 0.86669921875 0.0017754981258630894 0.0029296875
0 0.41512132570526733 0.866943359375 0.003255079897415664 0.00341796875
0 0.43933714736634444 0.865234375 0.000789110278161373 0.001953125
0 0.4022489642927599 0.867431640625 0.007891102781613731 0.00634765625
0 0.10884789899388439 0.866455078125 0.0077924639968435586 0.00439453125
0 0.5173604261195502 0.865478515625 0.0025646084040244622 0.00341796875
0 0.4130992306174788 0.864501953125 0.0009863878477017164 0.00341796875
0 0.4221246794239495 0.86328125 0.0014795817715525744 0.001953125
0 0.4064411126454922 0.86328125 0.0012823042020122311 0.001953125
0 0.5742256855395541 0.864501953125 0.0030578023278753207 0.00634765625
0 0.5688005523771947 0.862548828125 0.0014795817715525744 0.00244140625
0 0.48175182481751827 0.86279296875 0.004142828960347208 0.00390625
0 0.5868514499901362 0.862548828125 0.0016768593410929177 0.00439453125
0 0.4878181100808838 0.861572265625 0.0014795817715525744 0.00244140625
0 0.3303412901953048 0.86181640625 0.0025646084040244622 0.0029296875
0 0.6274906293154469 0.861328125 0.002071414480173604 0.0029296875
0 0.41078121917537974 0.862548828125 0.0030578023278753207 0.00537109375
0 0.335618465180509 0.861083984375 0.002663247188794634 0.00341796875
0 0.6208818307358454 0.860107421875 0.003255079897415664 0.00341796875
0 0.1223614125073979 0.85888671875 0.003255079897415664 0.001953125
0 0.5849773130795028 0.8583984375 0.0012823042020122311 0.001953125
0 0.5704774117182876 0.85888671875 0.002071414480173604 0.0029296875
0 0.5173111067271651 0.85888671875 0.0008877490629315447 0.0029296875
0 0.3994870783191951 0.862060546875 0.009863878477017163 0.00927734375
0 0.5825606628526336 0.864013671875 0.003748273821266522 0.01416015625
0 0.6312882225290984 0.858154296875 0.004142828960347208 0.00439453125
0 0.573584533438548 0.85693359375 0.000789110278161373 0.001953125
0 0.09498914973367528 0.856689453125 0.0013809429867824028 0.00146484375
0 0.42547839810613536 0.856689453125 0.0012823042020122311 0.00244140625
0 0.4123101203393174 0.85693359375 0.0013809429867824028 0.0029296875
0 0.49768198855790097 0.856201171875 0.001874136910633261 0.00244140625
0 0.323535214046163 0.85595703125 0.0017754981258630894 0.001953125
0 0.31436180706253697 0.856201171875 0.0023673308344841193 0.00244140625
0 0.155750641152101 0.856689453125 0.002170053264943776 0.00341796875
0 0.33083448411915567 0.85498046875 0.002170053264943776 0.0029296875
0 0.6198461234957585 0.855224609375 0.0023673308344841193 0.00439453125
0 0.590254488064707 0.858154296875 0.0027618859735648055 0.01025390625
0 0.12606036693627934 0.856201171875 0.004537384099427895 0.00634765625
0 0.6708916946143223 0.853515625 0.002071414480173604 0.001953125
0 0.528161373051884 0.853759765625 0.001874136910633261 0.00244140625
0 0.4244426908660485 0.853515625 0.0009863878477017164 0.001953125
0 0.4159104359834287 0.857421875 0.0044387453146577235 0.0107421875
0 0.11082067468928783 0.854736328125 0.012527125665811796 0.00634765625
0 0.6074176366147169 0.853759765625 0.0027618859735648055 0.00537109375
0 0.5923259025448806 0.85302734375 0.002170053264943776 0.00390625
0 0.5748668376405602 0.853271484375 0.0027618859735648055 0.00439453125
0 0.5013316235943973 0.854248046875 0.005227855592819097 0.00634765625
0 0.3181100808838035 0.852783203125 0.0027618859735648055 0.00341796875
0 0.47376208325113434 0.852294921875 0.004142828960347208 0.00341796875
0 0.31076149141842574 0.8515625 0.002465969619254291 0.001953125
0 0.17118761096863286 0.852294921875 0.002465969619254291 0.00341796875
0 0.12246005129216808 0.851806640625 0.003452357466956007 0.00244140625
0 0.32491615703294535 0.85107421875 0.001578220556322746 0.001953125
0 0.4113730518840008 0.85107421875 0.001085026632471888 0.0029296875
0 0.31618662458078517 0.85107421875 0.0022686920497139475 0.0029296875
0 0.41778457289406196 0.8505859375 0.0014795817715525744 0.0029296875
0 0.41378970211087 0.85107421875 0.002959163543105149 0.00390625
0 0.1690175577036891 0.850341796875 0.001085026632471888 0.00244140625
0 0.6331623594397316 0.85009765625 0.0019727756954034327 0.0029296875
0 0.5719569934898402 0.849853515625 0.0008877490629315447 0.00244140625
0 0.5128723614125074 0.850341796875 0.002071414480173604 0.00341796875
0 0.585667784572894 0.849609375 0.0022686920497139475 0.0029296875
0 0.5904517656342474 0.84912109375 0.003550996251726179 0.0029296875
0 0.6249753403038074 0.85400390625 0.008285657920694417 0.013671875
0 0.16743933714736634 0.847900390625 0.0030578023278753207 0.00341796875
0 0.15875912408759124 0.847412109375 0.002071414480173604 0.00244140625
0 0.5368909055040442 0.846923828125 0.0027618859735648055 0.00244140625
0 0.4944269086604853 0.847412109375 0.002663247188794634 0.00341796875
0 0.10204182284474256 0.846923828125 0.003452357466956007 0.00244140625
0 0.6321266521996449 0.845947265625 0.0030578023278753207 0.00244140625
0 0.6050009863878477 0.84814453125 0.0028605247583349774 0.0068359375
0 0.6084533438548038 0.84716796875 0.003255079897415664 0.005859375
0 0.572943381337542 0.845703125 0.003255079897415664 0.0029296875
0 0.5656441112645492 0.845703125 0.0014795817715525744 0.0029296875
0 0.4221246794239495 0.84912109375 0.0066087985796014995 0.009765625
0 0.5680114420990333 0.845703125 0.002465969619254291 0.00390625
0 0.42641546656145196 0.8447265625 0.0013809429867824028 0.0029296875
0 0.5762477806273427 0.846435546875 0.004537384099427895 0.00732421875
0 0.3743835075951864 0.846923828125 0.009962517261787335 0.00830078125
0 0.31589070822647464 0.843505859375 0.002465969619254291 0.00244140625
0 0.6360228841980666 0.84375 0.0039455513908068654 0.0048828125
0 0.5088774906293154 0.8427734375 0.0017754981258630894 0.0029296875
0 0.31317814164529495 0.843017578125 0.002959163543105149 0.00341796875
0 0.1585618465180509 0.842041015625 0.0008877490629315447 0.00244140625
0 0.51435194318406 0.842529296875 0.00483330045373841 0.00439453125
0 0.32274610376800156 0.841552734375 0.0019727756954034327 0.00244140625
0 0.5030084829354903 0.841796875 0.005622410731899783 0.005859375
0 0.3411422371276386 0.841552734375 0.003255079897415664 0.00537109375
0 0.1251232984809627 0.83984375 0.0022686920497139475 0.001953125
0 0.6733576642335767 0.83984375 0.002071414480173604 0.0029296875
0 0.10312684947721444 0.8408203125 0.003452357466956007 0.0048828125
0 0.0987374235549418 0.84130859375 0.004931939238508582 0.005859375
0 0.4262181889919116 0.83935546875 0.001578220556322746 0.0029296875
0 0.4224699151706451 0.839599609375 0.003748273821266522 0.00439453125
0 0.5209607417636615 0.837890625 0.0014795817715525744 0.001953125
0 0.37527125665811795 0.839111328125 0.003255079897415664 0.00439453125
0 0.6268494772144407 0.8388671875 0.0017754981258630894 0.0048828125
0 0.6830242651410534 0.83642578125 0.0014795817715525744 0.001953125
0 0.5719076740974551 0.8369140625 0.0023673308344841193 0.0029296875
0 0.3229433813375419 0.8369140625 0.0013809429867824028 0.0029296875
0 0.30859143815348195 0.83642578125 0.0044387453146577235 0.0029296875
0 0.48732491615703294 0.83544921875 0.001085026632471888 0.001953125
0 0.5240678634839219 0.8359375 0.005523771947129611 0.00390625
0 0.43677253896232 0.835205078125 0.0033537186821858355 0.00244140625
0 0.1411521010061156 0.835205078125 0.0013809429867824028 0.00244140625
0 0.6728151509173407 0.835205078125 0.0023673308344841193 0.00341796875
0 0.6035707240086802 0.8349609375 0.0023673308344841193 0.0029296875
0 0.5744229631090945 0.835693359375 0.002663247188794634 0.00439453125
0 0.5650522785559282 0.8349609375 0.002465969619254291 0.0029296875
0 0.5090254488064707 0.83447265625 0.0008877490629315447 0.001953125
0 0.32013217597159205 0.834716796875 0.0014795817715525744 0.00244140625
0 0.6788814361807063 0.834716796875 0.0022686920497139475 0.00341796875
0 0.4294732688893273 0.835205078125 0.002170053264943776 0.00439453125
0 0.3268889327283488 0.8330078125 0.0009863878477017164 0.001953125
0 0.48042020122312096 0.832763671875 0.0038469126060366936 0.00244140625
0 0.38188005523771945 0.833251953125 0.002071414480173604 0.00341796875
0 0.6820871966857368 0.83203125 0.0017754981258630894 0.001953125
0 0.30346222134543305 0.832763671875 0.0022686920497139475 0.00341796875
0 0.6938252120733872 0.83203125 0.0023673308344841193 0.0029296875
0 0.12463010455711186 0.8330078125 0.004044190175577037 0.0048828125
0 0.5897612941408562 0.8359375 0.0039455513908068654 0.01171875
0 0.09291773525350168 0.83203125 0.0061156046557506415 0.00390625
0 0.6872657328861709 0.83056640625 0.001085026632471888 0.001953125
0 0.6791773525350168 0.830078125 0.002663247188794634 0.001953125
0 0.674689287827974 0.830078125 0.001578220556322746 0.001953125
0 0.5748175182481752 0.83056640625 0.002663247188794634 0.0029296875
0 0.5196784375616492 0.830810546875 0.0014795817715525744 0.00341796875
0 0.7025547445255474 0.8310546875 0.006214243440520813 0.0048828125
0 0.514894456500296 0.830810546875 0.004931939238508582 0.00439453125
0 0.4950680607614914 0.82958984375 0.0025646084040244622 0.001953125
0 0.4922075360031564 0.830322265625 0.0017754981258630894 0.00341796875
0 0.545373840994279 0.82958984375 0.0051292168080489245 0.0029296875
0 0.5397021108699941 0.829345703125 0.002663247188794634 0.00244140625
0 0.42883211678832117 0.830322265625 0.0038469126060366936 0.00439453125
0 0.3560860130203196 0.829345703125 0.003156441112645492 0.00244140625
0 0.10120339317419609 0.83203125 0.007693825212073387 0.0078125
0 0.09829354902347603 0.82958984375 0.0022686920497139475 0.0029296875
0 0.4252318011442099 0.829345703125 0.0013809429867824028 0.00341796875
0 0.3159893470112448 0.828857421875 0.0016768593410929177 0.00244140625
0 0.5239199053067666 0.829345703125 0.006016965870980469 0.00439453125
0 0.36151114618267904 0.828369140625 0.0027618859735648055 0.00244140625
0 0.48382323929769183 0.82763671875 0.0027618859735648055 0.001953125
0 0.5632767804300651 0.8271484375 0.001874136910633261 0.001953125
0 0.10948905109489052 0.828857421875 0.0051292168080489245 0.00537109375
0 0.5923752219372658 0.82861328125 0.0028605247583349774 0.005859375
0 0.6739001775498126 0.826171875 0.0009863878477017164 0.001953125
0 0.0948905109489051 0.826904296875 0.0033537186821858355 0.00439453125
0 0.3191951075162754 0.825439453125 0.004537384099427895 0.00244140625
0 0.5179522588281712 0.8251953125 0.003156441112645492 0.0029296875
0 0.47825014795817716 0.824462890625 0.0012823042020122311 0.00146484375
0 0.42242059577826 0.824462890625 0.002465969619254291 0.00341796875
0 0.6803610179522588 0.823486328125 0.001874136910633261 0.00244140625
0 0.6882028013414875 0.822998046875 0.0019727756954034327 0.00244140625
0 0.37985796014993095 0.82568359375 0.004537384099427895 0.0078125
0 0.10238705859143815 0.822998046875 0.0023673308344841193 0.00244140625
0 0.3707831919510752 0.822998046875 0.0017754981258630894 0.00341796875
0 0.6783389228644703 0.82177734375 0.0017754981258630894 0.001953125
0 0.6628526336555534 0.8212890625 0.0011836654172420597 0.001953125
0 0.4266620635233774 0.822265625 0.002663247188794634 0.00390625
0 0.3682185835470507 0.821533203125 0.0025646084040244622 0.00244140625
0 0.31796212270664825 0.8212890625 0.0028605247583349774 0.0029296875
0 0.6704478200828565 0.821044921875 0.003156441112645492 0.00341796875
0 0.31135332412704675 0.82275390625 0.0030578023278753207 0.0068359375
0 0.6753797593213652 0.821044921875 0.0023673308344841193 0.00439453125
0 0.685638192937463 0.81982421875 0.003550996251726179 0.0029296875
0 0.32871375024659694 0.8203125 0.0028605247583349774 0.00390625
0 0.5179029394357861 0.81982421875 0.006411521010061156 0.00390625
0 0.09454527520220951 0.81884765625 0.00542513316235944 0.0029296875
0 0.6942197672124679 0.818115234375 0.002959163543105149 0.00244140625
0 0.32323929769185245 0.81982421875 0.007101992503452358 0.005859375
0 0.11738015387650425 0.818115234375 0.0027618859735648055 0.00244140625
0 0.6801637403827185 0.817138671875 0.0014795817715525744 0.00244140625
0 0.36989544288814363 0.81689453125 0.002170053264943776 0.001953125
0 0.3619550207141448 0.817626953125 0.00542513316235944 0.00439453125
0 0.6700532649437759 0.816162109375 0.004340106529887552 0.00244140625
0 0.3664430854211876 0.815673828125 0.0023673308344841193 0.00244140625
0 0.42567567567567566 0.8154296875 0.0022686920497139475 0.0029296875
0 0.5986881041625567 0.81494140625 0.001085026632471888 0.0029296875
0 0.5300848293549023 0.814697265625 0.0019727756954034327 0.00244140625
0 0.5193332018149537 0.815185546875 0.0027618859735648055 0.00341796875
0 0.4841684750443875 0.814208984375 0.0028605247583349774 0.00244140625
0 0.30489248372460054 0.814208984375 0.003748273821266522 0.00244140625
0 0.6868711777470902 0.81494140625 0.0044387453146577235 0.0048828125
0 0.42878279739593606 0.8154296875 0.003550996251726179 0.005859375
0 0.36881041625567174 0.8134765625 0.0013809429867824028 0.001953125
0 0.47716512132570527 0.814453125 0.005030578023278753 0.0048828125
0 0.10273229433813376 0.8134765625 0.003255079897415664 0.0029296875
0 0.3840007891102782 0.813720703125 0.003550996251726179 0.00439453125
0 0.1307457092128625 0.8134765625 0.00542513316235944 0.00390625
0 0.4731209311501282 0.814453125 0.00542513316235944 0.0068359375
0 0.5855691457881239 0.813232421875 0.0028605247583349774 0.00537109375
0 0.562093115012823 0.8134765625 0.00542513316235944 0.005859375
0 0.5932629710001973 0.811767578125 0.002071414480173604 0.00341796875
0 0.10825606628526337 0.811767578125 0.002071414480173604 0.00341796875
0 0.5685539554152693 0.812744140625 0.004537384099427895 0.00634765625
0 0.550552377194713 0.810791015625 0.0022686920497139475 0.00244140625
0 0.30306766620635234 0.810302734375 0.004636022884198066 0.00244140625
0 0.6669954626159006 0.809814453125 0.0027618859735648055 0.00244140625
0 0.11974748471098837 0.81103515625 0.007693825212073387 0.0048828125
0 0.11180706253698955 0.81005859375 0.002663247188794634 0.0029296875
0 0.5916354310514894 0.809326171875 0.0011836654172420597 0.00244140625
0 0.6793746301045571 0.810302734375 0.002465969619254291 0.00537109375
0 0.5222923653580588 0.808837890625 0.0027618859735648055 0.00439453125
0 0.3520911422371276 0.807861328125 0.0036496350364963502 0.00244140625
0 0.36664036299072794 0.807373046875 0.0011836654172420597 0.00244140625
0 0.3650621424344052 0.8076171875 0.001578220556322746 0.00390625
0 0.691951075162754 0.806640625 0.004537384099427895 0.0029296875
0 0.6702505425133163 0.806396484375 0.003748273821266522 0.00341796875
0 0.5624383507595186 0.805908203125 0.002959163543105149 0.00244140625
0 0.6745906490432038 0.8095703125 0.004734661668968239 0.01171875
0 0.5422173998816334 0.804931640625 0.002959163543105149 0.00244140625
0 0.36249753403038076 0.804931640625 0.0011836654172420597 0.00244140625
0 0.6969323337936476 0.804931640625 0.00483330045373841 0.00341796875
0 0.5854705070033537 0.80517578125 0.0016768593410929177 0.00390625
0 0.325853225488262 0.80419921875 0.0014795817715525744 0.001953125
0 0.566679818504636 0.80517578125 0.004340106529887552 0.0048828125
0 0.28639771158019334 0.80419921875 0.002071414480173604 0.0029296875
0 0.35342276583152493 0.803466796875 0.0013809429867824028 0.00244140625
0 0.6616196488459262 0.8037109375 0.0036496350364963502 0.00390625
0 0.5884296705464589 0.804443359375 0.002465969619254291 0.00732421875
0 0.4295719076740975 0.802978515625 0.004734661668968239 0.00439453125
0 0.5032550798974157 0.80126953125 0.0013809429867824028 0.001953125
0 0.6852929571907674 0.803955078125 0.006214243440520813 0.00830078125
0 0.5865555336358256 0.80126953125 0.001085026632471888 0.0029296875
0 0.6357762872361412 0.80029296875 0.0016768593410929177 0.001953125
0 0.5709706056421385 0.80078125 0.002465969619254291 0.0029296875
0 0.5508976129414086 0.801025390625 0.006904714933912014 0.00341796875
0 0.5590846320773328 0.801513671875 0.005918327086210298 0.00537109375
0 0.6729137897021109 0.80029296875 0.005918327086210298 0.00390625
0 0.539110278161373 0.80029296875 0.0044387453146577235 0.00390625
0 0.7014697178930756 0.798583984375 0.003452357466956007 0.00341796875
0 0.33399092523180113 0.79833984375 0.0039455513908068654 0.00390625
0 0.3685638192937463 0.800048828125 0.0038469126060366936 0.00830078125
0 0.63217597159203 0.79638671875 0.002170053264943776 0.001953125
0 0.35421187610968635 0.79638671875 0.0013809429867824028 0.001953125
0 0.541921483527323 0.794921875 0.003748273821266522 0.001953125
0 0.5388636811994476 0.79541015625 0.0023673308344841193 0.0029296875
0 0.38932728348786744 0.795166015625 0.003550996251726179 0.00244140625
0 0.3825212073387256 0.79443359375 0.0019727756954034327 0.0029296875
0 0.6617182876306964 0.7958984375 0.005819688301440126 0.0078125
0 0.42676070230814755 0.794189453125 0.0030578023278753207 0.00634765625
0 0.5479877687906884 0.792236328125 0.004044190175577037 0.00341796875
0 0.6246301045571119 0.791259765625 0.001874136910633261 0.00439453125
0 0.6222627737226277 0.789306640625 0.0022686920497139475 0.00244140625
0 0.33714736634444664 0.792236328125 0.003550996251726179 0.00830078125
0 0.6609784967449202 0.788818359375 0.0025646084040244622 0.00244140625
0 0.5879364766226081 0.78955078125 0.0022686920497139475 0.00390625
0 0.6113138686131386 0.788818359375 0.002465969619254291 0.00341796875
0 0.3918918918918919 0.78857421875 0.0013809429867824028 0.0029296875
0 0.389080686525942 0.788818359375 0.003452357466956007 0.00341796875
0 0.40658907082264745 0.78759765625 0.004734661668968239 0.0029296875
0 0.3250641152101006 0.788330078125 0.004636022884198066 0.00439453125
0 0.5327480765436969 0.78759765625 0.004142828960347208 0.00390625
0 0.42158216610771354 0.790283203125 0.006904714933912014 0.00927734375
0 0.33596370092720457 0.787353515625 0.0033537186821858355 0.00341796875
0 0.6661570329453541 0.7861328125 0.0022686920497139475 0.001953125
0 0.5095186427303215 0.78662109375 0.002465969619254291 0.0029296875
0 0.6087492602091142 0.78564453125 0.0030578023278753207 0.0029296875
0 0.6968830144012625 0.785400390625 0.004734661668968239 0.00341796875
0 0.7020122312093116 0.78466796875 0.0017754981258630894 0.0029296875
0 0.6638390215032551 0.78564453125 0.002170053264943776 0.0048828125
0 0.4060958768987966 0.783447265625 0.0023673308344841193 0.00146484375
0 0.6257644505819688 0.78369140625 0.001578220556322746 0.0029296875
0 0.6189090550404419 0.783203125 0.0016768593410929177 0.001953125
0 0.3406983625961728 0.78564453125 0.004537384099427895 0.0068359375
0 0.6920990333399093 0.782958984375 0.002071414480173604 0.00244140625
0 0.32634641941211284 0.782470703125 0.0044387453146577235 0.00341796875
0 0.32106924442690865 0.783203125 0.005918327086210298 0.0048828125
0 0.6314855000986388 0.78125 0.0023673308344841193 0.001953125
0 0.5416255671730125 0.78173828125 0.001578220556322746 0.0029296875
0 0.5876898796606825 0.78173828125 0.002170053264943776 0.00390625
0 0.3932235154862892 0.78173828125 0.0028605247583349774 0.0048828125
0 0.6277372262773723 0.779296875 0.001578220556322746 0.001953125
0 0.6097849674492011 0.779052734375 0.0013809429867824028 0.00244140625
0 0.42399881633458275 0.77978515625 0.002465969619254291 0.00390625
0 0.536792266719274 0.77978515625 0.005326494377589268 0.0048828125
0 0.5158808443479976 0.7802734375 0.0033537186821858355 0.005859375
0 0.5065101597948314 0.77880859375 0.002959163543105149 0.00390625
0 0.4016078121917538 0.78076171875 0.005227855592819097 0.0078125
0 0.6987571513118959 0.77783203125 0.0019727756954034327 0.0029296875
0 0.6618169264154665 0.780029296875 0.003452357466956007 0.00732421875
0 0.6196981653186032 0.778076171875 0.0030578023278753207 0.00341796875
0 0.3970704280923259 0.778564453125 0.003255079897415664 0.00537109375
0 0.6125961728151509 0.775390625 0.0012823042020122311 0.0029296875
0 0.5900078911027816 0.77490234375 0.004636022884198066 0.0029296875
0 0.6941704478200829 0.773681640625 0.002071414480173604 0.00244140625
0 0.6197474847109884 0.7734375 0.0013809429867824028 0.001953125
0 0.6166896823831131 0.7734375 0.002959163543105149 0.0029296875
0 0.5075951864273032 0.773681640625 0.006312882225290984 0.00341796875
0 0.581623594397317 0.77294921875 0.00424146774511738 0.00390625
0 0.40935095679621225 0.772705078125 0.005523771947129611 0.00439453125
0 0.49526533833103176 0.77099609375 0.0017754981258630894 0.001953125
0 0.6108206746892878 0.7705078125 0.003255079897415664 0.001953125
0 0.6901755770368909 0.769287109375 0.0019727756954034327 0.00341796875
0 0.5811304004734662 0.768798828125 0.002071414480173604 0.00244140625
0 0.5224403235352141 0.76904296875 0.001874136910633261 0.0029296875
0 0.40732886170842375 0.768310546875 0.0016768593410929177 0.00244140625
0 0.41709410140067077 0.766357421875 0.0028605247583349774 0.00341796875
0 0.5900078911027816 0.765380859375 0.002071414480173604 0.00244140625
0 0.40422173998816335 0.767578125 0.002959163543105149 0.0068359375
0 0.5283586506214244 0.7646484375 0.003255079897415664 0.0029296875
0 0.5745216018938647 0.763916015625 0.003255079897415664 0.00341796875
0 0.5516374038271848 0.762451171875 0.004044190175577037 0.00244140625
0 0.5397514302623792 0.762451171875 0.0013809429867824028 0.00244140625
0 0.532156243835076 0.761962890625 0.0023673308344841193 0.00244140625
0 0.6964391398697968 0.762939453125 0.00424146774511738 0.00537109375
0 0.6924935884789899 0.7607421875 0.0016768593410929177 0.001953125
0 0.5925724995068061 0.7626953125 0.002071414480173604 0.005859375
0 0.447129611363188 0.760986328125 0.0011836654172420597 0.00341796875
0 0.5574077727362399 0.761962890625 0.004142828960347208 0.00634765625
0 0.5474452554744526 0.761474609375 0.0027618859735648055 0.00537109375
0 0.5356579206944171 0.759765625 0.0014795817715525744 0.001953125
0 0.5882323929769185 0.760986328125 0.0016768593410929177 0.00537109375
0 0.5295916354310515 0.75927734375 0.001578220556322746 0.001953125
0 0.5230814756362202 0.76171875 0.004340106529887552 0.0068359375
0 0.5839909252318012 0.7587890625 0.001085026632471888 0.001953125
0 0.40974551193529296 0.758544921875 0.002959163543105149 0.00341796875
0 0.5907476819885579 0.757568359375 0.002959163543105149 0.00244140625
0 0.40141053462221343 0.758056640625 0.00424146774511738 0.00341796875
0 0.6680804892483725 0.7568359375 0.0009863878477017164 0.001953125
0 0.5562734267113829 0.758056640625 0.004636022884198066 0.00537109375
0 0.44456500295916357 0.75732421875 0.0019727756954034327 0.00390625
0 0.6908660485302821 0.755615234375 0.0027618859735648055 0.00244140625
0 0.6774511738015387 0.756103515625 0.0033537186821858355 0.00341796875
0 0.6717301242848688 0.7548828125 0.0013809429867824028 0.001953125
0 0.5806372065496153 0.75634765625 0.003452357466956007 0.005859375
0 0.5767409745511936 0.754638671875 0.0019727756954034327 0.00244140625
0 0.5530183468139672 0.7548828125 0.001874136910633261 0.0029296875
0 0.6822844742552772 0.75537109375 0.0027618859735648055 0.0048828125
0 0.6659597553758138 0.75439453125 0.003452357466956007 0.0029296875
0 0.5842868415861117 0.7587890625 0.005819688301440126 0.01171875
0 0.6617182876306964 0.753662109375 0.001874136910633261 0.00341796875
0 0.6142237127638588 0.75390625 0.0011836654172420597 0.00390625
0 0.6698559873742356 0.7509765625 0.0009863878477017164 0.001953125
0 0.5899092523180114 0.75244140625 0.0016768593410929177 0.0048828125
0 0.556865259420004 0.751220703125 0.0036496350364963502 0.00244140625
0 0.39544288814361805 0.752685546875 0.004340106529887552 0.00537109375
0 0.552278555928191 0.75048828125 0.0017754981258630894 0.001953125
0 0.41595975537581376 0.749267578125 0.0033537186821858355 0.00341796875
0 0.577036890905504 0.749755859375 0.005326494377589268 0.00634765625
0 0.5078911027816138 0.75 0.004142828960347208 0.0068359375
0 0.5859143815348195 0.7490234375 0.0023673308344841193 0.005859375
0 0.3978102189781022 0.74755859375 0.002170053264943776 0.0029296875
0 0.3542611955020714 0.747314453125 0.0016768593410929177 0.00244140625
0 0.6742947326888933 0.74755859375 0.003156441112645492 0.0068359375
0 0.6806569343065694 0.747802734375 0.004044190175577037 0.00830078125
0 0.5211580193332018 0.74609375 0.003452357466956007 0.0048828125
0 0.5070033537186822 0.744140625 0.0023673308344841193 0.0029296875
0 0.41388834089564014 0.744140625 0.001578220556322746 0.0029296875
0 0.5502564608404025 0.743896484375 0.003452357466956007 0.00341796875
0 0.5893174196093904 0.744140625 0.003452357466956007 0.005859375
0 0.5255474452554745 0.741943359375 0.0039455513908068654 0.00244140625
0 0.5150424146774512 0.7421875 0.0022686920497139475 0.0029296875
0 0.5672716512132571 0.742919921875 0.003748273821266522 0.00634765625
0 0.6878082462024068 0.7412109375 0.002959163543105149 0.005859375
0 0.6846518050897613 0.73974609375 0.0017754981258630894 0.00390625
0 0.6769086604853028 0.7392578125 0.0012823042020122311 0.0029296875
0 0.6728644703097257 0.739501953125 0.002663247188794634 0.00537109375
0 0.6819885579009667 0.73828125 0.001578220556322746 0.0048828125
0 0.6708916946143223 0.73681640625 0.001085026632471888 0.001953125
0 0.5052278555928191 0.73876953125 0.0033537186821858355 0.005859375
0 0.5094200039455514 0.737060546875 0.002663247188794634 0.00341796875
0 0.6744426908660486 0.73486328125 0.001085026632471888 0.0029296875
0 0.5681100808838035 0.735107421875 0.0022686920497139475 0.00341796875
0 0.6772045768396133 0.734130859375 0.0014795817715525744 0.00244140625
0 0.5033537186821858 0.7333984375 0.0017754981258630894 0.001953125
0 0.5146971789307556 0.73388671875 0.0017754981258630894 0.00390625
0 0.5356086013020319 0.733642578125 0.0033537186821858355 0.00634765625
0 0.6926908660485303 0.730712890625 0.001085026632471888 0.00244140625
0 0.6835667784572894 0.729736328125 0.001578220556322746 0.00244140625
0 0.5655947918721641 0.730224609375 0.0013809429867824028 0.00439453125
0 0.6802130597751036 0.730224609375 0.001578220556322746 0.00537109375
0 0.5197277569540343 0.728271484375 0.002170053264943776 0.00341796875
0 0.5305287038863681 0.73046875 0.00542513316235944 0.0087890625
0 0.5243144604458473 0.7275390625 0.0014795817715525744 0.0029296875
0 0.6715821661077136 0.727294921875 0.0008877490629315447 0.00341796875
0 0.5020714144801736 0.7265625 0.0011836654172420597 0.001953125
0 0.5709212862497534 0.726318359375 0.003156441112645492 0.00244140625
0 0.5199743539159598 0.723876953125 0.001085026632471888 0.00244140625
0 0.6753304399289801 0.723388671875 0.001085026632471888 0.00244140625
0 0.5383704872755968 0.722412109375 0.002170053264943776 0.00537109375
0 0.5343262971000198 0.720947265625 0.0017754981258630894 0.00244140625
0 0.6853422765831525 0.72021484375 0.0009863878477017164 0.001953125
0 0.5133655553363583 0.72216796875 0.002663247188794634 0.005859375
0 0.541970802919708 0.718505859375 0.001874136910633261 0.00341796875
0 0.5699842177944368 0.71728515625 0.001085026632471888 0.001953125
0 0.5643124876701519 0.716552734375 0.0009863878477017164 0.00244140625
0 0.5092720457683961 0.719482421875 0.006312882225290984 0.00830078125
0 0.5396034720852239 0.7109375 0.001874136910633261 0.001953125
0 0.5092227263760111 0.708984375 0.0012823042020122311 0.001953125
0 0.5197277569540343 0.708740234375 0.000789110278161373 0.00244140625
0 0.518938646675873 0.701904296875 0.0011836654172420597 0.00341796875
0 0.5090747681988558 0.70068359375 0.0013809429867824028 0.001953125
0 0.5321069244426909 0.695068359375 0.0008877490629315447 0.00244140625
0 0.5107023081475637 0.692138671875 0.001085026632471888 0.00341796875
0 0.5092227263760111 0.690673828125 0.0012823042020122311 0.00244140625
0 0.5573091339514697 0.68798828125 0.0013809429867824028 0.00390625
0 0.5493687117774709 0.687255859375 0.0022686920497139475 0.00341796875
0 0.5545472479779049 0.685791015625 0.0023673308344841193 0.00341796875
0 0.5632767804300651 0.68115234375 0.0038469126060366936 0.00390625
0 0.5471986585125271 0.6767578125 0.0006904714933912014 0.001953125
0 0.5606135332412705 0.675537109375 0.001874136910633261 0.00341796875
