0 0.3716709410140067 0.951416015625 0.0023673308344841193 0.00244140625
0 0.37038863681199446 0.940673828125 0.0033537186821858355 0.00341796875
0 0.35697376208325116 0.934814453125 0.003748273821266522 0.00341796875
0 0.3543105148944565 0.931884765625 0.0011836654172420597 0.00244140625
0 0.3840007891102782 0.929443359375 0.0019727756954034327 0.00244140625
0 0.3863681199447623 0.927001953125 0.0051292168080489245 0.00537109375
0 0.3536693627934504 0.921142578125 0.00424146774511738 0.00732421875
0 0.36989544288814363 0.91943359375 0.003550996251726179 0.0068359375
0 0.3467153284671533 0.9150390625 0.0023673308344841193 0.0029296875
0 0.35835470507003353 0.913330078125 0.004142828960347208 0.00341796875
0 0.3636811994476228 0.9130859375 0.005326494377589268 0.0048828125
0 0.3699447622805287 0.910888671875 0.0014795817715525744 0.00244140625
0 0.34232590254488066 0.9111328125 0.002465969619254291 0.00390625
0 0.15550404419017558 0.910400390625 0.004044190175577037 0.00439453125
0 0.38730518840007894 0.90869140625 0.003452357466956007 0.0029296875
0 0.13099230617478794 0.90625 0.0017754981258630894 0.0029296875
0 0.3543598342868416 0.903564453125 0.002071414480173604 0.00341796875
0 0.3887847701716315 0.90283203125 0.00483330045373841 0.0048828125
0 0.11274413099230618 0.899169921875 0.003748273821266522 0.00341796875
0 0.3498224501874137 0.899169921875 0.00483330045373841 0.00439453125
0 0.3920398500690471 0.898681640625 0.012329848096271454 0.00634765625
0 0.35371868218583546 0.895263671875 0.003156441112645492 0.00537109375
0 0.39593608206746894 0.89306640625 0.0051292168080489245 0.0048828125
0 0.4182777668179128 0.89013671875 0.004044190175577037 0.0029296875
0 0.13192937463010457 0.889404296875 0.00483330045373841 0.00341796875
0 0.3995857171039653 0.8876953125 0.0017754981258630894 0.0029296875
0 0.11165910435983428 0.8876953125 0.004142828960347208 0.0029296875
0 0.40698362596172816 0.88720703125 0.0033537186821858355 0.0029296875
0 0.34133951469717894 0.887451171875 0.002465969619254291 0.00341796875
0 0.1171828763069639 0.88720703125 0.0051292168080489245 0.0029296875
0 0.368415861116591 0.888671875 0.009272045768396133 0.0078125
0 0.3614618267902939 0.886962890625 0.0028605247583349774 0.00439453125
0 0.3380351154073782 0.885986328125 0.002959163543105149 0.00439453125
0 0.35480370881830736 0.8857421875 0.004537384099427895 0.0048828125
0 0.39100414282896034 0.8828125 0.0011836654172420597 0.001953125
0 0.3417833892286447 0.88232421875 0.001578220556322746 0.001953125
0 0.3449398303412902 0.88330078125 0.004340106529887552 0.0048828125
0 0.12162162162162163 0.881103515625 0.0019727756954034327 0.00244140625
0 0.35071019925034524 0.879150390625 0.0077924639968435586 0.00439453125
0 0.1306963898204774 0.87646484375 0.004537384099427895 0.00390625
0 0.13779838232392977 0.875244140625 0.0017754981258630894 0.00244140625
0 0.41068258039060956 0.874267578125 0.0077924639968435586 0.00439453125
0 0.12837837837837837 0.875 0.0077924639968435586 0.0078125
0 0.3618070625369895 0.875244140625 0.008285657920694417 0.01025390625
0 0.3659005721049517 0.870849609375 0.002071414480173604 0.00244140625
0 0.13641743933714737 0.870849609375 0.004537384099427895 0.00341796875
0 0.38301440126257646 0.87109375 0.007496547642533044 0.0068359375
0 0.16418425724995067 0.869384765625 0.0028605247583349774 0.00341796875
0 0.15461629512724404 0.86962890625 0.005030578023278753 0.00390625
0 0.12768790688498718 0.869140625 0.003255079897415664 0.0029296875
0 0.3383803511540738 0.87060546875 0.004044190175577037 0.0068359375
0 0.3869599526533833 0.8671875 0.0017754981258630894 0.001953125
0 0.1617182876306964 0.86669921875 0.0022686920497139475 0.001953125
0 0.14682383113040048 0.866943359375 0.002465969619254291 0.00244140625
0 0.12019135924245414 0.862548828125 0.00483330045373841 0.00341796875
0 0.1259124087591241 0.86181640625 0.0038469126060366936 0.0029296875
0 0.41324718879463407 0.861083984375 0.001874136910633261 0.00244140625
0 0.1515584927993687 0.86083984375 0.0016768593410929177 0.0029296875
0 0.1063819293746301 0.861083984375 0.00976523969224699 0.00537109375
0 0.15358058788715723 0.859130859375 0.001578220556322746 0.00244140625
0 0.3427697770763464 0.85986328125 0.004734661668968239 0.0048828125
0 0.1443085421187611 0.85888671875 0.0011836654172420597 0.0029296875
0 0.3216117577431446 0.857666015625 0.001874136910633261 0.00244140625
0 0.10845334385480371 0.856201171875 0.004636022884198066 0.00244140625
0 0.10288025251528901 0.85693359375 0.003550996251726179 0.005859375
0 0.4098934701124482 0.855224609375 0.005030578023278753 0.00341796875
0 0.4154665614519629 0.85498046875 0.0027618859735648055 0.00390625
0 0.18835075951864272 0.854248046875 0.0022686920497139475 0.00244140625
0 0.09567962122706648 0.855224609375 0.008680213059775104 0.00439453125
0 0.17276583152495562 0.855224609375 0.006411521010061156 0.00537109375
0 0.3754685342276583 0.852783203125 0.00542513316235944 0.00341796875
0 0.4053560860130203 0.8515625 0.003452357466956007 0.0029296875
0 0.4084632077332807 0.849609375 0.004931939238508582 0.0029296875
0 0.17103965279147762 0.848388671875 0.009863878477017163 0.00634765625
0 0.20265338331031763 0.845947265625 0.002071414480173604 0.00244140625
0 0.3651607812191754 0.84619140625 0.008877490629315447 0.0048828125
0 0.40047346616689683 0.8447265625 0.0023673308344841193 0.0029296875
0 0.1797691852436378 0.845947265625 0.007200631288222529 0.00537109375
0 0.37196685736831725 0.842041015625 0.0023673308344841193 0.00244140625
0 0.3800552377194713 0.841064453125 0.0019727756954034327 0.00244140625
0 0.3181100808838035 0.8408203125 0.0013809429867824028 0.001953125
0 0.09444663641743933 0.842529296875 0.0066087985796014995 0.00634765625
0 0.36402643519431843 0.840087890625 0.003452357466956007 0.00244140625
0 0.16635431051489447 0.83935546875 0.003452357466956007 0.00390625
0 0.3731012033931742 0.838623046875 0.003255079897415664 0.00341796875
0 0.175872953245216 0.837890625 0.003550996251726179 0.00390625
0 0.1634444663641744 0.837158203125 0.0017754981258630894 0.00244140625
0 0.32358453343854804 0.837646484375 0.003452357466956007 0.00439453125
0 0.19382521207338727 0.836669921875 0.0027618859735648055 0.00341796875
0 0.17991714342079307 0.8359375 0.002170053264943776 0.001953125
0 0.1690175577036891 0.835693359375 0.001085026632471888 0.00244140625
0 0.17261787334780035 0.836181640625 0.0051292168080489245 0.00439453125
0 0.3670842375221937 0.8359375 0.005227855592819097 0.0048828125
0 0.38548037088183074 0.835205078125 0.0051292168080489245 0.00537109375
0 0.3710297889130006 0.83349609375 0.003255079897415664 0.0029296875
0 0.25019727756954036 0.832763671875 0.0028605247583349774 0.00244140625
0 0.3944071809035313 0.83447265625 0.0038469126060366936 0.0078125
0 0.36318800552377195 0.83251953125 0.004537384099427895 0.00390625
0 0.16970802919708028 0.830810546875 0.002465969619254291 0.00244140625
0 0.3209212862497534 0.829833984375 0.0066087985796014995 0.00341796875
0 0.2144900374827382 0.828857421875 0.0036496350364963502 0.00341796875
0 0.18696981653186032 0.82861328125 0.005819688301440126 0.0029296875
0 0.2236141250739791 0.828125 0.001578220556322746 0.0029296875
0 0.39080686525942 0.828857421875 0.0051292168080489245 0.00537109375
0 0.3769481159992109 0.827392578125 0.004044190175577037 0.00244140625
0 0.3578121917537976 0.827880859375 0.0044387453146577235 0.00634765625
0 0.24205957782600118 0.8251953125 0.0025646084040244622 0.0029296875
0 0.3961333596370093 0.82958984375 0.011244821463799567 0.013671875
0 0.3976622608009469 0.82421875 0.003452357466956007 0.00390625
0 0.17661274413099232 0.824462890625 0.003452357466956007 0.00439453125
0 0.19441704478200827 0.821533203125 0.0025646084040244622 0.00341796875
0 0.39006707437364374 0.82080078125 0.001874136910633261 0.0029296875
0 0.329305582955218 0.820556640625 0.0030578023278753207 0.00244140625
0 0.22139475241665021 0.82080078125 0.0016768593410929177 0.0029296875
0 0.19076740974551193 0.821533203125 0.004340106529887552 0.00439453125
0 0.1842572499506806 0.8203125 0.0025646084040244622 0.001953125
0 0.3994870783191951 0.819580078125 0.001578220556322746 0.00244140625
0 0.2183369500887749 0.819580078125 0.0012823042020122311 0.00244140625
0 0.35519826395738807 0.818359375 0.0061156046557506415 0.00390625
0 0.23431643322154272 0.818359375 0.003255079897415664 0.00390625
0 0.33103176168869597 0.817626953125 0.004142828960347208 0.00341796875
0 0.3081475636220162 0.81689453125 0.002959163543105149 0.001953125
0 0.21014993095285067 0.81591796875 0.002071414480173604 0.001953125
0 0.19244426908660486 0.8154296875 0.0019727756954034327 0.0029296875
0 0.21848490826593017 0.814697265625 0.0027618859735648055 0.00341796875
0 0.2141941211284277 0.814453125 0.004636022884198066 0.00390625
0 0.20773328072598146 0.814697265625 0.003550996251726179 0.00439453125
0 0.1897810218978102 0.814208984375 0.002959163543105149 0.00341796875
0 0.2009765239692247 0.8154296875 0.00483330045373841 0.0068359375
0 0.2420102584336161 0.81298828125 0.003452357466956007 0.00390625
0 0.24492010258433616 0.810791015625 0.0017754981258630894 0.00244140625
0 0.3599822450187414 0.8095703125 0.0008877490629315447 0.001953125
0 0.3026731110672716 0.810791015625 0.006806076149141842 0.00439453125
0 0.4228644703097258 0.809814453125 0.004734661668968239 0.00341796875
0 0.3894259222726376 0.808349609375 0.004931939238508582 0.00244140625
0 0.39509765239692246 0.80859375 0.002663247188794634 0.0048828125
0 0.22100019727756953 0.806640625 0.0012823042020122311 0.001953125
0 0.3199348984020517 0.8046875 0.003452357466956007 0.0029296875
0 0.24911225093706846 0.8046875 0.005030578023278753 0.0029296875
0 0.23757151311895838 0.80517578125 0.0044387453146577235 0.00390625
0 0.23352732294338133 0.8046875 0.0030578023278753207 0.0029296875
0 0.23002564608404025 0.8037109375 0.0025646084040244622 0.001953125
0 0.24422963109094495 0.803955078125 0.004142828960347208 0.00341796875
0 0.4045176563424739 0.802734375 0.002170053264943776 0.001953125
0 0.30740777273623987 0.802734375 0.0012823042020122311 0.0029296875
0 0.32600118366541725 0.802490234375 0.0051292168080489245 0.00341796875
0 0.42991714342079307 0.80078125 0.00483330045373841 0.0029296875
0 0.29660682580390607 0.80029296875 0.0009863878477017164 0.001953125
0 0.3043006510159795 0.800048828125 0.0019727756954034327 0.00244140625
0 0.23288617084237523 0.79931640625 0.002170053264943776 0.001953125
0 0.3949003748273821 0.79833984375 0.0030578023278753207 0.0029296875
0 0.21710396527914777 0.79736328125 0.001578220556322746 0.001953125
0 0.403432629710002 0.796142578125 0.0023673308344841193 0.00244140625
0 0.2594693233379365 0.7958984375 0.0022686920497139475 0.0029296875
0 0.25581968830144014 0.795654296875 0.002071414480173604 0.00244140625
0 0.2391990530676662 0.79443359375 0.003748273821266522 0.0029296875
0 0.35371868218583546 0.79443359375 0.0027618859735648055 0.00390625
0 0.09129019530479385 0.793701171875 0.001874136910633261 0.00244140625
0 0.35692444269086604 0.7939453125 0.002071414480173604 0.00390625
0 0.1895344249358848 0.79296875 0.0014795817715525744 0.001953125
0 0.34745511935292955 0.7919921875 0.0044387453146577235 0.00390625
0 0.18603274807654369 0.79345703125 0.0051292168080489245 0.0068359375
0 0.09819491023870586 0.791259765625 0.0038469126060366936 0.00341796875
0 0.22958177155257448 0.7890625 0.002663247188794634 0.0029296875
0 0.24482146379956599 0.7880859375 0.004142828960347208 0.0029296875
0 0.2363878477017163 0.7880859375 0.0030578023278753207 0.0029296875
0 0.11397711580193332 0.787841796875 0.001874136910633261 0.00244140625
0 0.2496547642533044 0.78759765625 0.0027618859735648055 0.0029296875
0 0.25414282896034723 0.78759765625 0.0038469126060366936 0.00390625
0 0.4035805878871572 0.786376953125 0.001874136910633261 0.00244140625
0 0.40062142434405207 0.78662109375 0.001874136910633261 0.0029296875
0 0.10302821069244426 0.787109375 0.006411521010061156 0.00390625
0 0.10800946932333794 0.786376953125 0.003156441112645492 0.00439453125
0 0.09607417636614717 0.7900390625 0.007101992503452358 0.01171875
0 0.3254586703491813 0.78564453125 0.006016965870980469 0.00390625
0 0.21518050897612942 0.78564453125 0.005030578023278753 0.00390625
0 0.39662655356086013 0.783447265625 0.0013809429867824028 0.00244140625
0 0.2405799960544486 0.7841796875 0.004931939238508582 0.00390625
0 0.13064707042809232 0.78466796875 0.006016965870980469 0.0048828125
0 0.09272045768396134 0.783447265625 0.0033537186821858355 0.00244140625
0 0.4124580785164727 0.782470703125 0.0028605247583349774 0.00244140625
0 0.235056224107319 0.782958984375 0.003550996251726179 0.00341796875
0 0.25892681002170054 0.78173828125 0.0013809429867824028 0.001953125
0 0.24437758926810021 0.78173828125 0.0012823042020122311 0.001953125
0 0.10218978102189781 0.782470703125 0.0033537186821858355 0.00341796875
0 0.40940027618859737 0.78173828125 0.002663247188794634 0.0029296875
0 0.12349575853225488 0.782470703125 0.0039455513908068654 0.00439453125
0 0.2558690076938252 0.78125 0.003550996251726179 0.00390625
0 0.34350956796212273 0.781005859375 0.005030578023278753 0.00439453125
0 0.0955809824422963 0.780029296875 0.0027618859735648055 0.00244140625
0 0.4161570329453541 0.779052734375 0.004734661668968239 0.00244140625
0 0.3512033931741961 0.778564453125 0.0036496350364963502 0.00244140625
0 0.24521601893864667 0.777587890625 0.0013809429867824028 0.00244140625
0 0.11565397514302624 0.77880859375 0.006214243440520813 0.0048828125
0 0.10598737423554942 0.778564453125 0.00483330045373841 0.00439453125
0 0.25858157427500494 0.777099609375 0.0014795817715525744 0.00244140625
0 0.2550305780232788 0.77734375 0.0016768593410929177 0.0029296875
0 0.28841980666798184 0.775146484375 0.002170053264943776 0.00244140625
0 0.27599131978694025 0.77392578125 0.0023673308344841193 0.001953125
0 0.23653580587887157 0.774658203125 0.0027618859735648055 0.00341796875
0 0.4398303412901953 0.773681640625 0.004142828960347208 0.00244140625
0 0.42468928782797394 0.7744140625 0.006016965870980469 0.00390625
0 0.24018544091536792 0.77392578125 0.0027618859735648055 0.0029296875
0 0.22849674492010258 0.774658203125 0.004044190175577037 0.00537109375
0 0.33921878082462026 0.772216796875 0.0013809429867824028 0.00244140625
0 0.2824028407970014 0.772216796875 0.0019727756954034327 0.00244140625
0 0.25364963503649635 0.773193359375 0.00424146774511738 0.00439453125
0 0.4297691852436378 0.77197265625 0.004931939238508582 0.0029296875
0 0.41388834089564014 0.77294921875 0.0061156046557506415 0.0048828125
0 0.41852436377983826 0.771728515625 0.002959163543105149 0.00439453125
0 0.12443282698757151 0.774169921875 0.006806076149141842 0.00927734375
0 0.10869994081672914 0.771240234375 0.0019727756954034327 0.00341796875
0 0.29088577628723616 0.770263671875 0.003550996251726179 0.00244140625
0 0.23559873742355494 0.769287109375 0.001874136910633261 0.00244140625
0 0.11185638192937462 0.769775390625 0.0039455513908068654 0.00537109375
0 0.26277372262773724 0.768310546875 0.004931939238508582 0.00341796875
0 0.25537581376997437 0.7685546875 0.002959163543105149 0.00390625
0 0.39460445847307163 0.766845703125 0.001085026632471888 0.00244140625
0 0.1046557506411521 0.766357421875 0.002959163543105149 0.00244140625
0 0.343115012823042 0.765869140625 0.0022686920497139475 0.00244140625
0 0.22075360031564412 0.766357421875 0.0025646084040244622 0.00341796875
0 0.13168277766817912 0.768310546875 0.005721049516669955 0.00732421875
0 0.1262083251134346 0.76611328125 0.0038469126060366936 0.0048828125
0 0.26726178733478 0.764404296875 0.003452357466956007 0.00244140625
0 0.25892681002170054 0.764892578125 0.0027618859735648055 0.00341796875
0 0.10860130203195896 0.763916015625 0.0025646084040244622 0.00244140625
0 0.34183270862102977 0.7626953125 0.001874136910633261 0.001953125
0 0.24704083645689484 0.7626953125 0.0014795817715525744 0.001953125
0 0.2613927796409548 0.76220703125 0.0019727756954034327 0.001953125
0 0.14618267902939436 0.760986328125 0.001578220556322746 0.00244140625
0 0.255178536200434 0.76123046875 0.0023673308344841193 0.00390625
0 0.22415663839021505 0.763671875 0.0038469126060366936 0.0087890625
0 0.13409942789504833 0.7607421875 0.005622410731899783 0.0029296875
0 0.12157230222923654 0.762451171875 0.0036496350364963502 0.00732421875
0 0.23801538765042415 0.759521484375 0.0027618859735648055 0.00244140625
0 0.3369007693825212 0.7587890625 0.001874136910633261 0.001953125
0 0.33956401657131585 0.75830078125 0.001085026632471888 0.001953125
0 0.274709015584928 0.758056640625 0.0019727756954034327 0.00244140625
0 0.2674097455119353 0.7578125 0.0033537186821858355 0.0029296875
0 0.24220753600315645 0.75927734375 0.00424146774511738 0.0068359375
0 0.2591240875912409 0.757080078125 0.004537384099427895 0.00439453125
0 0.2941408561846518 0.755126953125 0.0039455513908068654 0.00341796875
0 0.28797593213651607 0.755126953125 0.0028605247583349774 0.00341796875
0 0.13518445452752023 0.755859375 0.007595186427303216 0.0048828125
0 0.14554152692838823 0.75341796875 0.002465969619254291 0.001953125
0 0.33290589859932923 0.754150390625 0.005721049516669955 0.00439453125
0 0.41112645492207534 0.75244140625 0.0033537186821858355 0.001953125
0 0.42015190372854605 0.751953125 0.0038469126060366936 0.001953125
0 0.4461432235154863 0.752197265625 0.004931939238508582 0.00439453125
0 0.33053856776484514 0.7509765625 0.004340106529887552 0.0029296875
0 0.3997336752811205 0.74951171875 0.001874136910633261 0.0029296875
0 0.32417636614716905 0.75048828125 0.0036496350364963502 0.0048828125
0 0.42399881633458275 0.74853515625 0.0036496350364963502 0.001953125
0 0.3114519629118169 0.74951171875 0.005622410731899783 0.00390625
0 0.2766324718879463 0.748291015625 0.002465969619254291 0.00244140625
0 0.2716018938646676 0.7470703125 0.003255079897415664 0.0029296875
0 0.2819096468731505 0.74462890625 0.0027618859735648055 0.001953125
0 0.2374728743341882 0.74560546875 0.002071414480173604 0.0048828125
0 0.15136121522982837 0.744384765625 0.001874136910633261 0.00244140625
0 0.2760406391793253 0.743408203125 0.0028605247583349774 0.00244140625
0 0.26923456303018345 0.743408203125 0.0030578023278753207 0.00244140625
0 0.13498717695797988 0.7431640625 0.0028605247583349774 0.001953125
0 0.2604063917932531 0.742431640625 0.0023673308344841193 0.00244140625
0 0.10904517656342474 0.74267578125 0.0008877490629315447 0.0029296875
0 0.5255967646478595 0.741943359375 0.0077924639968435586 0.00634765625
0 0.14864864864864866 0.739013671875 0.0019727756954034327 0.00244140625
0 0.29428881436180704 0.73828125 0.001874136910633261 0.001953125
0 0.44979285855198264 0.738525390625 0.0039455513908068654 0.00341796875
0 0.1418425724995068 0.73876953125 0.003550996251726179 0.00390625
0 0.25162753994870785 0.738525390625 0.005918327086210298 0.00439453125
0 0.1445551390806865 0.737548828125 0.0014795817715525744 0.00244140625
0 0.1362694811599921 0.73681640625 0.001085026632471888 0.001953125
0 0.39628131781416454 0.738525390625 0.004044190175577037 0.00634765625
0 0.29024462418623004 0.7373046875 0.005622410731899783 0.0048828125
0 0.28427697770763466 0.736083984375 0.002170053264943776 0.00244140625
0 0.26099822450187415 0.738037109375 0.010455711185638194 0.00634765625
0 0.2764845137107911 0.736328125 0.003156441112645492 0.00390625
0 0.3083941605839416 0.736083984375 0.007200631288222529 0.00537109375
0 0.15619451568356676 0.73388671875 0.001874136910633261 0.001953125
0 0.42148352732294336 0.7333984375 0.003156441112645492 0.001953125
0 0.23732491615703294 0.734619140625 0.0019727756954034327 0.00439453125
0 0.24630104557111857 0.735595703125 0.006312882225290984 0.00732421875
0 0.25295916354310516 0.7333984375 0.0036496350364963502 0.00390625
0 0.2608009469323338 0.732666015625 0.003748273821266522 0.00439453125
0 0.44461432235154863 0.731689453125 0.00483330045373841 0.00341796875
0 0.27791477608995857 0.731201171875 0.002465969619254291 0.00244140625
0 0.159202998619057 0.731201171875 0.0017754981258630894 0.00244140625
0 0.28284671532846717 0.73193359375 0.006806076149141842 0.0048828125
0 0.24980272243045964 0.731201171875 0.006411521010061156 0.00439453125
0 0.18302426514105347 0.73046875 0.00424146774511738 0.0029296875
0 0.325853225488262 0.7294921875 0.0022686920497139475 0.001953125
0 0.25966660090747684 0.7294921875 0.0038469126060366936 0.00390625
0 0.24462418623002566 0.729248046875 0.0027618859735648055 0.00341796875
0 0.31697573485894653 0.725830078125 0.0022686920497139475 0.00146484375
0 0.28491812980864073 0.7255859375 0.003255079897415664 0.001953125
0 0.2582856579206944 0.72607421875 0.002663247188794634 0.0029296875
0 0.451173801538765 0.724853515625 0.003550996251726179 0.00244140625
0 0.20107516275399487 0.72412109375 0.0006904714933912014 0.001953125
0 0.19999013612152297 0.724365234375 0.001085026632471888 0.00244140625
0 0.2563622016176761 0.723876953125 0.002170053264943776 0.00244140625
0 0.2973959360820675 0.7255859375 0.009469323337936477 0.0068359375
0 0.2688400078911028 0.72265625 0.002663247188794634 0.0029296875
0 0.2628230420201223 0.72265625 0.0038469126060366936 0.0029296875
0 0.17917735253501677 0.7236328125 0.005227855592819097 0.0068359375
0 0.24482146379956599 0.718994140625 0.002959163543105149 0.00244140625
0 0.2249950680607615 0.721435546875 0.0051292168080489245 0.00732421875
0 0.2532550798974157 0.719482421875 0.0030578023278753207 0.00537109375
0 0.25498125863089366 0.71728515625 0.001578220556322746 0.001953125
0 0.24225685539554154 0.71923828125 0.0027618859735648055 0.005859375
0 0.24003748273821265 0.7177734375 0.002071414480173604 0.00390625
0 0.21922469915170645 0.718505859375 0.0030578023278753207 0.00537109375
0 0.22090155849279938 0.716796875 0.0012823042020122311 0.0029296875
0 0.19658709804695207 0.716552734375 0.003748273821266522 0.00244140625
0 0.2806766620635234 0.715576171875 0.0016768593410929177 0.00244140625
0 0.22825014795817716 0.71533203125 0.002170053264943776 0.001953125
0 0.18110080883803512 0.717041015625 0.006904714933912014 0.00634765625
0 0.2385579009666601 0.716064453125 0.009173406983625962 0.00537109375
0 0.45571118563819296 0.714111328125 0.0061156046557506415 0.00341796875
0 0.29793844939830344 0.71630859375 0.005030578023278753 0.0078125
0 0.22450187413691064 0.714111328125 0.0023673308344841193 0.00341796875
0 0.30153876504241467 0.7119140625 0.0013809429867824028 0.001953125
0 0.17414677451173802 0.712158203125 0.001085026632471888 0.00244140625
0 0.4490037482738213 0.712158203125 0.0033537186821858355 0.00341796875
0 0.2809725784178339 0.7119140625 0.0016768593410929177 0.0029296875
0 0.2773722627737226 0.710693359375 0.003550996251726179 0.00244140625
0 0.22997632669165516 0.71337890625 0.006806076149141842 0.009765625
0 0.23875517853620043 0.7099609375 0.002071414480173604 0.00390625
0 0.29887551785362004 0.70849609375 0.0013809429867824028 0.001953125
0 0.26509173406983627 0.708984375 0.00542513316235944 0.0029296875
0 0.2322450187413691 0.70947265625 0.0044387453146577235 0.00390625
0 0.2906884987176958 0.710693359375 0.007891102781613731 0.00927734375
0 0.2187315052278556 0.706787109375 0.001874136910633261 0.00146484375
0 0.4613829157624778 0.707763671875 0.006016965870980469 0.00439453125
0 0.22203590451765634 0.706298828125 0.0027618859735648055 0.00244140625
0 0.43129808640757544 0.705810546875 0.0012823042020122311 0.00244140625
0 0.2100512921680805 0.706787109375 0.004044190175577037 0.00537109375
0 0.203442493588479 0.708251953125 0.007595186427303216 0.00927734375
0 0.19791872164134938 0.707763671875 0.004044190175577037 0.00830078125
0 0.17365358058788716 0.705078125 0.0028605247583349774 0.00390625
0 0.2793943578615111 0.7041015625 0.0016768593410929177 0.0029296875
0 0.29335174590649044 0.702880859375 0.0011836654172420597 0.00146484375
0 0.17710593805484318 0.703369140625 0.001874136910633261 0.00244140625
0 0.22829946735056225 0.703125 0.0016768593410929177 0.0029296875
0 0.2958670349181298 0.704345703125 0.00483330045373841 0.00634765625
0 0.11003156441112645 0.702392578125 0.0044387453146577235 0.00244140625
0 0.44486091931347405 0.702392578125 0.003156441112645492 0.00439453125
0 0.4359341092917735 0.70263671875 0.003452357466956007 0.0048828125
0 0.28955415269283885 0.702392578125 0.002663247188794634 0.00634765625
0 0.2102978891300059 0.699462890625 0.000789110278161373 0.00244140625
0 0.27022095087788517 0.699462890625 0.002071414480173604 0.00341796875
0 0.21241862300256462 0.699951171875 0.0028605247583349774 0.00439453125
0 0.21952061550601695 0.697998046875 0.0028605247583349774 0.00341796875
0 0.11560465575064115 0.69775390625 0.003550996251726179 0.0029296875
0 0.19150720063128823 0.659423828125 0.001874136910633261 0.00244140625
0 0.21547642533043992 0.6591796875 0.007200631288222529 0.00390625
