0 0.1328171236930361 0.999267578125 0.0014795817715525744 0.00146484375
0 0.362053659498915 0.9990234375 0.0022686920497139475 0.001953125
0 0.2576938252120734 0.998779296875 0.003255079897415664 0.00244140625
0 0.39016571315841386 0.997314453125 0.001085026632471888 0.00244140625
0 0.38765042414677453 0.99755859375 0.0033537186821858355 0.0048828125
0 0.11738015387650425 0.99755859375 0.0019727756954034327 0.0048828125
0 0.09410140067074374 0.99755859375 0.0011836654172420597 0.0048828125
0 0.2900473466166897 0.997314453125 0.005227855592819097 0.00537109375
0 0.2806273426711383 0.996826171875 0.008680213059775104 0.00634765625
0 0.12995659893470113 0.9951171875 0.001874136910633261 0.0029296875
0 0.7192740185440916 0.99658203125 0.006312882225290984 0.0068359375
0 0.13710791083053855 0.99462890625 0.0017754981258630894 0.0029296875
0 0.36427303215624385 0.99365234375 0.001578220556322746 0.001953125
0 0.11244821463799566 0.993896484375 0.0019727756954034327 0.00341796875
0 0.37916748865653976 0.992919921875 0.0017754981258630894 0.00244140625
0 0.1470704280923259 0.992431640625 0.0019727756954034327 0.00634765625
0 0.14381534819491024 0.99365234375 0.004142828960347208 0.0087890625
0 0.1272440323535214 0.9921875 0.0039455513908068654 0.005859375
0 0.0949398303412902 0.991455078125 0.0016768593410929177 0.00439453125
0 0.12221345433024265 0.990966796875 0.0019727756954034327 0.00439453125
0 0.09893470112448215 0.990478515625 0.002170053264943776 0.00439453125
0 0.38020319589662654 0.990234375 0.004636022884198066 0.0048828125
0 0.36811994476228055 0.993408203125 0.005918327086210298 0.01123046875
0 0.09962517261787335 0.993896484375 0.002959163543105149 0.01220703125
0 0.1244821463799566 0.98876953125 0.0009863878477017164 0.0029296875
0 0.11668968238311304 0.989013671875 0.002170053264943776 0.00341796875
0 0.1056914578812389 0.98779296875 0.001085026632471888 0.0029296875
0 0.09681396725192346 0.98828125 0.0016768593410929177 0.00390625
0 0.1341980666798185 0.98779296875 0.0014795817715525744 0.00390625
0 0.3744821463799566 0.988525390625 0.005622410731899783 0.00634765625
0 0.10899585717103966 0.98779296875 0.0017754981258630894 0.0048828125
0 0.13863681199447622 0.99169921875 0.0066087985796014995 0.013671875
0 0.14751430262379167 0.986572265625 0.002663247188794634 0.00439453125
0 0.11141250739790885 0.9873046875 0.003255079897415664 0.0126953125
0 0.3734464391398698 0.982421875 0.0027618859735648055 0.00390625
0 0.12527125665811797 0.981689453125 0.0013809429867824028 0.00244140625
0 0.12019135924245414 0.982421875 0.002071414480173604 0.0048828125
0 0.13607220359045177 0.982177734375 0.002465969619254291 0.00537109375
0 0.14682383113040048 0.980712890625 0.002465969619254291 0.00341796875
0 0.11180706253698955 0.979248046875 0.001085026632471888 0.00244140625
0 0.09030380745709213 0.978515625 0.0008877490629315447 0.001953125
0 0.38084434799763267 0.978759765625 0.0019727756954034327 0.00341796875
0 0.12324916157032946 0.978271484375 0.002465969619254291 0.00439453125
0 0.1147169066877096 0.976806640625 0.003156441112645492 0.00537109375
0 0.3756164924048136 0.97705078125 0.006510159794831328 0.0068359375
0 0.12971000197277568 0.97509765625 0.0013809429867824028 0.0029296875
0 0.10051292168080489 0.9775390625 0.0019727756954034327 0.0078125
0 0.1268987966068258 0.974365234375 0.001874136910633261 0.00244140625
0 0.3964785953837049 0.976806640625 0.0038469126060366936 0.00927734375
0 0.1404123101203393 0.9755859375 0.002465969619254291 0.0068359375
0 0.12300256460840403 0.972900390625 0.0011836654172420597 0.00244140625
0 0.09291773525350168 0.97314453125 0.0013809429867824028 0.0029296875
0 0.3645689485105543 0.97265625 0.0023673308344841193 0.0029296875
0 0.37014203985006905 0.9716796875 0.001085026632471888 0.0029296875
0 0.3804004734661669 0.971923828125 0.0028605247583349774 0.00732421875
0 0.38469126060366937 0.970703125 0.006904714933912014 0.0068359375
0 0.11017952258828172 0.970703125 0.003156441112645492 0.0068359375
0 0.37374235549418033 0.969482421875 0.0023673308344841193 0.00634765625
0 0.1195995265338331 0.967529296875 0.001085026632471888 0.00244140625
0 0.38996843558887356 0.97021484375 0.004044190175577037 0.0087890625
0 0.12250937068455317 0.96728515625 0.0009863878477017164 0.00390625
0 0.13498717695797988 0.967041015625 0.001874136910633261 0.00732421875
0 0.1147169066877096 0.964599609375 0.0011836654172420597 0.00341796875
0 0.09129019530479385 0.96435546875 0.0008877490629315447 0.0029296875
0 0.371276385874926 0.9638671875 0.003156441112645492 0.00390625
0 0.39080686525942 0.9638671875 0.0033537186821858355 0.005859375
0 0.3797100019727757 0.96240234375 0.0012823042020122311 0.0029296875
0 0.3859242454132965 0.96240234375 0.004636022884198066 0.0048828125
0 0.13311304004734661 0.95947265625 0.0022686920497139475 0.0029296875
0 0.09740579996054449 0.9599609375 0.001085026632471888 0.00390625
0 0.13049911225093708 0.95849609375 0.0017754981258630894 0.001953125
0 0.38084434799763267 0.9580078125 0.003550996251726179 0.00390625
0 0.3762083251134346 0.95849609375 0.004142828960347208 0.0068359375
0 0.3877490629315447 0.9560546875 0.002959163543105149 0.005859375
0 0.14268100217005328 0.954833984375 0.006806076149141842 0.00732421875
0 0.3947030972578418 0.9482421875 0.0008877490629315447 0.001953125
0 0.13656539751430263 0.946044921875 0.0030578023278753207 0.00341796875
0 0.11170842375221937 0.9462890625 0.0012823042020122311 0.0048828125
0 0.3825705267311107 0.946044921875 0.004044190175577037 0.00927734375
0 0.11733083448411916 0.941162109375 0.001085026632471888 0.00439453125
0 0.39509765239692246 0.94140625 0.004636022884198066 0.0107421875
0 0.12852633655553364 0.9375 0.0013809429867824028 0.0029296875
0 0.09207930558295521 0.935791015625 0.0012823042020122311 0.00341796875
0 0.14342079305582955 0.935791015625 0.0019727756954034327 0.00439453125
0 0.1359735648056816 0.932861328125 0.002071414480173604 0.00341796875
0 0.3865160781219175 0.93359375 0.0016768593410929177 0.005859375
0 0.12329848096271454 0.931884765625 0.0009863878477017164 0.00244140625
0 0.38883408956401655 0.93115234375 0.0019727756954034327 0.0029296875
0 0.1436180706253699 0.9306640625 0.0009863878477017164 0.0029296875
0 0.1335075951864273 0.93115234375 0.0016768593410929177 0.0048828125
0 0.1001676859341093 0.93017578125 0.001085026632471888 0.0029296875
0 0.36881041625567174 0.930419921875 0.0019727756954034327 0.00537109375
0 0.395985401459854 0.927001953125 0.0014795817715525744 0.00537109375
0 0.36728151509173407 0.9248046875 0.0022686920497139475 0.0029296875
0 0.13888340895640167 0.927001953125 0.006312882225290984 0.00830078125
0 0.13434602485697375 0.92431640625 0.002170053264943776 0.0029296875
0 0.1449990136121523 0.925048828125 0.002959163543105149 0.00634765625
0 0.14056026829749457 0.923095703125 0.0009863878477017164 0.00341796875
0 0.15417242059577826 0.921875 0.0013809429867824028 0.001953125
0 0.12946340501085027 0.921875 0.001085026632471888 0.00390625
0 0.3723614125073979 0.9189453125 0.0027618859735648055 0.005859375
0 0.36521010061156045 0.91845703125 0.002465969619254291 0.0078125
0 0.14578812389031368 0.9150390625 0.002170053264943776 0.0029296875
0 0.3690076938252121 0.917236328125 0.0033537186821858355 0.00830078125
0 0.12842769777076346 0.91455078125 0.0009863878477017164 0.0029296875
0 0.14968435588873544 0.913818359375 0.0012823042020122311 0.00341796875
0 0.395393568751233 0.9091796875 0.001874136910633261 0.00390625
0 0.15604655750641153 0.908447265625 0.003156441112645492 0.00634765625
0 0.40136121522982837 0.90869140625 0.004734661668968239 0.0087890625
0 0.3675774314460446 0.90966796875 0.006016965870980469 0.0107421875
0 0.1470211086999408 0.905517578125 0.001874136910633261 0.00439453125
0 0.12576445058196883 0.904541015625 0.000789110278161373 0.00244140625
0 0.36570329453541134 0.901123046875 0.0008877490629315447 0.00244140625
0 0.145985401459854 0.901123046875 0.000789110278161373 0.00244140625
0 0.4057999605444861 0.90234375 0.005523771947129611 0.0078125
0 0.3643223515486289 0.89990234375 0.0014795817715525744 0.00390625
0 0.3623988952456106 0.89990234375 0.0025646084040244622 0.00390625
0 0.527569540343263 0.8974609375 0.00483330045373841 0.005859375
0 0.13676267508384296 0.895751953125 0.001085026632471888 0.00244140625
0 0.4071809035312685 0.896240234375 0.002170053264943776 0.00439453125
0 0.18494772144407182 0.895263671875 0.0011836654172420597 0.00244140625
0 0.5497139475241665 0.89501953125 0.0013809429867824028 0.0029296875
0 0.5434997040836457 0.892578125 0.0019727756954034327 0.0029296875
0 0.36077135529690274 0.8955078125 0.00483330045373841 0.009765625
0 0.41092917735253504 0.892822265625 0.001578220556322746 0.00537109375
0 0.36555533635825604 0.891357421875 0.0033537186821858355 0.00537109375
0 0.36017952258828173 0.88818359375 0.0012823042020122311 0.001953125
0 0.15072006312882225 0.892333984375 0.002959163543105149 0.01025390625
0 0.5515387650424147 0.8896484375 0.0028605247583349774 0.005859375
0 0.41714342079305583 0.8876953125 0.0019727756954034327 0.0029296875
0 0.25157822055632273 0.886962890625 0.0014795817715525744 0.00439453125
0 0.4262181889919116 0.886962890625 0.004142828960347208 0.00732421875
0 0.5131189583744328 0.8818359375 0.002170053264943776 0.001953125
0 0.29571907674097453 0.882568359375 0.002170053264943776 0.00341796875
0 0.5214539356875123 0.88330078125 0.00483330045373841 0.005859375
0 0.14593608206746894 0.880615234375 0.0014795817715525744 0.00244140625
0 0.34888538173209704 0.880126953125 0.0009863878477017164 0.00244140625
0 0.3469619254290787 0.880859375 0.0022686920497139475 0.00390625
0 0.42577431446044584 0.880615234375 0.002663247188794634 0.00439453125
0 0.4144308542118761 0.878662109375 0.0016768593410929177 0.00341796875
0 0.17518248175182483 0.87841796875 0.0019727756954034327 0.0029296875
0 0.41778457289406196 0.878662109375 0.00483330045373841 0.00439453125
0 0.19303610179522587 0.878173828125 0.0011836654172420597 0.00341796875
0 0.15141053462221346 0.87841796875 0.0017754981258630894 0.0048828125
0 0.44643913986979683 0.878662109375 0.003748273821266522 0.00634765625
0 0.1533339909252318 0.876953125 0.002465969619254291 0.0029296875
0 0.5515387650424147 0.877197265625 0.0014795817715525744 0.00439453125
0 0.5277174985204183 0.876953125 0.0019727756954034327 0.00390625
0 0.5559775103570724 0.87451171875 0.0014795817715525744 0.0029296875
0 0.5489248372460052 0.87548828125 0.0019727756954034327 0.0048828125
0 0.5359538370487276 0.87548828125 0.002663247188794634 0.0048828125
0 0.5321069244426909 0.87890625 0.0038469126060366936 0.01171875
0 0.420102584336161 0.8740234375 0.0009863878477017164 0.0029296875
0 0.42483724600512923 0.874267578125 0.003156441112645492 0.00439453125
0 0.3412901953047938 0.874267578125 0.001578220556322746 0.00439453125
0 0.45507003353718684 0.873779296875 0.0016768593410929177 0.00439453125
0 0.42893075557309135 0.8740234375 0.003255079897415664 0.0048828125
0 0.1995955809824423 0.872314453125 0.0012823042020122311 0.00244140625
0 0.19066877096074175 0.875732421875 0.003156441112645492 0.01220703125
0 0.17498520418228447 0.87109375 0.0017754981258630894 0.0029296875
0 0.5148451371079108 0.871826171875 0.003255079897415664 0.00537109375
0 0.509173406983626 0.8720703125 0.0039455513908068654 0.005859375
0 0.3008482935490235 0.872802734375 0.002959163543105149 0.00732421875
0 0.3091339514697179 0.870849609375 0.0013809429867824028 0.00439453125
0 0.20191359242454132 0.870361328125 0.0013809429867824028 0.00341796875
0 0.5582462024067864 0.869873046875 0.0038469126060366936 0.00439453125
0 0.34927993687117775 0.869384765625 0.002170053264943776 0.00341796875
0 0.505770368909055 0.86865234375 0.0022686920497139475 0.0048828125
0 0.4565496153087394 0.867431640625 0.0022686920497139475 0.00537109375
0 0.43405997238114025 0.868896484375 0.0030578023278753207 0.00830078125
0 0.5531169855987375 0.867919921875 0.005030578023278753 0.00732421875
0 0.19451568356677845 0.865234375 0.0013809429867824028 0.001953125
0 0.19303610179522587 0.86865234375 0.004340106529887552 0.0087890625
0 0.5669264154665614 0.864990234375 0.0016768593410929177 0.00244140625
0 0.3284671532846715 0.8662109375 0.001578220556322746 0.0048828125
0 0.30439928980074965 0.86572265625 0.003550996251726179 0.00390625
0 0.29409153679226674 0.8662109375 0.004044190175577037 0.0048828125
0 0.4199546261590057 0.865234375 0.002071414480173604 0.00390625
0 0.5966166896823831 0.86328125 0.0030578023278753207 0.001953125
0 0.44461432235154863 0.864990234375 0.005227855592819097 0.00732421875
0 0.33522391004142826 0.86376953125 0.0038469126060366936 0.0048828125
0 0.21182679029394358 0.864013671875 0.0016768593410929177 0.00537109375
0 0.4474748471098836 0.863037109375 0.0012823042020122311 0.00439453125
0 0.3194910238705859 0.86474609375 0.005523771947129611 0.0087890625
0 0.44979285855198264 0.86181640625 0.0017754981258630894 0.0048828125
0 0.18726573288617085 0.865234375 0.0036496350364963502 0.01171875
0 0.18312290392582364 0.861328125 0.002465969619254291 0.00390625
0 0.7173012428486881 0.86083984375 0.003748273821266522 0.00390625
0 0.5605642138488853 0.860107421875 0.0009863878477017164 0.00244140625
0 0.2922173998816335 0.861083984375 0.003255079897415664 0.00537109375
0 0.5475932136516078 0.8642578125 0.005030578023278753 0.0126953125
0 0.5447820082856579 0.85986328125 0.002959163543105149 0.00390625
0 0.14998027224304597 0.859375 0.001085026632471888 0.0029296875
0 0.7145886762675084 0.859130859375 0.003255079897415664 0.00341796875
0 0.5560761491418426 0.85791015625 0.001085026632471888 0.001953125
0 0.4516669954626159 0.85791015625 0.0017754981258630894 0.001953125
0 0.5398993884395344 0.857666015625 0.001085026632471888 0.00244140625
0 0.4154665614519629 0.858154296875 0.0011836654172420597 0.00341796875
0 0.5739790885776287 0.85693359375 0.0013809429867824028 0.001953125
0 0.5974551193529296 0.85693359375 0.0019727756954034327 0.0029296875
0 0.7309627145393569 0.8564453125 0.00483330045373841 0.0029296875
0 0.6111165910435984 0.85791015625 0.003255079897415664 0.005859375
0 0.5123298480962715 0.8564453125 0.0011836654172420597 0.00390625
0 0.43938646675872955 0.861083984375 0.006214243440520813 0.01318359375
0 0.5526731110672717 0.857177734375 0.003550996251726179 0.00634765625
0 0.5056717301242849 0.85791015625 0.0022686920497139475 0.0078125
0 0.5022193726573289 0.85595703125 0.002071414480173604 0.00390625
0 0.44860919313474057 0.85595703125 0.003156441112645492 0.00390625
0 0.3258039060958769 0.855224609375 0.0013809429867824028 0.00244140625
0 0.5632767804300651 0.857666015625 0.0036496350364963502 0.00830078125
0 0.44308542118761096 0.855712890625 0.004142828960347208 0.00439453125
0 0.42449201025843364 0.85546875 0.002663247188794634 0.00390625
0 0.15131189583744328 0.85791015625 0.003748273821266522 0.0087890625
0 0.5691951075162754 0.85400390625 0.0012823042020122311 0.001953125
0 0.5406884987176958 0.856689453125 0.005030578023278753 0.00732421875
0 0.3225981455908463 0.85400390625 0.002071414480173604 0.001953125
0 0.2968041033734464 0.854736328125 0.0013809429867824028 0.00341796875
0 0.4728743341882028 0.853515625 0.0013809429867824028 0.001953125
0 0.7206549615308739 0.85302734375 0.003550996251726179 0.001953125
0 0.5547938449398303 0.8525390625 0.002465969619254291 0.0029296875
0 0.4999013612152298 0.852783203125 0.002170053264943776 0.00341796875
0 0.4291280331426317 0.852294921875 0.0014795817715525744 0.00244140625
0 0.19875715131189584 0.85205078125 0.0009863878477017164 0.001953125
0 0.5898599329256263 0.85302734375 0.0033537186821858355 0.0048828125
0 0.5852239100414283 0.854736328125 0.006312882225290984 0.00830078125
0 0.547741171828763 0.853271484375 0.0023673308344841193 0.00537109375
0 0.5229335174590649 0.85205078125 0.002465969619254291 0.0029296875
0 0.4198559873742356 0.85205078125 0.001085026632471888 0.0029296875
0 0.5110968632866443 0.8515625 0.0012823042020122311 0.0029296875
0 0.2590254488064707 0.851318359375 0.0009863878477017164 0.00244140625
0 0.2530084829354902 0.8515625 0.001578220556322746 0.0029296875
0 0.6084533438548038 0.8505859375 0.0016768593410929177 0.001953125
0 0.5652495561254686 0.850830078125 0.0028605247583349774 0.00244140625
0 0.4746498323140659 0.8525390625 0.002170053264943776 0.005859375
0 0.4182284474255277 0.8525390625 0.002959163543105149 0.0068359375
0 0.3079502860524758 0.8515625 0.0019727756954034327 0.0048828125
0 0.4366739001775498 0.85009765625 0.0017754981258630894 0.0029296875
0 0.18494772144407182 0.85107421875 0.0013809429867824028 0.0048828125
0 0.60628329058986 0.849609375 0.0012823042020122311 0.0029296875
0 0.5151410534622214 0.852294921875 0.0044387453146577235 0.00830078125
0 0.19624186230025645 0.850341796875 0.0012823042020122311 0.00439453125
0 0.191951075162754 0.85546875 0.004340106529887552 0.0146484375
0 0.1470704280923259 0.849609375 0.000789110278161373 0.0029296875
0 0.2916255671730124 0.848876953125 0.002071414480173604 0.00244140625
0 0.601154073781811 0.850830078125 0.0044387453146577235 0.00732421875
0 0.5875419214835274 0.84814453125 0.002071414480173604 0.001953125
0 0.4401755770368909 0.849365234375 0.001874136910633261 0.00439453125
0 0.18203787729335175 0.851806640625 0.0044387453146577235 0.00927734375
0 0.5473959360820675 0.84814453125 0.0016768593410929177 0.0029296875
0 0.4433320181495364 0.849609375 0.0038469126060366936 0.005859375
0 0.2953245216018939 0.849609375 0.004931939238508582 0.005859375
0 0.24072795423160387 0.84814453125 0.001874136910633261 0.0029296875
0 0.5025646084040245 0.84814453125 0.0009863878477017164 0.00390625
0 0.5009863878477017 0.848388671875 0.0019727756954034327 0.00439453125
0 0.4823436575261393 0.84814453125 0.0033537186821858355 0.00390625
0 0.47450187413691064 0.847412109375 0.002071414480173604 0.00244140625
0 0.5896133359637009 0.8466796875 0.0016768593410929177 0.0029296875
0 0.42883211678832117 0.847412109375 0.0030578023278753207 0.00439453125
0 0.5806372065496153 0.846923828125 0.002071414480173604 0.00439453125
0 0.5751134346024857 0.846435546875 0.001874136910633261 0.00341796875
0 0.168968238311304 0.846435546875 0.0009863878477017164 0.00341796875
0 0.6823831130400474 0.84521484375 0.0019727756954034327 0.001953125
0 0.5606628526336556 0.845458984375 0.0017754981258630894 0.00244140625
0 0.5519333201814953 0.846435546875 0.0016768593410929177 0.00439453125
0 0.42468928782797394 0.845458984375 0.0028605247583349774 0.00244140625
0 0.5588873545077925 0.8447265625 0.0009863878477017164 0.001953125
0 0.49319392385085814 0.844970703125 0.0011836654172420597 0.00341796875
0 0.4185736831722233 0.844970703125 0.002071414480173604 0.00341796875
0 0.3193430656934307 0.84423828125 0.0008877490629315447 0.001953125
0 0.5291970802919708 0.848876953125 0.004340106529887552 0.01220703125
0 0.523574669560071 0.844970703125 0.0011836654172420597 0.00439453125
0 0.3052870388636812 0.843994140625 0.0019727756954034327 0.00244140625
0 0.7036890905504044 0.843505859375 0.003748273821266522 0.00341796875
0 0.6048037088183074 0.8447265625 0.0022686920497139475 0.005859375
0 0.4322351548628921 0.843505859375 0.0027618859735648055 0.00439453125
0 0.2006312882225291 0.84326171875 0.001578220556322746 0.00390625
0 0.19096468731505228 0.843505859375 0.0023673308344841193 0.00439453125
0 0.48614125073979086 0.84326171875 0.002663247188794634 0.0048828125
0 0.4773130795028605 0.845458984375 0.003550996251726179 0.00927734375
0 0.2798382323929769 0.84521484375 0.005721049516669955 0.0087890625
0 0.320674689287828 0.841796875 0.001578220556322746 0.0029296875
0 0.18830144012625766 0.84228515625 0.0023673308344841193 0.00390625
0 0.18479976326691655 0.844482421875 0.002465969619254291 0.00830078125
0 0.622361412507398 0.8408203125 0.0014795817715525744 0.001953125
0 0.5845827579404221 0.843994140625 0.005819688301440126 0.00830078125
0 0.26094890510948904 0.842041015625 0.0022686920497139475 0.00439453125
0 0.2071907674097455 0.841064453125 0.0006904714933912014 0.00244140625
0 0.18050897612941408 0.842529296875 0.0023673308344841193 0.00537109375
0 0.6138784770171631 0.84130859375 0.002071414480173604 0.00390625
0 0.5727954231603867 0.840576171875 0.001578220556322746 0.00244140625
0 0.19481159992108898 0.841796875 0.0023673308344841193 0.0048828125
0 0.1748865653975143 0.840576171875 0.0025646084040244622 0.00244140625
0 0.5277174985204183 0.840087890625 0.001578220556322746 0.00244140625
0 0.7158216610771355 0.83984375 0.0011836654172420597 0.0029296875
0 0.4912211481554547 0.84033203125 0.002170053264943776 0.00390625
0 0.4798283685144999 0.841796875 0.00424146774511738 0.0068359375
0 0.6113631880055238 0.83935546875 0.0011836654172420597 0.0029296875
0 0.5967153284671532 0.83935546875 0.0030578023278753207 0.0029296875
0 0.574176366147169 0.83935546875 0.0019727756954034327 0.0029296875
0 0.5404912211481555 0.84033203125 0.003452357466956007 0.0048828125
0 0.5206155060169658 0.83984375 0.0033537186821858355 0.00390625
0 0.4152199644900375 0.83935546875 0.0016768593410929177 0.0029296875
0 0.5488755178536201 0.84326171875 0.003452357466956007 0.01171875
0 0.5164726770566187 0.83935546875 0.0033537186821858355 0.00390625
0 0.5371868218583548 0.838134765625 0.000789110278161373 0.00244140625
0 0.23323140658907082 0.83984375 0.0016768593410929177 0.005859375
0 0.19293746301045572 0.839111328125 0.001578220556322746 0.00439453125
0 0.6894357861511147 0.838134765625 0.003452357466956007 0.00341796875
0 0.5882323929769185 0.83837890625 0.0014795817715525744 0.00390625
0 0.5771848490826593 0.83837890625 0.002071414480173604 0.00390625
0 0.5635726967843756 0.838134765625 0.0012823042020122311 0.00341796875
0 0.42927599131978694 0.840087890625 0.003156441112645492 0.00732421875
0 0.2760406391793253 0.83740234375 0.0016768593410929177 0.001953125
0 0.26001183665417243 0.837646484375 0.0017754981258630894 0.00244140625
0 0.18233379364766225 0.8388671875 0.001874136910633261 0.0048828125
0 0.5929670546458867 0.838623046875 0.003452357466956007 0.00537109375
0 0.19130992306174788 0.837890625 0.0012823042020122311 0.0048828125
0 0.7253403038074571 0.84033203125 0.005819688301440126 0.0107421875
0 0.5600217005326494 0.83642578125 0.0014795817715525744 0.0029296875
0 0.5555336358256067 0.836669921875 0.0023673308344841193 0.00341796875
0 0.523525350167686 0.837646484375 0.0022686920497139475 0.00537109375
0 0.5090747681988558 0.84033203125 0.004142828960347208 0.0107421875
0 0.1975734858946538 0.839599609375 0.002959163543105149 0.00927734375
0 0.644209903333991 0.83642578125 0.003156441112645492 0.00390625
0 0.32008285657920693 0.835693359375 0.0013809429867824028 0.00244140625
0 0.5965673702899981 0.8349609375 0.0009863878477017164 0.001953125
0 0.5402939435786152 0.835205078125 0.0022686920497139475 0.00244140625
0 0.17878279739593608 0.83544921875 0.0012823042020122311 0.0029296875
0 0.7190767409745512 0.840087890625 0.005523771947129611 0.01318359375
0 0.6054941803116985 0.83544921875 0.0016768593410929177 0.00390625
0 0.49210889721838624 0.83544921875 0.0013809429867824028 0.00390625
0 0.2972479779049122 0.8349609375 0.0028605247583349774 0.0029296875
0 0.25498125863089366 0.834716796875 0.0009863878477017164 0.00244140625
0 0.1895344249358848 0.8349609375 0.0012823042020122311 0.0029296875
0 0.677599131978694 0.834228515625 0.004044190175577037 0.00244140625
0 0.2820576050503058 0.836669921875 0.005030578023278753 0.00732421875
0 0.2667685934109292 0.835205078125 0.001874136910633261 0.00439453125
0 0.18415861116591042 0.836181640625 0.0033537186821858355 0.00634765625
0 0.7115308739396331 0.835205078125 0.004044190175577037 0.00537109375
0 0.5451272440323536 0.840576171875 0.004636022884198066 0.01611328125
0 0.7162655356086013 0.833251953125 0.002071414480173604 0.00244140625
0 0.5152890116393766 0.833984375 0.0033537186821858355 0.00390625
0 0.7143420793055829 0.832763671875 0.0013809429867824028 0.00244140625
0 0.44101400670743734 0.833984375 0.001578220556322746 0.0048828125
0 0.2749556125468534 0.83447265625 0.001874136910633261 0.005859375
0 0.6288222529098442 0.83349609375 0.005721049516669955 0.0048828125
0 0.5935095679621227 0.832275390625 0.000789110278161373 0.00244140625
0 0.558591438153482 0.832763671875 0.002170053264943776 0.00341796875
0 0.5425626356283291 0.833251953125 0.0016768593410929177 0.00439453125
0 0.4742059577826001 0.833251953125 0.0022686920497139475 0.00439453125
0 0.469520615506017 0.83203125 0.0009863878477017164 0.001953125
0 0.4276484513710791 0.833740234375 0.002663247188794634 0.00537109375
0 0.14790885776287235 0.832275390625 0.0012823042020122311 0.00244140625
0 0.7184355888735451 0.83251953125 0.002465969619254291 0.00390625
0 0.6540737818110081 0.8330078125 0.003748273821266522 0.0048828125
0 0.26242848688104164 0.83203125 0.0014795817715525744 0.0029296875
0 0.23485894653777867 0.83203125 0.001578220556322746 0.0029296875
0 0.6208325113434603 0.83203125 0.003748273821266522 0.00390625
0 0.5346715328467153 0.831787109375 0.0014795817715525744 0.00341796875
0 0.5052278555928191 0.833984375 0.003748273821266522 0.0078125
0 0.4716906687709607 0.833984375 0.0027618859735648055 0.0078125
0 0.34646873150522783 0.831298828125 0.001085026632471888 0.00244140625
0 0.5801933320181495 0.834716796875 0.004340106529887552 0.01025390625
0 0.42301242848688103 0.83203125 0.002663247188794634 0.0048828125
0 0.24940816729137896 0.830810546875 0.0008877490629315447 0.00244140625
0 0.6249260209114224 0.83203125 0.0022686920497139475 0.005859375
0 0.5466561451962911 0.830322265625 0.0023673308344841193 0.00244140625
0 0.5311698559873742 0.830322265625 0.002170053264943776 0.00244140625
0 0.46261590057210494 0.831787109375 0.0023673308344841193 0.00537109375
0 0.4388439534424936 0.831298828125 0.003550996251726179 0.00439453125
0 0.255178536200434 0.830322265625 0.0011836654172420597 0.00244140625
0 0.22573485894653778 0.831298828125 0.0016768593410929177 0.00439453125
0 0.2197672124679424 0.83203125 0.0025646084040244622 0.005859375
0 0.6909153679226672 0.830078125 0.0022686920497139475 0.0029296875
0 0.5509469323337937 0.831787109375 0.00483330045373841 0.00634765625
0 0.2239100414282896 0.83203125 0.0017754981258630894 0.0068359375
0 0.1808542118761097 0.83056640625 0.002663247188794634 0.00390625
0 0.674738607220359 0.82958984375 0.003255079897415664 0.0029296875
0 0.4786447030972578 0.83056640625 0.0014795817715525744 0.0048828125
0 0.5661866245807852 0.830078125 0.0033537186821858355 0.0048828125
0 0.5187413691063326 0.82958984375 0.0013809429867824028 0.00390625
0 0.48037088183073584 0.8291015625 0.0009863878477017164 0.0029296875
0 0.2681495363977116 0.828857421875 0.001085026632471888 0.00244140625
0 0.19683369500887749 0.83251953125 0.0030578023278753207 0.009765625
0 0.14608404024462418 0.828369140625 0.0023673308344841193 0.00244140625
0 0.7245511935292958 0.82958984375 0.0038469126060366936 0.005859375
0 0.5602682974945749 0.82861328125 0.004931939238508582 0.00390625
0 0.15165713158413888 0.82861328125 0.0012823042020122311 0.00390625
0 0.4676957979877688 0.8291015625 0.0014795817715525744 0.005859375
0 0.25305780232787534 0.8291015625 0.0022686920497139475 0.005859375
0 0.16946143223515486 0.82763671875 0.001578220556322746 0.0029296875
0 0.6430262379167488 0.8271484375 0.003156441112645492 0.0029296875
0 0.6055928190964688 0.828857421875 0.00424146774511738 0.00634765625
0 0.5765930163740383 0.828125 0.001874136910633261 0.0048828125
0 0.4383507595186427 0.82666015625 0.0017754981258630894 0.001953125
0 0.20546458867626752 0.8271484375 0.002170053264943776 0.0029296875
0 0.6924935884789899 0.8271484375 0.0016768593410929177 0.00390625
0 0.6477608995857171 0.82666015625 0.003748273821266522 0.0029296875
0 0.511491418425725 0.827392578125 0.002663247188794634 0.00439453125
0 0.494821463799566 0.826171875 0.0012823042020122311 0.001953125
0 0.43386269481159995 0.8271484375 0.001874136910633261 0.00390625
0 0.6985598737423555 0.826416015625 0.004142828960347208 0.00341796875
0 0.4556125468534228 0.825927734375 0.0009863878477017164 0.00244140625
0 0.21956993489840204 0.826171875 0.0025646084040244622 0.0029296875
0 0.7286447030972578 0.8271484375 0.0019727756954034327 0.005859375
0 0.6109686328664431 0.827392578125 0.005721049516669955 0.00634765625
0 0.4870783191951075 0.82666015625 0.004142828960347208 0.0048828125
0 0.5393568751232984 0.8251953125 0.0011836654172420597 0.0029296875
0 0.5266324718879464 0.826171875 0.002959163543105149 0.0048828125
0 0.5049812586308937 0.8251953125 0.0016768593410929177 0.0029296875
0 0.47963109094495954 0.825439453125 0.0014795817715525744 0.00341796875
0 0.5624383507595186 0.8251953125 0.0019727756954034327 0.00390625
0 0.5541526928388242 0.82568359375 0.003156441112645492 0.0048828125
0 0.5415269283882422 0.82568359375 0.002170053264943776 0.0048828125
0 0.27875320576050505 0.82421875 0.0011836654172420597 0.001953125
0 0.22691852436377985 0.826904296875 0.003255079897415664 0.00732421875
0 0.17922667192740185 0.8251953125 0.0019727756954034327 0.00390625
0 0.5364963503649635 0.826171875 0.004734661668968239 0.0068359375
0 0.4606924442690866 0.8251953125 0.002465969619254291 0.0048828125
0 0.23357664233576642 0.82470703125 0.002959163543105149 0.00390625
0 0.19796804103373447 0.8251953125 0.002170053264943776 0.0048828125
0 0.18401065298875519 0.8271484375 0.002663247188794634 0.0087890625
0 0.19318405997238114 0.826416015625 0.00483330045373841 0.00830078125
0 0.7181396725192346 0.824462890625 0.006214243440520813 0.00537109375
0 0.4972381140264352 0.82373046875 0.002170053264943776 0.00390625
0 0.5825113434602486 0.822265625 0.001085026632471888 0.001953125
0 0.2444762280528704 0.822509765625 0.0016768593410929177 0.00244140625
0 0.6431248767015191 0.822509765625 0.0023673308344841193 0.00341796875
0 0.5863089366739002 0.82763671875 0.0051292168080489245 0.013671875
0 0.43203787729335175 0.8232421875 0.0023673308344841193 0.0048828125
0 0.215525744722825 0.822998046875 0.0025646084040244622 0.00439453125
0 0.17671138291576247 0.82275390625 0.0030578023278753207 0.00390625
0 0.6388834089564016 0.823974609375 0.004931939238508582 0.00732421875
0 0.6267015190372854 0.822021484375 0.001874136910633261 0.00341796875
0 0.5269777076346419 0.8212890625 0.0012823042020122311 0.001953125
0 0.46887946340501085 0.8212890625 0.001085026632471888 0.001953125
0 0.44451568356677845 0.822509765625 0.001874136910633261 0.00439453125
0 0.43830144012625766 0.821533203125 0.002663247188794634 0.00244140625
0 0.2712073387255869 0.8212890625 0.001874136910633261 0.001953125
0 0.22208522391004143 0.822509765625 0.0012823042020122311 0.00439453125
0 0.6089958571710397 0.82275390625 0.003748273821266522 0.005859375
0 0.5488755178536201 0.82080078125 0.001085026632471888 0.001953125
0 0.426464785953837 0.821044921875 0.001085026632471888 0.00244140625
0 0.7150818701913593 0.82177734375 0.006214243440520813 0.0048828125
0 0.5320082856579207 0.821533203125 0.0016768593410929177 0.00439453125
0 0.4989642927599132 0.82080078125 0.001085026632471888 0.0029296875
0 0.6231012033931742 0.8232421875 0.002170053264943776 0.0087890625
0 0.6023377391990531 0.8203125 0.0016768593410929177 0.0029296875
0 0.5348194910238706 0.8203125 0.0019727756954034327 0.0029296875
0 0.5071019925034523 0.822509765625 0.002170053264943776 0.00732421875
0 0.47055632274610376 0.82177734375 0.0014795817715525744 0.005859375
0 0.18095285066087985 0.82080078125 0.0014795817715525744 0.00390625
0 0.6185144999013612 0.822998046875 0.005622410731899783 0.00927734375
0 0.472430459656737 0.81982421875 0.001874136910633261 0.0029296875
0 0.4490037482738213 0.820556640625 0.0013809429867824028 0.00439453125
0 0.43588478989938845 0.820068359375 0.0017754981258630894 0.00341796875
0 0.14667587295324522 0.8203125 0.0025646084040244622 0.00390625
0 0.5550404419017557 0.819580078125 0.0023673308344841193 0.00341796875
0 0.5236239889524561 0.822021484375 0.0028605247583349774 0.00830078125
0 0.17498520418228447 0.819091796875 0.0011836654172420597 0.00244140625
0 0.5422667192740186 0.818603515625 0.002071414480173604 0.00244140625
0 0.4313967251923456 0.818359375 0.0012823042020122311 0.001953125
0 0.18884395344249358 0.819580078125 0.0022686920497139475 0.00439453125
0 0.7043795620437956 0.819091796875 0.0039455513908068654 0.00439453125
0 0.5953343854803709 0.818359375 0.0016768593410929177 0.0029296875
0 0.5800453738409943 0.81787109375 0.0014795817715525744 0.001953125
0 0.5043401065298876 0.819091796875 0.003550996251726179 0.00439453125
0 0.21192542907871376 0.8193359375 0.0014795817715525744 0.0048828125
0 0.5864075754586704 0.818603515625 0.001578220556322746 0.00439453125
0 0.5163740382718485 0.81787109375 0.001578220556322746 0.0029296875
0 0.45314657723416846 0.8173828125 0.000789110278161373 0.001953125
0 0.19520615506016967 0.8173828125 0.0009863878477017164 0.001953125
0 0.5460643124876702 0.8173828125 0.0009863878477017164 0.00390625
0 0.5383704872755968 0.8173828125 0.0013809429867824028 0.00390625
0 0.21478595383704874 0.818115234375 0.001874136910633261 0.00634765625
0 0.21010061156046558 0.817138671875 0.0013809429867824028 0.00439453125
0 0.201716314855001 0.82080078125 0.0039455513908068654 0.01171875
0 0.24876701519037286 0.81591796875 0.0009863878477017164 0.0029296875
0 0.22573485894653778 0.8173828125 0.001874136910633261 0.005859375
0 0.19106332609982246 0.8154296875 0.0009863878477017164 0.001953125
0 0.6167390017754981 0.8154296875 0.0016768593410929177 0.0029296875
0 0.4762773722627737 0.8154296875 0.0012823042020122311 0.0029296875
0 0.4335174590649043 0.815673828125 0.0019727756954034327 0.00341796875
0 0.2374728743341882 0.8154296875 0.0008877490629315447 0.0029296875
0 0.701716314855001 0.814697265625 0.001578220556322746 0.00244140625
0 0.681643322154271 0.814453125 0.0012823042020122311 0.001953125
0 0.6476622608009469 0.815673828125 0.0023673308344841193 0.00439453125
0 0.5837936476622608 0.81591796875 0.002663247188794634 0.0048828125
0 0.4599526533833103 0.820068359375 0.009863878477017163 0.01318359375
0 0.2131584138883409 0.81591796875 0.0011836654172420597 0.0048828125
0 0.5733379364766226 0.817626953125 0.0022686920497139475 0.00927734375
0 0.4736141250739791 0.81591796875 0.004044190175577037 0.005859375
0 0.4653284671532847 0.815673828125 0.002465969619254291 0.00537109375
0 0.23530282106924444 0.817626953125 0.0022686920497139475 0.00927734375
0 0.19703097257841784 0.814697265625 0.0008877490629315447 0.00341796875
0 0.676415466561452 0.817626953125 0.008581574275004932 0.01025390625
0 0.6059873742355494 0.815185546875 0.0038469126060366936 0.00537109375
0 0.5975537581376997 0.814697265625 0.0025646084040244622 0.00439453125
0 0.461481554547248 0.81494140625 0.003255079897415664 0.0048828125
0 0.18455316630499113 0.817138671875 0.003156441112645492 0.00927734375
0 0.5811797198658513 0.8134765625 0.0027618859735648055 0.0029296875
0 0.49886565397514304 0.813232421875 0.0016768593410929177 0.00244140625
0 0.4456993489840205 0.814208984375 0.002663247188794634 0.00439453125
0 0.44214835273229436 0.813232421875 0.002071414480173604 0.00244140625
0 0.3110574077727362 0.81298828125 0.001085026632471888 0.001953125
0 0.723564805681594 0.816162109375 0.011343460248569737 0.00927734375
0 0.5777766817912803 0.817138671875 0.0038469126060366936 0.01123046875
0 0.4530972578417834 0.81396484375 0.002663247188794634 0.0048828125
0 0.18070625369895443 0.814697265625 0.002959163543105149 0.00634765625
0 0.7263760110475439 0.813232421875 0.002959163543105149 0.00439453125
0 0.6566383902150326 0.813232421875 0.0017754981258630894 0.00439453125
0 0.5906983625961728 0.8125 0.001085026632471888 0.0029296875
0 0.5182974945748668 0.812255859375 0.002465969619254291 0.00244140625
0 0.48663444466364175 0.813232421875 0.0036496350364963502 0.00439453125
0 0.4786447030972578 0.812744140625 0.003452357466956007 0.00341796875
0 0.14642927599131977 0.81298828125 0.0022686920497139475 0.00390625
0 0.6444565002959164 0.81201171875 0.0008877490629315447 0.0029296875
0 0.5415269283882422 0.811767578125 0.0013809429867824028 0.00244140625
0 0.48244229631090946 0.8125 0.0009863878477017164 0.00390625
0 0.4572894061945157 0.8125 0.0017754981258630894 0.00390625
0 0.45112448214637996 0.811767578125 0.0012823042020122311 0.00244140625
0 0.41882028013414874 0.811767578125 0.001578220556322746 0.00244140625
0 0.22820082856579207 0.81298828125 0.0022686920497139475 0.0048828125
0 0.713257052673111 0.81103515625 0.0013809429867824028 0.001953125
0 0.6124482146379957 0.814697265625 0.0023673308344841193 0.00927734375
0 0.46705464588676265 0.81103515625 0.0013809429867824028 0.001953125
0 0.4355888735450779 0.8115234375 0.003156441112645492 0.00390625
0 0.42952258828171236 0.81103515625 0.0012823042020122311 0.0029296875
0 0.2876800157822056 0.81103515625 0.001085026632471888 0.0029296875
0 0.7328861708423752 0.81005859375 0.0025646084040244622 0.001953125
0 0.5926218188991912 0.812255859375 0.002959163543105149 0.00634765625
0 0.23801538765042415 0.81005859375 0.0009863878477017164 0.001953125
0 0.20117380153876505 0.81103515625 0.0014795817715525744 0.00390625
0 0.6462813178141645 0.810302734375 0.001578220556322746 0.00341796875
0 0.5039455513908069 0.810791015625 0.002959163543105149 0.00439453125
0 0.4629118169264155 0.81005859375 0.001578220556322746 0.0029296875
0 0.4210889721838627 0.8095703125 0.0017754981258630894 0.001953125
0 0.7075853225488262 0.809326171875 0.0044387453146577235 0.00244140625
0 0.6107220359045177 0.810302734375 0.0014795817715525744 0.00439453125
0 0.5523771947129611 0.810546875 0.0011836654172420597 0.0048828125
0 0.5073485894653778 0.811767578125 0.003255079897415664 0.00732421875
0 0.5002465969619254 0.810546875 0.0028605247583349774 0.0048828125
0 0.47608009469323337 0.80859375 0.0014795817715525744 0.001953125
0 0.4394357861511146 0.808837890625 0.000789110278161373 0.00244140625
0 0.5582462024067864 0.80908203125 0.0028605247583349774 0.00390625
0 0.5220950877885184 0.809814453125 0.0017754981258630894 0.00537109375
0 0.21887946340501085 0.811767578125 0.004734661668968239 0.00927734375
0 0.6280824620240678 0.807861328125 0.0012823042020122311 0.00244140625
0 0.46971789307555734 0.809326171875 0.004931939238508582 0.00537109375
0 0.44382521207338727 0.80908203125 0.002071414480173604 0.0048828125
0 0.7281021897810219 0.807861328125 0.0036496350364963502 0.00341796875
0 0.6764647859538371 0.809326171875 0.004734661668968239 0.00634765625
0 0.6329650818701914 0.80908203125 0.001578220556322746 0.005859375
0 0.5858650621424344 0.807861328125 0.0016768593410929177 0.00341796875
0 0.18963306372065497 0.810302734375 0.006411521010061156 0.00830078125
0 0.6296113631880055 0.806884765625 0.000789110278161373 0.00244140625
0 0.5962221345433024 0.807861328125 0.001085026632471888 0.00439453125
0 0.5610080883803511 0.808349609375 0.002465969619254291 0.00537109375
0 0.5456697573485895 0.81201171875 0.004537384099427895 0.0126953125
0 0.46044584730716115 0.8076171875 0.001578220556322746 0.00390625
0 0.44663641743933713 0.806640625 0.0009863878477017164 0.001953125
0 0.6082067468928782 0.807861328125 0.0025646084040244622 0.00537109375
0 0.5155849279936872 0.80712890625 0.0011836654172420597 0.00390625
0 0.7206056421384889 0.806396484375 0.003255079897415664 0.00341796875
0 0.7153284671532847 0.8056640625 0.0013809429867824028 0.001953125
0 0.5759518642730321 0.806396484375 0.0023673308344841193 0.00341796875
0 0.5173111067271651 0.807373046875 0.0014795817715525744 0.00537109375
0 0.348836062339712 0.806396484375 0.001085026632471888 0.00341796875
0 0.20709212862497534 0.806884765625 0.001085026632471888 0.00439453125
0 0.6358749260209114 0.808349609375 0.0030578023278753207 0.00830078125
0 0.5997238114026435 0.805419921875 0.0009863878477017164 0.00244140625
0 0.23392187808246204 0.805419921875 0.0014795817715525744 0.00244140625
0 0.7173505622410732 0.806396484375 0.002465969619254291 0.00537109375
0 0.6510652988755179 0.8056640625 0.0012823042020122311 0.00390625
0 0.6180213059775104 0.805908203125 0.0036496350364963502 0.00439453125
0 0.580439928980075 0.804931640625 0.0006904714933912014 0.00244140625
0 0.48372460051292165 0.807861328125 0.002959163543105149 0.00830078125
0 0.4788913000591833 0.807373046875 0.003748273821266522 0.00732421875
0 0.21014993095285067 0.806884765625 0.001874136910633261 0.00634765625
0 0.5478891300059183 0.804443359375 0.002071414480173604 0.00244140625
0 0.542513316235944 0.804931640625 0.0013809429867824028 0.00341796875
0 0.5121818899191162 0.8046875 0.0012823042020122311 0.0029296875
0 0.45122312093115013 0.80517578125 0.0016768593410929177 0.00390625
0 0.22903925823633853 0.80517578125 0.0011836654172420597 0.00390625
0 0.22021108699940817 0.80517578125 0.0014795817715525744 0.00390625
0 0.6373545077924639 0.8046875 0.0022686920497139475 0.00390625
0 0.5108995857171039 0.804443359375 0.0008877490629315447 0.00341796875
0 0.4585223910041428 0.8037109375 0.0008877490629315447 0.001953125
0 0.2127638587492602 0.806640625 0.0025646084040244622 0.0078125
0 0.1937265732886171 0.806640625 0.0039455513908068654 0.0078125
0 0.6537778654566976 0.805908203125 0.0027618859735648055 0.00732421875
0 0.6210297889130006 0.803955078125 0.0019727756954034327 0.00341796875
0 0.5306273426711383 0.807373046875 0.006016965870980469 0.01025390625
0 0.7297297297297297 0.80322265625 0.003748273821266522 0.0029296875
0 0.2225290984415072 0.8037109375 0.0009863878477017164 0.00390625
0 0.6429275991319787 0.802734375 0.0013809429867824028 0.0029296875
0 0.34484119155652004 0.802978515625 0.0017754981258630894 0.00341796875
0 0.7261787334780035 0.8017578125 0.002170053264943776 0.001953125
0 0.4409646873150523 0.8046875 0.002465969619254291 0.0078125
0 0.7068455316630499 0.803955078125 0.0072992700729927005 0.00732421875
0 0.6252219372657329 0.80224609375 0.001874136910633261 0.00390625
0 0.6035214046162951 0.802490234375 0.002071414480173604 0.00439453125
0 0.5720063128822253 0.801513671875 0.0023673308344841193 0.00244140625
0 0.18307358453343855 0.8017578125 0.0009863878477017164 0.0029296875
0 0.7108404024462419 0.80078125 0.0012823042020122311 0.001953125
0 0.5830538567764845 0.802001953125 0.001578220556322746 0.00439453125
0 0.48870585914381537 0.80126953125 0.0016768593410929177 0.0029296875
0 0.43144604458473074 0.80126953125 0.000789110278161373 0.0029296875
0 0.3501183665417242 0.80322265625 0.002071414480173604 0.0068359375
0 0.2075360031564411 0.80126953125 0.0011836654172420597 0.0029296875
0 0.2051193529295719 0.803466796875 0.002071414480173604 0.00732421875
0 0.19658709804695207 0.80126953125 0.002170053264943776 0.0029296875
0 0.6120043401065299 0.802734375 0.001874136910633261 0.0068359375
0 0.4473268889327284 0.801513671875 0.0017754981258630894 0.00439453125
0 0.5582955217991714 0.801025390625 0.001578220556322746 0.00439453125
0 0.5518346813967252 0.800048828125 0.0006904714933912014 0.00244140625
0 0.42893075557309135 0.800048828125 0.0008877490629315447 0.00244140625
0 0.20161767607023082 0.803955078125 0.004142828960347208 0.01025390625
0 0.7179423949496943 0.800537109375 0.0044387453146577235 0.00439453125
0 0.6387847701716315 0.7998046875 0.0011836654172420597 0.0029296875
0 0.501676859341093 0.802490234375 0.0033537186821858355 0.00830078125
0 0.45043401065298877 0.7998046875 0.0008877490629315447 0.0029296875
0 0.6332609982245019 0.80126953125 0.0033537186821858355 0.0068359375
0 0.5933122903925824 0.79931640625 0.0009863878477017164 0.0029296875
0 0.6223120931150128 0.800537109375 0.0027618859735648055 0.00634765625
0 0.45541526928388243 0.800537109375 0.001578220556322746 0.00634765625
0 0.5346715328467153 0.799072265625 0.001085026632471888 0.00439453125
0 0.7249950680607615 0.797607421875 0.0017754981258630894 0.00244140625
0 0.6191063326099823 0.798828125 0.003255079897415664 0.0048828125
0 0.5326987571513119 0.79931640625 0.002465969619254291 0.005859375
0 0.6577727362398895 0.797607421875 0.002071414480173604 0.00341796875
0 0.5835963700927205 0.797607421875 0.0022686920497139475 0.00341796875
0 0.5455711185638193 0.7978515625 0.001578220556322746 0.00390625
0 0.42794436772538963 0.796875 0.0008877490629315447 0.001953125
0 0.7334286841586112 0.798095703125 0.0016768593410929177 0.00537109375
0 0.5038469126060366 0.796875 0.001578220556322746 0.0029296875
0 0.6621128427697771 0.796630859375 0.003255079897415664 0.00341796875
0 0.5207141448017361 0.7958984375 0.0027618859735648055 0.0029296875
0 0.4757348589465378 0.7958984375 0.001578220556322746 0.0029296875
0 0.4411126454922075 0.79833984375 0.004931939238508582 0.0078125
0 0.6170349181298086 0.795166015625 0.001874136910633261 0.00244140625
0 0.5734365752613928 0.794921875 0.0012823042020122311 0.001953125
0 0.46261590057210494 0.795166015625 0.000789110278161373 0.00244140625
0 0.7050700335371868 0.796630859375 0.005326494377589268 0.00634765625
0 0.6050503057802328 0.799072265625 0.004340106529887552 0.01123046875
0 0.47247977904912214 0.795654296875 0.0017754981258630894 0.00439453125
0 0.17893075557309135 0.79541015625 0.0009863878477017164 0.00390625
0 0.651163937660288 0.796875 0.0038469126060366936 0.0078125
0 0.6270960741763661 0.796142578125 0.0036496350364963502 0.00634765625
0 0.6133852830933123 0.79541015625 0.0038469126060366936 0.0048828125
0 0.4834286841586112 0.794677734375 0.0011836654172420597 0.00341796875
0 0.13922864470309726 0.79443359375 0.0038469126060366936 0.0029296875
0 0.6645294929966463 0.79443359375 0.0011836654172420597 0.00390625
0 0.6211284276977708 0.7939453125 0.0013809429867824028 0.0029296875
0 0.512033931741961 0.793701171875 0.0027618859735648055 0.00244140625
0 0.4538370487275597 0.794921875 0.001578220556322746 0.0048828125
0 0.7175971592029986 0.79345703125 0.0027618859735648055 0.0029296875
0 0.6079601499309528 0.7939453125 0.002071414480173604 0.00390625
0 0.45743736437167093 0.793701171875 0.001085026632471888 0.00341796875
0 0.4314953639771158 0.793701171875 0.0014795817715525744 0.00341796875
0 0.2110869994081673 0.793212890625 0.0011836654172420597 0.00244140625
0 0.7262280528703886 0.79296875 0.0022686920497139475 0.0029296875
0 0.65515880844348 0.793212890625 0.0023673308344841193 0.00341796875
0 0.5936082067468929 0.793212890625 0.001578220556322746 0.00341796875
0 0.44836259617281515 0.792724609375 0.001874136910633261 0.00244140625
0 0.730469520615506 0.7919921875 0.001085026632471888 0.001953125
0 0.6428782797395937 0.793212890625 0.0014795817715525744 0.00439453125
0 0.6393272834878674 0.793212890625 0.0016768593410929177 0.00439453125
0 0.480469520615506 0.7919921875 0.0009863878477017164 0.001953125
0 0.19269086604853028 0.792236328125 0.0028605247583349774 0.00244140625
0 0.6999901361215229 0.7919921875 0.003255079897415664 0.0029296875
0 0.6726178733478003 0.79248046875 0.0009863878477017164 0.00390625
0 0.6695107516275399 0.791748046875 0.0008877490629315447 0.00244140625
0 0.6409548234365753 0.79150390625 0.0013809429867824028 0.0029296875
0 0.4917143420793056 0.796875 0.004142828960347208 0.013671875
0 0.18544091536792268 0.79443359375 0.003550996251726179 0.0087890625
0 0.6484020516867233 0.79150390625 0.0028605247583349774 0.00390625
0 0.6326198461234958 0.791259765625 0.00424146774511738 0.00341796875
0 0.515535608601302 0.793212890625 0.003255079897415664 0.00732421875
0 0.6236930361017953 0.792236328125 0.002959163543105149 0.00634765625
0 0.5428585519826395 0.790283203125 0.0012823042020122311 0.00244140625
0 0.2030972578417834 0.79052734375 0.0013809429867824028 0.0029296875
0 0.7323436575261393 0.78955078125 0.001085026632471888 0.001953125
0 0.6658611165910436 0.790771484375 0.0012823042020122311 0.00439453125
0 0.5398993884395344 0.789794921875 0.002663247188794634 0.00244140625
0 0.5056224107318997 0.79052734375 0.004340106529887552 0.00390625
0 0.46503255079897415 0.7900390625 0.0008877490629315447 0.0029296875
0 0.46118563819293745 0.789794921875 0.0022686920497139475 0.00244140625
0 0.44594594594594594 0.78955078125 0.0011836654172420597 0.001953125
0 0.18188991911619648 0.7919921875 0.004734661668968239 0.0068359375
0 0.19969421976721247 0.789306640625 0.0008877490629315447 0.00244140625
0 0.579897415663839 0.788818359375 0.0017754981258630894 0.00244140625
0 0.4553659498914973 0.78857421875 0.001085026632471888 0.001953125
0 0.7066975734858947 0.788818359375 0.0008877490629315447 0.00341796875
0 0.477559676464786 0.78857421875 0.0008877490629315447 0.0029296875
0 0.45950877885184455 0.7880859375 0.001085026632471888 0.001953125
0 0.1884000789110278 0.788818359375 0.0027618859735648055 0.00341796875
0 0.4932925626356283 0.787353515625 0.000789110278161373 0.00244140625
0 0.4746005129216808 0.787109375 0.001874136910633261 0.001953125
0 0.6076149141842573 0.787109375 0.003550996251726179 0.0029296875
0 0.5130696389820477 0.78662109375 0.0016768593410929177 0.0029296875
0 0.4570428092325903 0.786865234375 0.0014795817715525744 0.00341796875
0 0.6958966265535609 0.787109375 0.0011836654172420597 0.0048828125
0 0.6788814361807063 0.787841796875 0.002071414480173604 0.00634765625
0 0.6711382915762478 0.78564453125 0.0009863878477017164 0.001953125
0 0.6574275004931939 0.78662109375 0.002170053264943776 0.00390625
0 0.5368415861116591 0.785888671875 0.001085026632471888 0.00341796875
0 0.18440520812783587 0.7861328125 0.0012823042020122311 0.00390625
0 0.7282994673505623 0.786865234375 0.002071414480173604 0.00634765625
0 0.5021700532649438 0.78515625 0.0019727756954034327 0.0029296875
0 0.4914677451173802 0.784912109375 0.0012823042020122311 0.00244140625
0 0.4881140264351943 0.79150390625 0.00424146774511738 0.015625
0 0.5892681002170054 0.7861328125 0.0019727756954034327 0.005859375
0 0.7301736042611955 0.784423828125 0.002071414480173604 0.00341796875
0 0.6275399487078319 0.785888671875 0.0033537186821858355 0.00732421875
0 0.45329453541132375 0.783203125 0.0012823042020122311 0.001953125
0 0.6767607023081476 0.788330078125 0.003550996251726179 0.01318359375
0 0.6594002761885973 0.784423828125 0.0023673308344841193 0.00537109375
0 0.6394752416650227 0.783203125 0.0019727756954034327 0.0029296875
0 0.549467350562241 0.782958984375 0.001085026632471888 0.00244140625
0 0.5142533043992898 0.783447265625 0.001085026632471888 0.00341796875
0 0.6008581574275005 0.782470703125 0.001085026632471888 0.00244140625
0 0.5244624186230026 0.782470703125 0.0027618859735648055 0.00244140625
0 0.1290688498717696 0.783203125 0.002663247188794634 0.00390625
0 0.4900374827382127 0.78173828125 0.001578220556322746 0.001953125
0 0.5035509962517262 0.782470703125 0.0023673308344841193 0.00439453125
0 0.6499309528506608 0.782958984375 0.002959163543105149 0.00634765625
0 0.4372657328861708 0.78173828125 0.001578220556322746 0.00390625
0 0.6632965081870191 0.781982421875 0.0028605247583349774 0.00537109375
0 0.722430459656737 0.7802734375 0.002170053264943776 0.0048828125
0 0.5303314263168277 0.779052734375 0.001874136910633261 0.00244140625
0 0.46429275991319785 0.779052734375 0.000789110278161373 0.00244140625
0 0.5269283882422569 0.778076171875 0.0017754981258630894 0.00244140625
0 0.48337936476622606 0.77783203125 0.001085026632471888 0.001953125
0 0.47677056618662456 0.778076171875 0.0008877490629315447 0.00244140625
0 0.7283981061353324 0.780029296875 0.002663247188794634 0.00732421875
0 0.678782797395936 0.779296875 0.003255079897415664 0.005859375
0 0.551144209903334 0.77734375 0.0008877490629315447 0.001953125
0 0.7253896231998421 0.78125 0.003156441112645492 0.0107421875
0 0.6479088577628723 0.77783203125 0.0012823042020122311 0.00390625
0 0.18055829552179917 0.778564453125 0.002663247188794634 0.00537109375
0 0.616097849674492 0.7763671875 0.0019727756954034327 0.001953125
0 0.3481455908463208 0.776611328125 0.0006904714933912014 0.00244140625
0 0.7090649043203787 0.776611328125 0.0028605247583349774 0.00341796875
0 0.6690668770960742 0.776123046875 0.000789110278161373 0.00244140625
0 0.6360228841980666 0.778564453125 0.0025646084040244622 0.00732421875
0 0.6860327480765437 0.77587890625 0.000789110278161373 0.0029296875
0 0.6530380745709213 0.77734375 0.002663247188794634 0.005859375
0 0.6892385085815743 0.77734375 0.004636022884198066 0.0068359375
0 0.43519431840599726 0.775146484375 0.000789110278161373 0.00244140625
0 0.1717794436772539 0.776123046875 0.001085026632471888 0.00439453125
0 0.630992306174788 0.77587890625 0.001578220556322746 0.0048828125
0 0.6123495758532255 0.775634765625 0.004537384099427895 0.00537109375
0 0.5771355296902743 0.774169921875 0.000789110278161373 0.00244140625
0 0.6438153481949103 0.780029296875 0.0051292168080489245 0.01513671875
0 0.4803215624383508 0.773681640625 0.003255079897415664 0.00244140625
0 0.6040639179325311 0.774169921875 0.0013809429867824028 0.00439453125
0 0.6774511738015387 0.773193359375 0.0011836654172420597 0.00341796875
0 0.5843361609784967 0.77294921875 0.0009863878477017164 0.0029296875
0 0.7028506608798579 0.772705078125 0.0022686920497139475 0.00341796875
0 0.6638883408956402 0.7734375 0.0014795817715525744 0.0048828125
0 0.4499408167291379 0.772216796875 0.0008877490629315447 0.00244140625
0 0.7122213454330243 0.77294921875 0.001874136910633261 0.0048828125
0 0.5438449398303413 0.77099609375 0.0012823042020122311 0.001953125
0 0.17301242848688103 0.77294921875 0.002170053264943776 0.005859375
0 0.7311599921088973 0.7705078125 0.0016768593410929177 0.0029296875
0 0.6573781811008088 0.7724609375 0.0022686920497139475 0.0068359375
0 0.6950088774906293 0.771240234375 0.001578220556322746 0.00537109375
0 0.6738015387650425 0.77001953125 0.0013809429867824028 0.0029296875
0 0.6717301242848688 0.770263671875 0.0011836654172420597 0.00341796875
0 0.6260110475438943 0.76953125 0.0008877490629315447 0.001953125
0 0.7189287827973959 0.76953125 0.001874136910633261 0.0029296875
0 0.7048234365752614 0.770263671875 0.0014795817715525744 0.00439453125
0 0.6476129414085618 0.769775390625 0.0014795817715525744 0.00341796875
0 0.6050009863878477 0.769287109375 0.002071414480173604 0.00244140625
0 0.46537778654566975 0.769287109375 0.0013809429867824028 0.00244140625
0 0.45245610574077727 0.7685546875 0.001578220556322746 0.001953125
0 0.6447524166502269 0.769775390625 0.003452357466956007 0.00537109375
0 0.5366443085421188 0.768310546875 0.0012823042020122311 0.00244140625
0 0.6642828960347209 0.76806640625 0.002663247188794634 0.0029296875
0 0.6538765042414677 0.767578125 0.000789110278161373 0.001953125
0 0.47918721641349377 0.767822265625 0.0019727756954034327 0.00244140625
0 0.45640165713158415 0.767822265625 0.002170053264943776 0.00244140625
0 0.6794732688893272 0.76806640625 0.0022686920497139475 0.00390625
0 0.5053758137699743 0.769287109375 0.002465969619254291 0.00732421875
0 0.690224896429276 0.768798828125 0.0022686920497139475 0.00732421875
0 0.6387847701716315 0.76708984375 0.0013809429867824028 0.00390625
0 0.4139869796804103 0.766845703125 0.0009863878477017164 0.00341796875
0 0.6324718879463405 0.766357421875 0.0011836654172420597 0.00341796875
0 0.7212961136318801 0.76513671875 0.0012823042020122311 0.0029296875
0 0.7008285657920694 0.765380859375 0.0011836654172420597 0.00341796875
0 0.444811599921089 0.764892578125 0.0008877490629315447 0.00341796875
0 0.6982146379956599 0.76611328125 0.002465969619254291 0.0068359375
0 0.5095679621227066 0.763671875 0.0011836654172420597 0.001953125
0 0.7025054251331624 0.763427734375 0.0009863878477017164 0.00244140625
0 0.6873150522785559 0.767822265625 0.004142828960347208 0.01123046875
0 0.672963109094496 0.763671875 0.0012823042020122311 0.0029296875
0 0.617232195699349 0.76318359375 0.0008877490629315447 0.001953125
0 0.42878279739593606 0.763427734375 0.0025646084040244622 0.00341796875
0 0.6284770171631485 0.763916015625 0.001874136910633261 0.00537109375
0 0.6884493983034129 0.762939453125 0.001874136910633261 0.00439453125
0 0.408611165910436 0.7626953125 0.001085026632471888 0.00390625
0 0.6954527520220951 0.761474609375 0.001874136910633261 0.00341796875
0 0.43297494574866835 0.760986328125 0.001085026632471888 0.00244140625
0 0.7181396725192346 0.761962890625 0.003255079897415664 0.00634765625
0 0.46409548234365755 0.759765625 0.0011836654172420597 0.001953125
0 0.4930459656737029 0.760986328125 0.0014795817715525744 0.00537109375
0 0.6854409153679226 0.760498046875 0.0017754981258630894 0.00537109375
0 0.6487472874334188 0.7587890625 0.0019727756954034327 0.001953125
0 0.11072203590451765 0.75927734375 0.002465969619254291 0.0029296875
0 0.7015683566778458 0.759521484375 0.002663247188794634 0.00439453125
0 0.6809035312684948 0.75830078125 0.0009863878477017164 0.0029296875
0 0.4980765436969817 0.757080078125 0.0016768593410929177 0.00244140625
0 0.42611955020714143 0.758056640625 0.0011836654172420597 0.00439453125
0 0.6877589268100217 0.7568359375 0.0012823042020122311 0.0029296875
0 0.6577727362398895 0.7578125 0.0022686920497139475 0.0048828125
0 0.6176760702308147 0.75634765625 0.0017754981258630894 0.001953125
0 0.5019234563030184 0.7568359375 0.0008877490629315447 0.0029296875
0 0.438498717695798 0.757080078125 0.0012823042020122311 0.00439453125
0 0.7071907674097455 0.755126953125 0.0006904714933912014 0.00244140625
0 0.6950088774906293 0.755615234375 0.0013809429867824028 0.00341796875
0 0.6418918918918919 0.7548828125 0.0028605247583349774 0.0029296875
0 0.7279049122114816 0.754638671875 0.0012823042020122311 0.00341796875
0 0.5085815742750049 0.75390625 0.0013809429867824028 0.001953125
0 0.14411126454922074 0.755126953125 0.003748273821266522 0.00439453125
0 0.12117774709015584 0.754150390625 0.001085026632471888 0.00341796875
0 0.5467054645886763 0.752685546875 0.001874136910633261 0.00244140625
0 0.6669461432235155 0.75244140625 0.001085026632471888 0.0029296875
0 0.4840698362596173 0.751953125 0.0008877490629315447 0.001953125
0 0.7249950680607615 0.751953125 0.0009863878477017164 0.0029296875
0 0.6447030972578418 0.751708984375 0.0011836654172420597 0.00244140625
0 0.12467942394949694 0.751953125 0.0009863878477017164 0.0029296875
0 0.15417242059577826 0.7529296875 0.0033537186821858355 0.005859375
0 0.15111461826790293 0.75244140625 0.001578220556322746 0.0048828125
0 0.6926415466561452 0.7509765625 0.000789110278161373 0.0029296875
0 0.14381534819491024 0.751220703125 0.0009863878477017164 0.00341796875
0 0.11940224896429276 0.750732421875 0.0012823042020122311 0.00244140625
0 0.16418425724995067 0.750244140625 0.001085026632471888 0.00244140625
0 0.1487966068258039 0.751708984375 0.0022686920497139475 0.00537109375
0 0.10381732097060564 0.749755859375 0.0012823042020122311 0.00244140625
0 0.7028999802722431 0.75146484375 0.0027618859735648055 0.0068359375
0 0.6960939041231012 0.749267578125 0.0013809429867824028 0.00244140625
0 0.10623397119747485 0.75146484375 0.0027618859735648055 0.0078125
0 0.6947622805287039 0.748046875 0.0008877490629315447 0.001953125
0 0.11323732491615704 0.748779296875 0.0009863878477017164 0.00341796875
0 0.6905701321759716 0.748779296875 0.0017754981258630894 0.00439453125
0 0.14233576642335766 0.74951171875 0.001578220556322746 0.005859375
0 0.6406095876898796 0.747314453125 0.001874136910633261 0.00244140625
0 0.6536792266719273 0.747802734375 0.002959163543105149 0.00439453125
0 0.1446044584730716 0.746337890625 0.0025646084040244622 0.00244140625
0 0.4766226080094693 0.74560546875 0.0009863878477017164 0.001953125
0 0.4530972578417834 0.744873046875 0.001085026632471888 0.00244140625
0 0.7173998816334582 0.744140625 0.002170053264943776 0.0029296875
0 0.6958473071611758 0.743408203125 0.0006904714933912014 0.00244140625
0 0.6857861511146183 0.7451171875 0.0022686920497139475 0.005859375
0 0.14613335963700927 0.742919921875 0.001085026632471888 0.00244140625
0 0.7090649043203787 0.742919921875 0.0022686920497139475 0.00439453125
0 0.13760110475438941 0.740966796875 0.0013809429867824028 0.00341796875
0 0.6380942986782403 0.74072265625 0.0027618859735648055 0.00390625
0 0.11550601696587098 0.74267578125 0.004537384099427895 0.0078125
0 0.6290195304793845 0.73974609375 0.0011836654172420597 0.0029296875
0 0.46513118958374433 0.7392578125 0.001085026632471888 0.001953125
0 0.7311106727165121 0.739013671875 0.0009863878477017164 0.00244140625
0 0.7008285657920694 0.73876953125 0.0013809429867824028 0.0029296875
0 0.6908660485302821 0.738525390625 0.0013809429867824028 0.00341796875
0 0.12255869007693825 0.741455078125 0.0028605247583349774 0.00927734375
0 0.6811501282304202 0.737548828125 0.0008877490629315447 0.00244140625
0 0.1554547247977905 0.7412109375 0.003748273821266522 0.0107421875
0 0.6972282501479582 0.737548828125 0.0014795817715525744 0.00537109375
0 0.49008680213059774 0.736083984375 0.001085026632471888 0.00244140625
0 0.1202899980272243 0.736572265625 0.002465969619254291 0.00341796875
0 0.1525942000394555 0.7353515625 0.002170053264943776 0.001953125
0 0.6892878279739594 0.7353515625 0.001578220556322746 0.0029296875
0 0.1370092720457684 0.7353515625 0.0011836654172420597 0.0029296875
0 0.13927796409548235 0.73681640625 0.0019727756954034327 0.0068359375
0 0.1133359637009272 0.73583984375 0.001578220556322746 0.0048828125
0 0.11091931347405799 0.7353515625 0.0014795817715525744 0.00390625
0 0.4962517261787335 0.73388671875 0.000789110278161373 0.001953125
0 0.12354507792463996 0.733154296875 0.001874136910633261 0.00537109375
0 0.6515091734069837 0.73095703125 0.0009863878477017164 0.0029296875
0 0.6415466561451962 0.731689453125 0.0023673308344841193 0.00537109375
0 0.6927401854409153 0.73046875 0.0009863878477017164 0.00390625
0 0.6867232195699349 0.7314453125 0.0019727756954034327 0.005859375
0 0.14130005918327085 0.7294921875 0.0016768593410929177 0.001953125
0 0.12019135924245414 0.731201171875 0.00483330045373841 0.00537109375
0 0.7114322351548629 0.728759765625 0.0012823042020122311 0.00341796875
0 0.10751627539948708 0.734375 0.005326494377589268 0.015625
0 0.13326099822450188 0.732177734375 0.004537384099427895 0.01513671875
0 0.11530873939633064 0.728515625 0.0025646084040244622 0.009765625
0 0.1359242454132965 0.723876953125 0.0009863878477017164 0.00244140625
0 0.6808048924837246 0.722412109375 0.0013809429867824028 0.00439453125
0 0.11225093706845532 0.725830078125 0.003550996251726179 0.01220703125
0 0.12487670151903729 0.7236328125 0.005721049516669955 0.0087890625
0 0.13355691457881239 0.7177734375 0.0009863878477017164 0.001953125
0 0.11964884592621819 0.721435546875 0.004734661668968239 0.00927734375
0 0.6644308542118761 0.71728515625 0.000789110278161373 0.001953125
0 0.11565397514302624 0.71728515625 0.002071414480173604 0.005859375
0 0.10218978102189781 0.716064453125 0.0011836654172420597 0.00439453125
0 0.6860820674689287 0.712890625 0.0008877490629315447 0.0029296875
0 0.10485302821069245 0.712646484375 0.0027618859735648055 0.00927734375
0 0.10095679621227066 0.70849609375 0.001085026632471888 0.0029296875
0 0.10796014993095285 0.706298828125 0.0012823042020122311 0.00244140625
0 0.10332412704675478 0.703369140625 0.0012823042020122311 0.00341796875
0 0.4109784967449201 0.69775390625 0.001874136910633261 0.00390625
0 0.42927599131978694 0.696044921875 0.0009863878477017164 0.00244140625
0 0.10332412704675478 0.691162109375 0.002663247188794634 0.00341796875
