0 0.6463306372065496 0.999267578125 0.0014795817715525744 0.00146484375
0 0.5720063128822253 0.999267578125 0.002959163543105149 0.00146484375
0 0.5581968830144013 0.998779296875 0.0013809429867824028 0.00244140625
0 0.43272834878674293 0.998779296875 0.0023673308344841193 0.00244140625
0 0.4851055434997041 0.998291015625 0.005523771947129611 0.00341796875
0 0.7237127638587493 0.99560546875 0.006312882225290984 0.0048828125
0 0.7126652199644901 0.99609375 0.004734661668968239 0.005859375
0 0.6553067666206353 0.99462890625 0.005622410731899783 0.0048828125
0 0.6473663444466364 0.992431640625 0.0027618859735648055 0.00244140625
0 0.5273722627737226 0.993896484375 0.0030578023278753207 0.00537109375
0 0.5972578417833893 0.991455078125 0.0017754981258630894 0.00244140625
0 0.5935588873545078 0.990966796875 0.0028605247583349774 0.00244140625
0 0.7214440718090354 0.992431640625 0.007693825212073387 0.00732421875
0 0.6195995265338331 0.989013671875 0.004044190175577037 0.00244140625
0 0.43144604458473074 0.98876953125 0.002170053264943776 0.001953125
0 0.6710396527914776 0.9892578125 0.004931939238508582 0.0048828125
0 0.5023180114420991 0.9912109375 0.012329848096271454 0.0107421875
0 0.625863089366739 0.9873046875 0.006510159794831328 0.0078125
0 0.5372361412507398 0.98388671875 0.003452357466956007 0.0029296875
0 0.6801144209903334 0.98681640625 0.00966660090747682 0.0107421875
0 0.7238607220359046 0.981689453125 0.001874136910633261 0.00341796875
0 0.6707437364371671 0.982421875 0.008285657920694417 0.0048828125
0 0.5718583547050701 0.981689453125 0.002663247188794634 0.00341796875
0 0.694269086604853 0.98193359375 0.0044387453146577235 0.0048828125
0 0.4898895245610574 0.9814453125 0.0044387453146577235 0.00390625
0 0.7145393568751233 0.98388671875 0.00907476819885579 0.009765625
0 0.5751627539948708 0.981689453125 0.004142828960347208 0.00537109375
0 0.7082264746498323 0.982177734375 0.0039455513908068654 0.00732421875
0 0.6798185046360229 0.980712890625 0.004931939238508582 0.00537109375
0 0.5935095679621227 0.978759765625 0.0033537186821858355 0.00341796875
0 0.4596567370289998 0.979736328125 0.007101992503452358 0.00537109375
0 0.6708916946143223 0.978271484375 0.004636022884198066 0.00341796875
0 0.6000690471493392 0.978271484375 0.003255079897415664 0.00341796875
0 0.3759124087591241 0.978515625 0.0019727756954034327 0.00390625
0 0.614963503649635 0.97802734375 0.006806076149141842 0.00390625
0 0.7083744328269875 0.97705078125 0.009173406983625962 0.0048828125
0 0.42266719274018544 0.977783203125 0.007496547642533044 0.00634765625
0 0.34755375813769973 0.975341796875 0.004636022884198066 0.00341796875
0 0.5240185440915368 0.9736328125 0.00424146774511738 0.0029296875
0 0.6558492799368711 0.973876953125 0.003156441112645492 0.00439453125
0 0.6049516669954627 0.977294921875 0.012625764450581969 0.01123046875
0 0.7022095087788518 0.973876953125 0.009469323337936477 0.00537109375
0 0.4343065693430657 0.972412109375 0.0025646084040244622 0.00341796875
0 0.6134839218780824 0.971435546875 0.002465969619254291 0.00341796875
0 0.5293450384691261 0.971923828125 0.005622410731899783 0.00439453125
0 0.6894357861511147 0.978515625 0.013513513513513514 0.0185546875
0 0.6798185046360229 0.971435546875 0.005918327086210298 0.00537109375
0 0.674146774511738 0.971435546875 0.0044387453146577235 0.00537109375
0 0.11486486486486487 0.97119140625 0.002663247188794634 0.005859375
0 0.37901953047938447 0.968994140625 0.002465969619254291 0.00244140625
0 0.36535805878871574 0.969970703125 0.002959163543105149 0.00439453125
0 0.7198165318603275 0.97119140625 0.006214243440520813 0.0087890625
0 0.10204182284474256 0.96630859375 0.001085026632471888 0.001953125
0 0.7021108699940817 0.968017578125 0.005918327086210298 0.00634765625
0 0.689090550404419 0.969482421875 0.012231209311501283 0.01123046875
0 0.43297494574866835 0.965087890625 0.008187019135924246 0.00439453125
0 0.690816729137897 0.96435546875 0.0036496350364963502 0.00390625
0 0.7108404024462419 0.96435546875 0.0066087985796014995 0.0048828125
0 0.3491319786940225 0.96337890625 0.004044190175577037 0.0029296875
0 0.5151903728546064 0.963623046875 0.005918327086210298 0.00634765625
0 0.18859735648056816 0.963623046875 0.008285657920694417 0.00634765625
0 0.39159597553758135 0.961181640625 0.003550996251726179 0.00244140625
0 0.6791280331426317 0.9619140625 0.004537384099427895 0.0048828125
0 0.7072400868021306 0.960693359375 0.006312882225290984 0.00537109375
0 0.716660090747682 0.958984375 0.006214243440520813 0.0048828125
0 0.5398007496547642 0.958984375 0.005622410731899783 0.0048828125
0 0.7249457486683764 0.957763671875 0.006411521010061156 0.00439453125
0 0.6990530676662063 0.958251953125 0.005918327086210298 0.00537109375
0 0.7042316038666404 0.956298828125 0.003452357466956007 0.00439453125
0 0.6205365949891497 0.954345703125 0.0023673308344841193 0.00244140625
0 0.5044880647070428 0.954345703125 0.004636022884198066 0.00341796875
0 0.5947425527717498 0.953369140625 0.00483330045373841 0.00244140625
0 0.5336358256066285 0.953125 0.005918327086210298 0.00390625
0 0.5229335174590649 0.95361328125 0.005622410731899783 0.0048828125
0 0.39445650029591633 0.9521484375 0.0013809429867824028 0.001953125
0 0.10406391793253107 0.95361328125 0.008680213059775104 0.0068359375
0 0.36269481159992106 0.952880859375 0.007693825212073387 0.00732421875
0 0.38296508187019135 0.94970703125 0.0008877490629315447 0.001953125
0 0.7082757940422174 0.951171875 0.006411521010061156 0.005859375
0 0.6234957585322549 0.94970703125 0.004142828960347208 0.00390625
0 0.6333103176168869 0.94921875 0.004636022884198066 0.00390625
0 0.5527224304596567 0.9482421875 0.003255079897415664 0.001953125
0 0.48840994278950484 0.948486328125 0.003255079897415664 0.00244140625
0 0.6984119155652002 0.948486328125 0.005030578023278753 0.00537109375
0 0.5780725981455909 0.946044921875 0.0036496350364963502 0.00244140625
0 0.41083053856776486 0.947021484375 0.005918327086210298 0.00439453125
0 0.40629315446833697 0.9482421875 0.0039455513908068654 0.0068359375
0 0.3757151311895837 0.94580078125 0.0023673308344841193 0.00390625
0 0.3736930361017952 0.945556640625 0.0014795817715525744 0.00341796875
0 0.6009074768198855 0.94873046875 0.0072992700729927005 0.0107421875
0 0.7047247977904912 0.947509765625 0.005819688301440126 0.00927734375
0 0.6428782797395937 0.944580078125 0.004636022884198066 0.00341796875
0 0.7105444860919313 0.94384765625 0.00483330045373841 0.00390625
0 0.3914480173604261 0.943115234375 0.0012823042020122311 0.00244140625
0 0.6617182876306964 0.94580078125 0.016669954626159007 0.01171875
0 0.5453245216018938 0.942138671875 0.010159794831327678 0.00537109375
0 0.3282205563227461 0.940185546875 0.002071414480173604 0.00244140625
0 0.599427895048333 0.939453125 0.002170053264943776 0.0029296875
0 0.42784572894061945 0.941162109375 0.009173406983625962 0.00634765625
0 0.605790096666009 0.940185546875 0.008187019135924246 0.00537109375
0 0.4663148550009864 0.939208984375 0.006806076149141842 0.00341796875
0 0.36417439337147367 0.9404296875 0.004734661668968239 0.005859375
0 0.10485302821069245 0.939208984375 0.004537384099427895 0.00341796875
0 0.6188597356480569 0.942626953125 0.00966660090747682 0.01123046875
0 0.5273722627737226 0.93994140625 0.0066087985796014995 0.005859375
0 0.4142335766423358 0.938232421875 0.0044387453146577235 0.00244140625
0 0.1331623594397317 0.93896484375 0.004734661668968239 0.00390625
0 0.5165219964490038 0.935302734375 0.0036496350364963502 0.00244140625
0 0.17888143618070626 0.936767578125 0.011146182679029394 0.00732421875
0 0.7148352732294339 0.93408203125 0.003748273821266522 0.0029296875
0 0.4273032156243835 0.93408203125 0.006312882225290984 0.00390625
0 0.35958768987966067 0.93359375 0.0022686920497139475 0.0029296875
0 0.40693430656934304 0.933837890625 0.005030578023278753 0.00439453125
0 0.3926316827776682 0.9326171875 0.0006904714933912014 0.001953125
0 0.43410929177352536 0.93310546875 0.006312882225290984 0.00390625
0 0.3731012033931742 0.931884765625 0.001085026632471888 0.00146484375
0 0.6904221739988163 0.93212890625 0.002663247188794634 0.0029296875
0 0.6806076149141843 0.932373046875 0.003550996251726179 0.00439453125
0 0.37877293351745905 0.930908203125 0.007693825212073387 0.00830078125
0 0.581081081081081 0.927001953125 0.0051292168080489245 0.00341796875
0 0.6150621424344052 0.926025390625 0.0036496350364963502 0.00244140625
0 0.4639968435588874 0.92626953125 0.004537384099427895 0.0048828125
0 0.12576445058196883 0.92626953125 0.008088380351154074 0.0048828125
0 0.11841586111659104 0.924560546875 0.002071414480173604 0.00244140625
0 0.5577036890905505 0.9248046875 0.006707437364371671 0.00390625
0 0.12048727559676464 0.924560546875 0.001874136910633261 0.00341796875
0 0.6006608798579601 0.923583984375 0.002465969619254291 0.00244140625
0 0.619550207141448 0.92333984375 0.004340106529887552 0.0029296875
0 0.36619648845926217 0.926513671875 0.007989741566383901 0.00927734375
0 0.09962517261787335 0.9248046875 0.00848293549023476 0.005859375
0 0.4565002959163543 0.9228515625 0.007693825212073387 0.00390625
0 0.3897218386269481 0.92333984375 0.003156441112645492 0.0048828125
0 0.48870585914381537 0.921630859375 0.003452357466956007 0.00244140625
0 0.37670151903728544 0.9228515625 0.004931939238508582 0.0048828125
0 0.6114618267902939 0.921630859375 0.006707437364371671 0.00341796875
0 0.521799171434208 0.92138671875 0.003748273821266522 0.0029296875
0 0.5406391793253107 0.918212890625 0.005326494377589268 0.00341796875
0 0.12665219964490038 0.916259765625 0.0009863878477017164 0.00146484375
0 0.3950483330045374 0.916748046875 0.002170053264943776 0.00439453125
0 0.16354310514894457 0.9169921875 0.009469323337936477 0.0048828125
0 0.566679818504636 0.9169921875 0.007496547642533044 0.005859375
0 0.36772538962319984 0.914306640625 0.0011836654172420597 0.00244140625
0 0.4432826987571513 0.9140625 0.005326494377589268 0.00390625
0 0.34617281515091736 0.91357421875 0.00424146774511738 0.0029296875
0 0.49945748668376405 0.912841796875 0.006411521010061156 0.00341796875
0 0.19540343262971 0.912841796875 0.006312882225290984 0.00439453125
0 0.36387847701716314 0.911865234375 0.003550996251726179 0.00439453125
0 0.542513316235944 0.909912109375 0.005721049516669955 0.00341796875
0 0.42123693036101795 0.908447265625 0.0030578023278753207 0.00341796875
0 0.3567271651213257 0.908203125 0.003255079897415664 0.0029296875
0 0.39139869796804105 0.90673828125 0.0017754981258630894 0.00390625
0 0.1571315841388834 0.906982421875 0.008088380351154074 0.00439453125
0 0.39549220753600317 0.90625 0.00483330045373841 0.0048828125
0 0.37601104754389425 0.90478515625 0.0009863878477017164 0.0029296875
0 0.3881929374630105 0.9052734375 0.002071414480173604 0.0048828125
0 0.4283882422568554 0.9033203125 0.003156441112645492 0.001953125
0 0.11466758729532452 0.903076171875 0.0012823042020122311 0.00244140625
0 0.602288419806668 0.904541015625 0.008088380351154074 0.00634765625
0 0.5718583547050701 0.902099609375 0.00424146774511738 0.00244140625
0 0.5837443282698758 0.901611328125 0.004931939238508582 0.00244140625
0 0.40915367922667195 0.90185546875 0.0039455513908068654 0.00390625
0 0.35056224107318995 0.902099609375 0.005523771947129611 0.00439453125
0 0.3348293549023476 0.901611328125 0.00483330045373841 0.00341796875
0 0.17784572894061945 0.90087890625 0.006510159794831328 0.0078125
0 0.10791083053856776 0.898193359375 0.0011836654172420597 0.00244140625
0 0.39460445847307163 0.896484375 0.00424146774511738 0.00390625
0 0.37349575853225486 0.896240234375 0.001085026632471888 0.00341796875
0 0.3783290589859933 0.900390625 0.0036496350364963502 0.013671875
0 0.39159597553758135 0.893798828125 0.003550996251726179 0.00341796875
0 0.37778654566975733 0.893310546875 0.0013809429867824028 0.00244140625
0 0.4105346222134543 0.89208984375 0.003550996251726179 0.0029296875
0 0.6014006707437365 0.89013671875 0.002959163543105149 0.001953125
0 0.3907082264746498 0.889892578125 0.002959163543105149 0.00244140625
0 0.4015091734069836 0.889892578125 0.005819688301440126 0.00439453125
0 0.37349575853225486 0.887939453125 0.003452357466956007 0.00439453125
0 0.1216709410140067 0.88671875 0.0014795817715525744 0.001953125
0 0.4186723219569935 0.8857421875 0.0028605247583349774 0.0029296875
0 0.391941211284277 0.885498046875 0.005227855592819097 0.00341796875
0 0.3646675872953245 0.888916015625 0.007496547642533044 0.01025390625
0 0.5734858946537779 0.883544921875 0.002170053264943776 0.00244140625
0 0.1630992306174788 0.883544921875 0.002663247188794634 0.00244140625
0 0.39425922272637604 0.88330078125 0.004537384099427895 0.0029296875
0 0.13054843164332217 0.883544921875 0.0077924639968435586 0.00439453125
0 0.12561649240481357 0.882080078125 0.001085026632471888 0.00244140625
0 0.3491812980864076 0.882568359375 0.0023673308344841193 0.00439453125
0 0.36101795225882816 0.8818359375 0.002959163543105149 0.00390625
0 0.4050108502663247 0.879638671875 0.003156441112645492 0.00341796875
0 0.11713355691457882 0.87939453125 0.0022686920497139475 0.0029296875
0 0.37709607417636615 0.879150390625 0.005326494377589268 0.00341796875
0 0.37374235549418033 0.878662109375 0.0011836654172420597 0.00244140625
0 0.3414874728743342 0.87890625 0.006510159794831328 0.0048828125
0 0.16270467547839812 0.876953125 0.002071414480173604 0.0029296875
0 0.15432037877293353 0.876953125 0.004044190175577037 0.0029296875
0 0.41714342079305583 0.876953125 0.005523771947129611 0.0068359375
0 0.41329650818701913 0.875732421875 0.003550996251726179 0.00439453125
0 0.4033339909252318 0.873779296875 0.0039455513908068654 0.00244140625
0 0.3939633063720655 0.87548828125 0.007496547642533044 0.0068359375
0 0.1411521010061156 0.87353515625 0.004142828960347208 0.00390625
0 0.36486486486486486 0.872314453125 0.0023673308344841193 0.00244140625
0 0.14894456500295916 0.871337890625 0.001578220556322746 0.00244140625
0 0.40624383507595185 0.87109375 0.004636022884198066 0.0029296875
0 0.3491319786940225 0.86865234375 0.0028605247583349774 0.001953125
0 0.160929177352535 0.868896484375 0.0044387453146577235 0.00341796875
0 0.3643223515486289 0.867919921875 0.010357072400868021 0.00732421875
0 0.35347208522391005 0.865966796875 0.005819688301440126 0.00341796875
0 0.34434799763266916 0.868408203125 0.006312882225290984 0.00830078125
0 0.13809429867824027 0.86572265625 0.004537384099427895 0.0029296875
0 0.33463207733280725 0.863525390625 0.0028605247583349774 0.00244140625
0 0.3582067468928783 0.86376953125 0.0036496350364963502 0.00390625
0 0.16817912803314264 0.86279296875 0.0009863878477017164 0.001953125
0 0.556322746103768 0.8623046875 0.0025646084040244622 0.0029296875
0 0.3962319984217794 0.8662109375 0.013020319589662656 0.01171875
0 0.4087098046952062 0.862060546875 0.0036496350364963502 0.00439453125
0 0.5756066285263366 0.859619140625 0.0038469126060366936 0.00244140625
0 0.34291773525350167 0.859619140625 0.0008877490629315447 0.00244140625
0 0.3156934306569343 0.85986328125 0.005622410731899783 0.00390625
0 0.40136121522982837 0.858642578125 0.0019727756954034327 0.00341796875
0 0.16521996449003748 0.857666015625 0.0011836654172420597 0.00244140625
0 0.32407772736239887 0.85693359375 0.0038469126060366936 0.001953125
0 0.41669954626159006 0.85693359375 0.0030578023278753207 0.0029296875
0 0.16951075162753995 0.856689453125 0.001085026632471888 0.00244140625
0 0.3669362793450385 0.857666015625 0.0025646084040244622 0.00537109375
0 0.4045176563424739 0.85595703125 0.004142828960347208 0.00390625
0 0.39785953837048726 0.85595703125 0.004636022884198066 0.0048828125
0 0.40969619254290784 0.85498046875 0.005227855592819097 0.00390625
0 0.20837443282698756 0.85546875 0.00976523969224699 0.0048828125
0 0.3306865259420004 0.854736328125 0.008187019135924246 0.00439453125
0 0.3206253698954429 0.853271484375 0.003255079897415664 0.00244140625
0 0.201716314855001 0.853271484375 0.000789110278161373 0.00244140625
0 0.15634247386072203 0.853271484375 0.0027618859735648055 0.00244140625
0 0.15969619254290787 0.853271484375 0.003550996251726179 0.00341796875
0 0.3620043401065299 0.857177734375 0.007891102781613731 0.01220703125
0 0.3889327283487867 0.851806640625 0.0013809429867824028 0.00341796875
0 0.1953541132373249 0.851806640625 0.00424146774511738 0.00341796875
0 0.3284671532846715 0.849609375 0.0013809429867824028 0.001953125
0 0.39208916946143224 0.84912109375 0.003156441112645492 0.001953125
0 0.5843361609784967 0.848388671875 0.005918327086210298 0.00341796875
0 0.4305582955217992 0.845703125 0.0019727756954034327 0.001953125
0 0.39416058394160586 0.845947265625 0.0011836654172420597 0.00244140625
0 0.17690866048530282 0.845947265625 0.002663247188794634 0.00244140625
0 0.3226474649832314 0.845703125 0.0019727756954034327 0.0029296875
0 0.3909548234365753 0.8447265625 0.002663247188794634 0.0029296875
0 0.37985796014993095 0.8447265625 0.0011836654172420597 0.0029296875
0 0.20669757348589465 0.844482421875 0.0044387453146577235 0.00341796875
0 0.1609784967449201 0.843994140625 0.003550996251726179 0.00341796875
0 0.6125468534227658 0.84326171875 0.0039455513908068654 0.0029296875
0 0.4355888735450779 0.84228515625 0.0011836654172420597 0.001953125
0 0.4085125271256658 0.84375 0.006016965870980469 0.0048828125
0 0.38118958374432826 0.844482421875 0.002071414480173604 0.00634765625
0 0.19530479384493982 0.84375 0.0039455513908068654 0.0048828125
0 0.3966758729532452 0.8427734375 0.0030578023278753207 0.00390625
0 0.17271651213257053 0.841064453125 0.001578220556322746 0.00244140625
0 0.4145788123890314 0.841796875 0.0051292168080489245 0.0048828125
0 0.403432629710002 0.841796875 0.007496547642533044 0.0048828125
0 0.20176563424738608 0.840576171875 0.001874136910633261 0.00244140625
0 0.1744920102584336 0.84033203125 0.0017754981258630894 0.001953125
0 0.40900572104951666 0.83984375 0.002663247188794634 0.0029296875
0 0.33438548037088184 0.8388671875 0.001578220556322746 0.001953125
0 0.15910435983428683 0.83984375 0.004734661668968239 0.00390625
0 0.4309035312684948 0.83935546875 0.00424146774511738 0.00390625
0 0.18716709410140067 0.83984375 0.0077924639968435586 0.0068359375
0 0.16665022686920497 0.836669921875 0.0030578023278753207 0.00244140625
0 0.4687315052278556 0.8359375 0.006707437364371671 0.00390625
0 0.31880055237719473 0.835205078125 0.0011836654172420597 0.00244140625
0 0.2514302623791675 0.8359375 0.007693825212073387 0.00390625
0 0.5254488064707042 0.835693359375 0.0019727756954034327 0.00439453125
0 0.40599723811402644 0.835205078125 0.005523771947129611 0.00439453125
0 0.32106924442690865 0.834228515625 0.0019727756954034327 0.00244140625
0 0.5878378378378378 0.83544921875 0.008581574275004932 0.005859375
0 0.6359735648056816 0.833740234375 0.003452357466956007 0.00341796875
0 0.4196093904123101 0.834716796875 0.008680213059775104 0.00537109375
0 0.16073189978299468 0.833251953125 0.001874136910633261 0.00244140625
0 0.3132767804300651 0.832763671875 0.0027618859735648055 0.00244140625
0 0.19382521207338727 0.83203125 0.0009863878477017164 0.001953125
0 0.16383902150325508 0.832275390625 0.0023673308344841193 0.00244140625
0 0.41260603669362794 0.832275390625 0.006312882225290984 0.00537109375
0 0.1592523180114421 0.829833984375 0.004044190175577037 0.00341796875
0 0.5835470507003354 0.829345703125 0.004734661668968239 0.00341796875
0 0.18366541724205956 0.830322265625 0.006510159794831328 0.00537109375
0 0.5411816926415467 0.828125 0.002465969619254291 0.001953125
0 0.40900572104951666 0.828125 0.003255079897415664 0.0029296875
0 0.17616886959952655 0.826904296875 0.0009863878477017164 0.00244140625
0 0.4266127441309923 0.8271484375 0.004537384099427895 0.00390625
0 0.4124087591240876 0.826171875 0.0023673308344841193 0.00390625
0 0.2319491023870586 0.826416015625 0.007003353718682186 0.00439453125
0 0.3111560465575064 0.824951171875 0.0016768593410929177 0.00244140625
0 0.4088084434799763 0.82421875 0.001874136910633261 0.001953125
0 0.19515683566778458 0.82568359375 0.005030578023278753 0.0048828125
0 0.6088478989938844 0.823974609375 0.00483330045373841 0.00244140625
0 0.32960149930952853 0.8232421875 0.0016768593410929177 0.0029296875
0 0.38962319984217797 0.822998046875 0.001578220556322746 0.00341796875
0 0.1759715920299862 0.822021484375 0.003550996251726179 0.00244140625
0 0.5249556125468534 0.82177734375 0.003748273821266522 0.00390625
0 0.18544091536792268 0.822509765625 0.002959163543105149 0.00537109375
0 0.3272341684750444 0.82177734375 0.0028605247583349774 0.005859375
0 0.18198855790096666 0.81982421875 0.003748273821266522 0.0029296875
0 0.30691457881238904 0.8193359375 0.003255079897415664 0.0029296875
0 0.5746202406786348 0.818603515625 0.005030578023278753 0.00341796875
0 0.31204379562043794 0.818115234375 0.002465969619254291 0.00244140625
0 0.3039554152692839 0.81787109375 0.0022686920497139475 0.0029296875
0 0.5870980469520616 0.81689453125 0.0023673308344841193 0.001953125
0 0.23288617084237523 0.81689453125 0.0019727756954034327 0.001953125
0 0.21409548234365752 0.818115234375 0.003452357466956007 0.00439453125
0 0.2103965279147761 0.817138671875 0.0027618859735648055 0.00244140625
0 0.1981159992108897 0.818359375 0.00542513316235944 0.005859375
0 0.17883211678832117 0.81494140625 0.0011836654172420597 0.001953125
0 0.6434701124482146 0.81591796875 0.004636022884198066 0.0048828125
0 0.19347997632669164 0.81494140625 0.0022686920497139475 0.0029296875
0 0.1828763069638982 0.814208984375 0.0009863878477017164 0.00244140625
0 0.203442493588479 0.8134765625 0.003255079897415664 0.0029296875
0 0.19777076346419412 0.813720703125 0.0023673308344841193 0.00341796875
0 0.19979285855198264 0.812255859375 0.0008877490629315447 0.00244140625
0 0.4440224896429276 0.8115234375 0.003452357466956007 0.0029296875
0 0.4403728546064313 0.809326171875 0.0030578023278753207 0.00244140625
0 0.18386269481159992 0.809326171875 0.0009863878477017164 0.00244140625
0 0.20669757348589465 0.807861328125 0.0016768593410929177 0.00244140625
0 0.18968238311304006 0.8076171875 0.0027618859735648055 0.001953125
0 0.6640362990727954 0.808349609375 0.008877490629315447 0.00439453125
0 0.30094693233379366 0.806884765625 0.0033537186821858355 0.00244140625
0 0.674146774511738 0.810791015625 0.014697178930755573 0.01123046875
0 0.6361215229828369 0.80712890625 0.0051292168080489245 0.00390625
0 0.6196488459262182 0.806884765625 0.005721049516669955 0.00439453125
0 0.38128822252909844 0.804931640625 0.0012823042020122311 0.00244140625
0 0.5993785756559479 0.80517578125 0.008384296705464589 0.005859375
0 0.19703097257841784 0.803955078125 0.0016768593410929177 0.00341796875
0 0.433912014203985 0.802734375 0.002959163543105149 0.001953125
0 0.29182284474255277 0.8017578125 0.0006904714933912014 0.001953125
0 0.5743243243243243 0.8017578125 0.0038469126060366936 0.0029296875
0 0.485056224107319 0.8017578125 0.00424146774511738 0.0029296875
0 0.5688498717695798 0.798828125 0.0025646084040244622 0.001953125
0 0.21024856973762082 0.7978515625 0.003255079897415664 0.001953125
0 0.43420793055829554 0.798095703125 0.0061156046557506415 0.00634765625
0 0.24639968435588874 0.793212890625 0.0017754981258630894 0.00244140625
0 0.2075853225488262 0.79296875 0.0022686920497139475 0.001953125
0 0.192542907871375 0.79443359375 0.0072992700729927005 0.0068359375
0 0.5734365752613928 0.7919921875 0.001874136910633261 0.0029296875
0 0.23762083251134347 0.791748046875 0.003156441112645492 0.00244140625
0 0.1870684553166305 0.791015625 0.0030578023278753207 0.0029296875
0 0.6911126454922075 0.79052734375 0.0022686920497139475 0.0029296875
0 0.29088577628723616 0.78955078125 0.0025646084040244622 0.001953125
0 0.2437364371670941 0.78857421875 0.0033537186821858355 0.001953125
0 0.5958768987966069 0.7880859375 0.002170053264943776 0.00390625
0 0.29409153679226674 0.78662109375 0.003452357466956007 0.001953125
0 0.2291378970211087 0.78662109375 0.001578220556322746 0.001953125
0 0.28003550996251725 0.786376953125 0.002170053264943776 0.00244140625
0 0.21098836062339713 0.787841796875 0.0025646084040244622 0.00537109375
0 0.20768396133359637 0.7861328125 0.0016768593410929177 0.001953125
0 0.5672716512132571 0.785888671875 0.0023673308344841193 0.00244140625
0 0.23278753205760505 0.78564453125 0.0025646084040244622 0.001953125
0 0.19037285460643125 0.785888671875 0.0027618859735648055 0.00244140625
0 0.21340501085026634 0.784912109375 0.0028605247583349774 0.00244140625
0 0.2906884987176958 0.7841796875 0.0025646084040244622 0.001953125
0 0.18711777470901558 0.7841796875 0.002959163543105149 0.0029296875
0 0.2993687117774709 0.78564453125 0.006904714933912014 0.0068359375
0 0.23811402643519433 0.782958984375 0.002959163543105149 0.00244140625
0 0.20733872558690078 0.78271484375 0.0013809429867824028 0.001953125
0 0.5871473663444466 0.784912109375 0.006214243440520813 0.00732421875
0 0.5251528901163938 0.781982421875 0.0017754981258630894 0.00244140625
0 0.24654764253304398 0.7822265625 0.002663247188794634 0.0029296875
0 0.3740382718484908 0.7822265625 0.005721049516669955 0.00390625
0 0.29384493983034127 0.78173828125 0.0017754981258630894 0.0029296875
0 0.22376208325113434 0.78125 0.0022686920497139475 0.001953125
0 0.2796409548234366 0.78076171875 0.002170053264943776 0.001953125
0 0.24344052081278358 0.780517578125 0.0027618859735648055 0.00244140625
0 0.2585322548826198 0.77978515625 0.0009863878477017164 0.001953125
0 0.25029591635431053 0.780029296875 0.002465969619254291 0.00244140625
0 0.2374728743341882 0.779052734375 0.0014795817715525744 0.00244140625
0 0.2183369500887749 0.77783203125 0.0016768593410929177 0.001953125
0 0.2117774709015585 0.7802734375 0.004340106529887552 0.0068359375
0 0.3995857171039653 0.777099609375 0.0019727756954034327 0.00244140625
0 0.3004044190175577 0.7763671875 0.003452357466956007 0.0029296875
0 0.24807654369698165 0.776611328125 0.003748273821266522 0.00439453125
0 0.2392483724600513 0.775390625 0.001874136910633261 0.001953125
0 0.3860228841980667 0.77490234375 0.002663247188794634 0.001953125
0 0.25364963503649635 0.775634765625 0.0038469126060366936 0.00439453125
0 0.36713355691457883 0.773193359375 0.003550996251726179 0.00244140625
0 0.24916157032945355 0.77294921875 0.003156441112645492 0.001953125
0 0.5724995068060762 0.772705078125 0.002959163543105149 0.00439453125
0 0.35445847307161177 0.771728515625 0.001874136910633261 0.00244140625
0 0.25951864273032155 0.771484375 0.0011836654172420597 0.001953125
0 0.562093115012823 0.773193359375 0.005227855592819097 0.00732421875
0 0.24082659301637405 0.770751953125 0.002663247188794634 0.00244140625
0 0.24659696192542907 0.7705078125 0.003156441112645492 0.0029296875
0 0.35135135135135137 0.77001953125 0.001578220556322746 0.0029296875
0 0.22834878674294734 0.769287109375 0.003156441112645492 0.00244140625
0 0.5318603274807654 0.768310546875 0.0019727756954034327 0.00244140625
0 0.3686131386861314 0.767333984375 0.002170053264943776 0.00146484375
0 0.2791477608995857 0.767578125 0.003748273821266522 0.0029296875
0 0.2295324521601894 0.765869140625 0.003156441112645492 0.00244140625
0 0.2904419017557704 0.764892578125 0.0028605247583349774 0.00244140625
0 0.5805878871572302 0.76416015625 0.0025646084040244622 0.001953125
0 0.5556322746103768 0.76416015625 0.0019727756954034327 0.001953125
0 0.28284671532846717 0.76513671875 0.003255079897415664 0.00390625
0 0.24536397711580193 0.764404296875 0.0044387453146577235 0.00244140625
0 0.5246103768001579 0.764892578125 0.0036496350364963502 0.00439453125
0 0.10021700532649437 0.763671875 0.0013809429867824028 0.001953125
0 0.37196685736831725 0.764892578125 0.0039455513908068654 0.00537109375
0 0.09055040441901756 0.7626953125 0.0013809429867824028 0.001953125
0 0.5659893470112448 0.76220703125 0.0011836654172420597 0.001953125
0 0.37566581179719866 0.763427734375 0.003255079897415664 0.00439453125
0 0.3541132373249162 0.764404296875 0.006312882225290984 0.00634765625
0 0.38395146971789307 0.763427734375 0.00483330045373841 0.00537109375
0 0.2520714144801736 0.76171875 0.0022686920497139475 0.001953125
0 0.10524758334977313 0.76171875 0.002959163543105149 0.0029296875
0 0.37961136318800554 0.76220703125 0.002071414480173604 0.0048828125
0 0.2904419017557704 0.760498046875 0.0012823042020122311 0.00244140625
0 0.4391398697968041 0.76025390625 0.003156441112645492 0.00390625
0 0.25956796212270666 0.759521484375 0.0014795817715525744 0.00244140625
0 0.22711580193332018 0.760498046875 0.009173406983625962 0.00634765625
0 0.12571513118958375 0.758056640625 0.002465969619254291 0.00244140625
0 0.5310712172026041 0.758056640625 0.0051292168080489245 0.00537109375
0 0.25542513316235943 0.75634765625 0.001874136910633261 0.001953125
0 0.2462024067863484 0.75830078125 0.005523771947129611 0.005859375
0 0.5408857762872361 0.756103515625 0.00424146774511738 0.00244140625
0 0.25991319786940226 0.755859375 0.0013809429867824028 0.001953125
0 0.5915367922667193 0.755615234375 0.002170053264943776 0.00244140625
0 0.3821266521996449 0.75537109375 0.002170053264943776 0.001953125
0 0.37472874334188205 0.75537109375 0.0025646084040244622 0.001953125
0 0.26514105346222133 0.75537109375 0.002170053264943776 0.001953125
0 0.5657427500493194 0.755126953125 0.00424146774511738 0.00244140625
0 0.44461432235154863 0.757080078125 0.005819688301440126 0.00732421875
0 0.3988952456105741 0.75439453125 0.002170053264943776 0.001953125
0 0.10066087985796016 0.75439453125 0.001874136910633261 0.001953125
0 0.10490234760307753 0.75390625 0.0022686920497139475 0.001953125
0 0.5239199053067666 0.755126953125 0.0036496350364963502 0.00537109375
0 0.289110278161373 0.75439453125 0.002170053264943776 0.00390625
0 0.25231801144209903 0.75146484375 0.001578220556322746 0.001953125
0 0.12921680804892482 0.752197265625 0.0025646084040244622 0.00341796875
0 0.5623890313671336 0.751708984375 0.0022686920497139475 0.00341796875
0 0.28955415269283885 0.75048828125 0.001085026632471888 0.0029296875
0 0.5214539356875123 0.748779296875 0.0016768593410929177 0.00244140625
0 0.5670250542513317 0.75 0.00483330045373841 0.005859375
0 0.2972972972972973 0.748291015625 0.0017754981258630894 0.00244140625
0 0.2709607417636615 0.74755859375 0.0013809429867824028 0.001953125
0 0.2850167685934109 0.7470703125 0.001874136910633261 0.001953125
0 0.5895640165713159 0.74755859375 0.002959163543105149 0.00390625
0 0.3528309331229039 0.74609375 0.001578220556322746 0.001953125
0 0.5353126849477214 0.745849609375 0.0013809429867824028 0.00244140625
0 0.3055336358256066 0.747314453125 0.0038469126060366936 0.00537109375
0 0.5818701913592425 0.746337890625 0.008680213059775104 0.00439453125
0 0.5430065101597948 0.745849609375 0.0025646084040244622 0.00341796875
0 0.5205168672321957 0.744873046875 0.0017754981258630894 0.00244140625
0 0.4468830144012626 0.74560546875 0.003452357466956007 0.00390625
0 0.4131485500098639 0.74462890625 0.0030578023278753207 0.001953125
0 0.29251331623594395 0.746337890625 0.0028605247583349774 0.00537109375
0 0.1334582757940422 0.74462890625 0.0013809429867824028 0.001953125
0 0.5928190964687315 0.745849609375 0.0017754981258630894 0.00537109375
0 0.25532649437758925 0.744384765625 0.002663247188794634 0.00244140625
0 0.2589761294140856 0.743896484375 0.002663247188794634 0.00244140625
0 0.11535805878871572 0.744140625 0.001874136910633261 0.0029296875
0 0.3922371276385875 0.746826171875 0.005622410731899783 0.00927734375
0 0.2876306963898205 0.745849609375 0.003156441112645492 0.00732421875
0 0.24871769579798778 0.743408203125 0.0022686920497139475 0.00341796875
0 0.24501874136910634 0.743896484375 0.003550996251726179 0.00439453125
0 0.5613533241270467 0.743408203125 0.004931939238508582 0.00439453125
0 0.3549516669954626 0.7421875 0.001874136910633261 0.001953125
0 0.3497238114026435 0.742431640625 0.0008877490629315447 0.00244140625
0 0.11742947326888933 0.7421875 0.0006904714933912014 0.001953125
0 0.5750147958177155 0.742919921875 0.0036496350364963502 0.00439453125
0 0.5570625369895443 0.74365234375 0.0036496350364963502 0.005859375
0 0.27377194712961134 0.741943359375 0.0028605247583349774 0.00244140625
0 0.5817715525744723 0.740966796875 0.0025646084040244622 0.00146484375
0 0.5289998027224304 0.7421875 0.003156441112645492 0.00390625
0 0.11979680410337344 0.7431640625 0.003255079897415664 0.0068359375
0 0.3439534424935885 0.740478515625 0.0011836654172420597 0.00341796875
0 0.5393568751232984 0.739501953125 0.0017754981258630894 0.00244140625
0 0.5245117380153876 0.74169921875 0.006411521010061156 0.0068359375
0 0.1564411126454922 0.741455078125 0.003550996251726179 0.00634765625
0 0.4179325310712172 0.739013671875 0.004537384099427895 0.00244140625
0 0.5652988755178536 0.738525390625 0.001578220556322746 0.00244140625
0 0.1498816334582758 0.73974609375 0.0014795817715525744 0.0048828125
0 0.44762280528703885 0.739501953125 0.0039455513908068654 0.00537109375
0 0.28210692444269087 0.73779296875 0.0023673308344841193 0.001953125
0 0.2621325705267311 0.737060546875 0.0012823042020122311 0.00146484375
0 0.5595778260011837 0.737060546875 0.0033537186821858355 0.00341796875
0 0.3900177549812586 0.737548828125 0.003156441112645492 0.00439453125
0 0.24728743341882028 0.73828125 0.005523771947129611 0.005859375
0 0.5950384691260604 0.7373046875 0.0022686920497139475 0.0048828125
0 0.5693923850858157 0.7392578125 0.006806076149141842 0.0087890625
0 0.4200039455513908 0.73583984375 0.0009863878477017164 0.001953125
0 0.09341092917735254 0.736572265625 0.0017754981258630894 0.00341796875
0 0.4599526533833103 0.73486328125 0.0013809429867824028 0.001953125
0 0.15308739396330637 0.734619140625 0.0009863878477017164 0.00244140625
0 0.5739790885776287 0.734619140625 0.005918327086210298 0.00341796875
0 0.5907970013809429 0.7353515625 0.0030578023278753207 0.005859375
0 0.5523771947129611 0.73291015625 0.0017754981258630894 0.001953125
0 0.1078121917537976 0.73486328125 0.0027618859735648055 0.005859375
0 0.42340698362596174 0.73291015625 0.0030578023278753207 0.0029296875
0 0.33532254882619844 0.73583984375 0.006411521010061156 0.0087890625
0 0.11086999408167292 0.733154296875 0.0017754981258630894 0.00341796875
0 0.3261984612349576 0.732177734375 0.0025646084040244622 0.00244140625
0 0.10006904714933912 0.732177734375 0.0016768593410929177 0.00244140625
0 0.3219569934898402 0.732421875 0.0017754981258630894 0.00390625
0 0.23663444466364175 0.734619140625 0.0072992700729927005 0.00830078125
0 0.5939534424935885 0.73095703125 0.0012823042020122311 0.001953125
0 0.5697376208325113 0.733154296875 0.006904714933912014 0.00634765625
0 0.5502071414480174 0.731201171875 0.0019727756954034327 0.00244140625
0 0.543105148944565 0.731689453125 0.003550996251726179 0.00341796875
0 0.34370684553166303 0.731689453125 0.0012823042020122311 0.00341796875
0 0.10593805484316433 0.731201171875 0.000789110278161373 0.00244140625
0 0.10381732097060564 0.731201171875 0.0022686920497139475 0.00244140625
0 0.5577036890905505 0.732421875 0.0061156046557506415 0.005859375
0 0.16773525350167687 0.73291015625 0.002663247188794634 0.0068359375
0 0.14435786151114618 0.73095703125 0.001874136910633261 0.0048828125
0 0.5324028407970014 0.7294921875 0.002465969619254291 0.0029296875
0 0.44451568356677845 0.729248046875 0.0008877490629315447 0.00244140625
0 0.2737226277372263 0.731201171875 0.004537384099427895 0.00732421875
0 0.13922864470309726 0.728515625 0.0008877490629315447 0.001953125
0 0.5272243045965673 0.728759765625 0.003156441112645492 0.00341796875
0 0.27046754783981064 0.729248046875 0.003748273821266522 0.00439453125
0 0.43623002564608404 0.727783203125 0.001085026632471888 0.00244140625
0 0.4278950483330045 0.7275390625 0.0023673308344841193 0.001953125
0 0.2785066087985796 0.7275390625 0.001874136910633261 0.001953125
0 0.28393174196093907 0.728271484375 0.0030578023278753207 0.00439453125
0 0.1540737818110081 0.726806640625 0.000789110278161373 0.00244140625
0 0.34651805089761295 0.7255859375 0.000789110278161373 0.001953125
0 0.3261491418425725 0.7265625 0.003452357466956007 0.00390625
0 0.25616492404813573 0.7255859375 0.002170053264943776 0.001953125
0 0.238508581574275 0.7265625 0.0027618859735648055 0.00390625
0 0.5461629512724403 0.7255859375 0.003550996251726179 0.0029296875
0 0.26228052870388635 0.727294921875 0.004734661668968239 0.00732421875
0 0.1637403827184849 0.7255859375 0.002959163543105149 0.00390625
0 0.15935095679621228 0.725830078125 0.002071414480173604 0.00537109375
0 0.1554054054054054 0.72412109375 0.0008877490629315447 0.001953125
0 0.42409745511935293 0.727294921875 0.00483330045373841 0.00927734375
0 0.279887551785362 0.724853515625 0.003255079897415664 0.00439453125
0 0.4397810218978102 0.72509765625 0.003255079897415664 0.005859375
0 0.332757940422174 0.7236328125 0.002071414480173604 0.0029296875
0 0.4332708621029789 0.72314453125 0.0038469126060366936 0.0029296875
0 0.24921088972183864 0.724365234375 0.005622410731899783 0.00537109375
0 0.5592819096468732 0.72216796875 0.0019727756954034327 0.001953125
0 0.16640362990727955 0.72412109375 0.0019727756954034327 0.005859375
0 0.30104557111856384 0.722412109375 0.004142828960347208 0.00341796875
0 0.25848293549023477 0.720703125 0.0022686920497139475 0.001953125
0 0.25330439928980075 0.721435546875 0.0017754981258630894 0.00439453125
0 0.5411816926415467 0.72119140625 0.007003353718682186 0.0048828125
0 0.32595186427303213 0.7197265625 0.003452357466956007 0.0029296875
0 0.2837344643913987 0.7197265625 0.001874136910633261 0.0029296875
0 0.5303314263168277 0.719970703125 0.003255079897415664 0.00439453125
0 0.5222923653580588 0.719482421875 0.004340106529887552 0.00341796875
0 0.5812290392582363 0.71826171875 0.0008877490629315447 0.001953125
0 0.5583448411915565 0.71875 0.003452357466956007 0.0029296875
0 0.14371670941014006 0.7177734375 0.0011836654172420597 0.00390625
0 0.6021404616295127 0.716552734375 0.002663247188794634 0.00244140625
0 0.24930952850660879 0.716552734375 0.002465969619254291 0.00244140625
0 0.5853225488261985 0.71728515625 0.0025646084040244622 0.0048828125
0 0.5410830538567765 0.71533203125 0.0014795817715525744 0.001953125
0 0.43692049713947523 0.717529296875 0.0030578023278753207 0.00634765625
0 0.3469619254290787 0.715576171875 0.0008877490629315447 0.00244140625
0 0.5967153284671532 0.71533203125 0.002071414480173604 0.0029296875
0 0.3301440126257644 0.716064453125 0.002170053264943776 0.00537109375
0 0.15653975143026239 0.712890625 0.002170053264943776 0.001953125
0 0.572400868021306 0.7158203125 0.004340106529887552 0.0087890625
0 0.16413493785756558 0.714111328125 0.002959163543105149 0.00537109375
0 0.1512625764450582 0.712158203125 0.001085026632471888 0.00146484375
0 0.5675675675675675 0.7119140625 0.0013809429867824028 0.001953125
0 0.5381732097060564 0.712158203125 0.001578220556322746 0.00244140625
0 0.3049418031169856 0.712890625 0.005819688301440126 0.00390625
0 0.3009962517261787 0.713134765625 0.0012823042020122311 0.00439453125
0 0.15979483132767805 0.71240234375 0.0023673308344841193 0.0029296875
0 0.5341783389228645 0.711669921875 0.002071414480173604 0.00244140625
0 0.44308542118761096 0.712158203125 0.002959163543105149 0.00341796875
0 0.3342375221937266 0.71142578125 0.0014795817715525744 0.0029296875
0 0.31761688695995266 0.711669921875 0.004734661668968239 0.00439453125
0 0.12073387255869007 0.7109375 0.0009863878477017164 0.0029296875
0 0.24329256263562832 0.71044921875 0.001874136910633261 0.00390625
0 0.5900572104951667 0.709228515625 0.0011836654172420597 0.00244140625
0 0.1636910633260998 0.708984375 0.0016768593410929177 0.001953125
0 0.5936575261392779 0.71044921875 0.002071414480173604 0.005859375
0 0.16951075162753995 0.70849609375 0.0014795817715525744 0.001953125
0 0.2736733083448412 0.709716796875 0.004636022884198066 0.00537109375
0 0.5581475636220162 0.71044921875 0.00542513316235944 0.0078125
0 0.17888143618070626 0.708740234375 0.0022686920497139475 0.00439453125
0 0.5859637009272046 0.70947265625 0.003452357466956007 0.0068359375
0 0.25424146774511736 0.70751953125 0.0016768593410929177 0.0029296875
0 0.29369698165318603 0.70751953125 0.00424146774511738 0.00390625
0 0.28846912606036695 0.70751953125 0.0030578023278753207 0.00390625
0 0.2469421976721247 0.708984375 0.00483330045373841 0.0068359375
0 0.3008482935490235 0.70556640625 0.0013809429867824028 0.001953125
0 0.28353718682185836 0.70556640625 0.001085026632471888 0.001953125
0 0.5733872558690077 0.70703125 0.004142828960347208 0.005859375
0 0.5380252515289011 0.70556640625 0.001874136910633261 0.0029296875
0 0.5824127046754783 0.704345703125 0.0014795817715525744 0.00244140625
0 0.2585322548826198 0.703857421875 0.0017754981258630894 0.00341796875
0 0.32141448017360424 0.702880859375 0.0008877490629315447 0.00244140625
0 0.2725882817123693 0.702880859375 0.003255079897415664 0.00244140625
0 0.17547839810613533 0.703369140625 0.0039455513908068654 0.00341796875
0 0.1690175577036891 0.70263671875 0.0008877490629315447 0.001953125
0 0.2420102584336161 0.703369140625 0.002663247188794634 0.00439453125
0 0.5806372065496153 0.70166015625 0.0016768593410929177 0.001953125
0 0.27826001183665416 0.702392578125 0.003156441112645492 0.00341796875
0 0.2613927796409548 0.701904296875 0.0013809429867824028 0.00244140625
0 0.2013217597159203 0.701904296875 0.0009863878477017164 0.00244140625
0 0.17182876306963898 0.701904296875 0.0011836654172420597 0.00244140625
0 0.5920299861905701 0.701904296875 0.001578220556322746 0.00341796875
0 0.3105148944565003 0.701904296875 0.002170053264943776 0.00341796875
0 0.5859637009272046 0.701904296875 0.005030578023278753 0.00537109375
0 0.5954823436575262 0.699462890625 0.0017754981258630894 0.00244140625
0 0.1623594397317025 0.7001953125 0.001578220556322746 0.00390625
0 0.5579502860524759 0.7001953125 0.004044190175577037 0.0048828125
0 0.2945354113237325 0.7001953125 0.004734661668968239 0.005859375
0 0.2726869204971395 0.698974609375 0.0016768593410929177 0.00341796875
0 0.26696587098046953 0.698974609375 0.0016768593410929177 0.00439453125
0 0.26479581771552574 0.699462890625 0.002465969619254291 0.00537109375
0 0.1745413296508187 0.69873046875 0.0022686920497139475 0.00390625
0 0.5897119747484711 0.69775390625 0.0012823042020122311 0.0029296875
0 0.24487078319195107 0.700439453125 0.0030578023278753207 0.00830078125
0 0.5732392976918524 0.698974609375 0.001874136910633261 0.00634765625
0 0.2489149733675281 0.701171875 0.004636022884198066 0.01171875
0 0.3150029591635431 0.699951171875 0.0077924639968435586 0.01025390625
0 0.16808048924837246 0.6962890625 0.0013809429867824028 0.0029296875
0 0.45359045176563423 0.69580078125 0.0012823042020122311 0.0029296875
0 0.31100808838035116 0.69580078125 0.002959163543105149 0.0029296875
0 0.25986387847701714 0.69677734375 0.0028605247583349774 0.0048828125
0 0.17651410534622214 0.697021484375 0.0016768593410929177 0.00537109375
0 0.16990530676662063 0.6953125 0.001085026632471888 0.001953125
0 0.5854705070033537 0.696044921875 0.0038469126060366936 0.00439453125
0 0.6204379562043796 0.69580078125 0.007693825212073387 0.005859375
0 0.3026731110672716 0.696533203125 0.002465969619254291 0.00732421875
0 0.5592819096468732 0.693603515625 0.0025646084040244622 0.00244140625
0 0.29261195502071413 0.694580078125 0.0030578023278753207 0.00537109375
0 0.3001085026632472 0.695068359375 0.0022686920497139475 0.00732421875
0 0.28181100808838033 0.69287109375 0.0009863878477017164 0.0029296875
0 0.6152101006115605 0.692138671875 0.003550996251726179 0.00341796875
0 0.27174985204182284 0.695556640625 0.0061156046557506415 0.01025390625
0 0.17054645886762676 0.691162109375 0.0009863878477017164 0.00341796875
0 0.16679818504636024 0.6904296875 0.0017754981258630894 0.001953125
0 0.5558295521799171 0.68994140625 0.0019727756954034327 0.001953125
0 0.29058985993292563 0.688720703125 0.0017754981258630894 0.00439453125
0 0.4553659498914973 0.687744140625 0.001874136910633261 0.00341796875
0 0.24191161964884592 0.687255859375 0.0022686920497139475 0.00732421875
0 0.28008482935490236 0.684814453125 0.0030578023278753207 0.00341796875
0 0.2565101597948313 0.6884765625 0.009962517261787335 0.0107421875
0 0.20102584336160978 0.683349609375 0.001578220556322746 0.00244140625
0 0.17084237522193726 0.68359375 0.0019727756954034327 0.00390625
0 0.2815644111264549 0.68212890625 0.0006904714933912014 0.001953125
0 0.16423357664233576 0.682373046875 0.000789110278161373 0.00244140625
0 0.5404419017557703 0.6806640625 0.0017754981258630894 0.00390625
0 0.2920694417044782 0.681640625 0.004537384099427895 0.0087890625
0 0.16916551588084436 0.67724609375 0.0019727756954034327 0.0029296875
0 0.17133556914578812 0.67578125 0.0011836654172420597 0.0029296875
0 0.48303412901953047 0.674072265625 0.0009863878477017164 0.00341796875
0 0.2694318405997238 0.67578125 0.0030578023278753207 0.0068359375
0 0.1895344249358848 0.673583984375 0.0008877490629315447 0.00341796875
0 0.27944367725389624 0.6767578125 0.007891102781613731 0.01171875
0 0.21473663444466365 0.6728515625 0.0025646084040244622 0.00390625
0 0.29226671927401854 0.671875 0.0027618859735648055 0.0029296875
0 0.19727756954034326 0.671875 0.0013809429867824028 0.0029296875
0 0.13375419214835274 0.671142578125 0.0011836654172420597 0.00244140625
0 0.13809429867824027 0.671875 0.006510159794831328 0.0048828125
0 0.14998027224304597 0.670166015625 0.0030578023278753207 0.00244140625
0 0.2625764450581969 0.66650390625 0.005523771947129611 0.0029296875
0 0.2874334188202801 0.66552734375 0.001578220556322746 0.0029296875
0 0.4664134937857566 0.667236328125 0.0030578023278753207 0.00732421875
0 0.2737226277372263 0.665771484375 0.0061156046557506415 0.00439453125
0 0.45220950877885185 0.66455078125 0.0022686920497139475 0.00390625
0 0.13789702110869995 0.662841796875 0.0013809429867824028 0.00244140625
0 0.46394752416650226 0.661865234375 0.00424146774511738 0.00830078125
0 0.16886959952653383 0.658447265625 0.001578220556322746 0.00244140625
0 0.5897612941408562 0.658203125 0.0013809429867824028 0.0029296875
0 0.20329453541132372 0.6591796875 0.0061156046557506415 0.005859375
0 0.170694417044782 0.657470703125 0.001874136910633261 0.00244140625
0 0.22854606431248767 0.658203125 0.001578220556322746 0.0048828125
0 0.1759715920299862 0.656982421875 0.004142828960347208 0.00244140625
0 0.17986782402840798 0.65625 0.0008877490629315447 0.001953125
0 0.09987176957979878 0.651123046875 0.0008877490629315447 0.00341796875
0 0.23249161570329455 0.65087890625 0.002959163543105149 0.00390625
0 0.5978496744920102 0.649658203125 0.010455711185638194 0.00537109375
