0 0.23318208719668573 0.681640625 0.004734661668968239 0.0068359375
0 0.2280528703886368 0.681640625 0.004340106529887552 0.0068359375
0 0.5171138291576248 0.674560546875 0.005227855592819097 0.00830078125
0 0.11811994476228053 0.678955078125 0.015683566778457288 0.01806640625
0 0.10006904714933912 0.671142578125 0.001874136910633261 0.00537109375
0 0.0963207733280726 0.6708984375 0.0030578023278753207 0.005859375
0 0.5161767607023081 0.662109375 0.004537384099427895 0.0078125
0 0.28639771158019334 0.659912109375 0.0028605247583349774 0.00341796875
0 0.14342079305582955 0.656494140625 0.0011836654172420597 0.00244140625
0 0.27899980272243047 0.658203125 0.011343460248569737 0.0068359375
0 0.25572104951666996 0.657958984375 0.0066087985796014995 0.00634765625
0 0.15190372854606432 0.656005859375 0.004340106529887552 0.00244140625
0 0.11969816531860328 0.656005859375 0.0014795817715525744 0.00341796875
0 0.1036200434010653 0.65576171875 0.001085026632471888 0.0029296875
0 0.10238705859143815 0.655517578125 0.0009863878477017164 0.00244140625
0 0.1001676859341093 0.655517578125 0.002465969619254291 0.00244140625
0 0.09617281515091734 0.6552734375 0.000789110278161373 0.001953125
0 0.24260209114223713 0.65673828125 0.01213257052673111 0.0068359375
0 0.22889130005918326 0.65625 0.0022686920497139475 0.005859375
0 0.22691852436377985 0.65576171875 0.0022686920497139475 0.005859375
0 0.4018544091536792 0.65380859375 0.0009863878477017164 0.0029296875
0 0.4171927401854409 0.6533203125 0.001085026632471888 0.0029296875
0 0.5274215821661077 0.6494140625 0.000789110278161373 0.0029296875
0 0.17542907871375024 0.649658203125 0.0014795817715525744 0.00537109375
0 0.09992108897218387 0.64892578125 0.0027618859735648055 0.00390625
0 0.15718090353126848 0.649658203125 0.007003353718682186 0.00830078125
0 0.1512625764450582 0.6494140625 0.004044190175577037 0.0078125
