0 0.254586703491813 0.99853515625 0.0011836654172420597 0.0029296875
0 0.11895837443282699 0.99853515625 0.0033537186821858355 0.0029296875
0 0.2963109094495956 0.998291015625 0.0011836654172420597 0.00341796875
0 0.17182876306963898 0.998291015625 0.0019727756954034327 0.00341796875
0 0.24107318997829946 0.998046875 0.003748273821266522 0.00390625
0 0.2739692246991517 0.997802734375 0.001085026632471888 0.00439453125
0 0.2680015782205563 0.99658203125 0.0009863878477017164 0.001953125
0 0.2909350956796212 0.99755859375 0.0038469126060366936 0.0048828125
0 0.38612152298283686 0.995849609375 0.001874136910633261 0.00341796875
0 0.3055336358256066 0.9970703125 0.0028605247583349774 0.005859375
0 0.248273821266522 0.9970703125 0.002170053264943776 0.005859375
0 0.33127835865062144 0.99658203125 0.0038469126060366936 0.0068359375
0 0.10426119550207141 0.99560546875 0.001578220556322746 0.0048828125
0 0.27885184454527523 0.9951171875 0.0019727756954034327 0.0048828125
0 0.21365160781219175 0.994140625 0.0011836654172420597 0.0029296875
0 0.09415072006312883 0.996337890625 0.006806076149141842 0.00732421875
0 0.2503945551390807 0.993896484375 0.0008877490629315447 0.00341796875
0 0.60056224107319 0.992919921875 0.0008877490629315447 0.00244140625
0 0.20610574077727362 0.994873046875 0.004044190175577037 0.00634765625
0 0.18479976326691655 0.9951171875 0.002663247188794634 0.0068359375
0 0.38405010850266325 0.992919921875 0.002071414480173604 0.00341796875
0 0.321266521996449 0.993896484375 0.0013809429867824028 0.00537109375
0 0.31914578812389033 0.994384765625 0.002465969619254291 0.00634765625
0 0.16546656145196292 0.99365234375 0.0030578023278753207 0.005859375
0 0.4462418623002565 0.99169921875 0.0009863878477017164 0.0029296875
0 0.2715525744722825 0.99169921875 0.001578220556322746 0.0029296875
0 0.2516768593410929 0.994873046875 0.004044190175577037 0.01025390625
0 0.16946143223515486 0.993408203125 0.003550996251726179 0.00830078125
0 0.0949398303412902 0.99169921875 0.004044190175577037 0.0048828125
0 0.19288814361807063 0.98974609375 0.001085026632471888 0.001953125
0 0.24649832314065892 0.989990234375 0.0025646084040244622 0.00341796875
0 0.24038271848490828 0.991455078125 0.003156441112645492 0.00634765625
0 0.2044782008285658 0.99072265625 0.002959163543105149 0.0048828125
0 0.21054448609193135 0.9892578125 0.0016768593410929177 0.0029296875
0 0.1967843756164924 0.989013671875 0.0019727756954034327 0.00244140625
0 0.23619057013217598 0.9892578125 0.004044190175577037 0.0048828125
0 0.22686920497139476 0.988037109375 0.0013809429867824028 0.00244140625
0 0.14924048135726967 0.988037109375 0.000789110278161373 0.00244140625
0 0.2696784375616492 0.9873046875 0.0011836654172420597 0.001953125
0 0.16689682383113041 0.987548828125 0.0009863878477017164 0.00341796875
0 0.19047149339120142 0.98779296875 0.003156441112645492 0.0048828125
0 0.25532649437758925 0.986572265625 0.0008877490629315447 0.00341796875
0 0.2605543499704084 0.986083984375 0.0016768593410929177 0.00341796875
0 0.26341487472874336 0.985107421875 0.0006904714933912014 0.00244140625
0 0.15944959558098246 0.98486328125 0.0016768593410929177 0.0029296875
0 0.2385579009666601 0.984130859375 0.001085026632471888 0.00244140625
0 0.35455711185638195 0.98486328125 0.0014795817715525744 0.0048828125
0 0.21606825803906096 0.983642578125 0.001085026632471888 0.00244140625
0 0.3418820280134149 0.983154296875 0.0025646084040244622 0.00439453125
0 0.20807851647267706 0.9833984375 0.0014795817715525744 0.0048828125
0 0.11022884198066679 0.982666015625 0.0014795817715525744 0.00341796875
0 0.23757151311895838 0.98095703125 0.0006904714933912014 0.001953125
0 0.150572104951667 0.98193359375 0.0014795817715525744 0.00390625
0 0.17996646281317813 0.98095703125 0.0008877490629315447 0.0029296875
0 0.21024856973762082 0.98095703125 0.002071414480173604 0.00390625
0 0.24245413296508186 0.98046875 0.0011836654172420597 0.0048828125
0 0.28112053659498915 0.979248046875 0.0011836654172420597 0.00341796875
0 0.20684553166304992 0.979248046875 0.0017754981258630894 0.00341796875
0 0.22894061945156835 0.97998046875 0.002170053264943776 0.005859375
0 0.35140067074373643 0.97900390625 0.0016768593410929177 0.0048828125
0 0.2698263957388045 0.97998046875 0.0022686920497139475 0.0068359375
0 0.19412112842769777 0.9775390625 0.0019727756954034327 0.001953125
0 0.4016078121917538 0.976318359375 0.0008877490629315447 0.00341796875
0 0.26109686328664433 0.976318359375 0.0009863878477017164 0.00341796875
0 0.24102387058591437 0.97802734375 0.002465969619254291 0.0068359375
0 0.23836062339711975 0.976806640625 0.002663247188794634 0.00439453125
0 0.2339711974748471 0.9755859375 0.003156441112645492 0.0029296875
0 0.294239494969422 0.976806640625 0.0025646084040244622 0.00732421875
0 0.29108305385677646 0.9765625 0.003748273821266522 0.0068359375
0 0.17917735253501677 0.97216796875 0.0008877490629315447 0.001953125
0 0.32708621029788915 0.97265625 0.0011836654172420597 0.00390625
0 0.270122312093115 0.97216796875 0.0008877490629315447 0.0029296875
0 0.2656835667784573 0.972900390625 0.00483330045373841 0.00537109375
0 0.22026040639179326 0.9765625 0.0051292168080489245 0.013671875
0 0.24393371473663444 0.971435546875 0.002170053264943776 0.00439453125
0 0.2155750641152101 0.9736328125 0.006806076149141842 0.0087890625
0 0.3251134346024857 0.971435546875 0.0017754981258630894 0.00732421875
0 0.17118761096863286 0.968994140625 0.0008877490629315447 0.00244140625
0 0.18169264154665615 0.97216796875 0.0033537186821858355 0.009765625
0 0.32836851449990134 0.968994140625 0.0011836654172420597 0.00439453125
0 0.1784375616492405 0.968505859375 0.0013809429867824028 0.00341796875
0 0.20975537581376996 0.969482421875 0.003452357466956007 0.00732421875
0 0.18509567962122705 0.967529296875 0.002663247188794634 0.00341796875
0 0.3202308147563622 0.96728515625 0.001874136910633261 0.00390625
0 0.2663247188794634 0.966796875 0.0009863878477017164 0.0029296875
0 0.24265141053462222 0.966064453125 0.000789110278161373 0.00244140625
0 0.2526632471887946 0.96923828125 0.0028605247583349774 0.009765625
0 0.33537186821858356 0.967041015625 0.0017754981258630894 0.00634765625
0 0.254586703491813 0.96533203125 0.0009863878477017164 0.0029296875
0 0.23801538765042415 0.9677734375 0.007891102781613731 0.0078125
0 0.3181100808838035 0.966064453125 0.0017754981258630894 0.00537109375
0 0.16502268692049715 0.9658203125 0.002959163543105149 0.005859375
0 0.24600512921680806 0.96435546875 0.0023673308344841193 0.00390625
0 0.3207733280725981 0.962646484375 0.0009863878477017164 0.00341796875
0 0.3313769974353916 0.96337890625 0.003452357466956007 0.0068359375
0 0.2062043795620438 0.96142578125 0.0008877490629315447 0.0029296875
0 0.19604458473071612 0.962158203125 0.0030578023278753207 0.00439453125
0 0.1939731702505425 0.9619140625 0.001085026632471888 0.00390625
0 0.2510357072400868 0.960693359375 0.001578220556322746 0.00244140625
0 0.2897021108699941 0.960205078125 0.0009863878477017164 0.00244140625
0 0.20871966857368318 0.960693359375 0.002959163543105149 0.00537109375
0 0.1881041625567173 0.958984375 0.0013809429867824028 0.0029296875
0 0.16783389228644702 0.960205078125 0.0030578023278753207 0.00634765625
0 0.19441704478200827 0.95703125 0.0011836654172420597 0.001953125
0 0.2892089169461432 0.95654296875 0.0009863878477017164 0.001953125
0 0.2600611560465575 0.958740234375 0.004636022884198066 0.00634765625
0 0.21123495758532254 0.957275390625 0.0028605247583349774 0.00341796875
0 0.19870783191951075 0.956787109375 0.0016768593410929177 0.00244140625
0 0.33473071611757743 0.95751953125 0.002071414480173604 0.0048828125
0 0.16418425724995067 0.95849609375 0.002465969619254291 0.0068359375
0 0.36703491812980865 0.957763671875 0.0019727756954034327 0.00634765625
0 0.3320674689287828 0.95703125 0.0014795817715525744 0.0048828125
0 0.18055829552179917 0.960205078125 0.006411521010061156 0.01123046875
0 0.29108305385677646 0.955322265625 0.0017754981258630894 0.00341796875
0 0.23836062339711975 0.958740234375 0.003255079897415664 0.01025390625
0 0.28797593213651607 0.954345703125 0.001085026632471888 0.00341796875
0 0.2535016768593411 0.955078125 0.002959163543105149 0.0048828125
0 0.19017557703689092 0.954833984375 0.0027618859735648055 0.00439453125
0 0.3206253698954429 0.954345703125 0.0044387453146577235 0.00634765625
0 0.18356677845728941 0.952392578125 0.0011836654172420597 0.00244140625
0 0.24127046754783982 0.95361328125 0.0027618859735648055 0.005859375
0 0.28565792069441703 0.95166015625 0.0013809429867824028 0.0029296875
0 0.2643026237916749 0.952392578125 0.001874136910633261 0.00439453125
0 0.16946143223515486 0.952392578125 0.001578220556322746 0.00537109375
0 0.2510850266324719 0.951904296875 0.006016965870980469 0.00732421875
0 0.22376208325113434 0.947021484375 0.0008877490629315447 0.00244140625
0 0.22045768396133358 0.9482421875 0.0027618859735648055 0.0048828125
0 0.16152101006115605 0.948486328125 0.0022686920497139475 0.00634765625
0 0.29951666995462617 0.946044921875 0.0022686920497139475 0.00244140625
0 0.3481455908463208 0.94580078125 0.0014795817715525744 0.0029296875
0 0.26326691655158807 0.9453125 0.0011836654172420597 0.0029296875
0 0.3268396133359637 0.947021484375 0.0028605247583349774 0.00732421875
0 0.28807457092128624 0.945068359375 0.0014795817715525744 0.00341796875
0 0.25818701913592423 0.945068359375 0.0014795817715525744 0.00341796875
0 0.23939633063720656 0.9462890625 0.002959163543105149 0.0068359375
0 0.2556224107318998 0.945068359375 0.002465969619254291 0.00537109375
0 0.21542710593805484 0.943115234375 0.0013809429867824028 0.00244140625
0 0.24901361215229828 0.94287109375 0.0014795817715525744 0.0029296875
0 0.19712961136318802 0.944580078125 0.004636022884198066 0.00830078125
0 0.3333990925231801 0.943115234375 0.0023673308344841193 0.00732421875
0 0.27165121325705266 0.94091796875 0.0023673308344841193 0.0029296875
0 0.2665713158413888 0.94287109375 0.0016768593410929177 0.0068359375
0 0.18489840205168673 0.94482421875 0.00424146774511738 0.0107421875
0 0.26780430065101596 0.9404296875 0.002170053264943776 0.0029296875
0 0.21917537975932136 0.94189453125 0.004931939238508582 0.005859375
0 0.1926415466561452 0.94384765625 0.005523771947129611 0.009765625
0 0.3300453738409943 0.943115234375 0.002959163543105149 0.00927734375
0 0.2047741171828763 0.94140625 0.0017754981258630894 0.005859375
0 0.20265338331031763 0.939208984375 0.0016768593410929177 0.00244140625
0 0.25823633852830935 0.939208984375 0.0013809429867824028 0.00341796875
0 0.21350364963503649 0.93896484375 0.0012823042020122311 0.00390625
0 0.20945945945945946 0.943359375 0.007595186427303216 0.0126953125
0 0.24225685539554154 0.9384765625 0.0013809429867824028 0.00390625
0 0.20008877490629315 0.938720703125 0.002071414480173604 0.00439453125
0 0.31169855987374234 0.938232421875 0.0013809429867824028 0.00439453125
0 0.25434010652988753 0.93896484375 0.001874136910633261 0.005859375
0 0.2627244032353521 0.937744140625 0.0022686920497139475 0.00439453125
0 0.2601104754389426 0.936767578125 0.0009863878477017164 0.00244140625
0 0.3421779443677254 0.9384765625 0.0033537186821858355 0.0068359375
0 0.32733280725981456 0.936767578125 0.0012823042020122311 0.00341796875
0 0.22923653580587888 0.9365234375 0.001578220556322746 0.0029296875
0 0.18889327283487867 0.937255859375 0.0019727756954034327 0.00439453125
0 0.2278062734267114 0.935302734375 0.0008877490629315447 0.00244140625
0 0.3076050503057802 0.93798828125 0.004044190175577037 0.0087890625
0 0.27209508778851843 0.93505859375 0.001874136910633261 0.00390625
0 0.2502465969619254 0.935546875 0.003550996251726179 0.0048828125
0 0.24684355888735451 0.934814453125 0.0028605247583349774 0.00341796875
0 0.22173998816334584 0.933837890625 0.0009863878477017164 0.00244140625
0 0.266078121917538 0.93359375 0.001085026632471888 0.0029296875
0 0.25429078713750247 0.933349609375 0.0011836654172420597 0.00244140625
0 0.7214440718090354 0.93408203125 0.0027618859735648055 0.0048828125
0 0.22321956993489842 0.933349609375 0.0013809429867824028 0.00341796875
0 0.2357960149930953 0.93603515625 0.006214243440520813 0.009765625
0 0.23125863089366738 0.932373046875 0.0022686920497139475 0.00341796875
0 0.25927204576839613 0.9326171875 0.001874136910633261 0.0048828125
0 0.7008285657920694 0.930908203125 0.0019727756954034327 0.00244140625
0 0.21458867626750838 0.931640625 0.002071414480173604 0.00390625
0 0.7317518248175182 0.93115234375 0.0022686920497139475 0.00390625
0 0.3223515486289209 0.931640625 0.0019727756954034327 0.0048828125
0 0.22519234563030183 0.931396484375 0.0019727756954034327 0.00439453125
0 0.3041033734464391 0.93115234375 0.0033537186821858355 0.0048828125
0 0.7058591438153482 0.93017578125 0.0023673308344841193 0.00390625
0 0.291970802919708 0.928955078125 0.001578220556322746 0.00244140625
0 0.24097455119352928 0.9287109375 0.0009863878477017164 0.001953125
0 0.26134346024856975 0.929931640625 0.0016768593410929177 0.00537109375
0 0.3410929177352535 0.929443359375 0.0027618859735648055 0.00537109375
0 0.26790293943578614 0.92822265625 0.0011836654172420597 0.0029296875
0 0.21932333793647663 0.9296875 0.0044387453146577235 0.005859375
0 0.2041329650818702 0.9306640625 0.007397908857762872 0.0078125
0 0.25290984415072004 0.9287109375 0.002959163543105149 0.0048828125
0 0.3094298678240284 0.928466796875 0.004537384099427895 0.00634765625
0 0.21093904123101204 0.928955078125 0.00483330045373841 0.00732421875
0 0.28871572302229237 0.926025390625 0.0009863878477017164 0.00244140625
0 0.36846518050897614 0.928466796875 0.002465969619254291 0.00830078125
0 0.27909844150720065 0.92578125 0.0012823042020122311 0.0029296875
0 0.27702702702702703 0.925537109375 0.0022686920497139475 0.00341796875
0 0.274117182876307 0.9267578125 0.0039455513908068654 0.0068359375
0 0.19530479384493982 0.92578125 0.005326494377589268 0.0068359375
0 0.21572302229236537 0.923583984375 0.001578220556322746 0.00341796875
0 0.3315742750049319 0.924560546875 0.003255079897415664 0.00830078125
0 0.23076543696981652 0.92138671875 0.001874136910633261 0.001953125
0 0.3237818110080884 0.923095703125 0.002465969619254291 0.00634765625
0 0.26928388242256857 0.921142578125 0.0013809429867824028 0.00244140625
0 0.22820082856579207 0.9208984375 0.0014795817715525744 0.001953125
0 0.1734563030183468 0.921875 0.0012823042020122311 0.00390625
0 0.2416157032945354 0.922119140625 0.003452357466956007 0.00537109375
0 0.2044288814361807 0.92236328125 0.006806076149141842 0.005859375
0 0.26662063523377394 0.92041015625 0.0013809429867824028 0.0029296875
0 0.18327086210297888 0.92041015625 0.0027618859735648055 0.0029296875
0 0.33611165910435986 0.923583984375 0.005227855592819097 0.01025390625
0 0.26228052870388635 0.921875 0.0027618859735648055 0.0068359375
0 0.24496942197672125 0.92041015625 0.001874136910633261 0.0048828125
0 0.1762675083842967 0.920166015625 0.0023673308344841193 0.00439453125
0 0.30213059775103573 0.9189453125 0.0017754981258630894 0.0029296875
0 0.2778161373051884 0.919189453125 0.002465969619254291 0.00341796875
0 0.23441507200631287 0.92041015625 0.002663247188794634 0.005859375
0 0.20990333399092523 0.919921875 0.003156441112645492 0.0048828125
0 0.19589662655356085 0.918701171875 0.003156441112645492 0.00439453125
0 0.24136910633261 0.917236328125 0.001578220556322746 0.00244140625
0 0.28866640362990725 0.918212890625 0.0030578023278753207 0.00537109375
0 0.2594693233379365 0.919921875 0.0028605247583349774 0.0087890625
0 0.3448905109489051 0.916748046875 0.0008877490629315447 0.00341796875
0 0.21379956598934702 0.916015625 0.002663247188794634 0.001953125
0 0.2707634641941211 0.91552734375 0.0009863878477017164 0.001953125
0 0.24659696192542907 0.915771484375 0.0009863878477017164 0.00244140625
0 0.3226967843756165 0.9169921875 0.002663247188794634 0.005859375
0 0.2020122312093115 0.9150390625 0.000789110278161373 0.001953125
0 0.30859143815348195 0.917724609375 0.0028605247583349774 0.00830078125
0 0.3116492404813573 0.915283203125 0.001874136910633261 0.00439453125
0 0.1651213257052673 0.91552734375 0.0023673308344841193 0.0048828125
0 0.2819589662655356 0.91357421875 0.0008877490629315447 0.001953125
0 0.2513316235943973 0.91455078125 0.0009863878477017164 0.00390625
0 0.32743144604458474 0.916259765625 0.002465969619254291 0.00830078125
0 0.30444860919313477 0.914306640625 0.0036496350364963502 0.00439453125
0 0.2274117182876307 0.9130859375 0.0012823042020122311 0.001953125
0 0.2071907674097455 0.91455078125 0.0028605247583349774 0.0048828125
0 0.2055139080686526 0.913818359375 0.0012823042020122311 0.00341796875
0 0.2367330834484119 0.912841796875 0.0019727756954034327 0.00244140625
0 0.22938449398303412 0.9130859375 0.0012823042020122311 0.0029296875
0 0.29226671927401854 0.916015625 0.004142828960347208 0.009765625
0 0.279295719076741 0.911865234375 0.002071414480173604 0.00341796875
0 0.2545373840994279 0.912109375 0.002663247188794634 0.005859375
0 0.2131090944959558 0.910400390625 0.0008877490629315447 0.00244140625
0 0.21878082462024068 0.90966796875 0.0023673308344841193 0.0029296875
0 0.1912606036693628 0.913330078125 0.0039455513908068654 0.01025390625
0 0.3258039060958769 0.908935546875 0.0009863878477017164 0.00341796875
0 0.34089564016571317 0.9091796875 0.003156441112645492 0.0048828125
0 0.28605247583349774 0.91064453125 0.0033537186821858355 0.0078125
0 0.2751035707240087 0.9111328125 0.004340106529887552 0.009765625
0 0.2605543499704084 0.908447265625 0.002663247188794634 0.00439453125
0 0.2374728743341882 0.908203125 0.001874136910633261 0.00390625
0 0.24156638390215032 0.910400390625 0.005523771947129611 0.00927734375
0 0.3361609784967449 0.906982421875 0.001578220556322746 0.00439453125
0 0.31963898204774116 0.909423828125 0.0028605247583349774 0.00927734375
0 0.279887551785362 0.906005859375 0.001085026632471888 0.00244140625
0 0.22716512132570527 0.906982421875 0.0013809429867824028 0.00439453125
0 0.18583547050700336 0.906005859375 0.0011836654172420597 0.00244140625
0 0.2253403038074571 0.906494140625 0.002071414480173604 0.00439453125
0 0.3067666206352338 0.90576171875 0.0017754981258630894 0.00390625
0 0.3043006510159795 0.905517578125 0.002959163543105149 0.00341796875
0 0.19604458473071612 0.910400390625 0.007200631288222529 0.01318359375
0 0.35731899782994675 0.906494140625 0.001874136910633261 0.00634765625
0 0.2829946735056224 0.907470703125 0.0039455513908068654 0.00830078125
0 0.3332511343460249 0.906982421875 0.002663247188794634 0.00830078125
0 0.2590254488064707 0.904296875 0.0023673308344841193 0.0048828125
0 0.206894851055435 0.90478515625 0.0028605247583349774 0.005859375
0 0.16748865653975142 0.9033203125 0.0013809429867824028 0.00390625
0 0.2863483921878082 0.903076171875 0.0019727756954034327 0.00439453125
0 0.2416650226869205 0.902587890625 0.0019727756954034327 0.00341796875
0 0.21197474847109884 0.902587890625 0.003550996251726179 0.00341796875
0 0.2656342473860722 0.90087890625 0.001578220556322746 0.001953125
0 0.27165121325705266 0.9013671875 0.0013809429867824028 0.00390625
0 0.31283290589859936 0.902099609375 0.0028605247583349774 0.00634765625
0 0.17932531071217203 0.89990234375 0.0023673308344841193 0.001953125
0 0.2308640757545867 0.899658203125 0.001874136910633261 0.00244140625
0 0.09237522193726573 0.903564453125 0.0066087985796014995 0.01025390625
0 0.23490826593016373 0.89990234375 0.001085026632471888 0.00390625
0 0.16847504438745314 0.899658203125 0.002170053264943776 0.00341796875
0 0.2826001183665417 0.900146484375 0.004734661668968239 0.00634765625
0 0.18647662260800946 0.900146484375 0.007200631288222529 0.00634765625
0 0.17197672124679425 0.89990234375 0.00424146774511738 0.005859375
0 0.3250641152101006 0.90283203125 0.0044387453146577235 0.0126953125
0 0.32979877687906883 0.9013671875 0.004044190175577037 0.0107421875
0 0.20398500690471494 0.901123046875 0.002959163543105149 0.01025390625
0 0.3036101795225883 0.897705078125 0.0017754981258630894 0.00439453125
0 0.21675872953245215 0.896728515625 0.001874136910633261 0.00341796875
0 0.5756559479187217 0.8955078125 0.0009863878477017164 0.001953125
0 0.17671138291576247 0.897705078125 0.002465969619254291 0.00634765625
0 0.2675083842967055 0.896484375 0.002170053264943776 0.0048828125
0 0.4193627934503847 0.894775390625 0.0008877490629315447 0.00244140625
0 0.2572006312882225 0.894287109375 0.001085026632471888 0.00244140625
0 0.20886762675083842 0.894775390625 0.002663247188794634 0.00439453125
0 0.19836259617281515 0.892822265625 0.001578220556322746 0.00244140625
0 0.6947622805287039 0.892578125 0.001874136910633261 0.0029296875
0 0.2239100414282896 0.893310546875 0.0019727756954034327 0.00439453125
0 0.21956993489840204 0.89208984375 0.0011836654172420597 0.0029296875
0 0.19204971394752415 0.89306640625 0.004340106529887552 0.005859375
0 0.27796409548234363 0.890869140625 0.0017754981258630894 0.00244140625
0 0.1794239494969422 0.893310546875 0.004537384099427895 0.00732421875
0 0.18267902939435787 0.892822265625 0.0023673308344841193 0.00732421875
0 0.2089169461432235 0.890380859375 0.0025646084040244622 0.00341796875
0 0.24639968435588874 0.889404296875 0.0017754981258630894 0.00244140625
0 0.22677056618662458 0.889404296875 0.000789110278161373 0.00244140625
0 0.18632866443085422 0.8916015625 0.004537384099427895 0.0068359375
0 0.27559676464785954 0.89013671875 0.0013809429867824028 0.0048828125
0 0.27298283685145 0.888916015625 0.0016768593410929177 0.00244140625
0 0.20383704872755967 0.89306640625 0.006016965870980469 0.0107421875
0 0.2353521404616295 0.888427734375 0.0009863878477017164 0.00244140625
0 0.33256066285263364 0.892578125 0.0038469126060366936 0.01171875
0 0.3243736437167094 0.891845703125 0.005819688301440126 0.01025390625
0 0.28043006510159796 0.889892578125 0.001578220556322746 0.00634765625
0 0.23727559676464785 0.889404296875 0.002465969619254291 0.00537109375
0 0.19875715131189584 0.887939453125 0.0011836654172420597 0.00244140625
0 0.22770763464194121 0.88720703125 0.001085026632471888 0.001953125
0 0.5434010652988756 0.886962890625 0.000789110278161373 0.00244140625
0 0.7267705661866246 0.886962890625 0.0011836654172420597 0.00341796875
0 0.25364963503649635 0.88671875 0.0008877490629315447 0.0029296875
0 0.30799960544486094 0.8857421875 0.0016768593410929177 0.0029296875
0 0.25892681002170054 0.887939453125 0.004734661668968239 0.00830078125
0 0.18830144012625766 0.8857421875 0.004142828960347208 0.0048828125
0 0.26060366936279344 0.88427734375 0.0013809429867824028 0.0029296875
0 0.24852041822844742 0.884521484375 0.0016768593410929177 0.00341796875
0 0.17725389623199841 0.8857421875 0.0072992700729927005 0.0068359375
0 0.3439041231012034 0.884521484375 0.0016768593410929177 0.00537109375
0 0.28462221345433025 0.8828125 0.0008877490629315447 0.0029296875
0 0.2744624186230026 0.8828125 0.0012823042020122311 0.00390625
0 0.21848490826593017 0.882080078125 0.001578220556322746 0.00244140625
0 0.19870783191951075 0.8818359375 0.0014795817715525744 0.001953125
0 0.18657526139277963 0.882080078125 0.0016768593410929177 0.00244140625
0 0.28866640362990725 0.8818359375 0.002465969619254291 0.0029296875
0 0.2009765239692247 0.8818359375 0.001085026632471888 0.0029296875
0 0.0990826593016374 0.88232421875 0.001874136910633261 0.00390625
0 0.20285066087985795 0.882080078125 0.0022686920497139475 0.00439453125
0 0.5608601302031959 0.880859375 0.0011836654172420597 0.0029296875
0 0.3190964687315052 0.881103515625 0.001578220556322746 0.00341796875
0 0.23377391990530677 0.881103515625 0.002959163543105149 0.00341796875
0 0.21444071809035312 0.880859375 0.002170053264943776 0.0029296875
0 0.2045275202209509 0.880126953125 0.0008877490629315447 0.00244140625
0 0.19357861511146182 0.8798828125 0.0016768593410929177 0.001953125
0 0.26134346024856975 0.8798828125 0.0008877490629315447 0.0029296875
0 0.22755967646478595 0.87939453125 0.000789110278161373 0.001953125
0 0.2531071217202604 0.879150390625 0.0013809429867824028 0.00244140625
0 0.2865949891497337 0.87939453125 0.001085026632471888 0.00390625
0 0.101154073781811 0.88232421875 0.0030578023278753207 0.009765625
0 0.2409252318011442 0.879150390625 0.0014795817715525744 0.00439453125
0 0.20645097652396924 0.87939453125 0.002170053264943776 0.0048828125
0 0.2507397908857763 0.87939453125 0.0025646084040244622 0.005859375
0 0.24245413296508186 0.87744140625 0.0009863878477017164 0.001953125
0 0.14549220753600314 0.87939453125 0.0023673308344841193 0.005859375
0 0.2670645097652397 0.878662109375 0.0022686920497139475 0.00537109375
0 0.21991517064509766 0.876953125 0.001085026632471888 0.001953125
0 0.3232886170842375 0.880615234375 0.004044190175577037 0.01025390625
0 0.31544683369500887 0.876220703125 0.000789110278161373 0.00244140625
0 0.2576445058196883 0.876220703125 0.0013809429867824028 0.00244140625
0 0.19037285460643125 0.87744140625 0.0013809429867824028 0.0048828125
0 0.29502860524758334 0.875732421875 0.002170053264943776 0.00439453125
0 0.260899585717104 0.874755859375 0.003550996251726179 0.00244140625
0 0.21350364963503649 0.875244140625 0.001085026632471888 0.00341796875
0 0.2644999013612152 0.87451171875 0.0014795817715525744 0.0029296875
0 0.24881633458275795 0.87451171875 0.0014795817715525744 0.0029296875
0 0.2075853225488262 0.87646484375 0.005030578023278753 0.0068359375
0 0.2538469126060367 0.874267578125 0.001874136910633261 0.00341796875
0 0.2462024067863484 0.874267578125 0.001578220556322746 0.00341796875
0 0.24186230025646083 0.87353515625 0.000789110278161373 0.001953125
0 0.30296902742158216 0.8759765625 0.0036496350364963502 0.0078125
0 0.09094495955809824 0.873046875 0.0009863878477017164 0.0029296875
0 0.3261491418425725 0.87353515625 0.0036496350364963502 0.0048828125
0 0.2350069047149339 0.8720703125 0.0012823042020122311 0.001953125
0 0.34227658315249554 0.873291015625 0.0019727756954034327 0.00634765625
0 0.3069638982047741 0.87255859375 0.001578220556322746 0.0048828125
0 0.2848194910238706 0.873046875 0.004636022884198066 0.005859375
0 0.22134543302426515 0.871337890625 0.0009863878477017164 0.00244140625
0 0.2037384099427895 0.87109375 0.001085026632471888 0.001953125
0 0.3190964687315052 0.871826171875 0.001578220556322746 0.00537109375
0 0.24294732688893272 0.87060546875 0.0009863878477017164 0.0029296875
0 0.22928585519826394 0.872314453125 0.00483330045373841 0.00634765625
0 0.18593410929177354 0.870849609375 0.003156441112645492 0.00341796875
0 0.27248964292759914 0.870849609375 0.002071414480173604 0.00439453125
0 0.2187315052278556 0.871337890625 0.002071414480173604 0.00537109375
0 0.26681791280331424 0.86962890625 0.001578220556322746 0.0029296875
0 0.25616492404813573 0.869384765625 0.0019727756954034327 0.00341796875
0 0.23150522785559283 0.868896484375 0.0009863878477017164 0.00244140625
0 0.21074176366147168 0.869140625 0.0012823042020122311 0.0029296875
0 0.3091339514697179 0.868408203125 0.0009863878477017164 0.00341796875
0 0.25808838035115406 0.869384765625 0.0022686920497139475 0.00537109375
0 0.16773525350167687 0.86865234375 0.001085026632471888 0.00390625
0 0.3312290392582363 0.869873046875 0.003550996251726179 0.00732421875
0 0.19540343262971 0.86767578125 0.003156441112645492 0.00390625
0 0.2770763464194121 0.87109375 0.003550996251726179 0.0126953125
0 0.2451173801538765 0.865966796875 0.0009863878477017164 0.00244140625
0 0.2128624975340304 0.865966796875 0.001578220556322746 0.00244140625
0 0.19081672913789702 0.86767578125 0.002071414480173604 0.005859375
0 0.17572499506806077 0.868896484375 0.006016965870980469 0.00830078125
0 0.26972775695403434 0.865478515625 0.0012823042020122311 0.00244140625
0 0.31653186032748076 0.868896484375 0.0033537186821858355 0.01025390625
0 0.3134740579996054 0.8662109375 0.001578220556322746 0.0048828125
0 0.28491812980864073 0.8662109375 0.0022686920497139475 0.0048828125
0 0.1676366147169067 0.864501953125 0.0012823042020122311 0.00244140625
0 0.31110672716512133 0.865966796875 0.0019727756954034327 0.00634765625
0 0.22238114026435193 0.8642578125 0.0014795817715525744 0.0029296875
0 0.18129808640757547 0.8662109375 0.003156441112645492 0.0078125
0 0.4901854409153679 0.862548828125 0.0014795817715525744 0.00244140625
0 0.30819688301440124 0.86279296875 0.001085026632471888 0.0029296875
0 0.26237916748865653 0.864501953125 0.0023673308344841193 0.00634765625
0 0.2433418820280134 0.86279296875 0.0011836654172420597 0.00390625
0 0.20847307161175774 0.863037109375 0.0014795817715525744 0.00439453125
0 0.17473860722035905 0.8623046875 0.002465969619254291 0.0029296875
0 0.241960939041231 0.862060546875 0.0011836654172420597 0.00341796875
0 0.302870388636812 0.86376953125 0.002465969619254291 0.0078125
0 0.21981653186032749 0.86376953125 0.0038469126060366936 0.0078125
0 0.21498323140658906 0.863037109375 0.003452357466956007 0.00732421875
0 0.19638982047741171 0.861572265625 0.0023673308344841193 0.00439453125
0 0.2738705859143815 0.860107421875 0.001874136910633261 0.00244140625
0 0.2646478595383705 0.860595703125 0.0013809429867824028 0.00341796875
0 0.25567173012428485 0.86083984375 0.0017754981258630894 0.00390625
0 0.22760899585717104 0.85986328125 0.0012823042020122311 0.0029296875
0 0.16921483527322945 0.860595703125 0.0014795817715525744 0.00439453125
0 0.6776484513710791 0.859375 0.0027618859735648055 0.0029296875
0 0.3345827579404222 0.859375 0.0011836654172420597 0.00390625
0 0.26001183665417243 0.85986328125 0.0011836654172420597 0.0048828125
0 0.19870783191951075 0.862060546875 0.0022686920497139475 0.00927734375
0 0.20605642138488853 0.861572265625 0.003156441112645492 0.00927734375
0 0.3107121720260406 0.858642578125 0.0013809429867824028 0.00439453125
0 0.17759913197869404 0.860595703125 0.0028605247583349774 0.00830078125
0 0.4830834484119156 0.857421875 0.002071414480173604 0.0029296875
0 0.33221542710593804 0.85791015625 0.001578220556322746 0.00390625
0 0.28472085223910043 0.85888671875 0.0036496350364963502 0.005859375
0 0.25044387453146577 0.858154296875 0.0013809429867824028 0.00439453125
0 0.7101006115604656 0.85693359375 0.0019727756954034327 0.0029296875
0 0.3173209706056421 0.857666015625 0.0023673308344841193 0.00439453125
0 0.14963503649635038 0.85693359375 0.0017754981258630894 0.0029296875
0 0.2676563424738607 0.8583984375 0.0030578023278753207 0.0068359375
0 0.17192740185440916 0.8564453125 0.003550996251726179 0.0048828125
0 0.2718978102189781 0.8544921875 0.0006904714933912014 0.001953125
0 0.2239100414282896 0.85498046875 0.001578220556322746 0.0029296875
0 0.15698362596172816 0.857421875 0.002465969619254291 0.0078125
0 0.17429473268889328 0.85302734375 0.000789110278161373 0.001953125
0 0.34755375813769973 0.853515625 0.002663247188794634 0.00390625
0 0.31342473860722037 0.853271484375 0.0022686920497139475 0.00341796875
0 0.2621818899191162 0.8525390625 0.000789110278161373 0.001953125
0 0.24570921286249753 0.8544921875 0.003748273821266522 0.005859375
0 0.18726573288617085 0.856689453125 0.006806076149141842 0.01025390625
0 0.1321266521996449 0.855224609375 0.0030578023278753207 0.00732421875
0 0.2875320576050503 0.85205078125 0.0013809429867824028 0.001953125
0 0.26519037285460645 0.85205078125 0.0006904714933912014 0.001953125
0 0.2503452357466956 0.852294921875 0.0005918327086210298 0.00244140625
0 0.2371769579798777 0.852294921875 0.002071414480173604 0.00244140625
0 0.7215920299861905 0.85302734375 0.0012823042020122311 0.0048828125
0 0.32669165515880844 0.852294921875 0.0011836654172420597 0.00341796875
0 0.20216018938646677 0.851318359375 0.0014795817715525744 0.00244140625
0 0.708078516472677 0.851806640625 0.003452357466956007 0.00537109375
0 0.3205760505030578 0.850830078125 0.003550996251726179 0.00341796875
0 0.19555139080686526 0.853515625 0.0044387453146577235 0.009765625
0 0.2989741566383902 0.850341796875 0.0013809429867824028 0.00439453125
0 0.3389721838626948 0.849365234375 0.001085026632471888 0.00439453125
0 0.32935490234760306 0.85205078125 0.0039455513908068654 0.009765625
0 0.28521404616295126 0.85009765625 0.002663247188794634 0.005859375
0 0.2813178141645295 0.851806640625 0.004340106529887552 0.00927734375
0 0.1401163937660288 0.8486328125 0.0012823042020122311 0.0029296875
0 0.26237916748865653 0.848388671875 0.0027618859735648055 0.00341796875
0 0.3375419214835273 0.848388671875 0.001578220556322746 0.00439453125
0 0.25295916354310516 0.851806640625 0.0038469126060366936 0.01123046875
0 0.2131584138883409 0.847900390625 0.001578220556322746 0.00341796875
0 0.19007693825212074 0.84814453125 0.002959163543105149 0.00390625
0 0.27692838824225685 0.84912109375 0.0022686920497139475 0.0068359375
0 0.2732787532057605 0.846923828125 0.001085026632471888 0.00244140625
0 0.24205957782600118 0.8515625 0.004142828960347208 0.01171875
0 0.27525152890116394 0.846923828125 0.0012823042020122311 0.00341796875
0 0.24600512921680806 0.84716796875 0.0051292168080489245 0.00390625
0 0.23323140658907082 0.84814453125 0.003452357466956007 0.0078125
0 0.16605839416058393 0.85009765625 0.00542513316235944 0.01171875
0 0.28491812980864073 0.845947265625 0.001874136910633261 0.00439453125
0 0.1540737818110081 0.84814453125 0.003156441112645492 0.0087890625
0 0.15047346616689683 0.84716796875 0.003255079897415664 0.0068359375
0 0.20220950877885185 0.844482421875 0.0011836654172420597 0.00244140625
0 0.3188991911619649 0.843994140625 0.0009863878477017164 0.00244140625
0 0.15875912408759124 0.84716796875 0.006016965870980469 0.0087890625
0 0.2956204379562044 0.843505859375 0.000789110278161373 0.00244140625
0 0.2308640757545867 0.84423828125 0.002465969619254291 0.00390625
0 0.34760307753008485 0.845703125 0.0025646084040244622 0.0078125
0 0.3347800355099625 0.84326171875 0.000789110278161373 0.0029296875
0 0.18262971000197278 0.8486328125 0.007200631288222529 0.013671875
0 0.28220556322746104 0.84228515625 0.0013809429867824028 0.00390625
0 0.14746498323140658 0.84130859375 0.0011836654172420597 0.001953125
0 0.3505129216808049 0.842041015625 0.0016768593410929177 0.00439453125
0 0.29073781811008087 0.84423828125 0.005622410731899783 0.0087890625
0 0.2865949891497337 0.841796875 0.002465969619254291 0.0048828125
0 0.2726869204971395 0.84033203125 0.001085026632471888 0.001953125
0 0.20950877885184455 0.8408203125 0.0019727756954034327 0.0029296875
0 0.19022489642927598 0.840576171875 0.0008877490629315447 0.00244140625
0 0.1526435194318406 0.8408203125 0.0030578023278753207 0.00390625
0 0.1800651015979483 0.84130859375 0.003255079897415664 0.005859375
0 0.16023870585914382 0.840087890625 0.002465969619254291 0.00341796875
0 0.09316433221542711 0.84228515625 0.0077924639968435586 0.0078125
0 0.18623002564608404 0.8388671875 0.0017754981258630894 0.001953125
0 0.2684454527520221 0.83837890625 0.0012823042020122311 0.001953125
0 0.24738607220359046 0.83935546875 0.0017754981258630894 0.00390625
0 0.699398303412902 0.83837890625 0.001874136910633261 0.0029296875
0 0.3026731110672716 0.84228515625 0.005030578023278753 0.0107421875
0 0.2763858749260209 0.837890625 0.0013809429867824028 0.001953125
0 0.33783783783783783 0.837646484375 0.0009863878477017164 0.00244140625
0 0.2455612546853423 0.83740234375 0.0012823042020122311 0.0029296875
0 0.23623988952456107 0.83984375 0.002959163543105149 0.0078125
0 0.17661274413099232 0.83740234375 0.0036496350364963502 0.0029296875
0 0.32190767409745513 0.838134765625 0.002663247188794634 0.00537109375
0 0.28906095876898796 0.837646484375 0.0038469126060366936 0.00439453125
0 0.14652791477608995 0.8369140625 0.002465969619254291 0.0029296875
0 0.3255573091339515 0.841552734375 0.003255079897415664 0.01318359375
0 0.2162655356086013 0.8359375 0.0008877490629315447 0.001953125
0 0.2572006312882225 0.8359375 0.0008877490629315447 0.0029296875
0 0.1732097060564214 0.83935546875 0.003748273821266522 0.009765625
0 0.16221148155454726 0.83544921875 0.001874136910633261 0.001953125
0 0.264943775892681 0.8369140625 0.0027618859735648055 0.005859375
0 0.33103176168869597 0.8369140625 0.004142828960347208 0.0068359375
0 0.21231998421779444 0.834228515625 0.001085026632471888 0.00244140625
0 0.16709410140067074 0.83447265625 0.0025646084040244622 0.0029296875
0 0.3113040047346617 0.834228515625 0.0019727756954034327 0.00341796875
0 0.23865653975143025 0.833984375 0.0012823042020122311 0.0029296875
0 0.12556717301242848 0.83447265625 0.0025646084040244622 0.00390625
0 0.30785164726770564 0.833740234375 0.001578220556322746 0.00341796875
0 0.2802327875320576 0.8349609375 0.0023673308344841193 0.005859375
0 0.27776681791280333 0.833984375 0.0025646084040244622 0.00390625
0 0.7194712961136319 0.833251953125 0.0017754981258630894 0.00341796875
0 0.18696981653186032 0.8330078125 0.001874136910633261 0.0029296875
0 0.712615900572105 0.83203125 0.001085026632471888 0.001953125
0 0.3275300848293549 0.83251953125 0.0012823042020122311 0.0029296875
0 0.29502860524758334 0.8349609375 0.0051292168080489245 0.0078125
0 0.15343262971000196 0.833740234375 0.004636022884198066 0.00634765625
0 0.3164825409350957 0.83251953125 0.002071414480173604 0.005859375
0 0.722381140264352 0.83154296875 0.00483330045373841 0.0048828125
0 0.3254586703491813 0.831298828125 0.0014795817715525744 0.00439453125
0 0.30489248372460054 0.833251953125 0.004340106529887552 0.00927734375
0 0.2544880647070428 0.831298828125 0.0019727756954034327 0.00537109375
0 0.23845926218188992 0.830078125 0.001874136910633261 0.0029296875
0 0.22277569540343262 0.82958984375 0.0006904714933912014 0.001953125
0 0.1783389228644703 0.8310546875 0.0025646084040244622 0.0048828125
0 0.1567863483921878 0.83154296875 0.0022686920497139475 0.005859375
0 0.14070822647464984 0.829345703125 0.0006904714933912014 0.00244140625
0 0.24043203787729336 0.82861328125 0.001085026632471888 0.001953125
0 0.2714539356875123 0.82861328125 0.0025646084040244622 0.0029296875
0 0.20960741763661472 0.82861328125 0.0017754981258630894 0.0029296875
0 0.20102584336160978 0.8291015625 0.0011836654172420597 0.00390625
0 0.17054645886762676 0.83251953125 0.003550996251726179 0.0107421875
0 0.18598342868415862 0.82763671875 0.001085026632471888 0.001953125
0 0.28570724008680215 0.832275390625 0.00424146774511738 0.01220703125
0 0.20319589662655357 0.82861328125 0.0027618859735648055 0.005859375
0 0.30992306174787926 0.8271484375 0.0013809429867824028 0.00390625
0 0.2509863878477017 0.826904296875 0.0008877490629315447 0.00341796875
0 0.23495758532254882 0.826416015625 0.0009863878477017164 0.00244140625
0 0.23061747879266128 0.826171875 0.0009863878477017164 0.001953125
0 0.32185835470507 0.827880859375 0.0017754981258630894 0.00634765625
0 0.21956993489840204 0.826171875 0.0023673308344841193 0.0029296875
0 0.1647760899585717 0.82763671875 0.002071414480173604 0.005859375
0 0.34084632077332805 0.825439453125 0.0008877490629315447 0.00244140625
0 0.1745906490432038 0.826416015625 0.002170053264943776 0.00439453125
0 0.2986782402840797 0.826171875 0.001578220556322746 0.0048828125
0 0.2748076543696982 0.825927734375 0.0023673308344841193 0.00439453125
0 0.7290885776287236 0.824462890625 0.0008877490629315447 0.00341796875
0 0.24822450187413692 0.823974609375 0.0008877490629315447 0.00341796875
0 0.2469421976721247 0.82373046875 0.0014795817715525744 0.0029296875
0 0.18129808640757547 0.82470703125 0.0072992700729927005 0.0048828125
0 0.329897415663839 0.824462890625 0.002071414480173604 0.00634765625
0 0.291378970211087 0.824951171875 0.004931939238508582 0.00732421875
0 0.2767311106727165 0.8232421875 0.0012823042020122311 0.00390625
0 0.1703985006904715 0.822509765625 0.001085026632471888 0.00341796875
0 0.23066679818504637 0.82177734375 0.0016768593410929177 0.0029296875
0 0.4324817518248175 0.8212890625 0.0028605247583349774 0.0029296875
0 0.1686230025646084 0.821533203125 0.001874136910633261 0.00341796875
0 0.14416058394160583 0.82373046875 0.00542513316235944 0.0078125
0 0.3282205563227461 0.821044921875 0.002465969619254291 0.00439453125
0 0.255178536200434 0.82080078125 0.001578220556322746 0.00390625
0 0.14199053067666206 0.8193359375 0.001085026632471888 0.0029296875
0 0.12033931741960939 0.819580078125 0.0019727756954034327 0.00341796875
0 0.7207536003156441 0.81884765625 0.001578220556322746 0.0029296875
0 0.2616393766028802 0.8193359375 0.0016768593410929177 0.00390625
0 0.2333793647662261 0.819580078125 0.0027618859735648055 0.00439453125
0 0.2016669954626159 0.818603515625 0.001085026632471888 0.00244140625
0 0.33704872755967646 0.821533203125 0.005918327086210298 0.00927734375
0 0.2819589662655356 0.81787109375 0.0008877490629315447 0.001953125
0 0.26913592424541327 0.821533203125 0.004636022884198066 0.00927734375
0 0.18169264154665615 0.817626953125 0.0013809429867824028 0.00244140625
0 0.2170053264943776 0.818359375 0.003550996251726179 0.0048828125
0 0.1738508581574275 0.818359375 0.002663247188794634 0.0048828125
0 0.1404616295127244 0.817138671875 0.0023673308344841193 0.00341796875
0 0.28279739593608205 0.81591796875 0.000789110278161373 0.001953125
0 0.25922272637601107 0.818115234375 0.003156441112645492 0.00634765625
0 0.31939238508581574 0.81689453125 0.0011836654172420597 0.0048828125
0 0.27382126652199645 0.81689453125 0.0023673308344841193 0.0048828125
0 0.14726770566186625 0.816162109375 0.0013809429867824028 0.00341796875
0 0.23170250542513315 0.81494140625 0.0009863878477017164 0.001953125
0 0.6917537975932136 0.81494140625 0.0011836654172420597 0.0029296875
0 0.3043006510159795 0.81494140625 0.0017754981258630894 0.0029296875
0 0.21715328467153286 0.814208984375 0.0014795817715525744 0.00244140625
0 0.16117577431446045 0.8154296875 0.0023673308344841193 0.0048828125
0 0.24250345235746695 0.814208984375 0.003452357466956007 0.00341796875
0 0.23845926218188992 0.813720703125 0.001085026632471888 0.00244140625
0 0.19846123495758533 0.813720703125 0.0013809429867824028 0.00244140625
0 0.16970802919708028 0.813720703125 0.002071414480173604 0.00244140625
0 0.3326593016374038 0.812744140625 0.001085026632471888 0.00244140625
0 0.451173801538765 0.812255859375 0.0005918327086210298 0.00244140625
0 0.17528112053659498 0.812744140625 0.0009863878477017164 0.00341796875
0 0.11106727165121326 0.814453125 0.0039455513908068654 0.0068359375
0 0.32205563227461037 0.81396484375 0.0025646084040244622 0.0068359375
0 0.2997632669165516 0.812255859375 0.002170053264943776 0.00341796875
0 0.2696784375616492 0.81201171875 0.0011836654172420597 0.0029296875
0 0.25498125863089366 0.81298828125 0.002959163543105149 0.0048828125
0 0.2451173801538765 0.811767578125 0.0017754981258630894 0.00244140625
0 0.2263266916551588 0.813232421875 0.002465969619254291 0.00537109375
0 0.3368514499901361 0.810791015625 0.0019727756954034327 0.00244140625
0 0.33083448411915567 0.811279296875 0.0009863878477017164 0.00341796875
0 0.2970013809429868 0.8125 0.001578220556322746 0.005859375
0 0.2117281515091734 0.811279296875 0.001085026632471888 0.00341796875
0 0.19249358847898995 0.81103515625 0.0008877490629315447 0.0029296875
0 0.29650818701913595 0.814208984375 0.00848293549023476 0.01025390625
0 0.2621325705267311 0.810302734375 0.0008877490629315447 0.00244140625
0 0.26627539948707835 0.814453125 0.00424146774511738 0.01171875
0 0.22164134937857566 0.812744140625 0.003748273821266522 0.00830078125
0 0.1692641546656145 0.809814453125 0.0017754981258630894 0.00244140625
0 0.1662556717301243 0.810302734375 0.001085026632471888 0.00341796875
0 0.0945945945945946 0.811767578125 0.0017754981258630894 0.00634765625
0 0.3146577234168475 0.811767578125 0.002170053264943776 0.00732421875
0 0.19860919313474057 0.809326171875 0.0008877490629315447 0.00244140625
0 0.1439139869796804 0.8134765625 0.0033537186821858355 0.0126953125
0 0.3066186624580785 0.80810546875 0.002663247188794634 0.0029296875
0 0.1523476030775301 0.81396484375 0.006411521010061156 0.0146484375
0 0.30272243045965674 0.8095703125 0.002959163543105149 0.0068359375
0 0.24807654369698165 0.807373046875 0.000789110278161373 0.00244140625
0 0.232195699348984 0.808349609375 0.001578220556322746 0.00439453125
0 0.2822548826198461 0.8095703125 0.0036496350364963502 0.0078125
0 0.18854803708818307 0.807373046875 0.0030578023278753207 0.00341796875
0 0.13760110475438941 0.81103515625 0.003748273821266522 0.0107421875
0 0.14904320378772934 0.8076171875 0.005523771947129611 0.0048828125
0 0.2786545669757349 0.807373046875 0.0027618859735648055 0.00537109375
0 0.2707634641941211 0.805908203125 0.0013809429867824028 0.00244140625
0 0.177007299270073 0.806396484375 0.0022686920497139475 0.00341796875
0 0.2562142434405208 0.80615234375 0.004044190175577037 0.0048828125
0 0.32175971592029984 0.80517578125 0.004142828960347208 0.00390625
0 0.29848096271453933 0.804443359375 0.000789110278161373 0.00244140625
0 0.1168376405602683 0.807861328125 0.004636022884198066 0.00927734375
0 0.31761688695995266 0.80517578125 0.002170053264943776 0.0048828125
0 0.10726967843756165 0.806640625 0.004044190175577037 0.0078125
0 0.09607417636614717 0.803955078125 0.0023673308344841193 0.00341796875
0 0.28437561649240484 0.802734375 0.000789110278161373 0.001953125
0 0.2657328861708424 0.802734375 0.000789110278161373 0.001953125
0 0.09114223712763858 0.802734375 0.0017754981258630894 0.001953125
0 0.26262576445058194 0.803466796875 0.0012823042020122311 0.00439453125
0 0.24403235352140462 0.803466796875 0.002959163543105149 0.00439453125
0 0.23584533438548036 0.80224609375 0.0009863878477017164 0.001953125
0 0.20571118563819293 0.80224609375 0.0008877490629315447 0.001953125
0 0.1519530479384494 0.802734375 0.0012823042020122311 0.0029296875
0 0.1362694811599921 0.802978515625 0.0008877490629315447 0.00341796875
0 0.2763858749260209 0.80419921875 0.0033537186821858355 0.0068359375
0 0.21853422765831526 0.8017578125 0.0008877490629315447 0.001953125
0 0.1933320181495364 0.8017578125 0.0009863878477017164 0.001953125
0 0.14588676267508385 0.8017578125 0.001578220556322746 0.001953125
0 0.15584927993687117 0.802734375 0.0017754981258630894 0.0048828125
0 0.0935095679621227 0.802734375 0.0025646084040244622 0.0048828125
0 0.5447820082856579 0.801025390625 0.0011836654172420597 0.00244140625
0 0.28116985598737426 0.802001953125 0.002071414480173604 0.00439453125
0 0.24802722430459656 0.80078125 0.0012823042020122311 0.001953125
0 0.2278062734267114 0.80224609375 0.002071414480173604 0.0048828125
0 0.18445452752022096 0.801025390625 0.000789110278161373 0.00244140625
0 0.11170842375221937 0.804443359375 0.003255079897415664 0.00927734375
0 0.7300256460840402 0.80078125 0.0009863878477017164 0.0029296875
0 0.20294929966462813 0.80126953125 0.0014795817715525744 0.00390625
0 0.2547839810613533 0.800048828125 0.000789110278161373 0.00244140625
0 0.24630104557111857 0.80126953125 0.0011836654172420597 0.0048828125
0 0.2427007299270073 0.800048828125 0.0008877490629315447 0.00244140625
0 0.13962319984217794 0.799560546875 0.002465969619254291 0.00341796875
0 0.22055632274610376 0.799560546875 0.0023673308344841193 0.00439453125
0 0.3139672519234563 0.79833984375 0.0017754981258630894 0.0029296875
0 0.18711777470901558 0.798095703125 0.0013809429867824028 0.00244140625
0 0.09050108502663247 0.79833984375 0.0016768593410929177 0.0029296875
0 0.7012231209311501 0.798828125 0.004142828960347208 0.0048828125
0 0.308048924837246 0.798583984375 0.0023673308344841193 0.00439453125
0 0.27944367725389624 0.797607421875 0.000789110278161373 0.00244140625
0 0.12980864075754586 0.80078125 0.008285657920694417 0.0087890625
0 0.124136910633261 0.8017578125 0.005227855592819097 0.0107421875
0 0.10894653777865457 0.798095703125 0.0016768593410929177 0.00341796875
0 0.6834188202801341 0.797119140625 0.0016768593410929177 0.00244140625
0 0.22346616689682383 0.796875 0.001085026632471888 0.001953125
0 0.29542316038666405 0.80224609375 0.003748273821266522 0.013671875
0 0.27214440718090355 0.79833984375 0.0025646084040244622 0.005859375
0 0.27036890905504046 0.79638671875 0.000789110278161373 0.001953125
0 0.20945945945945946 0.7978515625 0.0012823042020122311 0.0048828125
0 0.14657723416847504 0.797119140625 0.001578220556322746 0.00341796875
0 0.2880252515289012 0.803466796875 0.004734661668968239 0.01708984375
0 0.2048234365752614 0.796142578125 0.0014795817715525744 0.00244140625
0 0.5398500690471494 0.794921875 0.000789110278161373 0.001953125
0 0.30222923653580586 0.7978515625 0.0019727756954034327 0.0078125
0 0.28427697770763466 0.797119140625 0.0019727756954034327 0.00634765625
0 0.2680015782205563 0.7958984375 0.0011836654172420597 0.00390625
0 0.21981653186032749 0.795166015625 0.001874136910633261 0.00244140625
0 0.09582757940422174 0.796875 0.0030578023278753207 0.005859375
0 0.16817912803314264 0.79638671875 0.0025646084040244622 0.005859375
0 0.16595975537581378 0.79443359375 0.0008877490629315447 0.001953125
0 0.5368909055040442 0.794189453125 0.0013809429867824028 0.00244140625
0 0.30573091339514696 0.796630859375 0.0028605247583349774 0.00732421875
0 0.21113631880055236 0.7939453125 0.001085026632471888 0.001953125
0 0.1551094890510949 0.794921875 0.0014795817715525744 0.00390625
0 0.30380745709212864 0.7939453125 0.001578220556322746 0.0029296875
0 0.27456105740777276 0.794677734375 0.0022686920497139475 0.00439453125
0 0.23870585914381534 0.7939453125 0.0017754981258630894 0.0029296875
0 0.19185243637798383 0.79345703125 0.0009863878477017164 0.001953125
0 0.2556224107318998 0.79443359375 0.003255079897415664 0.0048828125
0 0.25078911027816136 0.79638671875 0.005622410731899783 0.0087890625
0 0.2059084632077333 0.793212890625 0.0012823042020122311 0.00244140625
0 0.32180903531268495 0.792724609375 0.0014795817715525744 0.00244140625
0 0.2645985401459854 0.79248046875 0.0008877490629315447 0.001953125
0 0.26203393174196093 0.79248046875 0.001085026632471888 0.001953125
0 0.1633951469717893 0.796142578125 0.004044190175577037 0.00927734375
0 0.1529394357861511 0.79248046875 0.0014795817715525744 0.001953125
0 0.33813375419214836 0.79248046875 0.0013809429867824028 0.0029296875
0 0.2417143420793056 0.793701171875 0.002465969619254291 0.00537109375
0 0.21616689682383114 0.792724609375 0.0008877490629315447 0.00341796875
0 0.31386861313868614 0.79248046875 0.0011836654172420597 0.00390625
0 0.2291378970211087 0.792236328125 0.0011836654172420597 0.00341796875
0 0.11304004734661668 0.795654296875 0.005326494377589268 0.01025390625
0 0.29384493983034127 0.79296875 0.003156441112645492 0.0068359375
0 0.28698954428881435 0.79248046875 0.003452357466956007 0.005859375
0 0.2806766620635234 0.791015625 0.001085026632471888 0.0029296875
0 0.13498717695797988 0.791748046875 0.0028605247583349774 0.00439453125
0 0.12734267113829156 0.790771484375 0.0013809429867824028 0.00244140625
0 0.10598737423554942 0.79248046875 0.0028605247583349774 0.005859375
0 0.2657328861708424 0.790771484375 0.0013809429867824028 0.00341796875
0 0.24531465772341685 0.790283203125 0.0009863878477017164 0.00244140625
0 0.12196685736831722 0.7900390625 0.001085026632471888 0.001953125
0 0.7243045965673703 0.789794921875 0.0009863878477017164 0.00244140625
0 0.5236239889524561 0.790771484375 0.004044190175577037 0.00439453125
0 0.31110672716512133 0.791748046875 0.0033537186821858355 0.00634765625
0 0.1467745117380154 0.790771484375 0.002170053264943776 0.00439453125
0 0.2972972972972973 0.789306640625 0.001578220556322746 0.00244140625
0 0.2587295324521602 0.791015625 0.0027618859735648055 0.005859375
0 0.1595482343657526 0.7900390625 0.0012823042020122311 0.00390625
0 0.31761688695995266 0.7890625 0.000789110278161373 0.0029296875
0 0.30030578023278753 0.791259765625 0.0022686920497139475 0.00732421875
0 0.1808048924837246 0.7900390625 0.0019727756954034327 0.0048828125
0 0.619550207141448 0.78857421875 0.0009863878477017164 0.0029296875
0 0.4634050108502663 0.7880859375 0.0009863878477017164 0.001953125
0 0.23653580587887157 0.78857421875 0.0013809429867824028 0.0029296875
0 0.23490826593016373 0.79150390625 0.0028605247583349774 0.0087890625
0 0.09676464785953837 0.78857421875 0.002170053264943776 0.0029296875
0 0.7315545472479779 0.788330078125 0.0012823042020122311 0.00341796875
0 0.3198362596172815 0.789306640625 0.002071414480173604 0.00537109375
0 0.26405602682974944 0.7880859375 0.0011836654172420597 0.0029296875
0 0.25162753994870785 0.78759765625 0.000789110278161373 0.001953125
0 0.24383507595186427 0.7880859375 0.001578220556322746 0.0029296875
0 0.26898796606825803 0.786865234375 0.0009863878477017164 0.00146484375
0 0.13434602485697375 0.787841796875 0.0009863878477017164 0.00341796875
0 0.10090747681988559 0.792724609375 0.0072992700729927005 0.01318359375
0 0.15486289208916945 0.787841796875 0.0027618859735648055 0.00439453125
0 0.12053659498914973 0.7890625 0.002170053264943776 0.0068359375
0 0.5073979088577629 0.786376953125 0.002170053264943776 0.00244140625
0 0.3237324916157033 0.789306640625 0.0033537186821858355 0.00830078125
0 0.2545373840994279 0.7880859375 0.0028605247583349774 0.005859375
0 0.1687216413493786 0.789306640625 0.005622410731899783 0.00830078125
0 0.1613237324916157 0.786376953125 0.0006904714933912014 0.00244140625
0 0.2721937265732886 0.78564453125 0.001085026632471888 0.001953125
0 0.15989347011244823 0.78564453125 0.000789110278161373 0.001953125
0 0.3067666206352338 0.78515625 0.000789110278161373 0.001953125
0 0.26755770368909054 0.78564453125 0.0012823042020122311 0.0029296875
0 0.13252120733872558 0.78759765625 0.0016768593410929177 0.0068359375
0 0.14021503255079898 0.78369140625 0.0006904714933912014 0.001953125
0 0.11175774314460446 0.787841796875 0.004734661668968239 0.01025390625
0 0.4594594594594595 0.783203125 0.0009863878477017164 0.001953125
0 0.310909449595581 0.784423828125 0.0013809429867824028 0.00439453125
0 0.3043006510159795 0.786865234375 0.003550996251726179 0.00927734375
0 0.2792463996843559 0.78515625 0.003550996251726179 0.005859375
0 0.21966857368317222 0.783447265625 0.001578220556322746 0.00244140625
0 0.6968336950088775 0.78271484375 0.0012823042020122311 0.001953125
0 0.27584336160978495 0.78271484375 0.001085026632471888 0.001953125
0 0.23623988952456107 0.782958984375 0.003550996251726179 0.00244140625
0 0.1445551390806865 0.783203125 0.002465969619254291 0.0029296875
0 0.16822844742552773 0.782470703125 0.0012823042020122311 0.00244140625
0 0.09439731702505424 0.783203125 0.0017754981258630894 0.00390625
0 0.32082264746498323 0.78271484375 0.0016768593410929177 0.00390625
0 0.19520615506016967 0.7822265625 0.000789110278161373 0.0029296875
0 0.16324718879463404 0.78466796875 0.0019727756954034327 0.0078125
0 0.15007891102781615 0.781982421875 0.001085026632471888 0.00244140625
0 0.11417439337147367 0.78173828125 0.0008877490629315447 0.001953125
0 0.20181495363977117 0.78125 0.0017754981258630894 0.0029296875
0 0.116097849674492 0.782470703125 0.002170053264943776 0.00537109375
0 0.3078023278753206 0.781005859375 0.0022686920497139475 0.00341796875
0 0.29182284474255277 0.78076171875 0.0030578023278753207 0.0029296875
0 0.25147958177155255 0.78076171875 0.0036496350364963502 0.0029296875
0 0.18450384691260605 0.780517578125 0.001085026632471888 0.00244140625
0 0.17409745511935293 0.78173828125 0.001578220556322746 0.0048828125
0 0.29384493983034127 0.785400390625 0.005721049516669955 0.01318359375
0 0.17049713947524167 0.77978515625 0.001085026632471888 0.001953125
0 0.16541724205957783 0.780029296875 0.0009863878477017164 0.00244140625
0 0.1362694811599921 0.782958984375 0.0066087985796014995 0.00830078125
0 0.33537186821858356 0.780029296875 0.0011836654172420597 0.00341796875
0 0.248273821266522 0.779296875 0.0005918327086210298 0.001953125
0 0.3132767804300651 0.78076171875 0.0019727756954034327 0.005859375
0 0.3004044190175577 0.780029296875 0.004044190175577037 0.00537109375
0 0.27692838824225685 0.7783203125 0.0012823042020122311 0.001953125
0 0.14351943184059973 0.7783203125 0.0011836654172420597 0.001953125
0 0.7220852239100414 0.779296875 0.002663247188794634 0.0048828125
0 0.3186032748076544 0.78173828125 0.002959163543105149 0.009765625
0 0.655701321759716 0.777587890625 0.002071414480173604 0.00244140625
0 0.2716018938646676 0.777587890625 0.0012823042020122311 0.00244140625
0 0.31159992108897216 0.778564453125 0.001578220556322746 0.00537109375
0 0.309775103570724 0.777099609375 0.0014795817715525744 0.00244140625
0 0.1039652791477609 0.778564453125 0.004931939238508582 0.00537109375
0 0.0904024462418623 0.778564453125 0.0014795817715525744 0.00537109375
0 0.2901953047938449 0.777099609375 0.0025646084040244622 0.00439453125
0 0.26538765042414675 0.777587890625 0.002465969619254291 0.00537109375
0 0.2497040836456895 0.776123046875 0.002071414480173604 0.00244140625
0 0.16324718879463404 0.7763671875 0.0011836654172420597 0.0029296875
0 0.2458571710396528 0.77587890625 0.0012823042020122311 0.0029296875
0 0.1501775498125863 0.7763671875 0.0028605247583349774 0.00390625
0 0.14583744328269876 0.775390625 0.0006904714933912014 0.001953125
0 0.0994772144407181 0.77587890625 0.002465969619254291 0.0029296875
0 0.39785953837048726 0.77490234375 0.0008877490629315447 0.001953125
0 0.19742552771749852 0.775634765625 0.0008877490629315447 0.00341796875
0 0.19239494969421977 0.77587890625 0.0022686920497139475 0.00390625
0 0.5344249358847899 0.7744140625 0.000789110278161373 0.001953125
0 0.5145985401459854 0.774658203125 0.0011836654172420597 0.00244140625
0 0.28521404616295126 0.77978515625 0.0038469126060366936 0.0126953125
0 0.2222331820871967 0.77490234375 0.0019727756954034327 0.0029296875
0 0.19017557703689092 0.7744140625 0.0009863878477017164 0.001953125
0 0.3396133359637009 0.774658203125 0.001578220556322746 0.00341796875
0 0.14470309725784178 0.774658203125 0.0009863878477017164 0.00341796875
0 0.2065002959163543 0.773681640625 0.0008877490629315447 0.00244140625
0 0.09706056421384888 0.775146484375 0.0019727756954034327 0.00537109375
0 0.5128230420201223 0.773193359375 0.0005918327086210298 0.00244140625
0 0.22765831524955613 0.7734375 0.001578220556322746 0.0029296875
0 0.2677549812586309 0.77294921875 0.001085026632471888 0.0029296875
0 0.2520220950877885 0.772705078125 0.0011836654172420597 0.00244140625
0 0.18455316630499113 0.7734375 0.001578220556322746 0.00390625
0 0.14731702505425134 0.775146484375 0.002465969619254291 0.00732421875
0 0.10692444269086605 0.772705078125 0.003550996251726179 0.00244140625
0 0.27904912211481553 0.77392578125 0.0017754981258630894 0.005859375
0 0.14356875123298482 0.7734375 0.0012823042020122311 0.0048828125
0 0.43169264154665615 0.7724609375 0.0012823042020122311 0.00390625
0 0.30928190964687313 0.771728515625 0.0012823042020122311 0.00244140625
0 0.27179917143420795 0.772216796875 0.0016768593410929177 0.00341796875
0 0.23757151311895838 0.772216796875 0.002071414480173604 0.00341796875
0 0.21370092720457684 0.772216796875 0.0014795817715525744 0.00341796875
0 0.7257841783389228 0.771240234375 0.0009863878477017164 0.00244140625
0 0.31303018346813966 0.771728515625 0.0016768593410929177 0.00341796875
0 0.12349575853225488 0.771728515625 0.003748273821266522 0.00341796875
0 0.0897119747484711 0.771240234375 0.0008877490629315447 0.00244140625
0 0.29601499309528506 0.773193359375 0.0061156046557506415 0.00732421875
0 0.2742158216610771 0.7724609375 0.0025646084040244622 0.005859375
0 0.17898007496547644 0.770751953125 0.0008877490629315447 0.00244140625
0 0.13276780430065102 0.772216796875 0.004734661668968239 0.00537109375
0 0.15205168672321956 0.770263671875 0.0006904714933912014 0.00244140625
0 0.7242059577826001 0.76904296875 0.001578220556322746 0.001953125
0 0.3318208719668574 0.769775390625 0.005721049516669955 0.00341796875
0 0.15451765634247386 0.76904296875 0.0008877490629315447 0.001953125
0 0.6823337936476622 0.76953125 0.0028605247583349774 0.00390625
0 0.3112053659498915 0.768798828125 0.0017754981258630894 0.00244140625
0 0.3021799171434208 0.769775390625 0.002465969619254291 0.00439453125
0 0.17439337147366343 0.76904296875 0.0013809429867824028 0.0029296875
0 0.32309133951469715 0.7685546875 0.001085026632471888 0.0029296875
0 0.647070428092326 0.767822265625 0.0011836654172420597 0.00244140625
0 0.24812586308936674 0.767822265625 0.0008877490629315447 0.00244140625
0 0.24457486683764057 0.76904296875 0.002071414480173604 0.0048828125
0 0.16561451962911816 0.768310546875 0.001578220556322746 0.00341796875
0 0.10840402446241862 0.7685546875 0.0013809429867824028 0.00390625
0 0.2903925823633853 0.76708984375 0.001578220556322746 0.001953125
0 0.1478102189781022 0.76806640625 0.0012823042020122311 0.00390625
0 0.3188991911619649 0.76611328125 0.0009863878477017164 0.001953125
0 0.0990826593016374 0.766357421875 0.0012823042020122311 0.00244140625
0 0.28906095876898796 0.7685546875 0.0038469126060366936 0.0078125
0 0.25991319786940226 0.76611328125 0.0011836654172420597 0.0029296875
0 0.0956303018346814 0.76806640625 0.0028605247583349774 0.0068359375
0 0.32792463996843557 0.767333984375 0.001874136910633261 0.00634765625
0 0.25833497731307953 0.7646484375 0.000789110278161373 0.001953125
0 0.30464588676267507 0.764404296875 0.002071414480173604 0.00244140625
0 0.2931544683369501 0.766357421875 0.0023673308344841193 0.00634765625
0 0.2675083842967055 0.764404296875 0.0009863878477017164 0.00244140625
0 0.24082659301637405 0.76416015625 0.0006904714933912014 0.001953125
0 0.13913000591832708 0.76416015625 0.0014795817715525744 0.0029296875
0 0.13449398303412902 0.76416015625 0.001085026632471888 0.0029296875
0 0.7060564213848886 0.76318359375 0.000789110278161373 0.001953125
0 0.2765338331031762 0.763427734375 0.0012823042020122311 0.00244140625
0 0.15432037877293353 0.763916015625 0.002071414480173604 0.00439453125
0 0.14376602880252515 0.76318359375 0.0012823042020122311 0.0029296875
0 0.7176957979877688 0.762451171875 0.0009863878477017164 0.00244140625
0 0.46897810218978103 0.76171875 0.0008877490629315447 0.001953125
0 0.2973466166896824 0.762939453125 0.001085026632471888 0.00439453125
0 0.20245610574077727 0.761962890625 0.001085026632471888 0.00244140625
0 0.11067271651213258 0.7626953125 0.0017754981258630894 0.00390625
0 0.09301637403827184 0.76220703125 0.0013809429867824028 0.0029296875
0 0.3181594002761886 0.761474609375 0.0006904714933912014 0.00244140625
0 0.2566087985796015 0.7626953125 0.0012823042020122311 0.0048828125
0 0.3223515486289209 0.76220703125 0.001578220556322746 0.0048828125
0 0.2809725784178339 0.765869140625 0.003255079897415664 0.01220703125
0 0.12635628329058987 0.76220703125 0.003156441112645492 0.0048828125
0 0.2958177155257447 0.760009765625 0.002170053264943776 0.00244140625
0 0.10381732097060564 0.763671875 0.004044190175577037 0.009765625
0 0.28733478003550994 0.759765625 0.000789110278161373 0.0029296875
0 0.17740185440915368 0.75927734375 0.0008877490629315447 0.001953125
0 0.33394160583941607 0.75927734375 0.0012823042020122311 0.0029296875
0 0.5794042217399882 0.758544921875 0.002170053264943776 0.00244140625
0 0.2990234760307753 0.75927734375 0.002071414480173604 0.00390625
0 0.19663641743933716 0.759033203125 0.0012823042020122311 0.00341796875
0 0.293105148944565 0.759033203125 0.002465969619254291 0.00439453125
0 0.22124679423949498 0.758056640625 0.0013809429867824028 0.00244140625
0 0.19002761885973565 0.75830078125 0.001085026632471888 0.0029296875
0 0.6943184059972382 0.75732421875 0.0011836654172420597 0.0029296875
0 0.30523771947129613 0.7578125 0.0022686920497139475 0.00390625
0 0.3386762675083843 0.75732421875 0.001085026632471888 0.00390625
0 0.28975143026237915 0.7578125 0.002663247188794634 0.0048828125
0 0.274709015584928 0.75927734375 0.002959163543105149 0.0087890625
0 0.19742552771749852 0.756103515625 0.0006904714933912014 0.00244140625
0 0.17685934109291773 0.75537109375 0.000789110278161373 0.001953125
0 0.10149930952850661 0.755615234375 0.000789110278161373 0.00244140625
0 0.29566975734858947 0.7548828125 0.0036496350364963502 0.00390625
0 0.7106924442690866 0.75341796875 0.000789110278161373 0.001953125
0 0.12694811599921088 0.755126953125 0.002170053264943776 0.00537109375
0 0.3150029591635431 0.75732421875 0.0030578023278753207 0.0107421875
0 0.301144209903334 0.75341796875 0.0017754981258630894 0.0029296875
0 0.28255079897415664 0.75439453125 0.00424146774511738 0.0048828125
0 0.1164924048135727 0.753173828125 0.001578220556322746 0.00341796875
0 0.09612349575853225 0.752685546875 0.0008877490629315447 0.00244140625
0 0.32289406194515685 0.752197265625 0.0022686920497139475 0.00537109375
0 0.22548826198461236 0.75048828125 0.0013809429867824028 0.001953125
0 0.09883606233971197 0.752685546875 0.0027618859735648055 0.00634765625
0 0.6989544288814362 0.750244140625 0.0011836654172420597 0.00244140625
0 0.31283290589859936 0.750732421875 0.001874136910633261 0.00341796875
0 0.2997139475241665 0.75048828125 0.0012823042020122311 0.0029296875
0 0.2664233576642336 0.75 0.0013809429867824028 0.001953125
0 0.6254192148352732 0.749755859375 0.001085026632471888 0.00244140625
0 0.3056815940027619 0.750244140625 0.0013809429867824028 0.00341796875
0 0.25281120536594986 0.749755859375 0.000789110278161373 0.00244140625
0 0.14080686525942002 0.75 0.001874136910633261 0.0029296875
0 0.30331426316827775 0.74951171875 0.0017754981258630894 0.0029296875
0 0.28555928190964686 0.75 0.0013809429867824028 0.0048828125
0 0.2753994870783192 0.750732421875 0.0027618859735648055 0.00732421875
0 0.3188991911619649 0.751220703125 0.0025646084040244622 0.00927734375
0 0.29769185243637797 0.748779296875 0.0023673308344841193 0.00439453125
0 0.22755967646478595 0.747802734375 0.0017754981258630894 0.00341796875
0 0.17227263760110476 0.74560546875 0.0008877490629315447 0.001953125
0 0.24773130795028606 0.745849609375 0.0014795817715525744 0.00439453125
0 0.1797198658512527 0.74560546875 0.0017754981258630894 0.0048828125
0 0.1759715920299862 0.743896484375 0.0009863878477017164 0.00244140625
0 0.31421384888538173 0.743408203125 0.0006904714933912014 0.00244140625
0 0.14943775892681002 0.7431640625 0.0009863878477017164 0.0029296875
0 0.29443677253896233 0.742431640625 0.000789110278161373 0.00244140625
0 0.277569540343263 0.74267578125 0.002170053264943776 0.0029296875
0 0.2760406391793253 0.74169921875 0.0008877490629315447 0.001953125
0 0.238508581574275 0.741455078125 0.0009863878477017164 0.00146484375
0 0.13671335569145787 0.741943359375 0.0009863878477017164 0.00244140625
0 0.3237324916157033 0.7421875 0.0023673308344841193 0.00390625
0 0.08985993292562636 0.7412109375 0.0009863878477017164 0.001953125
0 0.139080686525942 0.740234375 0.0013809429867824028 0.0029296875
0 0.25128230420201225 0.7392578125 0.001085026632471888 0.001953125
0 0.3026731110672716 0.740234375 0.0014795817715525744 0.0048828125
0 0.29946735056224105 0.741943359375 0.0027618859735648055 0.00927734375
0 0.2707634641941211 0.73828125 0.001578220556322746 0.001953125
0 0.10865062142434405 0.73876953125 0.0008877490629315447 0.0029296875
0 0.6583645689485106 0.73779296875 0.0008877490629315447 0.0029296875
0 0.31061353324127045 0.7373046875 0.0009863878477017164 0.001953125
0 0.2799861905701322 0.7373046875 0.002071414480173604 0.0029296875
0 0.30849279936871177 0.7392578125 0.0030578023278753207 0.0078125
0 0.27248964292759914 0.736328125 0.001085026632471888 0.001953125
0 0.3125863089366739 0.736083984375 0.0013809429867824028 0.00244140625
0 0.11299072795423161 0.736328125 0.0016768593410929177 0.0029296875
0 0.17754981258630895 0.7353515625 0.0013809429867824028 0.001953125
0 0.09296705464588677 0.735595703125 0.0006904714933912014 0.00244140625
0 0.3164825409350957 0.736083984375 0.0012823042020122311 0.00439453125
0 0.2670645097652397 0.73583984375 0.0014795817715525744 0.00390625
0 0.22903925823633853 0.73486328125 0.0011836654172420597 0.001953125
0 0.3003550996251726 0.73291015625 0.0009863878477017164 0.001953125
0 0.29818504636022886 0.73291015625 0.0009863878477017164 0.001953125
0 0.29192148352732294 0.734619140625 0.0022686920497139475 0.00634765625
0 0.24240481357269678 0.733154296875 0.0016768593410929177 0.00341796875
0 0.1881534819491024 0.732666015625 0.0008877490629315447 0.00244140625
0 0.13804497928585518 0.732421875 0.001085026632471888 0.001953125
0 0.7295324521601894 0.73193359375 0.0009863878477017164 0.001953125
0 0.3494772144407181 0.73193359375 0.0017754981258630894 0.0029296875
0 0.2890116393766029 0.733154296875 0.0019727756954034327 0.00537109375
0 0.25848293549023477 0.731689453125 0.001085026632471888 0.00244140625
0 0.23658512527125666 0.7314453125 0.0006904714933912014 0.001953125
0 0.3027717498520418 0.73193359375 0.001874136910633261 0.00390625
0 0.29058985993292563 0.731201171875 0.000789110278161373 0.00244140625
0 0.28531268494772144 0.730712890625 0.001085026632471888 0.00244140625
0 0.3174196093904123 0.730712890625 0.0011836654172420597 0.00341796875
0 0.23441507200631287 0.7294921875 0.0008877490629315447 0.0029296875
0 0.32318997829946733 0.729248046875 0.002071414480173604 0.00341796875
0 0.3063720654961531 0.729736328125 0.0027618859735648055 0.00537109375
0 0.2956204379562044 0.72900390625 0.001578220556322746 0.00390625
0 0.22524166502268692 0.7275390625 0.0008877490629315447 0.001953125
0 0.4401755770368909 0.727294921875 0.0008877490629315447 0.00244140625
0 0.13893272834878675 0.72705078125 0.0008877490629315447 0.001953125
0 0.16566383902150325 0.727294921875 0.001085026632471888 0.00341796875
0 0.30370881830735846 0.726318359375 0.0009863878477017164 0.00244140625
0 0.275300848293549 0.727294921875 0.0013809429867824028 0.00439453125
0 0.7007792463996844 0.72607421875 0.001085026632471888 0.00390625
0 0.11747879266127441 0.72509765625 0.0013809429867824028 0.001953125
0 0.6790293943578615 0.724609375 0.000789110278161373 0.001953125
0 0.3355691457881239 0.72509765625 0.0019727756954034327 0.00390625
0 0.6957979877687906 0.72314453125 0.0011836654172420597 0.001953125
0 0.31061353324127045 0.727783203125 0.0027618859735648055 0.01123046875
0 0.44703097257841784 0.72265625 0.000789110278161373 0.001953125
0 0.3316729137897021 0.723388671875 0.002071414480173604 0.00341796875
0 0.30538567764845137 0.723876953125 0.0017754981258630894 0.00439453125
0 0.2771256658117972 0.72314453125 0.0014795817715525744 0.0029296875
0 0.29951666995462617 0.723876953125 0.0028605247583349774 0.00732421875
0 0.2277569540343263 0.72119140625 0.0009863878477017164 0.001953125
0 0.27046754783981064 0.7197265625 0.000789110278161373 0.001953125
0 0.252860524758335 0.719970703125 0.001085026632471888 0.00244140625
0 0.24807654369698165 0.71923828125 0.000789110278161373 0.001953125
0 0.2305681594002762 0.71923828125 0.0008877490629315447 0.001953125
0 0.2405799960544486 0.71923828125 0.0009863878477017164 0.0029296875
0 0.1748865653975143 0.720458984375 0.0013809429867824028 0.00537109375
0 0.6485006904714934 0.7177734375 0.001874136910633261 0.0029296875
0 0.3257052673111067 0.71826171875 0.002170053264943776 0.005859375
0 0.3147563622016177 0.716796875 0.0013809429867824028 0.0029296875
0 0.33438548037088184 0.7177734375 0.002959163543105149 0.0068359375
0 0.2858551982639574 0.71630859375 0.0013809429867824028 0.00390625
0 0.17390017754981257 0.715576171875 0.0009863878477017164 0.00244140625
0 0.26819885579009667 0.71484375 0.000789110278161373 0.001953125
0 0.3187512329848096 0.7138671875 0.0016768593410929177 0.001953125
0 0.3094791872164135 0.714599609375 0.0016768593410929177 0.00341796875
0 0.29364766226080097 0.714599609375 0.0017754981258630894 0.00537109375
0 0.28985006904714933 0.7158203125 0.002663247188794634 0.0078125
0 0.21325705267311107 0.712890625 0.0009863878477017164 0.001953125
0 0.5871966857368317 0.71240234375 0.0013809429867824028 0.001953125
0 0.31184651805089764 0.71337890625 0.002663247188794634 0.00390625
0 0.2729335174590649 0.712646484375 0.0009863878477017164 0.00244140625
0 0.5538567764845137 0.712158203125 0.0011836654172420597 0.00244140625
0 0.30523771947129613 0.712158203125 0.0014795817715525744 0.00341796875
0 0.30992306174787926 0.709716796875 0.0009863878477017164 0.00244140625
0 0.2521207338725587 0.708984375 0.0013809429867824028 0.001953125
0 0.2655849279936871 0.709228515625 0.001085026632471888 0.00341796875
0 0.2581376997435392 0.708740234375 0.000789110278161373 0.00244140625
0 0.31628526336555535 0.70751953125 0.0008877490629315447 0.001953125
0 0.2597159202998619 0.70703125 0.000789110278161373 0.001953125
0 0.29409153679226674 0.7060546875 0.0008877490629315447 0.001953125
0 0.21079108305385677 0.705322265625 0.0005918327086210298 0.00244140625
0 0.5549911225093707 0.70458984375 0.001085026632471888 0.001953125
0 0.2748076543696982 0.704833984375 0.0009863878477017164 0.00244140625
0 0.2841783389228645 0.7041015625 0.0017754981258630894 0.001953125
0 0.305188400078911 0.703857421875 0.0009863878477017164 0.00244140625
0 0.33640757545867034 0.701416015625 0.0012823042020122311 0.00244140625
0 0.6382422568553956 0.69873046875 0.001085026632471888 0.001953125
0 0.5099625172617873 0.6982421875 0.001578220556322746 0.0029296875
0 0.30030578023278753 0.697998046875 0.0022686920497139475 0.00244140625
0 0.2975932136516078 0.69970703125 0.002959163543105149 0.005859375
0 0.5613040047346617 0.696533203125 0.001085026632471888 0.00244140625
0 0.3032156243835076 0.694580078125 0.0009863878477017164 0.00341796875
0 0.2658315249556125 0.691162109375 0.0009863878477017164 0.00244140625
0 0.2962615900572105 0.691650390625 0.001874136910633261 0.00537109375
0 0.27623791674886566 0.691162109375 0.0012823042020122311 0.00439453125
0 0.3118958374432827 0.685302734375 0.0011836654172420597 0.00244140625
0 0.29266127441309925 0.682861328125 0.0013809429867824028 0.00341796875
