0 0.3323140658907082 0.990966796875 0.004340106529887552 0.00244140625
0 0.11816926415466561 0.990966796875 0.0027618859735648055 0.00244140625
0 0.3382817123693036 0.9697265625 0.002465969619254291 0.0029296875
0 0.34232590254488066 0.967041015625 0.005622410731899783 0.00439453125
0 0.3330538567764845 0.965087890625 0.0077924639968435586 0.00439453125
0 0.11190570132175971 0.959716796875 0.00483330045373841 0.00341796875
0 0.28866640362990725 0.95361328125 0.0022686920497139475 0.001953125
0 0.34863878477017163 0.953857421875 0.007989741566383901 0.00537109375
0 0.32841783389228646 0.950439453125 0.001085026632471888 0.00244140625
0 0.46981653186032746 0.94482421875 0.003748273821266522 0.001953125
0 0.4297691852436378 0.940673828125 0.004340106529887552 0.00244140625
0 0.27727362398895244 0.939453125 0.0033537186821858355 0.001953125
0 0.3330538567764845 0.9287109375 0.0077924639968435586 0.0048828125
0 0.3612152298283685 0.927978515625 0.004340106529887552 0.00537109375
0 0.1077628723614125 0.92529296875 0.002465969619254291 0.0029296875
0 0.13577628723614124 0.925048828125 0.0038469126060366936 0.00341796875
0 0.10529690274215822 0.922607421875 0.003452357466956007 0.00244140625
0 0.15002959163543106 0.9208984375 0.0039455513908068654 0.001953125
0 0.34360820674689285 0.92041015625 0.003255079897415664 0.0048828125
0 0.2876800157822056 0.916748046875 0.003452357466956007 0.00244140625
0 0.33887354507792466 0.916259765625 0.0012823042020122311 0.00244140625
0 0.12216413493785756 0.91552734375 0.0030578023278753207 0.0029296875
0 0.11629512724403235 0.912841796875 0.0033537186821858355 0.00244140625
0 0.167242059577826 0.911376953125 0.002071414480173604 0.00244140625
0 0.34780035509962515 0.91162109375 0.002959163543105149 0.00390625
0 0.1609784967449201 0.910888671875 0.004142828960347208 0.00244140625
0 0.09858946537778654 0.907470703125 0.0022686920497139475 0.00244140625
0 0.3331031761688696 0.906005859375 0.004340106529887552 0.00439453125
0 0.35583941605839414 0.903564453125 0.0016768593410929177 0.00244140625
0 0.3281219175379759 0.901123046875 0.005622410731899783 0.00439453125
0 0.11165910435983428 0.89892578125 0.0039455513908068654 0.0029296875
0 0.40136121522982837 0.89892578125 0.004931939238508582 0.00390625
0 0.35874926020911424 0.8984375 0.006312882225290984 0.00390625
0 0.10682580390609588 0.895751953125 0.0039455513908068654 0.00341796875
0 0.3024265141053462 0.8935546875 0.0017754981258630894 0.001953125
0 0.1992503452357467 0.8935546875 0.0009863878477017164 0.001953125
0 0.41812980864075755 0.8935546875 0.004340106529887552 0.00390625
0 0.32175971592029984 0.89306640625 0.0039455513908068654 0.0029296875
0 0.1345926218188992 0.891357421875 0.002465969619254291 0.00244140625
0 0.12576445058196883 0.8916015625 0.005721049516669955 0.0029296875
0 0.13814361807062536 0.890625 0.0028605247583349774 0.0029296875
0 0.15826593016374038 0.889892578125 0.0030578023278753207 0.00244140625
0 0.48303412901953047 0.889892578125 0.006510159794831328 0.00439453125
0 0.43973170250542515 0.888916015625 0.0027618859735648055 0.00244140625
0 0.1293647662260801 0.88330078125 0.004636022884198066 0.0029296875
0 0.3272341684750444 0.88134765625 0.0066087985796014995 0.0048828125
0 0.10786151114618268 0.878662109375 0.004044190175577037 0.00244140625
0 0.25675675675675674 0.878173828125 0.0023673308344841193 0.00244140625
0 0.11964884592621819 0.87841796875 0.0027618859735648055 0.0029296875
0 0.3449398303412902 0.877685546875 0.0009863878477017164 0.00244140625
0 0.11180706253698955 0.877685546875 0.0030578023278753207 0.00244140625
0 0.14835273229433812 0.877197265625 0.005326494377589268 0.00341796875
0 0.33468139672519237 0.8759765625 0.003550996251726179 0.0029296875
0 0.1053462221345433 0.876220703125 0.009469323337936477 0.00537109375
0 0.13695995265338332 0.873291015625 0.0036496350364963502 0.00244140625
0 0.3389228644703097 0.8740234375 0.004340106529887552 0.0048828125
0 0.41906687709607415 0.872802734375 0.0036496350364963502 0.00341796875
0 0.4293746301045571 0.871826171875 0.0025646084040244622 0.00244140625
0 0.30799960544486094 0.873291015625 0.0022686920497139475 0.00537109375
0 0.09952653383310317 0.872802734375 0.0051292168080489245 0.00439453125
0 0.2343657526139278 0.872314453125 0.0051292168080489245 0.00537109375
0 0.1255178536200434 0.870849609375 0.006411521010061156 0.00341796875
0 0.17661274413099232 0.869140625 0.002465969619254291 0.001953125
0 0.29364766226080097 0.869140625 0.004537384099427895 0.0029296875
0 0.3699447622805287 0.8701171875 0.008581574275004932 0.005859375
0 0.2763858749260209 0.867431640625 0.0009863878477017164 0.00146484375
0 0.10312684947721444 0.868408203125 0.0044387453146577235 0.00439453125
0 0.31243835075951865 0.8671875 0.002663247188794634 0.0029296875
0 0.33053856776484514 0.86669921875 0.003550996251726179 0.00390625
0 0.13335963700927206 0.865234375 0.008680213059775104 0.0048828125
0 0.12832905898599328 0.86328125 0.0027618859735648055 0.0029296875
0 0.2180410337344644 0.8623046875 0.001874136910633261 0.001953125
0 0.11594989149733675 0.8623046875 0.0038469126060366936 0.0029296875
0 0.4255770368909055 0.862060546875 0.00424146774511738 0.00341796875
0 0.09799763266916552 0.862060546875 0.003255079897415664 0.00341796875
0 0.30232787532057603 0.861572265625 0.003550996251726179 0.00341796875
0 0.22731307950286053 0.859375 0.002465969619254291 0.001953125
0 0.28748273821266523 0.8583984375 0.0008877490629315447 0.001953125
0 0.40254488064707045 0.860107421875 0.007891102781613731 0.00634765625
0 0.1550601696587098 0.858154296875 0.003550996251726179 0.00244140625
0 0.2860031564411126 0.857421875 0.0016768593410929177 0.00390625
0 0.10899585717103966 0.857421875 0.005918327086210298 0.00390625
0 0.3943085421187611 0.856689453125 0.006016965870980469 0.00439453125
0 0.29660682580390607 0.85498046875 0.0009863878477017164 0.001953125
0 0.13163345827579404 0.85595703125 0.00483330045373841 0.00390625
0 0.4231110672716512 0.85498046875 0.005030578023278753 0.0029296875
0 0.32185835470507 0.855224609375 0.007101992503452358 0.00439453125
0 0.26543696981653186 0.854248046875 0.003550996251726179 0.00244140625
0 0.2301736042611955 0.853271484375 0.001874136910633261 0.00244140625
0 0.1877589268100217 0.853515625 0.002071414480173604 0.0029296875
0 0.19032353521404616 0.8525390625 0.0008877490629315447 0.001953125
0 0.13799565989347012 0.852783203125 0.004537384099427895 0.00341796875
0 0.17769777076346419 0.8505859375 0.003255079897415664 0.001953125
0 0.17409745511935293 0.849853515625 0.0019727756954034327 0.00244140625
0 0.3863188005523772 0.8505859375 0.007200631288222529 0.0048828125
0 0.3070132175971592 0.849609375 0.003255079897415664 0.0029296875
0 0.12532057605050306 0.851318359375 0.009567962122706648 0.00732421875
0 0.15767409745511934 0.847900390625 0.003255079897415664 0.00244140625
0 0.14174393371473665 0.84814453125 0.0033537186821858355 0.0029296875
0 0.3369007693825212 0.847900390625 0.006016965870980469 0.00341796875
0 0.3685638192937463 0.84716796875 0.0036496350364963502 0.0029296875
0 0.3471592029986191 0.849853515625 0.005030578023278753 0.00927734375
0 0.18262971000197278 0.84619140625 0.0028605247583349774 0.001953125
0 0.19984217794436773 0.84619140625 0.002170053264943776 0.0029296875
0 0.2924146774511738 0.845703125 0.0014795817715525744 0.00390625
0 0.38335963700927206 0.844970703125 0.006806076149141842 0.00341796875
0 0.20822647464983232 0.844482421875 0.002959163543105149 0.00244140625
0 0.3232886170842375 0.84228515625 0.003452357466956007 0.001953125
0 0.2725882817123693 0.842041015625 0.0016768593410929177 0.00244140625
0 0.19683369500887749 0.841552734375 0.0012823042020122311 0.00341796875
0 0.25330439928980075 0.84033203125 0.0027618859735648055 0.001953125
0 0.2989741566383902 0.841064453125 0.008088380351154074 0.00439453125
0 0.13819293746301045 0.841796875 0.0051292168080489245 0.005859375
0 0.3407476819885579 0.843505859375 0.009370684553166305 0.01025390625
0 0.2756954034326297 0.839599609375 0.0023673308344841193 0.00244140625
0 0.13168277766817912 0.840576171875 0.006312882225290984 0.00439453125
0 0.42542907871375024 0.839599609375 0.002959163543105149 0.00341796875
0 0.31238903136713353 0.83935546875 0.0039455513908068654 0.0029296875
0 0.21256658117971985 0.83935546875 0.002170053264943776 0.0029296875
0 0.6665515880844348 0.8388671875 0.0038469126060366936 0.0029296875
0 0.3236831722233182 0.838623046875 0.004044190175577037 0.00244140625
0 0.6877096074176366 0.83544921875 0.003550996251726179 0.0029296875
0 0.2864963503649635 0.83642578125 0.0028605247583349774 0.0048828125
0 0.2963109094495956 0.834716796875 0.002170053264943776 0.00244140625
0 0.17745117380153877 0.833984375 0.0019727756954034327 0.001953125
0 0.1994969421976721 0.832275390625 0.002071414480173604 0.00244140625
0 0.3794140856184652 0.831787109375 0.003255079897415664 0.00244140625
0 0.24797790491221147 0.831787109375 0.0025646084040244622 0.00244140625
0 0.16600907476819884 0.83203125 0.002170053264943776 0.0029296875
0 0.3335963700927205 0.833740234375 0.007891102781613731 0.00732421875
0 0.17025054251331623 0.831787109375 0.0039455513908068654 0.00341796875
0 0.3055829552179917 0.83056640625 0.0025646084040244622 0.00390625
0 0.40239692246991515 0.829345703125 0.005227855592819097 0.00341796875
0 0.2824028407970014 0.829833984375 0.002170053264943776 0.00439453125
0 0.29369698165318603 0.82958984375 0.0036496350364963502 0.0048828125
0 0.32935490234760306 0.827880859375 0.003748273821266522 0.00244140625
0 0.32037877293351746 0.826171875 0.005523771947129611 0.0029296875
0 0.4292266719274019 0.824951171875 0.002465969619254291 0.00244140625
0 0.19204971394752415 0.824951171875 0.003156441112645492 0.00244140625
0 0.2200631288222529 0.824951171875 0.005721049516669955 0.00341796875
0 0.15076938252120733 0.82470703125 0.0022686920497139475 0.0029296875
0 0.21291181692641548 0.823974609375 0.004044190175577037 0.00244140625
0 0.4209410140067074 0.824462890625 0.008778851844545275 0.00439453125
0 0.1745413296508187 0.823486328125 0.004044190175577037 0.00244140625
0 0.30923259025448807 0.823974609375 0.002959163543105149 0.00439453125
0 0.20561254685342276 0.822509765625 0.00424146774511738 0.00244140625
0 0.694269086604853 0.82177734375 0.00483330045373841 0.0029296875
0 0.2399881633458276 0.821533203125 0.0033537186821858355 0.00244140625
0 0.2006312882225291 0.821533203125 0.0025646084040244622 0.00244140625
0 0.2624778062734267 0.82080078125 0.0023673308344841193 0.001953125
0 0.18800552377194713 0.8203125 0.002959163543105149 0.0029296875
0 0.28772933517459065 0.8193359375 0.003156441112645492 0.001953125
0 0.23273821266521996 0.81982421875 0.002663247188794634 0.0029296875
0 0.38779838232392977 0.819091796875 0.0030578023278753207 0.00244140625
0 0.19249358847898995 0.81982421875 0.005227855592819097 0.00390625
0 0.31806076149141843 0.818603515625 0.00424146774511738 0.00244140625
0 0.21074176366147168 0.819091796875 0.00542513316235944 0.00341796875
0 0.1825310712172026 0.819091796875 0.0066087985796014995 0.00341796875
0 0.3463207733280726 0.820556640625 0.00907476819885579 0.00732421875
0 0.5095186427303215 0.8173828125 0.0044387453146577235 0.0029296875
0 0.20191359242454132 0.816162109375 0.003156441112645492 0.00244140625
0 0.25567173012428485 0.815673828125 0.0025646084040244622 0.00244140625
0 0.17365358058788716 0.817626953125 0.006806076149141842 0.00634765625
0 0.366097849674492 0.8154296875 0.0038469126060366936 0.0029296875
0 0.30444860919313477 0.816650390625 0.006411521010061156 0.00732421875
0 0.2521700532649438 0.8134765625 0.0014795817715525744 0.001953125
0 0.215525744722825 0.81298828125 0.003748273821266522 0.001953125
0 0.3564312487670152 0.81494140625 0.005030578023278753 0.0078125
0 0.09326297100019727 0.81298828125 0.0012823042020122311 0.00390625
0 0.24935884789899387 0.810302734375 0.003550996251726179 0.00341796875
0 0.20428092325902544 0.81005859375 0.005918327086210298 0.0048828125
0 0.1975734858946538 0.807861328125 0.0019727756954034327 0.00244140625
0 0.2897021108699941 0.808349609375 0.0025646084040244622 0.00439453125
0 0.220112448214638 0.8056640625 0.0016768593410929177 0.001953125
0 0.20137107910830537 0.8056640625 0.002663247188794634 0.0029296875
0 0.19525547445255476 0.80615234375 0.007595186427303216 0.00390625
0 0.4441211284276978 0.80419921875 0.0006904714933912014 0.001953125
0 0.4066877096074176 0.8076171875 0.004931939238508582 0.0087890625
0 0.2749556125468534 0.804443359375 0.0030578023278753207 0.00244140625
0 0.30933122903925825 0.80419921875 0.0023673308344841193 0.0029296875
0 0.23623988952456107 0.80322265625 0.004340106529887552 0.0029296875
0 0.22583349773130795 0.802978515625 0.0044387453146577235 0.00244140625
0 0.27322943381337544 0.80224609375 0.0013809429867824028 0.001953125
0 0.24388439534424936 0.8037109375 0.003452357466956007 0.0048828125
0 0.09094495955809824 0.8037109375 0.003550996251726179 0.0048828125
0 0.30508976129414084 0.8037109375 0.003156441112645492 0.005859375
0 0.28669362793450387 0.802734375 0.003452357466956007 0.00390625
0 0.40037482738212665 0.802490234375 0.004734661668968239 0.00634765625
0 0.19106332609982246 0.801513671875 0.003748273821266522 0.00439453125
0 0.42858551982639576 0.80126953125 0.005918327086210298 0.0048828125
0 0.297149339120142 0.80419921875 0.0077924639968435586 0.01171875
0 0.5104063917932531 0.79931640625 0.0038469126060366936 0.0029296875
0 0.23180114420990333 0.79931640625 0.0033537186821858355 0.0029296875
0 0.09918129808640758 0.7998046875 0.0044387453146577235 0.00390625
0 0.3946537778654567 0.79833984375 0.001578220556322746 0.0029296875
0 0.31697573485894653 0.797607421875 0.0036496350364963502 0.00244140625
0 0.42158216610771354 0.797119140625 0.0025646084040244622 0.00244140625
0 0.2838331031761689 0.79736328125 0.0038469126060366936 0.00390625
0 0.2802327875320576 0.797607421875 0.0025646084040244622 0.00439453125
0 0.22583349773130795 0.797607421875 0.005030578023278753 0.00439453125
0 0.43613138686131386 0.796630859375 0.002465969619254291 0.00341796875
0 0.43381337541921483 0.795654296875 0.0017754981258630894 0.00244140625
0 0.34434799763266916 0.796142578125 0.004734661668968239 0.00439453125
0 0.25340303807457093 0.794677734375 0.002170053264943776 0.00244140625
0 0.3504142828960347 0.795654296875 0.008187019135924246 0.00732421875
0 0.31697573485894653 0.79345703125 0.00483330045373841 0.0029296875
0 0.23485894653777867 0.7939453125 0.0039455513908068654 0.00390625
0 0.18746301045571118 0.79296875 0.003255079897415664 0.0029296875
0 0.27904912211481553 0.7919921875 0.001578220556322746 0.001953125
0 0.25567173012428485 0.7919921875 0.0013809429867824028 0.001953125
0 0.39159597553758135 0.7919921875 0.003156441112645492 0.0029296875
0 0.2903925823633853 0.79248046875 0.003156441112645492 0.0048828125
0 0.20842375221937265 0.791748046875 0.005721049516669955 0.00341796875
0 0.43386269481159995 0.790771484375 0.0036496350364963502 0.00244140625
0 0.28772933517459065 0.79248046875 0.0017754981258630894 0.005859375
0 0.24817518248175183 0.791748046875 0.005523771947129611 0.00439453125
0 0.23061747879266128 0.79052734375 0.002170053264943776 0.001953125
0 0.29927007299270075 0.79443359375 0.009272045768396133 0.0107421875
0 0.4020023673308345 0.790283203125 0.00424146774511738 0.00341796875
0 0.30908463207733283 0.793212890625 0.009370684553166305 0.00927734375
0 0.23308344841191556 0.78955078125 0.002170053264943776 0.0029296875
0 0.20403432629710003 0.789306640625 0.0030578023278753207 0.00244140625
0 0.42962122706648254 0.78857421875 0.0038469126060366936 0.001953125
0 0.22785559281909648 0.7880859375 0.0017754981258630894 0.001953125
0 0.1960939041231012 0.788818359375 0.0023673308344841193 0.00341796875
0 0.09173406983625962 0.788330078125 0.003156441112645492 0.00244140625
0 0.3201814953639771 0.786865234375 0.004734661668968239 0.00244140625
0 0.2239593608206747 0.78662109375 0.003452357466956007 0.001953125
0 0.20847307161175774 0.787109375 0.0038469126060366936 0.0029296875
0 0.3179128033142632 0.78515625 0.003156441112645492 0.0029296875
0 0.29399289800749656 0.784912109375 0.0038469126060366936 0.00244140625
0 0.3080982442296311 0.78564453125 0.004044190175577037 0.0048828125
0 0.24077727362398896 0.78564453125 0.003156441112645492 0.0048828125
0 0.1714342079305583 0.78369140625 0.0027618859735648055 0.001953125
0 0.26726178733478 0.783447265625 0.0030578023278753207 0.00244140625
0 0.3521897810218978 0.783203125 0.0038469126060366936 0.0029296875
0 0.2451173801538765 0.784423828125 0.0039455513908068654 0.00537109375
0 0.20299861905701322 0.783935546875 0.008088380351154074 0.00439453125
0 0.3442986782402841 0.7822265625 0.0044387453146577235 0.0029296875
0 0.2785066087985796 0.7822265625 0.0008877490629315447 0.0029296875
0 0.19574866837640562 0.783203125 0.002465969619254291 0.0048828125
0 0.3076050503057802 0.78125 0.002071414480173604 0.001953125
0 0.4329256263562833 0.782958984375 0.0039455513908068654 0.00634765625
0 0.2325902544880647 0.781005859375 0.003156441112645492 0.00244140625
0 0.41743933714736636 0.780517578125 0.004537384099427895 0.00244140625
0 0.27993687117774707 0.781005859375 0.0013809429867824028 0.00341796875
0 0.28955415269283885 0.7802734375 0.002465969619254291 0.0029296875
0 0.43692049713947523 0.7802734375 0.00424146774511738 0.00390625
0 0.23688104162556717 0.781494140625 0.007003353718682186 0.00634765625
0 0.21675872953245215 0.780029296875 0.004044190175577037 0.00341796875
0 0.19851055434997042 0.779296875 0.0028605247583349774 0.001953125
0 0.4471789307555731 0.77978515625 0.002465969619254291 0.00390625
0 0.42039850069047147 0.778076171875 0.004734661668968239 0.00244140625
0 0.30370881830735846 0.779296875 0.004537384099427895 0.0048828125
0 0.09987176957979878 0.779296875 0.00483330045373841 0.0048828125
0 0.27456105740777276 0.776611328125 0.003255079897415664 0.00341796875
0 0.4116196488459262 0.777587890625 0.006312882225290984 0.00634765625
0 0.35860130203195895 0.77490234375 0.0014795817715525744 0.001953125
0 0.15609587689879661 0.774169921875 0.004044190175577037 0.00244140625
0 0.43938646675872955 0.7744140625 0.005227855592819097 0.0048828125
0 0.2843262971000197 0.775146484375 0.008581574275004932 0.00634765625
0 0.11343460248569738 0.773681640625 0.003748273821266522 0.00341796875
0 0.2961629512724403 0.77734375 0.008187019135924246 0.01171875
0 0.27036890905504046 0.77294921875 0.0023673308344841193 0.0029296875
0 0.22765831524955613 0.776123046875 0.006707437364371671 0.01025390625
0 0.24797790491221147 0.775146484375 0.00907476819885579 0.01025390625
0 0.11811994476228053 0.77197265625 0.004636022884198066 0.00390625
0 0.40639179325310715 0.7705078125 0.001578220556322746 0.001953125
0 0.4439731702505425 0.771728515625 0.003550996251726179 0.00634765625
0 0.43371473663444465 0.7705078125 0.0039455513908068654 0.00390625
0 0.4374136910633261 0.771240234375 0.00483330045373841 0.00634765625
0 0.2573485894653778 0.76904296875 0.0009863878477017164 0.001953125
0 0.22159202998619057 0.76904296875 0.004044190175577037 0.0029296875
0 0.4311501282304202 0.76806640625 0.0019727756954034327 0.001953125
0 0.2735253501676859 0.76806640625 0.0009863878477017164 0.001953125
0 0.1303511540737818 0.77099609375 0.00483330045373841 0.0078125
0 0.436180706253699 0.767822265625 0.0013809429867824028 0.00244140625
0 0.3118958374432827 0.769287109375 0.004340106529887552 0.00537109375
0 0.299418031169856 0.770263671875 0.007200631288222529 0.00732421875
0 0.2413197869402249 0.768798828125 0.006016965870980469 0.00439453125
0 0.29458473071611757 0.767578125 0.0022686920497139475 0.0029296875
0 0.42690866048530285 0.7685546875 0.007101992503452358 0.005859375
0 0.3375912408759124 0.767822265625 0.007595186427303216 0.00537109375
0 0.31796212270664825 0.7666015625 0.005030578023278753 0.0029296875
0 0.44752416650226867 0.765625 0.0019727756954034327 0.001953125
0 0.240234760307753 0.765380859375 0.0022686920497139475 0.00244140625
0 0.30908463207733283 0.765380859375 0.00424146774511738 0.00341796875
0 0.35105543499704084 0.763916015625 0.0023673308344841193 0.00244140625
0 0.3438548037088183 0.765380859375 0.007101992503452358 0.00634765625
0 0.2858551982639574 0.766845703125 0.00966660090747682 0.01123046875
0 0.4363779838232393 0.762939453125 0.0051292168080489245 0.00439453125
0 0.29152692838824223 0.7626953125 0.007003353718682186 0.00390625
0 0.2680015782205563 0.761962890625 0.0039455513908068654 0.00244140625
0 0.24807654369698165 0.76220703125 0.004142828960347208 0.0029296875
0 0.3118958374432827 0.76171875 0.005721049516669955 0.00390625
0 0.42424541329650817 0.76171875 0.005326494377589268 0.005859375
0 0.26193529295719076 0.759765625 0.0022686920497139475 0.001953125
0 0.22233182087196685 0.76171875 0.0061156046557506415 0.005859375
0 0.41837640560268297 0.76025390625 0.007003353718682186 0.00390625
0 0.142533043992898 0.7607421875 0.003550996251726179 0.0048828125
0 0.2858551982639574 0.7587890625 0.0033537186821858355 0.001953125
0 0.18366541724205956 0.760009765625 0.004142828960347208 0.00537109375
0 0.16640362990727955 0.75927734375 0.005326494377589268 0.0068359375
0 0.16295127244032354 0.7568359375 0.0027618859735648055 0.001953125
0 0.2210988360623397 0.756591796875 0.003452357466956007 0.00244140625
0 0.28161373051884003 0.755615234375 0.0025646084040244622 0.00244140625
0 0.27071414480173606 0.75537109375 0.002071414480173604 0.001953125
0 0.23441507200631287 0.755859375 0.005030578023278753 0.00390625
0 0.44066877096074175 0.75439453125 0.002071414480173604 0.001953125
0 0.4147267705661866 0.754638671875 0.002663247188794634 0.00244140625
0 0.2291872164134938 0.755126953125 0.001874136910633261 0.00341796875
0 0.1384395344249359 0.755126953125 0.00483330045373841 0.00341796875
0 0.2253403038074571 0.753662109375 0.0030578023278753207 0.00244140625
0 0.24733675281120537 0.754150390625 0.004044190175577037 0.00439453125
0 0.17986782402840798 0.75390625 0.005622410731899783 0.00390625
0 0.4348490826593016 0.7529296875 0.0028605247583349774 0.0029296875
0 0.26311895837443283 0.752685546875 0.0030578023278753207 0.00244140625
0 0.43721641349378576 0.75146484375 0.0012823042020122311 0.001953125
0 0.2375221937265733 0.752197265625 0.0051292168080489245 0.00439453125
0 0.19915170645097652 0.752197265625 0.003748273821266522 0.00439453125
0 0.43085421187610967 0.751708984375 0.003550996251726179 0.00537109375
0 0.3201814953639771 0.752197265625 0.010258433616097849 0.00732421875
0 0.21217202604063917 0.749267578125 0.002170053264943776 0.00146484375
0 0.1202899980272243 0.751220703125 0.010357072400868021 0.00537109375
0 0.7009272045768397 0.749755859375 0.006707437364371671 0.00341796875
0 0.2458078516472677 0.74853515625 0.002170053264943776 0.001953125
0 0.4218780824620241 0.748291015625 0.0019727756954034327 0.00244140625
0 0.1808542118761097 0.749267578125 0.009173406983625962 0.00537109375
0 0.4036792266719274 0.747314453125 0.003255079897415664 0.00244140625
0 0.19278950483330046 0.74658203125 0.0016768593410929177 0.001953125
0 0.27969027421582165 0.74658203125 0.002465969619254291 0.0029296875
0 0.2532057605050306 0.74658203125 0.0017754981258630894 0.0029296875
0 0.4349970408364569 0.7470703125 0.005721049516669955 0.0048828125
0 0.4301144209903334 0.745849609375 0.002663247188794634 0.00341796875
0 0.22331820871966857 0.745361328125 0.004340106529887552 0.00244140625
0 0.4401755770368909 0.744873046875 0.0036496350364963502 0.00341796875
0 0.18307358453343855 0.744384765625 0.0025646084040244622 0.00244140625
0 0.23796606825803907 0.74560546875 0.007989741566383901 0.005859375
0 0.1564411126454922 0.746826171875 0.005918327086210298 0.00830078125
0 0.29369698165318603 0.74365234375 0.0030578023278753207 0.0048828125
0 0.28985006904714933 0.741943359375 0.0038469126060366936 0.00439453125
0 0.2318997829946735 0.74365234375 0.005918327086210298 0.0078125
0 0.16245807851647268 0.7412109375 0.004734661668968239 0.0029296875
0 0.3112053659498915 0.742919921875 0.00848293549023476 0.00732421875
0 0.17306174787926612 0.740478515625 0.0022686920497139475 0.00244140625
0 0.22030972578417835 0.739013671875 0.0016768593410929177 0.00244140625
0 0.19076740974551193 0.73876953125 0.0027618859735648055 0.00390625
0 0.24038271848490828 0.73681640625 0.001578220556322746 0.001953125
0 0.21059380548431644 0.736083984375 0.0009863878477017164 0.00146484375
0 0.18632866443085422 0.738037109375 0.004142828960347208 0.00537109375
0 0.21375024659696193 0.7373046875 0.0039455513908068654 0.0048828125
0 0.28279739593608205 0.736572265625 0.004734661668968239 0.00439453125
0 0.20669757348589465 0.736572265625 0.005030578023278753 0.00439453125
0 0.23545077924639968 0.73583984375 0.0027618859735648055 0.00390625
0 0.1578220556322746 0.73583984375 0.0033537186821858355 0.00390625
0 0.28876504241467743 0.735107421875 0.0014795817715525744 0.00341796875
0 0.33083448411915567 0.734130859375 0.0025646084040244622 0.00244140625
0 0.21912606036693627 0.733642578125 0.002071414480173604 0.00244140625
0 0.1658611165910436 0.73388671875 0.00483330045373841 0.0029296875
0 0.2865949891497337 0.7333984375 0.0016768593410929177 0.0029296875
0 0.17133556914578812 0.732177734375 0.0027618859735648055 0.00244140625
0 0.27623791674886566 0.73193359375 0.003452357466956007 0.0029296875
0 0.31544683369500887 0.73095703125 0.0027618859735648055 0.001953125
0 0.290787137502466 0.732177734375 0.0027618859735648055 0.00439453125
0 0.232195699348984 0.731201171875 0.004734661668968239 0.00244140625
0 0.21340501085026634 0.730712890625 0.002071414480173604 0.00244140625
0 0.18494772144407182 0.7314453125 0.0025646084040244622 0.00390625
0 0.15935095679621228 0.730712890625 0.003452357466956007 0.00244140625
0 0.243095285066088 0.73095703125 0.007989741566383901 0.0048828125
0 0.19244426908660486 0.7314453125 0.0039455513908068654 0.005859375
0 0.22825014795817716 0.729736328125 0.0039455513908068654 0.00341796875
0 0.18332018149536397 0.728759765625 0.001874136910633261 0.00244140625
0 0.1798185046360229 0.73046875 0.003156441112645492 0.005859375
0 0.18070625369895443 0.72802734375 0.001578220556322746 0.001953125
0 0.17616886959952655 0.728515625 0.002959163543105149 0.0029296875
0 0.1713848885381732 0.727783203125 0.0014795817715525744 0.00244140625
0 0.2170053264943776 0.726318359375 0.005918327086210298 0.00341796875
0 0.23589465377786545 0.726318359375 0.003255079897415664 0.00439453125
0 0.26134346024856975 0.72412109375 0.0016768593410929177 0.001953125
0 0.20950877885184455 0.723876953125 0.0025646084040244622 0.00244140625
0 0.2934997040836457 0.723876953125 0.004636022884198066 0.00537109375
0 0.18238311304004734 0.72216796875 0.003550996251726179 0.0029296875
0 0.17789504833300454 0.7216796875 0.0014795817715525744 0.001953125
0 0.24492010258433616 0.721435546875 0.002959163543105149 0.00341796875
0 0.2263266916551588 0.721923828125 0.003452357466956007 0.00439453125
0 0.19629118169264154 0.723388671875 0.004931939238508582 0.00927734375
0 0.20487275596764648 0.718994140625 0.0027618859735648055 0.00537109375
0 0.21848490826593017 0.717041015625 0.0013809429867824028 0.00244140625
0 0.17197672124679425 0.716796875 0.003452357466956007 0.0029296875
0 0.21014993095285067 0.716064453125 0.0008877490629315447 0.00244140625
0 0.4363779838232393 0.714111328125 0.0023673308344841193 0.00244140625
0 0.19732688893272834 0.7138671875 0.001874136910633261 0.0029296875
0 0.1926415466561452 0.713623046875 0.0027618859735648055 0.00244140625
0 0.3115506016965871 0.71240234375 0.002465969619254291 0.0029296875
0 0.43958374432826985 0.711669921875 0.0012823042020122311 0.00244140625
0 0.2753994870783192 0.711181640625 0.001578220556322746 0.00244140625
0 0.1832215427105938 0.71142578125 0.00542513316235944 0.0029296875
0 0.3132767804300651 0.7099609375 0.0013809429867824028 0.001953125
0 0.29285855198263955 0.708740234375 0.0025646084040244622 0.00244140625
0 0.20289998027224304 0.708984375 0.0017754981258630894 0.00390625
0 0.19387453146577235 0.70849609375 0.0016768593410929177 0.0029296875
0 0.43864667587295325 0.70849609375 0.0011836654172420597 0.00390625
0 0.29793844939830344 0.708251953125 0.005030578023278753 0.00341796875
0 0.18770960741763662 0.708251953125 0.0013809429867824028 0.00341796875
0 0.3059281909646873 0.70703125 0.002663247188794634 0.0029296875
0 0.2892582363385283 0.706787109375 0.0014795817715525744 0.00244140625
0 0.1867232195699349 0.7041015625 0.0009863878477017164 0.001953125
0 0.2989741566383902 0.70361328125 0.0061156046557506415 0.00390625
0 0.2819096468731505 0.70361328125 0.003550996251726179 0.0048828125
0 0.17325902544880648 0.703125 0.003255079897415664 0.0048828125
0 0.17636614716906687 0.701171875 0.002170053264943776 0.0029296875
0 0.1853915959755376 0.693603515625 0.002071414480173604 0.00341796875
0 0.23096271453935688 0.69140625 0.0014795817715525744 0.001953125
0 0.27515289011639377 0.689697265625 0.0014795817715525744 0.00244140625
0 0.27036890905504046 0.689208984375 0.0013809429867824028 0.00244140625
0 0.21843558887354508 0.687744140625 0.001874136910633261 0.00341796875
0 0.15629315446833694 0.687744140625 0.006806076149141842 0.00341796875
0 0.23653580587887157 0.684814453125 0.002170053264943776 0.00244140625
0 0.21064312487670153 0.684814453125 0.002071414480173604 0.00439453125
0 0.1995955809824423 0.68359375 0.001085026632471888 0.0029296875
0 0.2019629118169264 0.68310546875 0.002071414480173604 0.0029296875
0 0.21473663444466365 0.680908203125 0.005721049516669955 0.00634765625
0 0.203442493588479 0.67822265625 0.0038469126060366936 0.0048828125
0 0.29601499309528506 0.677001953125 0.0009863878477017164 0.00341796875
0 0.6161964884592622 0.67333984375 0.0023673308344841193 0.0029296875
0 0.19421976721246795 0.66943359375 0.004340106529887552 0.00390625
