0 0.688548037088183 0.99853515625 0.0008877490629315447 0.0029296875
0 0.3494772144407181 0.99853515625 0.0019727756954034327 0.0029296875
0 0.10598737423554942 0.99853515625 0.002071414480173604 0.0029296875
0 0.5198263957388045 0.998291015625 0.0039455513908068654 0.00341796875
0 0.12536989544288815 0.998291015625 0.004142828960347208 0.00341796875
0 0.09084632077332808 0.998291015625 0.001578220556322746 0.00341796875
0 0.3860228841980667 0.998046875 0.001085026632471888 0.00390625
0 0.5864568948510555 0.995849609375 0.0012823042020122311 0.00244140625
0 0.09316433221542711 0.996826171875 0.0016768593410929177 0.00634765625
0 0.5904024462418623 0.99609375 0.003255079897415664 0.005859375
0 0.709163543105149 0.996337890625 0.007989741566383901 0.00732421875
0 0.10080883803511541 0.99560546875 0.0033537186821858355 0.0087890625
0 0.38957388044979285 0.99169921875 0.0008877490629315447 0.0029296875
0 0.7301736042611955 0.99169921875 0.0028605247583349774 0.00390625
0 0.10283093312290392 0.9814453125 0.005819688301440126 0.01953125
0 0.10628329058985993 0.971435546875 0.0014795817715525744 0.00244140625
0 0.09153679226671928 0.956298828125 0.000789110278161373 0.00244140625
0 0.09469323337936476 0.9501953125 0.003156441112645492 0.0087890625
0 0.09784967449201026 0.935546875 0.0019727756954034327 0.005859375
