0 0.4645886762675084 0.996826171875 0.0033537186821858355 0.00634765625
0 0.3679226671927402 0.96728515625 0.0023673308344841193 0.001953125
0 0.3812389031367134 0.9619140625 0.0027618859735648055 0.001953125
0 0.2572006312882225 0.95068359375 0.005227855592819097 0.00390625
0 0.3928782797395936 0.923828125 0.010652988755178536 0.005859375
0 0.3991418425724995 0.917724609375 0.002465969619254291 0.00244140625
0 0.3588972183862695 0.914794921875 0.0022686920497139475 0.00244140625
0 0.26696587098046953 0.9111328125 0.006411521010061156 0.0078125
0 0.23421779443677254 0.906005859375 0.0030578023278753207 0.00244140625
0 0.3550009863878477 0.90380859375 0.0023673308344841193 0.0029296875
0 0.3961333596370093 0.90234375 0.0033537186821858355 0.001953125
0 0.2552771749852042 0.907470703125 0.01755770368909055 0.01611328125
0 0.22075360031564412 0.900146484375 0.0023673308344841193 0.00244140625
0 0.3457289406194516 0.8994140625 0.000789110278161373 0.001953125
0 0.4033339909252318 0.898193359375 0.004340106529887552 0.00244140625
0 0.23683172223318208 0.89697265625 0.008285657920694417 0.0048828125
0 0.3542611955020714 0.89306640625 0.0028605247583349774 0.001953125
0 0.37625764450581967 0.89208984375 0.0008877490629315447 0.001953125
0 0.3963799565989347 0.888671875 0.0028605247583349774 0.00390625
0 0.26262576445058194 0.88720703125 0.005030578023278753 0.0048828125
0 0.2033438548037088 0.886474609375 0.0044387453146577235 0.00439453125
0 0.19565002959163544 0.88330078125 0.004636022884198066 0.0029296875
0 0.37433418820280134 0.878662109375 0.0019727756954034327 0.00244140625
0 0.19910238705859143 0.87744140625 0.003255079897415664 0.00390625
0 0.38301440126257646 0.874755859375 0.004537384099427895 0.00244140625
0 0.4043696981653186 0.873779296875 0.003255079897415664 0.00244140625
0 0.40875912408759124 0.873291015625 0.0017754981258630894 0.00244140625
0 0.3782797395936082 0.873779296875 0.003550996251726179 0.00634765625
0 0.33778851844545277 0.871337890625 0.002465969619254291 0.00244140625
0 0.3695995265338331 0.869873046875 0.004340106529887552 0.00244140625
0 0.3810909449595581 0.86669921875 0.001085026632471888 0.001953125
0 0.37290392582363385 0.864013671875 0.001874136910633261 0.00146484375
0 0.12714539356875124 0.8642578125 0.0019727756954034327 0.001953125
0 0.19303610179522587 0.86328125 0.004340106529887552 0.00390625
0 0.10845334385480371 0.863525390625 0.0038469126060366936 0.00439453125
0 0.3665910435983429 0.861328125 0.0008877490629315447 0.001953125
0 0.22657328861708423 0.86572265625 0.016571315841388833 0.0107421875
0 0.3716709410140067 0.858642578125 0.0011836654172420597 0.00146484375
0 0.36111659104359833 0.859375 0.003748273821266522 0.0029296875
0 0.41852436377983826 0.858154296875 0.002170053264943776 0.00244140625
0 0.335618465180509 0.857421875 0.001874136910633261 0.001953125
0 0.20595778260011838 0.857421875 0.005326494377589268 0.00390625
0 0.33931741960939044 0.857177734375 0.0051292168080489245 0.00439453125
0 0.3334977313079503 0.855712890625 0.0013809429867824028 0.00244140625
0 0.12083251134346025 0.8544921875 0.003550996251726179 0.0029296875
0 0.09923061747879267 0.853271484375 0.004142828960347208 0.00439453125
0 0.3610672716512133 0.851806640625 0.001874136910633261 0.00244140625
0 0.37157230222923654 0.851318359375 0.0025646084040244622 0.00244140625
0 0.15772341684750443 0.851318359375 0.0013809429867824028 0.00244140625
0 0.32950286052475836 0.849609375 0.0014795817715525744 0.001953125
0 0.18238311304004734 0.84912109375 0.002170053264943776 0.001953125
0 0.3849378575655948 0.848876953125 0.0022686920497139475 0.00244140625
0 0.12675083842967055 0.84814453125 0.0017754981258630894 0.001953125
0 0.22864470309725785 0.8486328125 0.006312882225290984 0.00390625
0 0.11900769382521208 0.84765625 0.005030578023278753 0.0029296875
0 0.23554941803116985 0.8466796875 0.004734661668968239 0.0029296875
0 0.15136121522982837 0.844970703125 0.002663247188794634 0.00244140625
0 0.1706450976523969 0.8447265625 0.0023673308344841193 0.0029296875
0 0.32274610376800156 0.84326171875 0.0011836654172420597 0.001953125
0 0.33256066285263364 0.842529296875 0.003255079897415664 0.00244140625
0 0.3907082264746498 0.841796875 0.0023673308344841193 0.001953125
0 0.20950877885184455 0.84130859375 0.0033537186821858355 0.001953125
0 0.420102584336161 0.841064453125 0.004734661668968239 0.00244140625
0 0.2009765239692247 0.84130859375 0.00483330045373841 0.0029296875
0 0.22213454330242652 0.8388671875 0.007693825212073387 0.00390625
0 0.21266521996449003 0.837158203125 0.004142828960347208 0.00244140625
0 0.1415466561451963 0.8349609375 0.005523771947129611 0.0029296875
0 0.13715723022292364 0.834228515625 0.001874136910633261 0.00244140625
0 0.09913197869402249 0.835205078125 0.004340106529887552 0.00439453125
0 0.19668573683172225 0.832763671875 0.003550996251726179 0.00244140625
0 0.39411126454922074 0.83251953125 0.007397908857762872 0.00390625
0 0.3271355296902742 0.830322265625 0.003452357466956007 0.00244140625
0 0.31002170053264944 0.8251953125 0.0011836654172420597 0.001953125
0 0.32624778062734267 0.82421875 0.00483330045373841 0.00390625
0 0.3176662063523377 0.8232421875 0.001874136910633261 0.001953125
0 0.4266620635233774 0.82275390625 0.0008877490629315447 0.001953125
0 0.2002860524758335 0.821533203125 0.004044190175577037 0.00244140625
0 0.17335766423357665 0.822021484375 0.003452357466956007 0.00341796875
0 0.20383704872755967 0.820068359375 0.0030578023278753207 0.00244140625
0 0.170694417044782 0.81982421875 0.001874136910633261 0.001953125
0 0.3248175182481752 0.81982421875 0.002959163543105149 0.0029296875
0 0.40121325705267313 0.81591796875 0.0008877490629315447 0.001953125
0 0.1866739001775498 0.8154296875 0.002663247188794634 0.001953125
0 0.3164332215427106 0.814697265625 0.0025646084040244622 0.00244140625
0 0.4061945156835668 0.812255859375 0.001578220556322746 0.00244140625
0 0.35036496350364965 0.8115234375 0.0011836654172420597 0.0029296875
0 0.10421187610968632 0.81103515625 0.001874136910633261 0.001953125
0 0.1880548431643322 0.8095703125 0.003255079897415664 0.001953125
0 0.30415269283882423 0.806884765625 0.0038469126060366936 0.00244140625
0 0.10564213848885382 0.80859375 0.008285657920694417 0.005859375
0 0.3102189781021898 0.80615234375 0.0009863878477017164 0.001953125
0 0.43228447425527716 0.805419921875 0.003452357466956007 0.00244140625
0 0.12561649240481357 0.806640625 0.010357072400868021 0.005859375
0 0.1164924048135727 0.805419921875 0.006707437364371671 0.00341796875
0 0.5513908068652594 0.80419921875 0.0011836654172420597 0.001953125
0 0.4052081278358651 0.806396484375 0.0061156046557506415 0.00634765625
0 0.09760307753008483 0.804931640625 0.006411521010061156 0.00439453125
0 0.5685539554152693 0.802734375 0.0009863878477017164 0.001953125
0 0.2469421976721247 0.802734375 0.002465969619254291 0.001953125
0 0.10855198263957389 0.802978515625 0.0022686920497139475 0.00244140625
0 0.19934898402051687 0.80224609375 0.004340106529887552 0.00390625
0 0.5178536200434011 0.800537109375 0.001578220556322746 0.00244140625
0 0.34163543105148947 0.802490234375 0.004044190175577037 0.00634765625
0 0.13084434799763267 0.80029296875 0.007397908857762872 0.0048828125
0 0.3053363582560663 0.799072265625 0.0036496350364963502 0.00341796875
0 0.23480962714539358 0.798583984375 0.002465969619254291 0.00244140625
0 0.11146182679029394 0.798828125 0.004340106529887552 0.0029296875
0 0.11930361017952258 0.797119140625 0.00424146774511738 0.00341796875
0 0.10509962517261787 0.797607421875 0.00542513316235944 0.00439453125
0 0.1947622805287039 0.797119140625 0.008187019135924246 0.00439453125
0 0.20630301834681397 0.7939453125 0.0022686920497139475 0.001953125
0 0.1376997435391596 0.79443359375 0.0039455513908068654 0.0029296875
0 0.552870388636812 0.793212890625 0.004734661668968239 0.00341796875
0 0.22755967646478595 0.79248046875 0.003748273821266522 0.0029296875
0 0.5188893272834879 0.79150390625 0.0022686920497139475 0.001953125
0 0.3021799171434208 0.791748046875 0.002465969619254291 0.00244140625
0 0.5227855592819096 0.78955078125 0.004537384099427895 0.0048828125
0 0.14825409350956797 0.7880859375 0.002170053264943776 0.001953125
0 0.14480173604261196 0.78759765625 0.0013809429867824028 0.001953125
0 0.3008482935490235 0.786865234375 0.004931939238508582 0.00341796875
0 0.13913000591832708 0.78759765625 0.007397908857762872 0.0048828125
0 0.12102978891300059 0.78564453125 0.0025646084040244622 0.0029296875
0 0.13986979680410339 0.782470703125 0.0019727756954034327 0.00146484375
0 0.5543992898007497 0.78369140625 0.005622410731899783 0.005859375
0 0.15880844347997633 0.781982421875 0.0033537186821858355 0.00244140625
0 0.5246596961925429 0.78125 0.0019727756954034327 0.001953125
0 0.5193825212073387 0.782470703125 0.004044190175577037 0.00439453125
0 0.21547642533043992 0.78173828125 0.0038469126060366936 0.0029296875
0 0.2090155849279937 0.78125 0.0033537186821858355 0.001953125
0 0.14307555730913396 0.78173828125 0.003255079897415664 0.0029296875
0 0.13636811994476228 0.78125 0.001874136910633261 0.001953125
0 0.5261885973564806 0.77783203125 0.002071414480173604 0.001953125
0 0.5460643124876702 0.77685546875 0.0011836654172420597 0.001953125
0 0.41068258039060956 0.7763671875 0.001085026632471888 0.001953125
0 0.22297297297297297 0.7763671875 0.005030578023278753 0.0029296875
0 0.523574669560071 0.77392578125 0.002170053264943776 0.001953125
0 0.23446439139869796 0.7734375 0.0025646084040244622 0.001953125
0 0.139080686525942 0.77294921875 0.0023673308344841193 0.001953125
0 0.13607220359045177 0.77197265625 0.002663247188794634 0.001953125
0 0.22612941408561846 0.771240234375 0.004044190175577037 0.00244140625
0 0.5424146774511738 0.7705078125 0.0019727756954034327 0.001953125
0 0.3345827579404222 0.770751953125 0.0023673308344841193 0.00244140625
0 0.4346518050897613 0.769775390625 0.002071414480173604 0.00341796875
0 0.41600907476819887 0.76513671875 0.0016768593410929177 0.001953125
0 0.24871769579798778 0.765625 0.00542513316235944 0.0029296875
0 0.15668770960741762 0.76416015625 0.0030578023278753207 0.001953125
0 0.3216610771355297 0.763916015625 0.000789110278161373 0.00244140625
0 0.23426711382915763 0.763671875 0.005326494377589268 0.00390625
0 0.540787137502466 0.76220703125 0.0016768593410929177 0.001953125
0 0.42424541329650817 0.762451171875 0.003156441112645492 0.00244140625
0 0.2455119352929572 0.76171875 0.0025646084040244622 0.001953125
0 0.5358551982639573 0.7607421875 0.0016768593410929177 0.001953125
0 0.5877885184454528 0.76025390625 0.0019727756954034327 0.001953125
0 0.5639179325310713 0.76025390625 0.0019727756954034327 0.001953125
0 0.5319589662655356 0.76171875 0.005523771947129611 0.0048828125
0 0.5903038074570921 0.758544921875 0.003255079897415664 0.00341796875
0 0.3198855790096666 0.75732421875 0.0025646084040244622 0.0029296875
0 0.15944959558098246 0.75732421875 0.0028605247583349774 0.0029296875
0 0.5401459854014599 0.75634765625 0.0027618859735648055 0.001953125
0 0.3258039060958769 0.754638671875 0.0013809429867824028 0.00146484375
0 0.4468830144012626 0.752197265625 0.002071414480173604 0.00244140625
0 0.3152988755178536 0.749267578125 0.0016768593410929177 0.00244140625
0 0.5887749062931544 0.74853515625 0.003550996251726179 0.001953125
0 0.567222331820872 0.748046875 0.002071414480173604 0.001953125
0 0.539110278161373 0.7509765625 0.008384296705464589 0.0078125
0 0.5647070428092326 0.74755859375 0.001578220556322746 0.001953125
0 0.585667784572894 0.74658203125 0.0028605247583349774 0.001953125
0 0.5732886170842375 0.7470703125 0.0039455513908068654 0.0078125
0 0.2825014795817716 0.744384765625 0.004537384099427895 0.00244140625
0 0.6008581574275005 0.745849609375 0.00424146774511738 0.00634765625
0 0.5516867232195699 0.744384765625 0.002170053264943776 0.00341796875
0 0.43795620437956206 0.742431640625 0.004734661668968239 0.00341796875
0 0.5799467350562241 0.744384765625 0.0077924639968435586 0.00927734375
0 0.31303018346813966 0.74072265625 0.002071414480173604 0.001953125
0 0.5694417044782009 0.740234375 0.0025646084040244622 0.0029296875
0 0.559775103570724 0.73974609375 0.0009863878477017164 0.001953125
0 0.1713848885381732 0.7412109375 0.00483330045373841 0.0048828125
0 0.16852436377983823 0.736083984375 0.0014795817715525744 0.00146484375
0 0.5577036890905505 0.73583984375 0.003550996251726179 0.0029296875
0 0.1974748471098836 0.735595703125 0.0019727756954034327 0.00244140625
0 0.5834484119155652 0.7353515625 0.003156441112645492 0.0029296875
0 0.31376997435391596 0.735107421875 0.0019727756954034327 0.00244140625
0 0.31135332412704675 0.7333984375 0.002071414480173604 0.001953125
0 0.260899585717104 0.733642578125 0.0051292168080489245 0.00341796875
0 0.19190175577036891 0.73193359375 0.001874136910633261 0.0029296875
0 0.5491714342079306 0.73095703125 0.001085026632471888 0.001953125
0 0.2033438548037088 0.731201171875 0.002663247188794634 0.00244140625
0 0.5451272440323536 0.7314453125 0.0022686920497139475 0.00390625
0 0.5892681002170054 0.73046875 0.004734661668968239 0.0029296875
0 0.5784671532846716 0.731201171875 0.0036496350364963502 0.00439453125
0 0.5197277569540343 0.73046875 0.000789110278161373 0.0029296875
0 0.5831031761688696 0.73046875 0.005622410731899783 0.0048828125
0 0.2880252515289012 0.729736328125 0.004537384099427895 0.00341796875
0 0.5371375024659696 0.728271484375 0.003255079897415664 0.00341796875
0 0.5141546656145196 0.728515625 0.002663247188794634 0.0068359375
0 0.28639771158019334 0.722412109375 0.0014795817715525744 0.00146484375
0 0.5260899585717104 0.721435546875 0.0036496350364963502 0.00244140625
0 0.5105543499704084 0.72607421875 0.006510159794831328 0.0126953125
0 0.4413099230617479 0.720703125 0.0027618859735648055 0.001953125
0 0.5887749062931544 0.719482421875 0.0019727756954034327 0.00244140625
0 0.5420201223120931 0.71875 0.0009863878477017164 0.0029296875
0 0.253452357466956 0.716796875 0.001874136910633261 0.001953125
0 0.4387946340501085 0.717041015625 0.003452357466956007 0.00341796875
0 0.2145393568751233 0.7177734375 0.004537384099427895 0.0048828125
0 0.6014499901361215 0.718505859375 0.0044387453146577235 0.00732421875
0 0.4629118169264155 0.7158203125 0.0019727756954034327 0.001953125
0 0.4468830144012626 0.7138671875 0.0022686920497139475 0.001953125
0 0.2509370684553166 0.71337890625 0.001578220556322746 0.001953125
0 0.5381732097060564 0.7119140625 0.0013809429867824028 0.001953125
0 0.2738705859143815 0.710693359375 0.001085026632471888 0.00244140625
0 0.44343065693430656 0.710693359375 0.004636022884198066 0.00634765625
0 0.26893864667587297 0.705322265625 0.001085026632471888 0.00244140625
0 0.44165515880844347 0.704833984375 0.0030578023278753207 0.00244140625
0 0.243095285066088 0.69775390625 0.0012823042020122311 0.001953125
0 0.22065496153087394 0.697021484375 0.001578220556322746 0.00244140625
0 0.2721937265732886 0.69677734375 0.0022686920497139475 0.0029296875
0 0.27584336160978495 0.6953125 0.0016768593410929177 0.001953125
0 0.44007693825212074 0.69482421875 0.0022686920497139475 0.00390625
0 0.26711382915762477 0.693359375 0.0025646084040244622 0.0048828125
0 0.4442197672124679 0.690673828125 0.002465969619254291 0.00244140625
0 0.2844249358847899 0.68896484375 0.001085026632471888 0.001953125
0 0.14914184257249952 0.687255859375 0.0017754981258630894 0.00244140625
0 0.43761096863286647 0.6826171875 0.008581574275004932 0.0048828125
0 0.30721049516669957 0.6669921875 0.0028605247583349774 0.001953125
0 0.5257447228250148 0.66162109375 0.003550996251726179 0.001953125
0 0.5669264154665614 0.656005859375 0.0022686920497139475 0.00244140625
0 0.5794535411323732 0.654052734375 0.003255079897415664 0.00244140625
