0 0.10741763661471691 0.979736328125 0.0017754981258630894 0.00341796875
0 0.11688695995265339 0.9765625 0.001578220556322746 0.00390625
0 0.12024067863483921 0.968017578125 0.0011836654172420597 0.00439453125
0 0.12389031367133557 0.953125 0.0025646084040244622 0.0078125
0 0.11180706253698955 0.952392578125 0.001874136910633261 0.00634765625
0 0.12645492207536002 0.94580078125 0.000789110278161373 0.0029296875
0 0.12265732886170842 0.93896484375 0.0014795817715525744 0.0029296875
0 0.11205365949891498 0.9375 0.0011836654172420597 0.001953125
0 0.12300256460840403 0.93359375 0.0017754981258630894 0.0029296875
0 0.11082067468928783 0.92919921875 0.0008877490629315447 0.001953125
0 0.12181889919116197 0.9189453125 0.0017754981258630894 0.0029296875
0 0.1098836062339712 0.904052734375 0.002170053264943776 0.00439453125
0 0.12364371670941014 0.898193359375 0.002465969619254291 0.00927734375
0 0.11723219569934898 0.897216796875 0.004636022884198066 0.00732421875
0 0.10756559479187217 0.814453125 0.0030578023278753207 0.0078125
0 0.10697376208325113 0.806640625 0.007200631288222529 0.0078125
0 0.12117774709015584 0.803955078125 0.0038469126060366936 0.00830078125
0 0.10435983428684159 0.798095703125 0.0025646084040244622 0.00732421875
0 0.10786151114618268 0.740234375 0.005622410731899783 0.013671875
0 0.11723219569934898 0.736328125 0.007200631288222529 0.009765625
