0 0.3630893667390018 0.994140625 0.003156441112645492 0.0048828125
0 0.3977608995857171 0.99072265625 0.001085026632471888 0.001953125
0 0.35722035904517657 0.989990234375 0.0008877490629315447 0.00244140625
0 0.3098737423554942 0.985595703125 0.0016768593410929177 0.00244140625
0 0.44979285855198264 0.9873046875 0.005523771947129611 0.0068359375
0 0.39820477411718286 0.984130859375 0.0011836654172420597 0.00244140625
0 0.38474057999605443 0.9833984375 0.0028605247583349774 0.00390625
0 0.3777372262773723 0.98193359375 0.0008877490629315447 0.001953125
0 0.3087393963306372 0.988525390625 0.008877490629315447 0.01513671875
0 0.3951469717893076 0.981201171875 0.003550996251726179 0.00537109375
0 0.4457979877687907 0.978271484375 0.002071414480173604 0.00537109375
0 0.3807950286052476 0.976806640625 0.001085026632471888 0.00244140625
0 0.3772440323535214 0.977294921875 0.0012823042020122311 0.00341796875
0 0.3618070625369895 0.976806640625 0.0027618859735648055 0.00244140625
0 0.37186821858354707 0.97509765625 0.0019727756954034327 0.0029296875
0 0.31450976523969226 0.97412109375 0.0006904714933912014 0.001953125
0 0.3897218386269481 0.97412109375 0.003550996251726179 0.0048828125
0 0.3820773328072598 0.972900390625 0.0014795817715525744 0.00244140625
0 0.4488064707042809 0.977294921875 0.005721049516669955 0.01513671875
0 0.3565298875517854 0.97216796875 0.003452357466956007 0.0048828125
0 0.3058788715723022 0.966552734375 0.0009863878477017164 0.00244140625
0 0.3501676859341093 0.96630859375 0.0023673308344841193 0.00390625
0 0.442542907871375 0.96435546875 0.0022686920497139475 0.005859375
0 0.4475734858946538 0.962646484375 0.005622410731899783 0.01025390625
0 0.44727756954034326 0.954833984375 0.003255079897415664 0.00634765625
0 0.4282896034720852 0.953125 0.0017754981258630894 0.005859375
0 0.5620437956204379 0.9501953125 0.003550996251726179 0.0068359375
0 0.33581574275004933 0.947021484375 0.0012823042020122311 0.00146484375
0 0.3960347208522391 0.947509765625 0.003550996251726179 0.00341796875
0 0.3849871769579799 0.947509765625 0.0017754981258630894 0.00341796875
0 0.3828171236930361 0.9462890625 0.001578220556322746 0.0029296875
0 0.38967251923456303 0.944091796875 0.003452357466956007 0.00341796875
0 0.37625764450581967 0.946533203125 0.003255079897415664 0.00927734375
0 0.3823239297691852 0.94287109375 0.0019727756954034327 0.0029296875
0 0.34784967449201026 0.945068359375 0.004044190175577037 0.00732421875
0 0.3785756559479187 0.94189453125 0.004537384099427895 0.0068359375
0 0.3059281909646873 0.94140625 0.0030578023278753207 0.005859375
0 0.3149043203787729 0.941650390625 0.00542513316235944 0.00732421875
0 0.3381830735845334 0.938232421875 0.0038469126060366936 0.00244140625
0 0.39366739001775497 0.93896484375 0.004537384099427895 0.0048828125
0 0.3455809824422963 0.9375 0.003452357466956007 0.00390625
0 0.36521010061156045 0.93701171875 0.00424146774511738 0.00390625
0 0.3198362596172815 0.933837890625 0.003255079897415664 0.00537109375
0 0.36733083448411913 0.929443359375 0.0009863878477017164 0.00244140625
0 0.33665417242059575 0.9287109375 0.0027618859735648055 0.00390625
0 0.38779838232392977 0.92626953125 0.002071414480173604 0.001953125
0 0.33290589859932923 0.924072265625 0.0027618859735648055 0.00244140625
0 0.35564213848885384 0.92333984375 0.001874136910633261 0.001953125
0 0.3659992108897218 0.921875 0.0016768593410929177 0.0029296875
0 0.35169658709804696 0.922119140625 0.003452357466956007 0.00341796875
0 0.33749260209114224 0.921142578125 0.0008877490629315447 0.00244140625
0 0.33468139672519237 0.919921875 0.0033537186821858355 0.0029296875
0 0.32817123693036104 0.919921875 0.003156441112645492 0.0029296875
0 0.32013217597159205 0.918701171875 0.00424146774511738 0.00439453125
0 0.3320181495363977 0.914794921875 0.005918327086210298 0.00537109375
0 0.31337541921483525 0.9140625 0.003156441112645492 0.00390625
0 0.3401065298875518 0.91357421875 0.004931939238508582 0.0078125
0 0.3223515486289209 0.911376953125 0.008680213059775104 0.00537109375
0 0.3055336358256066 0.909423828125 0.001085026632471888 0.00244140625
0 0.33438548037088184 0.91015625 0.0011836654172420597 0.0048828125
0 0.31411521010061155 0.909912109375 0.005819688301440126 0.00439453125
0 0.3851844545275202 0.908935546875 0.007496547642533044 0.01025390625
0 0.3058788715723022 0.905029296875 0.001578220556322746 0.00341796875
0 0.38863681199447625 0.90185546875 0.003550996251726179 0.00390625
0 0.37946340501085024 0.896728515625 0.003156441112645492 0.00439453125
0 0.30918327086210295 0.896484375 0.004636022884198066 0.00390625
0 0.34444663641743933 0.89599609375 0.0027618859735648055 0.0048828125
0 0.13192937463010457 0.8955078125 0.0030578023278753207 0.00390625
0 0.13794634050108504 0.890869140625 0.001874136910633261 0.00244140625
0 0.34868810416255674 0.891357421875 0.001578220556322746 0.00537109375
0 0.381584138883409 0.891357421875 0.0016768593410929177 0.00634765625
0 0.3843460248569738 0.889404296875 0.0014795817715525744 0.00439453125
0 0.38286644308542117 0.8828125 0.0036496350364963502 0.005859375
0 0.35894653777865454 0.87890625 0.0023673308344841193 0.005859375
0 0.1515584927993687 0.87744140625 0.0014795817715525744 0.0029296875
0 0.39366739001775497 0.881103515625 0.003156441112645492 0.01123046875
0 0.3483921878082462 0.87939453125 0.004734661668968239 0.0087890625
0 0.35347208522391005 0.87451171875 0.0008877490629315447 0.0029296875
0 0.36210297889130005 0.880126953125 0.004142828960347208 0.01611328125
0 0.3554448609193135 0.871337890625 0.0006904714933912014 0.00244140625
0 0.36008088380351155 0.866943359375 0.0006904714933912014 0.00244140625
0 0.3559380548431643 0.8642578125 0.002663247188794634 0.0048828125
0 0.3947030972578418 0.863525390625 0.001874136910633261 0.00439453125
0 0.3688597356480568 0.863525390625 0.001874136910633261 0.00439453125
0 0.3650128230420201 0.860595703125 0.0012823042020122311 0.00341796875
0 0.368415861116591 0.85888671875 0.003156441112645492 0.0029296875
0 0.3709311501282304 0.85888671875 0.0016768593410929177 0.0048828125
0 0.3748273821266522 0.854736328125 0.000789110278161373 0.00244140625
0 0.38301440126257646 0.843505859375 0.0005918327086210298 0.00244140625
0 0.14070822647464984 0.838134765625 0.0012823042020122311 0.00244140625
0 0.13365555336358256 0.829345703125 0.0033537186821858355 0.00439453125
0 0.37324916157032945 0.82080078125 0.000789110278161373 0.001953125
0 0.11713355691457882 0.81787109375 0.004044190175577037 0.0029296875
0 0.14203985006904715 0.8056640625 0.0023673308344841193 0.001953125
0 0.11180706253698955 0.804443359375 0.00542513316235944 0.00341796875
0 0.1304004734661669 0.79931640625 0.0017754981258630894 0.001953125
0 0.14342079305582955 0.7978515625 0.005523771947129611 0.0087890625
0 0.13104162556717303 0.794189453125 0.001085026632471888 0.00146484375
0 0.13301440126257644 0.793701171875 0.002071414480173604 0.00439453125
0 0.1303511540737818 0.79150390625 0.001085026632471888 0.001953125
0 0.14583744328269876 0.786865234375 0.006806076149141842 0.00732421875
0 0.17375221937265733 0.766357421875 0.0022686920497139475 0.00146484375
0 0.20822647464983232 0.74072265625 0.0011836654172420597 0.001953125
0 0.38444466364174396 0.709716796875 0.0036496350364963502 0.00341796875
0 0.37467942394949694 0.70458984375 0.0014795817715525744 0.0029296875
0 0.34794831327678044 0.70361328125 0.002465969619254291 0.0029296875
0 0.35288025251528904 0.70263671875 0.0036496350364963502 0.0029296875
0 0.3776385874926021 0.703857421875 0.0066087985796014995 0.01123046875
0 0.3733971197474847 0.69091796875 0.007003353718682186 0.00390625
