0 0.3766521996449004 0.933837890625 0.006214243440520813 0.00439453125
0 0.381584138883409 0.927490234375 0.0014795817715525744 0.00244140625
0 0.3789702110869994 0.92724609375 0.0019727756954034327 0.0048828125
0 0.3667390017754981 0.918212890625 0.0011836654172420597 0.00244140625
0 0.377589268100217 0.913818359375 0.0017754981258630894 0.00634765625
0 0.3629907279542316 0.905029296875 0.001578220556322746 0.00244140625
0 0.3685638192937463 0.90673828125 0.00897612941408562 0.0068359375
0 0.3793647662260801 0.90283203125 0.007693825212073387 0.005859375
0 0.382767804300651 0.896240234375 0.0028605247583349774 0.00537109375
0 0.3772933517459065 0.895751953125 0.005326494377589268 0.00439453125
0 0.38261984612349575 0.889892578125 0.0039455513908068654 0.00439453125
0 0.3744821463799566 0.88623046875 0.0008877490629315447 0.0029296875
0 0.3964785953837049 0.880615234375 0.0022686920497139475 0.00244140625
0 0.39105346222134546 0.88037109375 0.004044190175577037 0.0029296875
0 0.3817320970605642 0.881103515625 0.0017754981258630894 0.00537109375
0 0.35958768987966067 0.87744140625 0.002071414480173604 0.00390625
0 0.3963799565989347 0.875732421875 0.0022686920497139475 0.00341796875
0 0.3936180706253699 0.8759765625 0.0030578023278753207 0.00390625
0 0.38217597159203 0.870849609375 0.002071414480173604 0.00830078125
0 0.3918918918918919 0.86572265625 0.006707437364371671 0.0048828125
0 0.35919313474058 0.86376953125 0.002663247188794634 0.005859375
0 0.37433418820280134 0.8623046875 0.002170053264943776 0.0068359375
0 0.3536693627934504 0.861572265625 0.00424146774511738 0.00732421875
0 0.3938646675872953 0.8583984375 0.000789110278161373 0.001953125
0 0.35766423357664234 0.85498046875 0.0011836654172420597 0.001953125
0 0.3835075951864273 0.853759765625 0.0013809429867824028 0.00341796875
0 0.11116591043598342 0.851806640625 0.0011836654172420597 0.00244140625
0 0.4141349378575656 0.851318359375 0.0030578023278753207 0.00244140625
0 0.36688695995265336 0.85009765625 0.0008877490629315447 0.0029296875
0 0.3532748076543697 0.852294921875 0.004636022884198066 0.00732421875
0 0.3740875912408759 0.849609375 0.0012823042020122311 0.00390625
0 0.3490826593016374 0.848876953125 0.0023673308344841193 0.00341796875
0 0.38370487275596765 0.845458984375 0.0011836654172420597 0.00244140625
0 0.1292661274413099 0.845703125 0.001874136910633261 0.0029296875
0 0.14968435588873544 0.84130859375 0.001085026632471888 0.001953125
0 0.12852633655553364 0.83984375 0.004340106529887552 0.00390625
0 0.13217597159202998 0.837158203125 0.0025646084040244622 0.00244140625
0 0.12433418820280134 0.837158203125 0.0022686920497139475 0.00244140625
0 0.15555336358256067 0.83642578125 0.001578220556322746 0.001953125
0 0.11678832116788321 0.83984375 0.0061156046557506415 0.0087890625
0 0.14642927599131977 0.8359375 0.0012823042020122311 0.001953125
0 0.15180508976129414 0.833740234375 0.0019727756954034327 0.00439453125
0 0.15501085026632472 0.830810546875 0.001874136910633261 0.00244140625
0 0.13414874728743342 0.8310546875 0.007891102781613731 0.005859375
0 0.15826593016374038 0.828125 0.002071414480173604 0.001953125
0 0.32772736239889527 0.82666015625 0.0012823042020122311 0.001953125
0 0.13809429867824027 0.824951171875 0.0033537186821858355 0.00341796875
0 0.10135135135135136 0.825439453125 0.00424146774511738 0.00439453125
0 0.1648747287433419 0.823974609375 0.0022686920497139475 0.00244140625
0 0.3848392187808246 0.828125 0.003452357466956007 0.0126953125
0 0.16260603669362794 0.82275390625 0.001874136910633261 0.001953125
0 0.14342079305582955 0.8212890625 0.004734661668968239 0.00390625
0 0.16699546261590056 0.81689453125 0.0019727756954034327 0.001953125
0 0.09819491023870586 0.817626953125 0.0028605247583349774 0.00341796875
0 0.17089169461432235 0.8154296875 0.0028605247583349774 0.0029296875
0 0.12196685736831722 0.816650390625 0.0077924639968435586 0.00732421875
0 0.129315446833695 0.8125 0.0025646084040244622 0.0029296875
0 0.40639179325310715 0.80859375 0.001578220556322746 0.001953125
0 0.170102584336161 0.807373046875 0.002465969619254291 0.00244140625
0 0.34030380745709216 0.8037109375 0.0025646084040244622 0.001953125
0 0.1529887551785362 0.8037109375 0.0019727756954034327 0.001953125
0 0.1290688498717696 0.8037109375 0.0012823042020122311 0.001953125
0 0.426464785953837 0.802001953125 0.0014795817715525744 0.00244140625
0 0.09814559084632077 0.803466796875 0.0019727756954034327 0.00732421875
0 0.3755671730124285 0.80029296875 0.0028605247583349774 0.001953125
0 0.09715920299861906 0.79736328125 0.0025646084040244622 0.001953125
0 0.1171828763069639 0.79736328125 0.0025646084040244622 0.00390625
0 0.1105740777273624 0.796630859375 0.0011836654172420597 0.00244140625
0 0.38380351154073783 0.79736328125 0.0017754981258630894 0.0048828125
0 0.12102978891300059 0.798583984375 0.004537384099427895 0.00732421875
0 0.14835273229433812 0.796630859375 0.002959163543105149 0.00537109375
0 0.35899585717103966 0.79296875 0.0008877490629315447 0.001953125
0 0.35618465180508974 0.79248046875 0.003156441112645492 0.001953125
0 0.20299861905701322 0.793212890625 0.0039455513908068654 0.00341796875
0 0.15777273623988952 0.794189453125 0.0038469126060366936 0.00634765625
0 0.1818405997238114 0.791259765625 0.002071414480173604 0.00244140625
0 0.30632274610376803 0.790771484375 0.0030578023278753207 0.00244140625
0 0.09725784178338923 0.7919921875 0.002170053264943776 0.005859375
0 0.4182777668179128 0.7890625 0.0008877490629315447 0.001953125
0 0.34858946537778657 0.790771484375 0.007101992503452358 0.00830078125
0 0.3588972183862695 0.787109375 0.001085026632471888 0.001953125
0 0.35519826395738807 0.78662109375 0.0023673308344841193 0.001953125
0 0.5659400276188598 0.783447265625 0.001874136910633261 0.00244140625
0 0.31026829749457485 0.782470703125 0.001085026632471888 0.00244140625
0 0.3062734267113829 0.78125 0.001578220556322746 0.001953125
0 0.14342079305582955 0.78125 0.001578220556322746 0.001953125
0 0.1387354507792464 0.781494140625 0.002663247188794634 0.00244140625
0 0.1623594397317025 0.783447265625 0.005918327086210298 0.00927734375
0 0.3004044190175577 0.779052734375 0.0014795817715525744 0.00244140625
0 0.20142039850069046 0.7802734375 0.006707437364371671 0.0048828125
0 0.3263957388044979 0.77685546875 0.0033537186821858355 0.0029296875
0 0.16773525350167687 0.776123046875 0.002465969619254291 0.00244140625
0 0.5727954231603867 0.774169921875 0.004142828960347208 0.00244140625
0 0.5663839021503255 0.773681640625 0.004734661668968239 0.00341796875
0 0.2110869994081673 0.772216796875 0.0017754981258630894 0.00244140625
0 0.16684750443874533 0.768798828125 0.001874136910633261 0.00244140625
0 0.5611067271651213 0.7685546875 0.0016768593410929177 0.0029296875
0 0.5694417044782009 0.767578125 0.0019727756954034327 0.001953125
0 0.32772736239889527 0.765380859375 0.0014795817715525744 0.00146484375
0 0.42483724600512923 0.762451171875 0.002170053264943776 0.00244140625
0 0.5702801341487473 0.76123046875 0.002465969619254291 0.0029296875
0 0.5305780232787533 0.760498046875 0.002959163543105149 0.00244140625
0 0.523525350167686 0.761962890625 0.007397908857762872 0.00537109375
0 0.17261787334780035 0.76025390625 0.0019727756954034327 0.001953125
0 0.18558887354507791 0.758056640625 0.0012823042020122311 0.00146484375
0 0.2211974748471099 0.759033203125 0.005622410731899783 0.00439453125
0 0.4251824817518248 0.7578125 0.0016768593410929177 0.00390625
0 0.5266817912803314 0.754638671875 0.007200631288222529 0.00830078125
0 0.5420201223120931 0.750732421875 0.0023673308344841193 0.00244140625
0 0.43761096863286647 0.75 0.002465969619254291 0.001953125
0 0.23421779443677254 0.75048828125 0.002071414480173604 0.00390625
0 0.2267212467942395 0.749267578125 0.0016768593410929177 0.00146484375
0 0.5293450384691261 0.75 0.005227855592819097 0.00390625
0 0.5421187610968633 0.746826171875 0.0013809429867824028 0.00341796875
0 0.31125468534227657 0.74609375 0.006411521010061156 0.0068359375
0 0.5339810613533241 0.743896484375 0.005227855592819097 0.00341796875
0 0.5239199053067666 0.74462890625 0.005622410731899783 0.0048828125
0 0.24886565397514301 0.744873046875 0.005721049516669955 0.00634765625
0 0.5214046162951272 0.7421875 0.0013809429867824028 0.001953125
0 0.3046952061550602 0.740478515625 0.002170053264943776 0.00244140625
0 0.2502465969619254 0.73876953125 0.0017754981258630894 0.001953125
0 0.5393568751232984 0.73876953125 0.0013809429867824028 0.0029296875
0 0.536742947326889 0.738037109375 0.002663247188794634 0.00244140625
0 0.5265338331031761 0.73876953125 0.0025646084040244622 0.00390625
0 0.2518248175182482 0.7373046875 0.000789110278161373 0.001953125
0 0.585618465180509 0.736083984375 0.003748273821266522 0.00244140625
0 0.5330439928980075 0.73681640625 0.003550996251726179 0.0068359375
0 0.30030578023278753 0.734375 0.005030578023278753 0.0048828125
0 0.18849871769579798 0.733642578125 0.0011836654172420597 0.00341796875
0 0.19027421582166107 0.732666015625 0.0017754981258630894 0.00244140625
0 0.5740284079700138 0.740478515625 0.0066087985796014995 0.01904296875
0 0.26124482146379957 0.73095703125 0.0022686920497139475 0.001953125
0 0.2416157032945354 0.73095703125 0.0016768593410929177 0.001953125
0 0.5764943775892681 0.73193359375 0.0014795817715525744 0.0048828125
0 0.5262379167488657 0.732421875 0.0072992700729927005 0.005859375
0 0.5447326888932729 0.73046875 0.0016768593410929177 0.00390625
0 0.18662458078516472 0.728515625 0.003156441112645492 0.001953125
0 0.19170447820082856 0.7275390625 0.0022686920497139475 0.001953125
0 0.5583941605839416 0.72802734375 0.003156441112645492 0.0048828125
0 0.5855691457881239 0.727294921875 0.002465969619254291 0.00439453125
0 0.287926612744131 0.726806640625 0.004734661668968239 0.00341796875
0 0.2655849279936871 0.728515625 0.0036496350364963502 0.0068359375
0 0.29123101203393176 0.7255859375 0.0014795817715525744 0.0029296875
0 0.5949891497336752 0.724853515625 0.002170053264943776 0.00244140625
0 0.5534129019530479 0.725830078125 0.001874136910633261 0.00439453125
0 0.5765930163740383 0.72412109375 0.0014795817715525744 0.00390625
0 0.1939731702505425 0.72314453125 0.002663247188794634 0.001953125
0 0.2444269086604853 0.721923828125 0.0033537186821858355 0.00341796875
0 0.2156243835075952 0.721435546875 0.0023673308344841193 0.00244140625
0 0.23949496942197673 0.72314453125 0.005326494377589268 0.0068359375
0 0.2605543499704084 0.722900390625 0.007989741566383901 0.00927734375
0 0.2059084632077333 0.718505859375 0.0014795817715525744 0.00146484375
0 0.27549812586308936 0.71875 0.0025646084040244622 0.0029296875
0 0.2910337344643914 0.71923828125 0.004044190175577037 0.005859375
0 0.23111067271651214 0.716064453125 0.0011836654172420597 0.00146484375
0 0.5885776287236141 0.7177734375 0.002959163543105149 0.0068359375
0 0.5746202406786348 0.715087890625 0.0008877490629315447 0.00244140625
0 0.5974551193529296 0.71630859375 0.003748273821266522 0.0087890625
0 0.21883014401262577 0.712890625 0.0014795817715525744 0.001953125
0 0.585667784572894 0.7138671875 0.0022686920497139475 0.0048828125
0 0.5514894456500296 0.714111328125 0.003156441112645492 0.00830078125
0 0.2760406391793253 0.71142578125 0.003452357466956007 0.005859375
0 0.5395541526928388 0.709716796875 0.001578220556322746 0.00341796875
0 0.4463898204774117 0.7109375 0.004636022884198066 0.005859375
0 0.44071809035312687 0.710205078125 0.001578220556322746 0.00439453125
0 0.2872361412507398 0.709716796875 0.002959163543105149 0.00341796875
0 0.5984415072006313 0.708251953125 0.001578220556322746 0.00244140625
0 0.27441309923061746 0.707763671875 0.0011836654172420597 0.00244140625
0 0.4416058394160584 0.704345703125 0.002170053264943776 0.00244140625
0 0.2733773919905307 0.704833984375 0.0022686920497139475 0.00439453125
0 0.26819885579009667 0.7041015625 0.002959163543105149 0.00390625
0 0.2861017952258828 0.70458984375 0.00542513316235944 0.0107421875
0 0.44476228052870387 0.701171875 0.0033537186821858355 0.0048828125
0 0.5901558492799369 0.695068359375 0.000789110278161373 0.00244140625
0 0.44777076346419414 0.69482421875 0.004044190175577037 0.005859375
0 0.44274018544091537 0.692138671875 0.002071414480173604 0.00341796875
0 0.46463799565989344 0.689208984375 0.0014795817715525744 0.00341796875
0 0.4479187216413494 0.684326171875 0.009863878477017163 0.00830078125
