0 0.3473564805681594 0.998779296875 0.001085026632471888 0.00244140625
0 0.11269481159992109 0.998779296875 0.0008877490629315447 0.00244140625
0 0.2514302623791675 0.99462890625 0.000789110278161373 0.0029296875
0 0.09765239692246991 0.993896484375 0.000789110278161373 0.00244140625
0 0.1328664430854212 0.99169921875 0.0009863878477017164 0.00390625
0 0.3042020122312093 0.988525390625 0.0009863878477017164 0.00341796875
0 0.17084237522193726 0.990478515625 0.003156441112645492 0.00830078125
0 0.11979680410337344 0.98828125 0.0016768593410929177 0.005859375
0 0.2815644111264549 0.986328125 0.0012823042020122311 0.00390625
0 0.28279739593608205 0.98095703125 0.0009863878477017164 0.0029296875
0 0.17232195699348984 0.98046875 0.0011836654172420597 0.0048828125
0 0.2475340303807457 0.9794921875 0.0012823042020122311 0.00390625
0 0.10411323732491616 0.9794921875 0.0012823042020122311 0.00390625
0 0.15836456894851056 0.979736328125 0.0016768593410929177 0.00634765625
0 0.20852239100414283 0.97607421875 0.0009863878477017164 0.0029296875
0 0.31322746103768 0.975830078125 0.0008877490629315447 0.00341796875
0 0.11249753403038075 0.974853515625 0.001874136910633261 0.00537109375
0 0.10071019925034523 0.972900390625 0.0013809429867824028 0.00341796875
0 0.12364371670941014 0.972412109375 0.0008877490629315447 0.00341796875
0 0.15219964490037483 0.969970703125 0.0013809429867824028 0.00439453125
0 0.18356677845728941 0.966552734375 0.0009863878477017164 0.00341796875
0 0.12837837837837837 0.966064453125 0.0022686920497139475 0.00439453125
0 0.2851647267705662 0.9638671875 0.000789110278161373 0.0029296875
0 0.0980962714539357 0.964111328125 0.0012823042020122311 0.00341796875
0 0.2832412704675478 0.966552734375 0.0022686920497139475 0.00927734375
0 0.15594791872164135 0.962646484375 0.0013809429867824028 0.00341796875
0 0.09079700138094299 0.962890625 0.0014795817715525744 0.00390625
0 0.3164825409350957 0.961181640625 0.0012823042020122311 0.00439453125
0 0.2778161373051884 0.9609375 0.0012823042020122311 0.00390625
0 0.14416058394160583 0.963623046875 0.003255079897415664 0.01123046875
0 0.13720654961530873 0.96044921875 0.0013809429867824028 0.0048828125
0 0.19589662655356085 0.95556640625 0.0009863878477017164 0.0029296875
0 0.12857565594791873 0.9560546875 0.0012823042020122311 0.0048828125
0 0.12048727559676464 0.955810546875 0.001085026632471888 0.00439453125
0 0.13054843164332217 0.953857421875 0.002465969619254291 0.00634765625
0 0.14731702505425134 0.947998046875 0.001085026632471888 0.00341796875
0 0.2905405405405405 0.947265625 0.001085026632471888 0.00390625
0 0.23604261195502071 0.946533203125 0.0009863878477017164 0.00341796875
0 0.09202998619057014 0.94384765625 0.000789110278161373 0.001953125
0 0.2141448017360426 0.943359375 0.0011836654172420597 0.0048828125
0 0.19929966462813178 0.9423828125 0.001085026632471888 0.00390625
0 0.17685934109291773 0.93896484375 0.0011836654172420597 0.0029296875
0 0.1645294929966463 0.940185546875 0.0017754981258630894 0.00732421875
0 0.1553560860130203 0.93701171875 0.0019727756954034327 0.005859375
0 0.1906194515683567 0.934814453125 0.0038469126060366936 0.00830078125
0 0.15382718484908267 0.9306640625 0.0012823042020122311 0.0029296875
0 0.2114322351548629 0.9287109375 0.0008877490629315447 0.0029296875
0 0.10874926020911423 0.9296875 0.0012823042020122311 0.0048828125
0 0.23589465377786545 0.927734375 0.0008877490629315447 0.0029296875
0 0.2532550798974157 0.92236328125 0.0008877490629315447 0.0029296875
0 0.10973564805681595 0.921630859375 0.001085026632471888 0.00439453125
0 0.12073387255869007 0.91943359375 0.0009863878477017164 0.0029296875
0 0.2106924442690866 0.918701171875 0.0005918327086210298 0.00244140625
0 0.17616886959952655 0.92041015625 0.0019727756954034327 0.0068359375
0 0.14578812389031368 0.9150390625 0.0011836654172420597 0.0048828125
0 0.16023870585914382 0.91064453125 0.001085026632471888 0.00390625
0 0.19634050108502663 0.904052734375 0.0014795817715525744 0.00537109375
0 0.13064707042809232 0.897705078125 0.001085026632471888 0.00439453125
0 0.1937265732886171 0.89404296875 0.0013809429867824028 0.0048828125
0 0.13271848490826593 0.89013671875 0.001085026632471888 0.00390625
0 0.19767212467942394 0.876953125 0.0013809429867824028 0.0048828125
0 0.14110278161373052 0.87109375 0.0012823042020122311 0.00390625
0 0.18445452752022096 0.866943359375 0.000789110278161373 0.00244140625
0 0.13271848490826593 0.8642578125 0.001085026632471888 0.0029296875
0 0.09992108897218387 0.852783203125 0.0013809429867824028 0.00244140625
0 0.1474156638390215 0.8388671875 0.001085026632471888 0.00390625
0 0.10978496744920102 0.837158203125 0.0009863878477017164 0.00341796875
0 0.09814559084632077 0.829345703125 0.001578220556322746 0.00537109375
0 0.2102978891300059 0.791015625 0.000789110278161373 0.0029296875
0 0.09582757940422174 0.777099609375 0.001085026632471888 0.00341796875
0 0.17962122706648254 0.670166015625 0.0017754981258630894 0.00732421875
0 0.14909252318011443 0.666748046875 0.00542513316235944 0.00537109375
0 0.11220161767607023 0.66162109375 0.0030578023278753207 0.009765625
0 0.15461629512724404 0.661865234375 0.004636022884198066 0.01806640625
0 0.1036200434010653 0.65673828125 0.005622410731899783 0.017578125
0 0.11239889524561057 0.653564453125 0.0030578023278753207 0.01220703125
0 0.14652791477608995 0.658203125 0.006411521010061156 0.0224609375
