0 0.37196685736831725 0.998779296875 0.001578220556322746 0.00244140625
0 0.36570329453541134 0.998779296875 0.0014795817715525744 0.00244140625
0 0.728743341882028 0.998291015625 0.0013809429867824028 0.00341796875
0 0.4279936871177747 0.997314453125 0.0017754981258630894 0.00244140625
0 0.35214046162951274 0.99755859375 0.002959163543105149 0.0048828125
0 0.3571217202604064 0.99658203125 0.003255079897415664 0.00390625
0 0.4131485500098639 0.99658203125 0.002071414480173604 0.0048828125
0 0.3877490629315447 0.99365234375 0.0011836654172420597 0.0029296875
0 0.3268889327283488 0.994873046875 0.0019727756954034327 0.00537109375
0 0.40239692246991515 0.994384765625 0.002465969619254291 0.00537109375
0 0.42986782402840795 0.992431640625 0.0009863878477017164 0.00244140625
0 0.40767409745511934 0.9931640625 0.003156441112645492 0.0048828125
0 0.687364371670941 0.994140625 0.005227855592819097 0.0078125
0 0.3905602682974946 0.99169921875 0.0012823042020122311 0.0029296875
0 0.34710988360623396 0.9951171875 0.006904714933912014 0.009765625
0 0.7156737028999802 0.99072265625 0.001085026632471888 0.0029296875
0 0.4002761885973565 0.9912109375 0.0025646084040244622 0.0048828125
0 0.4168968238311304 0.990234375 0.001085026632471888 0.00390625
0 0.41334582757940425 0.99169921875 0.00424146774511738 0.0068359375
0 0.28955415269283885 0.98974609375 0.001085026632471888 0.0029296875
0 0.38582560662852633 0.98876953125 0.0008877490629315447 0.001953125
0 0.3133260998224502 0.98974609375 0.001874136910633261 0.00390625
0 0.7296310909449596 0.989013671875 0.002170053264943776 0.00439453125
0 0.6909646873150522 0.99267578125 0.005523771947129611 0.01171875
0 0.36215229828368517 0.988037109375 0.0008877490629315447 0.00244140625
0 0.3601302031958966 0.99267578125 0.004142828960347208 0.01171875
0 0.6773525350167686 0.989013671875 0.0019727756954034327 0.00537109375
0 0.7203097257841783 0.989501953125 0.0030578023278753207 0.00732421875
0 0.42824028407970016 0.9873046875 0.0016768593410929177 0.0029296875
0 0.7244525547445255 0.989990234375 0.00424146774511738 0.00927734375
0 0.39480173604261193 0.98779296875 0.001874136910633261 0.0048828125
0 0.3302426514105346 0.9873046875 0.0025646084040244622 0.00390625
0 0.39736634444663643 0.987548828125 0.0022686920497139475 0.00537109375
0 0.41462813178141644 0.985595703125 0.0008877490629315447 0.00244140625
0 0.3814361807062537 0.985595703125 0.0011836654172420597 0.00341796875
0 0.34646873150522783 0.9873046875 0.005819688301440126 0.0078125
0 0.7221838626948116 0.984130859375 0.001085026632471888 0.00341796875
0 0.6901262576445059 0.984130859375 0.001874136910633261 0.00341796875
0 0.40772341684750446 0.985595703125 0.0036496350364963502 0.00634765625
0 0.3434602485697376 0.9853515625 0.004142828960347208 0.005859375
0 0.6840599723811402 0.986328125 0.005523771947129611 0.009765625
0 0.3778851844545275 0.982666015625 0.002959163543105149 0.00537109375
0 0.32728348786742945 0.982666015625 0.0027618859735648055 0.00537109375
0 0.7153777865456697 0.98291015625 0.002465969619254291 0.0068359375
0 0.35135135135135137 0.983154296875 0.0019727756954034327 0.00732421875
0 0.39968435588873547 0.979736328125 0.0009863878477017164 0.00244140625
0 0.3837541921483527 0.98095703125 0.0022686920497139475 0.0048828125
0 0.7165121325705267 0.979248046875 0.0013809429867824028 0.00244140625
0 0.41990530676662063 0.97802734375 0.0009863878477017164 0.0029296875
0 0.3804004734661669 0.97900390625 0.002663247188794634 0.0048828125
0 0.732787532057605 0.977783203125 0.0017754981258630894 0.00341796875
0 0.37492602091142235 0.978271484375 0.0019727756954034327 0.00537109375
0 0.7198658512527125 0.977783203125 0.0027618859735648055 0.00634765625
0 0.6925429078713751 0.97900390625 0.0072992700729927005 0.009765625
0 0.3375419214835273 0.9765625 0.0019727756954034327 0.0048828125
0 0.4113730518840008 0.97412109375 0.0012823042020122311 0.001953125
0 0.6980666798185047 0.97412109375 0.002170053264943776 0.00390625
0 0.35490234760307754 0.972900390625 0.0013809429867824028 0.00244140625
0 0.3468139672519235 0.976806640625 0.003748273821266522 0.01025390625
0 0.3619057013217597 0.97314453125 0.0025646084040244622 0.00390625
0 0.39125073979088576 0.976318359375 0.006411521010061156 0.01123046875
0 0.726425330439929 0.97314453125 0.004044190175577037 0.005859375
0 0.38898204774117184 0.97412109375 0.0036496350364963502 0.0078125
0 0.3825705267311107 0.97314453125 0.002663247188794634 0.0078125
0 0.7283487867429473 0.970458984375 0.0011836654172420597 0.00341796875
0 0.7190274215821661 0.97021484375 0.0008877490629315447 0.0029296875
0 0.6780430065101598 0.971435546875 0.003156441112645492 0.00537109375
0 0.6852929571907674 0.969970703125 0.0014795817715525744 0.00341796875
0 0.35297889130005916 0.969970703125 0.0012823042020122311 0.00341796875
0 0.4209410140067074 0.969482421875 0.002663247188794634 0.00341796875
0 0.3874531465772342 0.96923828125 0.0017754981258630894 0.0029296875
0 0.37576445058196883 0.97021484375 0.003255079897415664 0.0048828125
0 0.3487374235549418 0.96923828125 0.0030578023278753207 0.00390625
0 0.7229236535805879 0.968994140625 0.0025646084040244622 0.00439453125
0 0.7040343262971 0.968017578125 0.0006904714933912014 0.00244140625
0 0.6965870980469521 0.96875 0.002170053264943776 0.00390625
0 0.3981061353324127 0.968017578125 0.0013809429867824028 0.00244140625
0 0.3900177549812586 0.96826171875 0.0013809429867824028 0.0029296875
0 0.3650621424344052 0.96875 0.0013809429867824028 0.00390625
0 0.7001874136910633 0.967529296875 0.0008877490629315447 0.00244140625
0 0.39475241665022687 0.967041015625 0.0039455513908068654 0.00439453125
0 0.4270566186624581 0.9697265625 0.003255079897415664 0.0107421875
0 0.3616097849674492 0.965087890625 0.000789110278161373 0.00244140625
0 0.34863878477017163 0.96337890625 0.0006904714933912014 0.001953125
0 0.7251430262379167 0.964599609375 0.00424146774511738 0.00537109375
0 0.6877096074176366 0.964111328125 0.0023673308344841193 0.00537109375
0 0.40698362596172816 0.963134765625 0.0027618859735648055 0.00341796875
0 0.3575162753994871 0.965576171875 0.0028605247583349774 0.00830078125
0 0.29670546458867625 0.962890625 0.000789110278161373 0.0029296875
0 0.38266916551588087 0.96337890625 0.003255079897415664 0.0048828125
0 0.3766028802525153 0.9638671875 0.004734661668968239 0.005859375
0 0.34784967449201026 0.961669921875 0.0016768593410929177 0.00439453125
0 0.3963799565989347 0.961669921875 0.002465969619254291 0.00537109375
0 0.33256066285263364 0.9609375 0.0016768593410929177 0.00390625
0 0.7182383113040047 0.961669921875 0.004636022884198066 0.00732421875
0 0.7115801933320182 0.95947265625 0.0011836654172420597 0.0029296875
0 0.6756756756756757 0.961669921875 0.004734661668968239 0.00732421875
0 0.34257249950680607 0.959228515625 0.001578220556322746 0.00244140625
0 0.700581968830144 0.959228515625 0.001085026632471888 0.00341796875
0 0.4108798579601499 0.958984375 0.001085026632471888 0.0029296875
0 0.3515979483132768 0.96240234375 0.0044387453146577235 0.009765625
0 0.3644209903333991 0.959228515625 0.0028605247583349774 0.00439453125
0 0.3602288419806668 0.95947265625 0.0013809429867824028 0.0048828125
0 0.33394160583941607 0.9580078125 0.0008877490629315447 0.001953125
0 0.3586999408167291 0.957763671875 0.001085026632471888 0.00244140625
0 0.7222331820871967 0.958251953125 0.0017754981258630894 0.00439453125
0 0.6798185046360229 0.96044921875 0.002170053264943776 0.0087890625
0 0.6716808048924837 0.957763671875 0.001874136910633261 0.00341796875
0 0.33665417242059575 0.957763671875 0.0023673308344841193 0.00341796875
0 0.7324422963109094 0.956787109375 0.0006904714933912014 0.00244140625
0 0.691951075162754 0.96142578125 0.007101992503452358 0.01171875
0 0.6859834286841586 0.95703125 0.002465969619254291 0.00390625
0 0.40792069441704476 0.954345703125 0.0006904714933912014 0.00244140625
0 0.7181889919116197 0.9541015625 0.0009863878477017164 0.0029296875
0 0.6841586111659105 0.953369140625 0.0013809429867824028 0.00341796875
0 0.7167094101400671 0.955810546875 0.006904714933912014 0.01025390625
0 0.34923061747879264 0.953857421875 0.003255079897415664 0.00634765625
0 0.29251331623594395 0.953369140625 0.002663247188794634 0.00537109375
0 0.40279147760899586 0.9521484375 0.0022686920497139475 0.00390625
0 0.7030479384493983 0.95556640625 0.006806076149141842 0.01171875
0 0.37206549615308737 0.951416015625 0.0017754981258630894 0.00341796875
0 0.3530282106924443 0.952880859375 0.002959163543105149 0.00634765625
0 0.4228151509173407 0.95068359375 0.002071414480173604 0.00390625
0 0.4054547247977905 0.950927734375 0.002663247188794634 0.00537109375
0 0.3454823436575261 0.950927734375 0.0036496350364963502 0.00537109375
0 0.3431643322154271 0.949951171875 0.0009863878477017164 0.00341796875
0 0.7281021897810219 0.94921875 0.002071414480173604 0.0029296875
0 0.720112448214638 0.949462890625 0.002663247188794634 0.00830078125
0 0.3668376405602683 0.94580078125 0.0013809429867824028 0.001953125
0 0.39677451173801537 0.94775390625 0.0028605247583349774 0.0068359375
0 0.3578121917537976 0.94580078125 0.0022686920497139475 0.0029296875
0 0.6943184059972382 0.947509765625 0.005523771947129611 0.00732421875
0 0.36185638192937464 0.948974609375 0.005227855592819097 0.01025390625
0 0.3296508187019136 0.947509765625 0.003748273821266522 0.00732421875
0 0.7087689879660682 0.945068359375 0.0028605247583349774 0.00537109375
0 0.6824817518248175 0.9443359375 0.0023673308344841193 0.00390625
0 0.6988064707042809 0.94482421875 0.0036496350364963502 0.005859375
0 0.41763661471690666 0.94287109375 0.0011836654172420597 0.0029296875
0 0.7138982047741171 0.942626953125 0.002071414480173604 0.00341796875
0 0.33985993292562633 0.94189453125 0.0016768593410929177 0.0029296875
0 0.3233379364766226 0.9423828125 0.0011836654172420597 0.0048828125
0 0.39549220753600317 0.943359375 0.003452357466956007 0.0078125
0 0.32807259814559087 0.941162109375 0.0025646084040244622 0.00341796875
0 0.4103866640362991 0.942626953125 0.00483330045373841 0.00732421875
0 0.3637305188400079 0.93994140625 0.0008877490629315447 0.001953125
0 0.3473071611757743 0.94091796875 0.0023673308344841193 0.0048828125
0 0.34410140067074374 0.940185546875 0.0028605247583349774 0.00341796875
0 0.6947129611363188 0.940673828125 0.0019727756954034327 0.00537109375
0 0.4071809035312685 0.939453125 0.0013809429867824028 0.0029296875
0 0.38888340895640167 0.93896484375 0.001085026632471888 0.0029296875
0 0.35682580390609586 0.93896484375 0.0028605247583349774 0.0029296875
0 0.6634937857565595 0.939208984375 0.001874136910633261 0.00439453125
0 0.31303018346813966 0.938232421875 0.0012823042020122311 0.00244140625
0 0.7123199842177944 0.93798828125 0.002465969619254291 0.0029296875
0 0.7238114026435194 0.937255859375 0.000789110278161373 0.00244140625
0 0.41739001775498125 0.937744140625 0.001874136910633261 0.00341796875
0 0.3512527125665812 0.93798828125 0.002170053264943776 0.00390625
0 0.7287926612744131 0.937744140625 0.001085026632471888 0.00439453125
0 0.7000887749062932 0.935791015625 0.001874136910633261 0.00244140625
0 0.6853915959755376 0.937744140625 0.002663247188794634 0.00634765625
0 0.40481357269678436 0.93798828125 0.002170053264943776 0.0068359375
0 0.6773032156243836 0.934814453125 0.0014795817715525744 0.00244140625
0 0.3563819293746301 0.935302734375 0.0011836654172420597 0.00341796875
0 0.3539652791477609 0.935302734375 0.0016768593410929177 0.00341796875
0 0.36017952258828173 0.938232421875 0.004636022884198066 0.01025390625
0 0.7025054251331624 0.93359375 0.0017754981258630894 0.0029296875
0 0.6687216413493786 0.933349609375 0.0006904714933912014 0.00244140625
0 0.3376405602682975 0.934326171875 0.0023673308344841193 0.00439453125
0 0.4168475044387453 0.9326171875 0.000789110278161373 0.0029296875
0 0.4197573485894654 0.932373046875 0.001874136910633261 0.00341796875
0 0.3521897810218978 0.931884765625 0.0016768593410929177 0.00341796875
0 0.38227461037680016 0.93115234375 0.0016768593410929177 0.0029296875
0 0.3786742947326889 0.93017578125 0.0019727756954034327 0.00390625
0 0.36461826790293944 0.931396484375 0.0022686920497139475 0.00634765625
0 0.39509765239692246 0.93017578125 0.003452357466956007 0.0068359375
0 0.4019037285460643 0.931640625 0.005227855592819097 0.0107421875
0 0.33187019135924245 0.927978515625 0.0014795817715525744 0.00341796875
0 0.33473071611757743 0.9287109375 0.002663247188794634 0.005859375
0 0.7105444860919313 0.926513671875 0.0028605247583349774 0.00341796875
0 0.6941704478200829 0.926025390625 0.0016768593410929177 0.00341796875
0 0.41092917735253504 0.9287109375 0.004142828960347208 0.0107421875
0 0.39859932925626357 0.926513671875 0.0025646084040244622 0.00634765625
0 0.31623594397317023 0.92529296875 0.0011836654172420597 0.00390625
0 0.32984809627145395 0.92626953125 0.0017754981258630894 0.0068359375
0 0.39845137107910833 0.92333984375 0.001085026632471888 0.00390625
0 0.38054843164332214 0.922607421875 0.0025646084040244622 0.00537109375
0 0.39282896034720854 0.923828125 0.0022686920497139475 0.0087890625
0 0.32111856381929377 0.92236328125 0.0028605247583349774 0.005859375
0 0.4158117971986585 0.920654296875 0.0028605247583349774 0.00341796875
0 0.4048628920891695 0.919921875 0.0006904714933912014 0.001953125
0 0.3518445452752022 0.921142578125 0.0039455513908068654 0.00537109375
0 0.4010159794831328 0.919677734375 0.0012823042020122311 0.00341796875
0 0.34370684553166303 0.919189453125 0.0006904714933912014 0.00244140625
0 0.698263957388045 0.919189453125 0.0019727756954034327 0.00341796875
0 0.34829354902347603 0.919189453125 0.0033537186821858355 0.00341796875
0 0.4076247780627343 0.91796875 0.0014795817715525744 0.0029296875
0 0.38335963700927206 0.9189453125 0.0030578023278753207 0.0048828125
0 0.41018938646675873 0.9228515625 0.007397908857762872 0.0146484375
0 0.3812389031367134 0.917236328125 0.0025646084040244622 0.00537109375
0 0.3586999408167291 0.917724609375 0.005622410731899783 0.00830078125
0 0.7119254290787137 0.914306640625 0.001085026632471888 0.00244140625
0 0.3647169066877096 0.9150390625 0.0014795817715525744 0.00390625
0 0.3866147169066877 0.91552734375 0.002663247188794634 0.005859375
0 0.4263168277766818 0.91357421875 0.001578220556322746 0.0029296875
0 0.7208522391004143 0.9130859375 0.000789110278161373 0.0029296875
0 0.4210396527914776 0.91357421875 0.0022686920497139475 0.00390625
0 0.36279345038469124 0.9130859375 0.0017754981258630894 0.0029296875
0 0.3532748076543697 0.913330078125 0.0008877490629315447 0.00341796875
0 0.4154665614519629 0.912353515625 0.0009863878477017164 0.00244140625
0 0.41142237127638587 0.912353515625 0.0033537186821858355 0.00341796875
0 0.4066877096074176 0.912109375 0.0009863878477017164 0.0029296875
0 0.35830538567764847 0.911376953125 0.0006904714933912014 0.00244140625
0 0.6956007101992503 0.9111328125 0.0017754981258630894 0.00390625
0 0.37532057605050306 0.91064453125 0.001578220556322746 0.00390625
0 0.3716709410140067 0.91015625 0.003156441112645492 0.005859375
0 0.39277964095482343 0.908203125 0.0011836654172420597 0.0029296875
0 0.38444466364174396 0.908447265625 0.0044387453146577235 0.00537109375
0 0.6847504438745314 0.90771484375 0.0017754981258630894 0.005859375
0 0.36077135529690274 0.906982421875 0.002071414480173604 0.00439453125
0 0.3801538765042415 0.906494140625 0.002170053264943776 0.00439453125
0 0.4019530479384494 0.908447265625 0.004537384099427895 0.00927734375
0 0.3706352337739199 0.904541015625 0.0016768593410929177 0.00244140625
0 0.7214933912014204 0.90673828125 0.0038469126060366936 0.0078125
0 0.6880548431643322 0.9091796875 0.00483330045373841 0.0126953125
0 0.37778654566975733 0.90380859375 0.0019727756954034327 0.0029296875
0 0.36234957585322547 0.9033203125 0.001085026632471888 0.001953125
0 0.33645689485105545 0.90380859375 0.001578220556322746 0.0029296875
0 0.6812487670151903 0.904296875 0.0022686920497139475 0.0048828125
0 0.3674294732688893 0.90478515625 0.004340106529887552 0.0068359375
0 0.354014598540146 0.903076171875 0.0017754981258630894 0.00341796875
0 0.6935292957190767 0.90234375 0.0019727756954034327 0.00390625
0 0.41739001775498125 0.900634765625 0.001874136910633261 0.00341796875
0 0.7140954823436575 0.899658203125 0.001085026632471888 0.00244140625
0 0.40698362596172816 0.899658203125 0.0009863878477017164 0.00244140625
0 0.38967251923456303 0.901611328125 0.005030578023278753 0.00732421875
0 0.3737916748865654 0.9013671875 0.002663247188794634 0.0068359375
0 0.35623397119747485 0.89990234375 0.002465969619254291 0.005859375
0 0.4044190175577037 0.898681640625 0.002170053264943776 0.00439453125
0 0.3606233971197475 0.8984375 0.001578220556322746 0.00390625
0 0.681594002761886 0.8984375 0.002170053264943776 0.0048828125
0 0.69540343262971 0.89892578125 0.0027618859735648055 0.0087890625
0 0.37088183073584535 0.895751953125 0.0009863878477017164 0.00244140625
0 0.3845926218188992 0.8955078125 0.0013809429867824028 0.0029296875
0 0.382767804300651 0.8955078125 0.0014795817715525744 0.0029296875
0 0.7083744328269875 0.895263671875 0.0030578023278753207 0.00341796875
0 0.38020319589662654 0.89794921875 0.004636022884198066 0.0087890625
0 0.38686131386861317 0.89404296875 0.0027618859735648055 0.0029296875
0 0.4021010061156047 0.89404296875 0.0022686920497139475 0.005859375
0 0.2975932136516078 0.893798828125 0.001578220556322746 0.00537109375
0 0.6983132767804301 0.89208984375 0.0028605247583349774 0.0029296875
0 0.6865259420003945 0.891357421875 0.0009863878477017164 0.00244140625
0 0.39593608206746894 0.89599609375 0.004537384099427895 0.01171875
0 0.35899585717103966 0.890380859375 0.002465969619254291 0.00341796875
0 0.4165515880844348 0.889892578125 0.0019727756954034327 0.00439453125
0 0.4110771355296903 0.889892578125 0.0014795817715525744 0.00537109375
0 0.35036496350364965 0.89013671875 0.003156441112645492 0.005859375
0 0.39016571315841386 0.88671875 0.001874136910633261 0.00390625
0 0.3636318800552377 0.88525390625 0.001085026632471888 0.001953125
0 0.6786348392187809 0.88525390625 0.001578220556322746 0.0029296875
0 0.37472874334188205 0.88916015625 0.004931939238508582 0.01171875
0 0.3960347208522391 0.884033203125 0.001578220556322746 0.00244140625
0 0.6916551588084435 0.884033203125 0.0017754981258630894 0.00341796875
0 0.3853324127046755 0.88671875 0.008581574275004932 0.0107421875
0 0.35707240086802133 0.884033203125 0.0019727756954034327 0.00537109375
0 0.7313572696784376 0.88134765625 0.0008877490629315447 0.0029296875
0 0.6892878279739594 0.88134765625 0.0013809429867824028 0.0029296875
0 0.4031860327480765 0.880859375 0.0012823042020122311 0.0029296875
0 0.6979680410337344 0.880615234375 0.0019727756954034327 0.00341796875
0 0.3925823633852831 0.882568359375 0.004537384099427895 0.00732421875
0 0.37098046952061553 0.88037109375 0.0023673308344841193 0.005859375
0 0.3872558690076938 0.87841796875 0.0023673308344841193 0.0029296875
0 0.3681692641546656 0.880126953125 0.004636022884198066 0.00634765625
0 0.398254093509568 0.877685546875 0.0016768593410929177 0.00244140625
0 0.3743835075951864 0.877685546875 0.001874136910633261 0.00341796875
0 0.7306667981850463 0.876220703125 0.0012823042020122311 0.00244140625
0 0.6935786151114618 0.875244140625 0.0012823042020122311 0.00244140625
0 0.36525942000394557 0.873779296875 0.0013809429867824028 0.00244140625
0 0.37423554941803117 0.87353515625 0.001578220556322746 0.0029296875
0 0.3596370092720458 0.875732421875 0.003550996251726179 0.00732421875
0 0.6913099230617479 0.871337890625 0.0022686920497139475 0.00341796875
0 0.678733478003551 0.870361328125 0.000789110278161373 0.00244140625
0 0.3768001578220556 0.8720703125 0.0025646084040244622 0.0068359375
0 0.33191951075162757 0.87158203125 0.003156441112645492 0.005859375
0 0.39026435194318404 0.86962890625 0.0022686920497139475 0.0029296875
0 0.3807950286052476 0.87060546875 0.0028605247583349774 0.0048828125
0 0.38572696784375615 0.869384765625 0.005622410731899783 0.00537109375
0 0.3466660090747682 0.866943359375 0.0012823042020122311 0.00244140625
0 0.41946143223515486 0.865234375 0.0022686920497139475 0.0029296875
0 0.3636318800552377 0.86376953125 0.001874136910633261 0.0029296875
0 0.3705859143815348 0.862548828125 0.004931939238508582 0.00341796875
0 0.33330045373840994 0.857666015625 0.002170053264943776 0.00341796875
0 0.6796212270664825 0.8564453125 0.000789110278161373 0.001953125
0 0.33611165910435986 0.855224609375 0.0008877490629315447 0.00244140625
0 0.3720161767607023 0.853759765625 0.0014795817715525744 0.00341796875
0 0.39302623791674884 0.853515625 0.001874136910633261 0.00390625
0 0.3289110278161373 0.853271484375 0.001085026632471888 0.00439453125
0 0.3974649832314066 0.8525390625 0.0028605247583349774 0.0048828125
0 0.3939633063720655 0.85107421875 0.000789110278161373 0.0029296875
0 0.3331524955612547 0.848876953125 0.0006904714933912014 0.00244140625
0 0.34326297100019726 0.848876953125 0.003550996251726179 0.00341796875
0 0.3877490629315447 0.849609375 0.004931939238508582 0.0068359375
0 0.344249358847899 0.84423828125 0.001578220556322746 0.001953125
0 0.32383113040047345 0.84228515625 0.001578220556322746 0.001953125
0 0.3493292562635628 0.84326171875 0.0028605247583349774 0.0048828125
0 0.3813868613138686 0.83984375 0.001874136910633261 0.001953125
0 0.3762083251134346 0.838623046875 0.0009863878477017164 0.00244140625
0 0.3504142828960347 0.838623046875 0.0008877490629315447 0.00244140625
0 0.6928388242256855 0.8369140625 0.0019727756954034327 0.0029296875
0 0.3716709410140067 0.83203125 0.001578220556322746 0.0029296875
0 0.36392779640954825 0.831298828125 0.0028605247583349774 0.00244140625
0 0.39593608206746894 0.830322265625 0.0019727756954034327 0.00439453125
0 0.3495758532254883 0.830078125 0.0011836654172420597 0.0048828125
0 0.38740382718484906 0.828369140625 0.002663247188794634 0.00341796875
0 0.3439534424935885 0.82373046875 0.0039455513908068654 0.0078125
0 0.3904616295127244 0.81787109375 0.0016768593410929177 0.0029296875
0 0.35297889130005916 0.81640625 0.0008877490629315447 0.001953125
0 0.33773919905306765 0.818359375 0.002959163543105149 0.0078125
0 0.3932728348786743 0.81494140625 0.0013809429867824028 0.00390625
0 0.3286644308542119 0.810302734375 0.004142828960347208 0.00634765625
0 0.33147563622016174 0.806396484375 0.0022686920497139475 0.00244140625
0 0.3351745906490432 0.788818359375 0.000789110278161373 0.00244140625
0 0.3736930361017952 0.782958984375 0.001085026632471888 0.00244140625
0 0.38789702110869995 0.7509765625 0.0008877490629315447 0.001953125
0 0.35214046162951274 0.750732421875 0.0011836654172420597 0.00244140625
0 0.4247879266127441 0.73779296875 0.0030578023278753207 0.0048828125
0 0.40170645097652397 0.710693359375 0.0016768593410929177 0.00244140625
0 0.3497731307950286 0.64501953125 0.005918327086210298 0.0048828125
