0 0.5164726770566187 0.997802734375 0.001578220556322746 0.00244140625
0 0.4397810218978102 0.998046875 0.0066087985796014995 0.00390625
0 0.14036299072795425 0.998046875 0.004142828960347208 0.00390625
0 0.16107713552969027 0.997802734375 0.006312882225290984 0.00439453125
0 0.12467942394949694 0.997314453125 0.0023673308344841193 0.00341796875
0 0.10825606628526337 0.997802734375 0.001085026632471888 0.00439453125
0 0.5659893470112448 0.995849609375 0.003156441112645492 0.00244140625
0 0.4901854409153679 0.996826171875 0.0036496350364963502 0.00439453125
0 0.1703491812980864 0.995361328125 0.0027618859735648055 0.00244140625
0 0.43179128033142633 0.99560546875 0.003255079897415664 0.0048828125
0 0.17769777076346419 0.995361328125 0.006016965870980469 0.00537109375
0 0.13617084237522195 0.994873046875 0.00542513316235944 0.00439453125
0 0.1220654961530874 0.993408203125 0.002465969619254291 0.00244140625
0 0.5245610574077727 0.994384765625 0.005918327086210298 0.00537109375
0 0.35554349970408367 0.9951171875 0.005819688301440126 0.0078125
0 0.24644900374827383 0.992431640625 0.002465969619254291 0.00244140625
0 0.10736831722233182 0.992431640625 0.0008877490629315447 0.00341796875
0 0.16329650818701913 0.992919921875 0.00424146774511738 0.00732421875
0 0.3647662260800947 0.9921875 0.007891102781613731 0.0068359375
0 0.15461629512724404 0.994384765625 0.006016965870980469 0.01123046875
0 0.3528309331229039 0.990478515625 0.005326494377589268 0.00439453125
0 0.4605444860919313 0.991943359375 0.010652988755178536 0.00927734375
0 0.42883211678832117 0.988525390625 0.0014795817715525744 0.00244140625
0 0.347701716314855 0.98876953125 0.003156441112645492 0.00390625
0 0.21621621621621623 0.989501953125 0.005523771947129611 0.00537109375
0 0.18248175182481752 0.98828125 0.0061156046557506415 0.0048828125
0 0.1411521010061156 0.98876953125 0.003550996251726179 0.005859375
0 0.5457683961333596 0.98486328125 0.0019727756954034327 0.0029296875
0 0.31973762083251134 0.987060546875 0.009173406983625962 0.00732421875
0 0.14662655356086013 0.986572265625 0.004044190175577037 0.00634765625
0 0.3375912408759124 0.984619140625 0.003255079897415664 0.00341796875
0 0.16714342079305583 0.984619140625 0.0014795817715525744 0.00537109375
0 0.4806667981850464 0.984130859375 0.006312882225290984 0.00537109375
0 0.14223712763858748 0.98388671875 0.0072992700729927005 0.0048828125
0 0.09503846912606037 0.982421875 0.001874136910633261 0.0048828125
0 0.5116886959952653 0.982421875 0.0066087985796014995 0.005859375
0 0.49048135726967845 0.981201171875 0.006016965870980469 0.00341796875
0 0.5528210692444269 0.980712890625 0.0038469126060366936 0.00341796875
0 0.31140264351943187 0.980224609375 0.003156441112645492 0.00244140625
0 0.261491418425725 0.982177734375 0.00966660090747682 0.00634765625
0 0.17784572894061945 0.982421875 0.005326494377589268 0.0068359375
0 0.13474057999605446 0.981201171875 0.003748273821266522 0.00439453125
0 0.16137305188400078 0.9794921875 0.0039455513908068654 0.0029296875
0 0.30573091339514696 0.979736328125 0.0036496350364963502 0.00439453125
0 0.4348984020516867 0.978515625 0.0017754981258630894 0.0029296875
0 0.17133556914578812 0.978515625 0.0017754981258630894 0.0029296875
0 0.31613730518840005 0.97705078125 0.0019727756954034327 0.001953125
0 0.3216117577431446 0.97998046875 0.008384296705464589 0.0087890625
0 0.18573683172223318 0.979736328125 0.010061156046557506 0.00830078125
0 0.15525744722825016 0.981201171875 0.005918327086210298 0.01123046875
0 0.576987571513119 0.977294921875 0.010751627539948707 0.00537109375
0 0.19274018544091537 0.976318359375 0.0039455513908068654 0.00341796875
0 0.34350956796212273 0.974609375 0.0008877490629315447 0.001953125
0 0.3224501874136911 0.973876953125 0.0013809429867824028 0.00244140625
0 0.20354113237324917 0.974609375 0.006016965870980469 0.0048828125
0 0.3255573091339515 0.973388671875 0.0028605247583349774 0.00341796875
0 0.5488755178536201 0.974609375 0.005622410731899783 0.0068359375
0 0.3790688498717696 0.972900390625 0.003156441112645492 0.00341796875
0 0.09789899388439534 0.973388671875 0.0016768593410929177 0.00537109375
0 0.15969619254290787 0.974853515625 0.002959163543105149 0.00927734375
0 0.15012823042020124 0.97119140625 0.0011836654172420597 0.0029296875
0 0.09267113829157625 0.971923828125 0.001874136910633261 0.00439453125
0 0.0956303018346814 0.971435546875 0.0030578023278753207 0.00634765625
0 0.5075951864273032 0.970947265625 0.006312882225290984 0.00634765625
0 0.5438942592227264 0.969970703125 0.008680213059775104 0.00537109375
0 0.35164726770566185 0.9697265625 0.012625764450581969 0.0078125
0 0.5202209508778852 0.967529296875 0.010061156046557506 0.00537109375
0 0.4514203985006905 0.965576171875 0.003255079897415664 0.00244140625
0 0.23530282106924444 0.965576171875 0.004044190175577037 0.00341796875
0 0.5555336358256067 0.964111328125 0.004537384099427895 0.00244140625
0 0.12842769777076346 0.966064453125 0.005326494377589268 0.00634765625
0 0.3751232984809627 0.964599609375 0.005326494377589268 0.00537109375
0 0.3571217202604064 0.966064453125 0.008384296705464589 0.00927734375
0 0.21187610968632867 0.963623046875 0.0025646084040244622 0.00439453125
0 0.1801144209903334 0.962646484375 0.001578220556322746 0.00244140625
0 0.09202998619057014 0.963623046875 0.0019727756954034327 0.00439453125
0 0.45783191951075164 0.963134765625 0.008778851844545275 0.00439453125
0 0.11698559873742355 0.962646484375 0.004931939238508582 0.00341796875
0 0.6512625764450582 0.962158203125 0.006214243440520813 0.00341796875
0 0.5197770763464195 0.962158203125 0.005819688301440126 0.00341796875
0 0.42784572894061945 0.96240234375 0.003255079897415664 0.00390625
0 0.16393766028802526 0.961669921875 0.0017754981258630894 0.00244140625
0 0.504586703491813 0.96142578125 0.00542513316235944 0.0029296875
0 0.43815348194910236 0.96142578125 0.0027618859735648055 0.0029296875
0 0.3312290392582363 0.960693359375 0.0025646084040244622 0.00244140625
0 0.16911619648845927 0.96142578125 0.007200631288222529 0.00390625
0 0.29996054448609194 0.961669921875 0.0039455513908068654 0.00537109375
0 0.4328763069638982 0.958740234375 0.0038469126060366936 0.00244140625
0 0.3414874728743342 0.9609375 0.012823042020122312 0.0068359375
0 0.568405997238114 0.959716796875 0.009962517261787335 0.00537109375
0 0.14973367528112053 0.958984375 0.0013809429867824028 0.00390625
0 0.3721148155454725 0.959228515625 0.006214243440520813 0.00732421875
0 0.14519629118169264 0.960205078125 0.006904714933912014 0.00927734375
0 0.35830538567764847 0.956787109375 0.0008877490629315447 0.00341796875
0 0.33788715723022295 0.95556640625 0.0028605247583349774 0.001953125
0 0.1651213257052673 0.955810546875 0.0011836654172420597 0.00341796875
0 0.636220161767607 0.95556640625 0.005721049516669955 0.00390625
0 0.5222923653580588 0.9560546875 0.005326494377589268 0.0048828125
0 0.09069836259617281 0.9541015625 0.002663247188794634 0.0048828125
0 0.6024363779838232 0.95263671875 0.002465969619254291 0.0029296875
0 0.5005918327086211 0.952392578125 0.002959163543105149 0.00244140625
0 0.15935095679621228 0.952880859375 0.0014795817715525744 0.00341796875
0 0.3347800355099625 0.951904296875 0.001578220556322746 0.00244140625
0 0.32141448017360424 0.95263671875 0.003452357466956007 0.00390625
0 0.547741171828763 0.9521484375 0.005523771947129611 0.00390625
0 0.5289998027224304 0.9501953125 0.0009863878477017164 0.001953125
0 0.43687117774709017 0.951904296875 0.005918327086210298 0.00537109375
0 0.28472085223910043 0.95263671875 0.009173406983625962 0.0068359375
0 0.17025054251331623 0.951416015625 0.004734661668968239 0.00537109375
0 0.329305582955218 0.94921875 0.0014795817715525744 0.001953125
0 0.36629512724403235 0.950927734375 0.00542513316235944 0.00732421875
0 0.33630893667390016 0.948486328125 0.0016768593410929177 0.00244140625
0 0.16812980864075755 0.94873046875 0.0036496350364963502 0.0029296875
0 0.13197869402248966 0.948486328125 0.003748273821266522 0.00244140625
0 0.5683073584533439 0.9521484375 0.013513513513513514 0.0107421875
0 0.1470211086999408 0.950927734375 0.0028605247583349774 0.00830078125
0 0.3090353126849477 0.94677734375 0.0011836654172420597 0.001953125
0 0.14223712763858748 0.948486328125 0.0033537186821858355 0.00537109375
0 0.5772834878674294 0.94873046875 0.007003353718682186 0.0068359375
0 0.13927796409548235 0.946044921875 0.0013809429867824028 0.00244140625
0 0.09730716117577431 0.946533203125 0.003452357466956007 0.00341796875
0 0.31613730518840005 0.94677734375 0.007101992503452358 0.0048828125
0 0.4298185046360229 0.9453125 0.002465969619254291 0.0029296875
0 0.29009666600907474 0.9443359375 0.003748273821266522 0.0029296875
0 0.3608206746892878 0.943603515625 0.0017754981258630894 0.00244140625
0 0.3541132373249162 0.944091796875 0.003156441112645492 0.00341796875
0 0.16911619648845927 0.943603515625 0.003452357466956007 0.00341796875
0 0.13533241270467547 0.943359375 0.0033537186821858355 0.0048828125
0 0.3031169855987374 0.94189453125 0.0019727756954034327 0.0029296875
0 0.45349181298086405 0.94287109375 0.007200631288222529 0.005859375
0 0.4442197672124679 0.942138671875 0.00483330045373841 0.00634765625
0 0.1412014203985007 0.94189453125 0.0028605247583349774 0.0068359375
0 0.5687512329848097 0.941162109375 0.005918327086210298 0.00732421875
0 0.29922075360031564 0.938720703125 0.002465969619254291 0.00341796875
0 0.6402643519431841 0.93798828125 0.005523771947129611 0.00390625
0 0.11234957585322548 0.9375 0.004734661668968239 0.0029296875
0 0.5146971789307556 0.93701171875 0.003748273821266522 0.0029296875
0 0.11930361017952258 0.939208984375 0.00483330045373841 0.00732421875
0 0.21611757743144605 0.939208984375 0.014795817715525744 0.00830078125
0 0.10633260998224502 0.938232421875 0.0033537186821858355 0.00634765625
0 0.5243637798382323 0.936279296875 0.0051292168080489245 0.00341796875
0 0.1864273032156244 0.935791015625 0.0033537186821858355 0.00244140625
0 0.17513316235943974 0.936767578125 0.005030578023278753 0.00439453125
0 0.43578615111461827 0.937744140625 0.008285657920694417 0.00732421875
0 0.32249950680607614 0.934814453125 0.002465969619254291 0.00244140625
0 0.0952850660879858 0.935546875 0.005326494377589268 0.0048828125
0 0.35273229433813375 0.937255859375 0.00966660090747682 0.00927734375
0 0.23106135332412706 0.93359375 0.0012823042020122311 0.001953125
0 0.16798185046360228 0.935546875 0.002170053264943776 0.005859375
0 0.33502663247188796 0.934326171875 0.00542513316235944 0.00537109375
0 0.21902742158216612 0.934814453125 0.006214243440520813 0.00634765625
0 0.2045275202209509 0.932373046875 0.003452357466956007 0.00244140625
0 0.16734069836259619 0.9326171875 0.001874136910633261 0.0029296875
0 0.34133951469717894 0.933349609375 0.006214243440520813 0.00537109375
0 0.2291378970211087 0.932861328125 0.0017754981258630894 0.00439453125
0 0.099427895048333 0.931640625 0.0009863878477017164 0.001953125
0 0.28605247583349774 0.93212890625 0.007693825212073387 0.0048828125
0 0.2691852436377984 0.932861328125 0.00907476819885579 0.00634765625
0 0.3079502860524758 0.930908203125 0.005326494377589268 0.00439453125
0 0.5655947918721641 0.93017578125 0.005918327086210298 0.0048828125
0 0.19540343262971 0.929443359375 0.002959163543105149 0.00341796875
0 0.25246596961925427 0.9296875 0.0038469126060366936 0.0048828125
0 0.2953245216018939 0.928466796875 0.0017754981258630894 0.00341796875
0 0.154024462418623 0.92919921875 0.003255079897415664 0.0048828125
0 0.1362694811599921 0.928466796875 0.0016768593410929177 0.00341796875
0 0.4335174590649043 0.929931640625 0.008680213059775104 0.00732421875
0 0.37492602091142235 0.927978515625 0.0019727756954034327 0.00341796875
0 0.24240481357269678 0.92724609375 0.002071414480173604 0.0029296875
0 0.16541724205957783 0.927001953125 0.001578220556322746 0.00244140625
0 0.5019727756954034 0.927734375 0.008680213059775104 0.0048828125
0 0.180459656737029 0.929443359375 0.008778851844545275 0.00830078125
0 0.1759222726376011 0.92578125 0.0022686920497139475 0.001953125
0 0.4311008088380351 0.92529296875 0.002465969619254291 0.0029296875
0 0.3101203393174196 0.92578125 0.0039455513908068654 0.00390625
0 0.1617182876306964 0.927001953125 0.0022686920497139475 0.00634765625
0 0.15742750049319393 0.92724609375 0.0023673308344841193 0.0068359375
0 0.32309133951469715 0.924560546875 0.001085026632471888 0.00244140625
0 0.5447820082856579 0.922607421875 0.002959163543105149 0.00244140625
0 0.11077135529690274 0.92431640625 0.0023673308344841193 0.005859375
0 0.33532254882619844 0.92236328125 0.006806076149141842 0.00390625
0 0.3202801341487473 0.923583984375 0.0033537186821858355 0.00634765625
0 0.1070724008680213 0.923095703125 0.0044387453146577235 0.00537109375
0 0.4394357861511146 0.919677734375 0.0013809429867824028 0.00244140625
0 0.3059281909646873 0.917724609375 0.003452357466956007 0.00244140625
0 0.45832511343460247 0.919921875 0.007003353718682186 0.0087890625
0 0.33823239297691854 0.916748046875 0.003550996251726179 0.00341796875
0 0.21103768001578221 0.91796875 0.007200631288222529 0.005859375
0 0.2943874531465772 0.91748046875 0.0036496350364963502 0.005859375
0 0.43455316630499113 0.916748046875 0.008384296705464589 0.00537109375
0 0.13582560662852633 0.91650390625 0.0023673308344841193 0.005859375
0 0.1446044584730716 0.91650390625 0.006904714933912014 0.0068359375
0 0.5271256658117972 0.9140625 0.003748273821266522 0.0029296875
0 0.4421976721246794 0.915771484375 0.008680213059775104 0.00634765625
0 0.33404024462418624 0.9140625 0.0012823042020122311 0.0029296875
0 0.223564805681594 0.9140625 0.004636022884198066 0.00390625
0 0.3223515486289209 0.9140625 0.005523771947129611 0.0048828125
0 0.1662556717301243 0.9140625 0.003452357466956007 0.005859375
0 0.6497829946735056 0.912841796875 0.007397908857762872 0.00439453125
0 0.5689485105543499 0.9111328125 0.0017754981258630894 0.001953125
0 0.36067271651213256 0.9111328125 0.005227855592819097 0.005859375
0 0.3109587689879661 0.909423828125 0.0022686920497139475 0.00244140625
0 0.22903925823633853 0.911376953125 0.005326494377589268 0.00634765625
0 0.17542907871375024 0.910888671875 0.00424146774511738 0.00537109375
0 0.6421878082462024 0.909423828125 0.004636022884198066 0.00341796875
0 0.16270467547839812 0.91259765625 0.006214243440520813 0.009765625
0 0.15441901755770368 0.909423828125 0.002663247188794634 0.00341796875
0 0.47114815545472477 0.91015625 0.010554349970408364 0.005859375
0 0.30740777273623987 0.909423828125 0.004044190175577037 0.00439453125
0 0.2100512921680805 0.908935546875 0.006806076149141842 0.00341796875
0 0.34168475044387453 0.907958984375 0.004340106529887552 0.00537109375
0 0.30849279936871177 0.906494140625 0.002071414480173604 0.00341796875
0 0.2587295324521602 0.906982421875 0.004734661668968239 0.00439453125
0 0.4432333793647662 0.90771484375 0.003452357466956007 0.0068359375
0 0.1693134740579996 0.906982421875 0.005227855592819097 0.00537109375
0 0.23530282106924444 0.904296875 0.0028605247583349774 0.001953125
0 0.36664036299072794 0.90625 0.012428486881041626 0.0068359375
0 0.548283685144999 0.905029296875 0.010751627539948707 0.00537109375
0 0.35564213848885384 0.90283203125 0.0038469126060366936 0.001953125
0 0.34291773525350167 0.904052734375 0.0030578023278753207 0.00439453125
0 0.19037285460643125 0.90380859375 0.007693825212073387 0.00390625
0 0.3014894456500296 0.90380859375 0.0044387453146577235 0.0048828125
0 0.1564411126454922 0.90234375 0.0009863878477017164 0.001953125
0 0.12453146577234168 0.902587890625 0.0038469126060366936 0.00537109375
0 0.14356875123298482 0.901611328125 0.0028605247583349774 0.00439453125
0 0.34469323337936475 0.89990234375 0.0012823042020122311 0.001953125
0 0.13237324916157034 0.90185546875 0.011244821463799567 0.005859375
0 0.5242158216610772 0.903564453125 0.014105346222134543 0.01025390625
0 0.3582067468928783 0.89892578125 0.0022686920497139475 0.0029296875
0 0.22746103768001577 0.901123046875 0.00848293549023476 0.00732421875
0 0.17133556914578812 0.900146484375 0.006312882225290984 0.00537109375
0 0.1624087591240876 0.899169921875 0.001874136910633261 0.00341796875
0 0.1579206944170448 0.90234375 0.006312882225290984 0.009765625
0 0.31243835075951865 0.897705078125 0.002465969619254291 0.00244140625
0 0.2717005326494378 0.898193359375 0.0038469126060366936 0.00341796875
0 0.3648155454724798 0.899169921875 0.002663247188794634 0.00634765625
0 0.33078516472677055 0.8974609375 0.0030578023278753207 0.0029296875
0 0.21458867626750838 0.8974609375 0.002465969619254291 0.0029296875
0 0.4667587295324522 0.897216796875 0.006904714933912014 0.00537109375
0 0.10633260998224502 0.895751953125 0.004734661668968239 0.00341796875
0 0.5706253698954429 0.89697265625 0.009272045768396133 0.0087890625
0 0.521799171434208 0.895751953125 0.007891102781613731 0.00634765625
0 0.5111955020714145 0.894775390625 0.00897612941408562 0.00537109375
0 0.26085026632471886 0.8935546875 0.002465969619254291 0.0029296875
0 0.14825409350956797 0.895263671875 0.004537384099427895 0.00634765625
0 0.14647859538370486 0.89306640625 0.0013809429867824028 0.001953125
0 0.5593805484316433 0.89208984375 0.004142828960347208 0.0029296875
0 0.2343657526139278 0.89306640625 0.004142828960347208 0.0048828125
0 0.29552179917143423 0.892578125 0.002959163543105149 0.0048828125
0 0.20285066087985795 0.8916015625 0.002071414480173604 0.00390625
0 0.18139672519234562 0.892822265625 0.004537384099427895 0.00634765625
0 0.5359045176563425 0.890625 0.0039455513908068654 0.00390625
0 0.3423752219372657 0.890380859375 0.004142828960347208 0.00341796875
0 0.371276385874926 0.89013671875 0.003550996251726179 0.00390625
0 0.3114519629118169 0.891845703125 0.00424146774511738 0.00732421875
0 0.1766620635233774 0.8896484375 0.0072992700729927005 0.00390625
0 0.3375912408759124 0.890380859375 0.006214243440520813 0.00634765625
0 0.31342473860722037 0.888916015625 0.0014795817715525744 0.00439453125
0 0.22193726573288616 0.88818359375 0.003748273821266522 0.00390625
0 0.12699743539159597 0.888427734375 0.007397908857762872 0.00634765625
0 0.5667784572894062 0.88671875 0.004340106529887552 0.00390625
0 0.5130203195896627 0.886962890625 0.00848293549023476 0.00439453125
0 0.21079108305385677 0.886962890625 0.003748273821266522 0.00537109375
0 0.19732688893272834 0.885498046875 0.0006904714933912014 0.00244140625
0 0.14080686525942002 0.885498046875 0.002465969619254291 0.00244140625
0 0.6402150325507989 0.886962890625 0.007397908857762872 0.00634765625
0 0.5471986585125271 0.8857421875 0.0044387453146577235 0.00390625
0 0.5386170842375222 0.885498046875 0.007200631288222529 0.00439453125
0 0.19540343262971 0.885986328125 0.002959163543105149 0.00634765625
0 0.4412112842769777 0.884033203125 0.0039455513908068654 0.00439453125
0 0.14756362201617676 0.885498046875 0.004931939238508582 0.00732421875
0 0.4349477214440718 0.88427734375 0.00542513316235944 0.0078125
0 0.20916354310514895 0.881591796875 0.0012823042020122311 0.00341796875
0 0.5364470309725784 0.8818359375 0.005622410731899783 0.0048828125
0 0.3143124876701519 0.8837890625 0.006214243440520813 0.0087890625
0 0.18894259222726376 0.880615234375 0.003255079897415664 0.00244140625
0 0.5442394949694219 0.880859375 0.003452357466956007 0.0048828125
0 0.3658512527125666 0.880859375 0.005326494377589268 0.0048828125
0 0.3420299861905701 0.880615234375 0.005819688301440126 0.00439453125
0 0.22129611363188006 0.88037109375 0.007595186427303216 0.00390625
0 0.11382915762477806 0.88134765625 0.008877490629315447 0.0068359375
0 0.24043203787729336 0.87890625 0.0066087985796014995 0.00390625
0 0.212073387255869 0.8779296875 0.0023673308344841193 0.0029296875
0 0.17217399881633458 0.87646484375 0.0008877490629315447 0.001953125
0 0.18100217005326494 0.88037109375 0.006904714933912014 0.0107421875
0 0.15658907082264747 0.87890625 0.005622410731899783 0.0078125
0 0.14869796804103375 0.87890625 0.005227855592819097 0.0078125
0 0.1032748076543697 0.8759765625 0.001578220556322746 0.0029296875
0 0.4384493983034129 0.875732421875 0.003156441112645492 0.00341796875
0 0.3070625369895443 0.87548828125 0.0023673308344841193 0.0029296875
0 0.36811994476228055 0.8759765625 0.004142828960347208 0.0048828125
0 0.12536989544288815 0.876708984375 0.007693825212073387 0.00634765625
0 0.22169066877096075 0.875244140625 0.002465969619254291 0.00439453125
0 0.215525744722825 0.874755859375 0.0025646084040244622 0.00341796875
0 0.3186032748076544 0.875 0.0051292168080489245 0.0048828125
0 0.29231603866640365 0.8740234375 0.003452357466956007 0.0029296875
0 0.13252120733872558 0.875244140625 0.0077924639968435586 0.00634765625
0 0.35722035904517657 0.873291015625 0.00424146774511738 0.00341796875
0 0.5146478595383704 0.87353515625 0.005819688301440126 0.0048828125
0 0.4555139080686526 0.871826171875 0.003156441112645492 0.00244140625
0 0.15698362596172816 0.872802734375 0.002465969619254291 0.00439453125
0 0.372410731899783 0.872802734375 0.00424146774511738 0.00537109375
0 0.10948905109489052 0.871826171875 0.003156441112645492 0.00341796875
0 0.5415269283882422 0.87109375 0.005326494377589268 0.00390625
0 0.4842671138291576 0.87109375 0.0077924639968435586 0.00390625
0 0.14509765239692246 0.8701171875 0.0019727756954034327 0.001953125
0 0.2280528703886368 0.873046875 0.008877490629315447 0.0087890625
0 0.17493588478989938 0.871337890625 0.007003353718682186 0.00537109375
0 0.5132669165515881 0.869140625 0.004636022884198066 0.0029296875
0 0.3254586703491813 0.869140625 0.001874136910633261 0.0029296875
0 0.1484513710791083 0.869873046875 0.003156441112645492 0.00537109375
0 0.2770763464194121 0.867919921875 0.0027618859735648055 0.00244140625
0 0.15279147760899586 0.8701171875 0.0051292168080489245 0.0068359375
0 0.3121424344052081 0.869384765625 0.003452357466956007 0.00634765625
0 0.19599526533833103 0.86767578125 0.006510159794831328 0.00390625
0 0.11772538962319984 0.86767578125 0.003255079897415664 0.0048828125
0 0.4819984217794437 0.86669921875 0.006016965870980469 0.00390625
0 0.32871375024659694 0.867431640625 0.002663247188794634 0.00634765625
0 0.3312290392582363 0.86474609375 0.002170053264943776 0.00390625
0 0.14544288814361808 0.86474609375 0.0028605247583349774 0.005859375
0 0.3783783783783784 0.863525390625 0.004537384099427895 0.00439453125
0 0.3236338528309331 0.863525390625 0.007693825212073387 0.00439453125
0 0.33566778457289403 0.863037109375 0.003156441112645492 0.00439453125
0 0.3129808640757546 0.864501953125 0.005721049516669955 0.00927734375
0 0.16975734858946537 0.861572265625 0.0039455513908068654 0.00341796875
0 0.43376405602682977 0.862548828125 0.00897612941408562 0.00634765625
0 0.22154271059380548 0.861083984375 0.0025646084040244622 0.00341796875
0 0.21118563819293745 0.86083984375 0.0017754981258630894 0.0029296875
0 0.20778260011836655 0.860595703125 0.0044387453146577235 0.00244140625
0 0.3020812783586506 0.86083984375 0.001085026632471888 0.00390625
0 0.22968041033734465 0.862548828125 0.013118958374432827 0.00732421875
0 0.1645294929966463 0.861572265625 0.004931939238508582 0.00634765625
0 0.12749062931544683 0.863525390625 0.01213257052673111 0.01025390625
0 0.4357368317222332 0.858154296875 0.0030578023278753207 0.00244140625
0 0.2183369500887749 0.860107421875 0.0030578023278753207 0.00634765625
0 0.4616295127244032 0.861572265625 0.012428486881041626 0.01025390625
0 0.51154073781811 0.857421875 0.004142828960347208 0.00390625
0 0.3751232984809627 0.85595703125 0.0025646084040244622 0.0029296875
0 0.31761688695995266 0.856689453125 0.002959163543105149 0.00439453125
0 0.17444269086604852 0.858642578125 0.0044387453146577235 0.00830078125
0 0.19135924245413297 0.855224609375 0.0019727756954034327 0.00244140625
0 0.23273821266521996 0.854736328125 0.001874136910633261 0.00244140625
0 0.1870191359242454 0.855712890625 0.005326494377589268 0.00439453125
0 0.3261491418425725 0.854248046875 0.00483330045373841 0.00341796875
0 0.25187413691063326 0.853515625 0.0044387453146577235 0.0029296875
0 0.12985796014993095 0.854736328125 0.005622410731899783 0.00634765625
0 0.5142039850069047 0.85107421875 0.001578220556322746 0.001953125
0 0.37191753797593213 0.85302734375 0.0028605247583349774 0.005859375
0 0.332166107713553 0.851318359375 0.0038469126060366936 0.00341796875
0 0.5456697573485895 0.851318359375 0.0033537186821858355 0.00439453125
0 0.33714736634444664 0.851318359375 0.005523771947129611 0.00439453125
0 0.21848490826593017 0.85205078125 0.006312882225290984 0.005859375
0 0.12122706648254093 0.85009765625 0.0013809429867824028 0.001953125
0 0.16186624580785164 0.85107421875 0.0051292168080489245 0.0048828125
0 0.4753896231998422 0.851318359375 0.007989741566383901 0.00634765625
0 0.20398500690471494 0.849853515625 0.003550996251726179 0.00341796875
0 0.5688498717695798 0.84912109375 0.007101992503452358 0.00390625
0 0.1686230025646084 0.848876953125 0.0044387453146577235 0.00341796875
0 0.11190570132175971 0.849609375 0.005030578023278753 0.0048828125
0 0.3094791872164135 0.848388671875 0.0022686920497139475 0.00341796875
0 0.19801736042611956 0.84814453125 0.00424146774511738 0.0029296875
0 0.6433221542710594 0.84814453125 0.006510159794831328 0.0048828125
0 0.5255474452554745 0.84716796875 0.0023673308344841193 0.0029296875
0 0.34030380745709216 0.84716796875 0.002170053264943776 0.00390625
0 0.21256658117971985 0.846923828125 0.0019727756954034327 0.00439453125
0 0.15530676662063522 0.84716796875 0.0022686920497139475 0.0048828125
0 0.5439928980074965 0.845947265625 0.0051292168080489245 0.00341796875
0 0.3756164924048136 0.846923828125 0.004734661668968239 0.00634765625
0 0.12561649240481357 0.845703125 0.0036496350364963502 0.0048828125
0 0.17681002170053264 0.845703125 0.0028605247583349774 0.0068359375
0 0.5393075557309134 0.843017578125 0.005227855592819097 0.00341796875
0 0.35214046162951274 0.84423828125 0.004142828960347208 0.005859375
0 0.5314657723416848 0.843505859375 0.008680213059775104 0.00537109375
0 0.14963503649635038 0.84326171875 0.005326494377589268 0.0048828125
0 0.34158611165910435 0.842529296875 0.0023673308344841193 0.00439453125
0 0.22588281712369304 0.84130859375 0.002959163543105149 0.0029296875
0 0.33320181495363976 0.841552734375 0.0025646084040244622 0.00439453125
0 0.3042020122312093 0.83984375 0.000789110278161373 0.0029296875
0 0.5386664036299073 0.8388671875 0.000789110278161373 0.001953125
0 0.35445847307161177 0.838623046875 0.0012823042020122311 0.00341796875
0 0.34637009272045766 0.840087890625 0.0044387453146577235 0.00634765625
0 0.18105148944565003 0.838134765625 0.005030578023278753 0.00341796875
0 0.1717301242848688 0.83837890625 0.0039455513908068654 0.00390625
0 0.29675478398106137 0.837158203125 0.002465969619254291 0.00439453125
0 0.37053659498914976 0.836181640625 0.004044190175577037 0.00341796875
0 0.31169855987374234 0.8369140625 0.0061156046557506415 0.005859375
0 0.22721444071809035 0.834716796875 0.002465969619254291 0.00439453125
0 0.5874926020911423 0.833984375 0.002170053264943776 0.00390625
0 0.4472282501479582 0.83349609375 0.004537384099427895 0.0029296875
0 0.6125468534227658 0.83251953125 0.0033537186821858355 0.001953125
0 0.3084434799763267 0.83349609375 0.003550996251726179 0.00390625
0 0.14036299072795425 0.8330078125 0.0013809429867824028 0.0029296875
0 0.11382915762477806 0.835693359375 0.008285657920694417 0.00830078125
0 0.5474945748668376 0.83203125 0.0038469126060366936 0.0029296875
0 0.6392779640954823 0.833740234375 0.012625764450581969 0.00732421875
0 0.120684553166305 0.83203125 0.00483330045373841 0.00390625
0 0.22292365358058788 0.831787109375 0.0025646084040244622 0.00537109375
0 0.6340501085026633 0.830078125 0.0051292168080489245 0.0029296875
0 0.1961925429078714 0.830810546875 0.006707437364371671 0.00439453125
0 0.178733478003551 0.83056640625 0.005326494377589268 0.00390625
0 0.2681002170053265 0.830322265625 0.0033537186821858355 0.00439453125
0 0.2170053264943776 0.83154296875 0.0051292168080489245 0.0078125
0 0.4714440718090353 0.828125 0.005227855592819097 0.0029296875
0 0.5238212665219965 0.82763671875 0.0030578023278753207 0.0029296875
0 0.18835075951864272 0.82763671875 0.0028605247583349774 0.00390625
0 0.18312290392582364 0.8271484375 0.0036496350364963502 0.0029296875
0 0.17256855395541526 0.828369140625 0.00542513316235944 0.00537109375
0 0.4774610376800158 0.826904296875 0.006214243440520813 0.00341796875
0 0.3019333201814954 0.826416015625 0.003550996251726179 0.00244140625
0 0.15239692246991518 0.826416015625 0.0025646084040244622 0.00341796875
0 0.22154271059380548 0.82568359375 0.0019727756954034327 0.0029296875
0 0.5347701716314855 0.824951171875 0.00483330045373841 0.00244140625
0 0.3139179325310712 0.82568359375 0.00976523969224699 0.0048828125
0 0.16665022686920497 0.82763671875 0.00483330045373841 0.009765625
0 0.1770566186624581 0.82373046875 0.0027618859735648055 0.0029296875
0 0.5412803314263168 0.822998046875 0.005819688301440126 0.00341796875
0 0.1974748471098836 0.82275390625 0.004142828960347208 0.0029296875
0 0.5481357269678437 0.822021484375 0.004142828960347208 0.00341796875
0 0.2900473466166897 0.82177734375 0.0016768593410929177 0.0029296875
0 0.21789307555730913 0.821533203125 0.0023673308344841193 0.00244140625
0 0.5026632471887946 0.82421875 0.00966660090747682 0.0087890625
0 0.6306470704280923 0.821044921875 0.00542513316235944 0.00341796875
0 0.3715229828368514 0.820556640625 0.002465969619254291 0.00244140625
0 0.47238114026435196 0.821044921875 0.005918327086210298 0.00439453125
0 0.1470211086999408 0.821533203125 0.0066087985796014995 0.00537109375
0 0.15239692246991518 0.8212890625 0.0033537186821858355 0.005859375
0 0.13474057999605446 0.8193359375 0.0025646084040244622 0.0029296875
0 0.2041329650818702 0.819091796875 0.0030578023278753207 0.00341796875
0 0.4370684553166305 0.81884765625 0.0027618859735648055 0.00390625
0 0.35199250345235744 0.819580078125 0.00424146774511738 0.00537109375
0 0.21473663444466365 0.820068359375 0.0051292168080489245 0.00634765625
0 0.17266719274018544 0.819091796875 0.008384296705464589 0.00439453125
0 0.2905405405405405 0.817626953125 0.004636022884198066 0.00341796875
0 0.2454626159005721 0.816650390625 0.001085026632471888 0.00244140625
0 0.3313276780430065 0.817626953125 0.005523771947129611 0.00537109375
0 0.22726376011047544 0.815673828125 0.0017754981258630894 0.00244140625
0 0.22090155849279938 0.815673828125 0.0036496350364963502 0.00341796875
0 0.20294929966462813 0.815185546875 0.002071414480173604 0.00244140625
0 0.18514499901361214 0.815185546875 0.0033537186821858355 0.00244140625
0 0.36343460248569737 0.8154296875 0.0022686920497139475 0.00390625
0 0.6256164924048135 0.814208984375 0.0036496350364963502 0.00341796875
0 0.13089366739001776 0.816162109375 0.004931939238508582 0.00830078125
0 0.36811994476228055 0.81396484375 0.008088380351154074 0.0078125
0 0.3748767015190373 0.81201171875 0.0038469126060366936 0.0048828125
0 0.28437561649240484 0.811767578125 0.002170053264943776 0.00439453125
0 0.2079305582955218 0.81103515625 0.003156441112645492 0.0029296875
0 0.13986979680410339 0.810302734375 0.0011836654172420597 0.00244140625
0 0.33088380351154073 0.810302734375 0.003255079897415664 0.00341796875
0 0.1894851055434997 0.810302734375 0.0051292168080489245 0.00341796875
0 0.5746695600710199 0.80859375 0.004537384099427895 0.0029296875
0 0.43445452752022096 0.80908203125 0.005030578023278753 0.00390625
0 0.32323929769185245 0.81005859375 0.008088380351154074 0.005859375
0 0.3135726967843756 0.808837890625 0.002959163543105149 0.00341796875
0 0.20995265338331032 0.80859375 0.0016768593410929177 0.0029296875
0 0.33487867429473267 0.8095703125 0.005523771947129611 0.0068359375
0 0.193677253896232 0.808349609375 0.0030578023278753207 0.00439453125
0 0.3554448609193135 0.808349609375 0.006806076149141842 0.00537109375
0 0.24437758926810021 0.806640625 0.001874136910633261 0.0029296875
0 0.2221838626948116 0.806396484375 0.002465969619254291 0.00244140625
0 0.19703097257841784 0.806884765625 0.004636022884198066 0.00341796875
0 0.3665910435983429 0.808349609375 0.007989741566383901 0.00732421875
0 0.6447524166502269 0.80712890625 0.00897612941408562 0.005859375
0 0.2933024265141053 0.806640625 0.0028605247583349774 0.0048828125
0 0.2170053264943776 0.805419921875 0.003550996251726179 0.00244140625
0 0.20679621227066483 0.80517578125 0.001874136910633261 0.001953125
0 0.5283586506214244 0.80615234375 0.006806076149141842 0.0048828125
0 0.3811402643519432 0.80517578125 0.0017754981258630894 0.0029296875
0 0.12887157230222923 0.807373046875 0.005819688301440126 0.00732421875
0 0.5427599131978694 0.8037109375 0.0014795817715525744 0.001953125
0 0.20393568751232985 0.8046875 0.003255079897415664 0.00390625
0 0.30272243045965674 0.803955078125 0.003550996251726179 0.00341796875
0 0.21118563819293745 0.803466796875 0.0013809429867824028 0.00244140625
0 0.3068652594200039 0.802490234375 0.0013809429867824028 0.00244140625
0 0.3098737423554942 0.802001953125 0.0022686920497139475 0.00244140625
0 0.4384493983034129 0.802734375 0.0033537186821858355 0.0048828125
0 0.17498520418228447 0.803466796875 0.005523771947129611 0.00634765625
0 0.5342276583152495 0.802001953125 0.005721049516669955 0.00439453125
0 0.31243835075951865 0.801025390625 0.0022686920497139475 0.00341796875
0 0.21621621621621623 0.800537109375 0.001578220556322746 0.00341796875
0 0.20216018938646677 0.80078125 0.001874136910633261 0.00390625
0 0.44071809035312687 0.79931640625 0.0039455513908068654 0.0029296875
0 0.18682185835470508 0.799560546875 0.004340106529887552 0.00439453125
0 0.12561649240481357 0.798828125 0.003452357466956007 0.00390625
0 0.5264845137107911 0.797607421875 0.001874136910633261 0.00341796875
0 0.37640560268297496 0.79736328125 0.0011836654172420597 0.0029296875
0 0.37122706648254095 0.79638671875 0.0036496350364963502 0.00390625
0 0.2301736042611955 0.795166015625 0.0022686920497139475 0.00244140625
0 0.5805878871572302 0.79248046875 0.0027618859735648055 0.001953125
0 0.6273426711382916 0.79248046875 0.004734661668968239 0.0029296875
0 0.20433024265141053 0.79248046875 0.00542513316235944 0.00390625
0 0.21710396527914777 0.791015625 0.0017754981258630894 0.001953125
0 0.1786841586111659 0.7900390625 0.0038469126060366936 0.0029296875
0 0.2211481554547248 0.788818359375 0.0019727756954034327 0.00341796875
0 0.17414677451173802 0.789794921875 0.005030578023278753 0.00634765625
0 0.36377983823239296 0.7880859375 0.007496547642533044 0.00390625
0 0.43696981653186034 0.787353515625 0.004734661668968239 0.00439453125
0 0.30331426316827775 0.78564453125 0.003156441112645492 0.0029296875
0 0.20324521601893863 0.78515625 0.002071414480173604 0.0029296875
0 0.35475438942592225 0.784912109375 0.00542513316235944 0.00341796875
0 0.3077036890905504 0.78466796875 0.0028605247583349774 0.0029296875
0 0.16975734858946537 0.78369140625 0.004931939238508582 0.0029296875
0 0.31450976523969226 0.785888671875 0.009173406983625962 0.00830078125
0 0.1940224896429276 0.784423828125 0.009863878477017163 0.00537109375
0 0.1797198658512527 0.784423828125 0.004734661668968239 0.00537109375
0 0.43933714736634444 0.78271484375 0.001578220556322746 0.0029296875
0 0.21537778654566975 0.78125 0.0036496350364963502 0.001953125
0 0.21241862300256462 0.781494140625 0.0012823042020122311 0.00244140625
0 0.17434405208127837 0.780517578125 0.003452357466956007 0.00439453125
0 0.301144209903334 0.7802734375 0.008088380351154074 0.0048828125
0 0.17759913197869404 0.779296875 0.001874136910633261 0.0029296875
0 0.32309133951469715 0.78076171875 0.010357072400868021 0.0068359375
0 0.3142631682777668 0.77880859375 0.007101992503452358 0.00390625
0 0.20462615900572104 0.77880859375 0.007003353718682186 0.00390625
0 0.16832708621029788 0.7783203125 0.006411521010061156 0.00390625
0 0.1961925429078714 0.7763671875 0.003550996251726179 0.0029296875
0 0.1234464391398698 0.778564453125 0.008187019135924246 0.00732421875
0 0.21478595383704874 0.776611328125 0.002465969619254291 0.00439453125
0 0.5158315249556126 0.7744140625 0.003255079897415664 0.001953125
0 0.3192444269086605 0.77490234375 0.005030578023278753 0.0029296875
0 0.1679325310712172 0.773681640625 0.00483330045373841 0.00341796875
0 0.11698559873742355 0.773193359375 0.0039455513908068654 0.00341796875
0 0.3598836062339712 0.773193359375 0.002663247188794634 0.00439453125
0 0.31031761688695997 0.774169921875 0.003156441112645492 0.00634765625
0 0.17651410534622214 0.773193359375 0.0028605247583349774 0.00537109375
0 0.22188794634050107 0.771240234375 0.0014795817715525744 0.00244140625
0 0.2176464785953837 0.770263671875 0.002071414480173604 0.00341796875
0 0.3136220161767607 0.76953125 0.0028605247583349774 0.0029296875
0 0.35140067074373643 0.769775390625 0.004636022884198066 0.00439453125
0 0.18060761491418426 0.76904296875 0.0011836654172420597 0.0029296875
0 0.18277766817912802 0.768310546875 0.0011836654172420597 0.00341796875
0 0.4326790293943579 0.766845703125 0.007200631288222529 0.00439453125
0 0.3181594002761886 0.76611328125 0.005819688301440126 0.0029296875
0 0.18899191161964884 0.766357421875 0.002170053264943776 0.00341796875
0 0.11451962911816926 0.76806640625 0.00848293549023476 0.0068359375
0 0.13306372065496153 0.7646484375 0.0017754981258630894 0.001953125
0 0.4395344249358848 0.764404296875 0.0013809429867824028 0.00244140625
0 0.20507003353718684 0.7646484375 0.0011836654172420597 0.00390625
0 0.3094298678240284 0.762939453125 0.0017754981258630894 0.00244140625
0 0.23165318603274807 0.7607421875 0.003255079897415664 0.001953125
0 0.31618662458078517 0.76025390625 0.001874136910633261 0.001953125
0 0.1338528309331229 0.76025390625 0.003156441112645492 0.0029296875
0 0.19495955809824422 0.76318359375 0.005227855592819097 0.009765625
0 0.18613138686131386 0.760498046875 0.005918327086210298 0.00732421875
0 0.33916946143223514 0.75830078125 0.009173406983625962 0.0048828125
0 0.31485500098638786 0.756103515625 0.0023673308344841193 0.00341796875
0 0.1843065693430657 0.755859375 0.002071414480173604 0.0029296875
0 0.19638982047741171 0.755859375 0.0009863878477017164 0.00390625
0 0.2128131781416453 0.755859375 0.00542513316235944 0.005859375
0 0.11422371276385875 0.75439453125 0.004340106529887552 0.00390625
0 0.1828269875715131 0.75244140625 0.0014795817715525744 0.0029296875
0 0.43761096863286647 0.751953125 0.00424146774511738 0.0029296875
0 0.11003156441112645 0.7509765625 0.002071414480173604 0.0029296875
0 0.20571118563819293 0.750244140625 0.0036496350364963502 0.00244140625
0 0.3587985796014993 0.748046875 0.004044190175577037 0.0029296875
0 0.19180311698559874 0.750732421875 0.005819688301440126 0.00830078125
0 0.13513513513513514 0.748291015625 0.002170053264943776 0.00341796875
0 0.3661471690668771 0.7490234375 0.007496547642533044 0.0078125
0 0.3070625369895443 0.74658203125 0.007101992503452358 0.0048828125
0 0.3181594002761886 0.74560546875 0.0030578023278753207 0.00390625
0 0.18652594200039455 0.745849609375 0.003550996251726179 0.00439453125
0 0.46503255079897415 0.742919921875 0.00424146774511738 0.00244140625
0 0.17912803314263168 0.74365234375 0.003156441112645492 0.00390625
0 0.1828269875715131 0.742431640625 0.0028605247583349774 0.00244140625
0 0.34627145393568753 0.7421875 0.004044190175577037 0.0029296875
0 0.19140856184651805 0.7431640625 0.005227855592819097 0.0068359375
0 0.14544288814361808 0.740234375 0.0008877490629315447 0.001953125
0 0.3650621424344052 0.7392578125 0.0019727756954034327 0.001953125
0 0.35071019925034524 0.739501953125 0.0028605247583349774 0.00244140625
0 0.3140165713158414 0.7392578125 0.00483330045373841 0.00390625
0 0.33236338528309334 0.738037109375 0.0028605247583349774 0.00244140625
0 0.43346813967251924 0.738525390625 0.0036496350364963502 0.00439453125
0 0.32526139277964095 0.740478515625 0.007989741566383901 0.00830078125
0 0.3199348984020517 0.737548828125 0.0044387453146577235 0.00244140625
0 0.16433221542710594 0.73779296875 0.002170053264943776 0.0029296875
0 0.16112645492207536 0.738037109375 0.002465969619254291 0.00439453125
0 0.44101400670743734 0.735595703125 0.003748273821266522 0.00244140625
0 0.21301045571118563 0.73779296875 0.0044387453146577235 0.0068359375
0 0.2036890905504044 0.735595703125 0.006904714933912014 0.00439453125
0 0.16956007101992504 0.733154296875 0.009469323337936477 0.00537109375
0 0.31737028999802724 0.732666015625 0.00976523969224699 0.00537109375
0 0.43682185835470505 0.731201171875 0.0028605247583349774 0.00341796875
0 0.18248175182481752 0.731201171875 0.005721049516669955 0.00439453125
0 0.17656342473860723 0.729736328125 0.003156441112645492 0.00341796875
0 0.16891891891891891 0.729736328125 0.002663247188794634 0.00341796875
0 0.18854803708818307 0.728759765625 0.0038469126060366936 0.00341796875
0 0.1202899980272243 0.7275390625 0.0038469126060366936 0.0029296875
0 0.3323140658907082 0.72802734375 0.0027618859735648055 0.0048828125
0 0.1470211086999408 0.7275390625 0.0036496350364963502 0.00390625
0 0.34291773525350167 0.72509765625 0.001085026632471888 0.001953125
0 0.32180903531268495 0.725341796875 0.0022686920497139475 0.00244140625
0 0.1650720063128822 0.725830078125 0.003255079897415664 0.00341796875
0 0.19407180903531268 0.725341796875 0.002465969619254291 0.00341796875
0 0.3566778457289406 0.725341796875 0.005721049516669955 0.00830078125
0 0.1401657131584139 0.72412109375 0.003550996251726179 0.0068359375
0 0.34434799763266916 0.7216796875 0.0027618859735648055 0.0029296875
0 0.20433024265141053 0.7216796875 0.002071414480173604 0.00390625
0 0.337936476622608 0.720947265625 0.0033537186821858355 0.00341796875
0 0.3164332215427106 0.720703125 0.0009863878477017164 0.0029296875
0 0.1581672913789702 0.71826171875 0.002071414480173604 0.001953125
0 0.3566285263365555 0.718017578125 0.002465969619254291 0.00244140625
0 0.3244722825014796 0.7177734375 0.00424146774511738 0.00390625
0 0.3216610771355297 0.71826171875 0.0025646084040244622 0.005859375
0 0.3135726967843756 0.7177734375 0.002959163543105149 0.0048828125
0 0.2170053264943776 0.71630859375 0.0025646084040244622 0.001953125
0 0.1644801736042612 0.7158203125 0.002465969619254291 0.0029296875
0 0.3185046360228842 0.714111328125 0.004340106529887552 0.00244140625
0 0.18415861116591042 0.714599609375 0.0039455513908068654 0.00341796875
0 0.3627441309923062 0.71337890625 0.001874136910633261 0.001953125
0 0.17113829157624777 0.713623046875 0.0011836654172420597 0.00244140625
0 0.13991911619648845 0.71435546875 0.00542513316235944 0.0048828125
0 0.35968632866443084 0.70947265625 0.0016768593410929177 0.001953125
0 0.32802327875320575 0.7099609375 0.0028605247583349774 0.00390625
0 0.152298283685145 0.709228515625 0.006510159794831328 0.00732421875
0 0.3175182481751825 0.704345703125 0.0013809429867824028 0.00244140625
0 0.145985401459854 0.7041015625 0.0019727756954034327 0.0029296875
0 0.16216216216216217 0.701904296875 0.0039455513908068654 0.00439453125
0 0.3145590846320773 0.69921875 0.0019727756954034327 0.00390625
0 0.13967251923456303 0.697509765625 0.0027618859735648055 0.00439453125
0 0.2210988360623397 0.695068359375 0.0014795817715525744 0.00244140625
0 0.17542907871375024 0.694580078125 0.0012823042020122311 0.00341796875
0 0.21779443677253896 0.69384765625 0.0019727756954034327 0.0029296875
0 0.21468731505227856 0.69091796875 0.0008877490629315447 0.0029296875
0 0.33990925231801145 0.689697265625 0.0013809429867824028 0.00244140625
0 0.15422173998816335 0.690673828125 0.0028605247583349774 0.00537109375
0 0.1728151509173407 0.690673828125 0.0051292168080489245 0.00634765625
0 0.2089169461432235 0.6865234375 0.002170053264943776 0.00390625
0 0.3174689287827974 0.68505859375 0.0008877490629315447 0.001953125
0 0.3178634839218781 0.674072265625 0.002071414480173604 0.00244140625
0 0.09834286841586112 0.666259765625 0.0017754981258630894 0.00341796875
