0 0.17113829157624777 0.950927734375 0.000789110278161373 0.00244140625
0 0.12186821858354704 0.6552734375 0.0014795817715525744 0.0029296875
0 0.1595482343657526 0.654296875 0.0044387453146577235 0.0078125
0 0.3325113434602486 0.65478515625 0.0023673308344841193 0.009765625
0 0.2483231406589071 0.64892578125 0.001085026632471888 0.00390625
0 0.24245413296508186 0.64892578125 0.0023673308344841193 0.00390625
0 0.23870585914381534 0.648681640625 0.0027618859735648055 0.00439453125
0 0.15303807457092128 0.648681640625 0.012921680804892484 0.00830078125
0 0.38084434799763267 0.64501953125 0.000789110278161373 0.0029296875
0 0.3375419214835273 0.645751953125 0.003156441112645492 0.00439453125
0 0.42306174787926615 0.644287109375 0.001578220556322746 0.00244140625
0 0.41714342079305583 0.64404296875 0.0009863878477017164 0.001953125
0 0.3820773328072598 0.64453125 0.0014795817715525744 0.0029296875
0 0.34508778851844546 0.645263671875 0.001085026632471888 0.00439453125
0 0.2740185440915368 0.646728515625 0.007496547642533044 0.00732421875
0 0.2616393766028802 0.647705078125 0.002465969619254291 0.00927734375
