0 0.5054744525547445 0.998779296875 0.0012823042020122311 0.00244140625
0 0.4152199644900375 0.998779296875 0.001085026632471888 0.00244140625
0 0.6797198658512527 0.99853515625 0.000789110278161373 0.0029296875
0 0.48673308344841193 0.99853515625 0.0016768593410929177 0.0029296875
0 0.4423949496942198 0.99853515625 0.001578220556322746 0.0029296875
0 0.4081179719865851 0.998291015625 0.002465969619254291 0.00341796875
0 0.38888340895640167 0.998291015625 0.001874136910633261 0.00341796875
0 0.29744525547445255 0.998291015625 0.0038469126060366936 0.00341796875
0 0.22652396922469914 0.998291015625 0.002465969619254291 0.00341796875
0 0.13720654961530873 0.998046875 0.0013809429867824028 0.00390625
0 0.6199940816729138 0.997802734375 0.0028605247583349774 0.00439453125
0 0.536249753403038 0.997802734375 0.002465969619254291 0.00439453125
0 0.5328467153284672 0.997802734375 0.003156441112645492 0.00439453125
0 0.5224896429275991 0.997802734375 0.0023673308344841193 0.00439453125
0 0.5154369698165319 0.997802734375 0.002071414480173604 0.00439453125
0 0.45043401065298877 0.997802734375 0.0028605247583349774 0.00439453125
0 0.6771059380548432 0.99755859375 0.004044190175577037 0.0048828125
0 0.4704576839613336 0.99755859375 0.0014795817715525744 0.0048828125
0 0.41216216216216217 0.99658203125 0.0022686920497139475 0.0029296875
0 0.455168672321957 0.997314453125 0.002663247188794634 0.00537109375
0 0.4454527520220951 0.99609375 0.0009863878477017164 0.0029296875
0 0.3921384888538173 0.996337890625 0.0012823042020122311 0.00341796875
0 0.3290589859932926 0.996337890625 0.002170053264943776 0.00341796875
0 0.6060366936279346 0.9970703125 0.0017754981258630894 0.005859375
0 0.49082659301637405 0.9970703125 0.005918327086210298 0.005859375
0 0.4832314065890708 0.9970703125 0.004537384099427895 0.005859375
0 0.478743341882028 0.996826171875 0.003255079897415664 0.00634765625
0 0.4755375813769974 0.996826171875 0.0017754981258630894 0.00634765625
0 0.6810021700532649 0.995361328125 0.003156441112645492 0.00537109375
0 0.3340895640165713 0.9951171875 0.0025646084040244622 0.0048828125
0 0.4734661668968238 0.99609375 0.003550996251726179 0.0078125
0 0.31031761688695997 0.99609375 0.005326494377589268 0.0078125
0 0.14633063720654962 0.993408203125 0.0012823042020122311 0.00244140625
0 0.6974748471098836 0.995849609375 0.005523771947129611 0.00830078125
0 0.5242651410534622 0.993408203125 0.002170053264943776 0.00341796875
0 0.5196291181692642 0.9951171875 0.003550996251726179 0.0068359375
0 0.32708621029788915 0.993896484375 0.002959163543105149 0.00439453125
0 0.23722627737226276 0.995849609375 0.006510159794831328 0.00830078125
0 0.571217202604064 0.992431640625 0.0013809429867824028 0.00244140625
0 0.26405602682974944 0.99560546875 0.004142828960347208 0.0087890625
0 0.6076642335766423 0.995361328125 0.003255079897415664 0.00927734375
0 0.5895640165713159 0.992919921875 0.0019727756954034327 0.00439453125
0 0.4072302229236536 0.99267578125 0.001874136910633261 0.00390625
0 0.18435588873545078 0.992431640625 0.002170053264943776 0.00341796875
0 0.6909646873150522 0.992431640625 0.0019727756954034327 0.00439453125
0 0.4864864864864865 0.9912109375 0.0025646084040244622 0.0029296875
0 0.4840205168672322 0.99169921875 0.0013809429867824028 0.00390625
0 0.4768198855790097 0.991943359375 0.001578220556322746 0.00439453125
0 0.34794831327678044 0.992431640625 0.003255079897415664 0.00634765625
0 0.25246596961925427 0.99462890625 0.002663247188794634 0.0107421875
0 0.5421187610968633 0.994384765625 0.0039455513908068654 0.01123046875
0 0.5385184454527521 0.989990234375 0.0008877490629315447 0.00244140625
0 0.5163740382718485 0.991455078125 0.003550996251726179 0.00537109375
0 0.4217794436772539 0.990234375 0.001578220556322746 0.0029296875
0 0.3333990925231801 0.989990234375 0.0013809429867824028 0.00244140625
0 0.6003649635036497 0.9931640625 0.0028605247583349774 0.009765625
0 0.5837936476622608 0.991943359375 0.002663247188794634 0.00732421875
0 0.3964785953837049 0.989501953125 0.001085026632471888 0.00244140625
0 0.7233182087196686 0.99169921875 0.005326494377589268 0.0078125
0 0.6878082462024068 0.9892578125 0.0019727756954034327 0.0029296875
0 0.6739494969421976 0.989990234375 0.0022686920497139475 0.00439453125
0 0.6224600512921681 0.993896484375 0.005030578023278753 0.01220703125
0 0.4488064707042809 0.990234375 0.002170053264943776 0.0048828125
0 0.3852830933122904 0.989990234375 0.0017754981258630894 0.00439453125
0 0.6657131584138883 0.9912109375 0.002959163543105149 0.0078125
0 0.5294929966462814 0.99365234375 0.003550996251726179 0.0126953125
0 0.41916551588084433 0.99072265625 0.003255079897415664 0.0068359375
0 0.3307358453343855 0.989501953125 0.003156441112645492 0.00439453125
0 0.23594397317025054 0.989990234375 0.003748273821266522 0.00537109375
0 0.693134740579996 0.98876953125 0.002959163543105149 0.005859375
0 0.6853422765831525 0.988525390625 0.0023673308344841193 0.00537109375
0 0.6161964884592622 0.98779296875 0.0019727756954034327 0.00390625
0 0.5397021108699941 0.98779296875 0.001085026632471888 0.00390625
0 0.521848490826593 0.98681640625 0.0008877490629315447 0.001953125
0 0.30785164726770564 0.9873046875 0.0013809429867824028 0.0029296875
0 0.24008680213059774 0.988525390625 0.0027618859735648055 0.00537109375
0 0.22326888932728348 0.989013671875 0.002663247188794634 0.00634765625
0 0.5289998027224304 0.9873046875 0.0013809429867824028 0.00390625
0 0.3105148944565003 0.988525390625 0.0025646084040244622 0.00634765625
0 0.3002564608404025 0.989013671875 0.006904714933912014 0.00732421875
0 0.289110278161373 0.9892578125 0.005918327086210298 0.0078125
0 0.13114026435194318 0.988525390625 0.006214243440520813 0.00634765625
0 0.5268790688498718 0.98828125 0.002663247188794634 0.0078125
0 0.34059972381140263 0.989990234375 0.004931939238508582 0.01123046875
0 0.30543499704083643 0.985595703125 0.002071414480173604 0.00244140625
0 0.6463306372065496 0.987060546875 0.0044387453146577235 0.00634765625
0 0.6236437167094101 0.9853515625 0.0008877490629315447 0.0029296875
0 0.5449792858551983 0.986328125 0.0027618859735648055 0.0048828125
0 0.6099822450187413 0.98486328125 0.0025646084040244622 0.00390625
0 0.5036496350364964 0.988525390625 0.003748273821266522 0.01123046875
0 0.39761294140856185 0.984375 0.0017754981258630894 0.0029296875
0 0.5606135332412705 0.986083984375 0.0022686920497139475 0.00732421875
0 0.5195797987768791 0.986083984375 0.003452357466956007 0.00732421875
0 0.40062142434405207 0.985595703125 0.002465969619254291 0.00634765625
0 0.37985796014993095 0.9873046875 0.009863878477017163 0.009765625
0 0.5022686920497139 0.984130859375 0.0013809429867824028 0.00439453125
0 0.35164726770566185 0.984375 0.0039455513908068654 0.005859375
0 0.2375221937265733 0.982666015625 0.0013809429867824028 0.00244140625
0 0.6849477214440718 0.983154296875 0.0019727756954034327 0.00439453125
0 0.3608206746892878 0.982421875 0.0025646084040244622 0.0029296875
0 0.2892582363385283 0.983154296875 0.003452357466956007 0.00439453125
0 0.6742947326888933 0.982177734375 0.001578220556322746 0.00341796875
0 0.6073189978299467 0.98291015625 0.0025646084040244622 0.005859375
0 0.4454527520220951 0.984619140625 0.0039455513908068654 0.00927734375
0 0.42306174787926615 0.983642578125 0.004142828960347208 0.00732421875
0 0.32876306963898205 0.982177734375 0.0023673308344841193 0.00439453125
0 0.2546853422765831 0.982177734375 0.0025646084040244622 0.00439453125
0 0.5301341487472875 0.9814453125 0.002071414480173604 0.00390625
0 0.5001972775695404 0.9814453125 0.0023673308344841193 0.00390625
0 0.404616295127244 0.9814453125 0.0023673308344841193 0.00390625
0 0.3315742750049319 0.98046875 0.001874136910633261 0.0029296875
0 0.4825902544880647 0.980712890625 0.002071414480173604 0.00439453125
0 0.44259222726376013 0.979736328125 0.001578220556322746 0.00244140625
0 0.43440520812783584 0.9833984375 0.003550996251726179 0.009765625
0 0.26893864667587297 0.98046875 0.002663247188794634 0.00390625
0 0.1296606825803906 0.980712890625 0.002465969619254291 0.00439453125
0 0.41714342079305583 0.98046875 0.0025646084040244622 0.0048828125
0 0.38538173209706056 0.9794921875 0.002170053264943776 0.0029296875
0 0.565496153087394 0.97998046875 0.001578220556322746 0.0048828125
0 0.3917932531071217 0.981201171875 0.0025646084040244622 0.00732421875
0 0.14480173604261196 0.978759765625 0.0013809429867824028 0.00244140625
0 0.1349378575655948 0.97900390625 0.006707437364371671 0.00390625
0 0.588528309331229 0.9814453125 0.004636022884198066 0.009765625
0 0.22519234563030183 0.978759765625 0.0023673308344841193 0.00439453125
0 0.6944170447820083 0.978515625 0.0025646084040244622 0.0048828125
0 0.6114125073979089 0.98046875 0.003255079897415664 0.0087890625
0 0.5923752219372658 0.980712890625 0.004044190175577037 0.00927734375
0 0.38863681199447625 0.98193359375 0.0033537186821858355 0.01171875
0 0.2532057605050306 0.978271484375 0.002959163543105149 0.00439453125
0 0.5965180508976129 0.978271484375 0.0022686920497139475 0.00537109375
0 0.4238015387650424 0.97705078125 0.001874136910633261 0.0029296875
0 0.40145985401459855 0.978271484375 0.002170053264943776 0.00537109375
0 0.6459360820674689 0.9765625 0.001085026632471888 0.0029296875
0 0.23697968041033735 0.976806640625 0.0012823042020122311 0.00341796875
0 0.5709706056421385 0.9755859375 0.0012823042020122311 0.001953125
0 0.6785362004340106 0.97802734375 0.0025646084040244622 0.0078125
0 0.6760209114223713 0.976318359375 0.002465969619254291 0.00439453125
0 0.5533142631682778 0.975830078125 0.0022686920497139475 0.00341796875
0 0.5504537384099428 0.977783203125 0.0022686920497139475 0.00732421875
0 0.5441901755770369 0.975830078125 0.0011836654172420597 0.00341796875
0 0.3470112448214638 0.9765625 0.002959163543105149 0.0048828125
0 0.5309725784178339 0.974609375 0.000789110278161373 0.0029296875
0 0.5239692246991517 0.9775390625 0.004537384099427895 0.0087890625
0 0.6506707437364372 0.975830078125 0.00483330045373841 0.00634765625
0 0.5475438942592227 0.974609375 0.0009863878477017164 0.00390625
0 0.5280627342671138 0.9765625 0.003255079897415664 0.0078125
0 0.2406293154468337 0.9736328125 0.0012823042020122311 0.0029296875
0 0.6733083448411915 0.9736328125 0.001578220556322746 0.00390625
0 0.6724699151706451 0.9755859375 0.0022686920497139475 0.0078125
0 0.6629512724403235 0.978271484375 0.006510159794831328 0.01318359375
0 0.6452949299664628 0.973876953125 0.0013809429867824028 0.00439453125
0 0.5677648451371079 0.973388671875 0.0011836654172420597 0.00341796875
0 0.5408857762872361 0.974365234375 0.002071414480173604 0.00537109375
0 0.5127737226277372 0.974365234375 0.001874136910633261 0.00537109375
0 0.697672124679424 0.974365234375 0.002170053264943776 0.00634765625
0 0.6673406983625961 0.975830078125 0.00424146774511738 0.00927734375
0 0.5360524758334977 0.97265625 0.0012823042020122311 0.0029296875
0 0.38967251923456303 0.97265625 0.0008877490629315447 0.0029296875
0 0.6809035312684948 0.975341796875 0.006312882225290984 0.00927734375
0 0.48027224304596566 0.97314453125 0.0027618859735648055 0.0048828125
0 0.3082955217991714 0.973876953125 0.0022686920497139475 0.00634765625
0 0.2308147563622016 0.972900390625 0.002170053264943776 0.00439453125
0 0.34360820674689285 0.972412109375 0.0022686920497139475 0.00439453125
0 0.285608601302032 0.971923828125 0.0008877490629315447 0.00341796875
0 0.44939830341290193 0.973876953125 0.0039455513908068654 0.00830078125
0 0.25305780232787534 0.972412109375 0.003452357466956007 0.00537109375
0 0.5325014795817715 0.97119140625 0.001085026632471888 0.00390625
0 0.40274215821661075 0.970947265625 0.003550996251726179 0.00341796875
0 0.5352633655553364 0.969970703125 0.0008877490629315447 0.00244140625
0 0.5924245413296508 0.973388671875 0.004931939238508582 0.01025390625
0 0.5384691260603669 0.9697265625 0.000789110278161373 0.0029296875
0 0.39485105543499704 0.969970703125 0.001578220556322746 0.00341796875
0 0.38587492602091145 0.971923828125 0.004340106529887552 0.00732421875
0 0.6992996646281318 0.971435546875 0.003452357466956007 0.00732421875
0 0.6883014401262576 0.969970703125 0.002170053264943776 0.00439453125
0 0.471838626948116 0.9736328125 0.00483330045373841 0.01171875
0 0.3470112448214638 0.96875 0.001578220556322746 0.001953125
0 0.3129315446833695 0.971923828125 0.007003353718682186 0.00830078125
0 0.5263365555336358 0.968505859375 0.0011836654172420597 0.00244140625
0 0.4944762280528704 0.96923828125 0.001578220556322746 0.0048828125
0 0.408611165910436 0.968505859375 0.0012823042020122311 0.00341796875
0 0.6068751232984809 0.97216796875 0.008778851844545275 0.01171875
0 0.5430065101597948 0.96875 0.0023673308344841193 0.0048828125
0 0.2089169461432235 0.96875 0.003156441112645492 0.0048828125
0 0.5376306963898205 0.966796875 0.001085026632471888 0.0029296875
0 0.2360919313474058 0.96728515625 0.0030578023278753207 0.00390625
0 0.535016768593411 0.966796875 0.0017754981258630894 0.00390625
0 0.6702998619057013 0.9677734375 0.0038469126060366936 0.0068359375
0 0.6632471887946341 0.9697265625 0.004931939238508582 0.0107421875
0 0.5738804497928586 0.966064453125 0.0009863878477017164 0.00341796875
0 0.332757940422174 0.966064453125 0.001085026632471888 0.00341796875
0 0.30380745709212864 0.967529296875 0.0051292168080489245 0.00634765625
0 0.4802229236535806 0.96630859375 0.001874136910633261 0.0048828125
0 0.3703393174196094 0.967041015625 0.002465969619254291 0.00634765625
0 0.24097455119352928 0.96630859375 0.003748273821266522 0.0048828125
0 0.5939041231012034 0.964599609375 0.0011836654172420597 0.00244140625
0 0.17163148550009863 0.96435546875 0.000789110278161373 0.001953125
0 0.168968238311304 0.965087890625 0.0023673308344841193 0.00341796875
0 0.6740481357269679 0.9658203125 0.001874136910633261 0.005859375
0 0.549418031169856 0.96435546875 0.001578220556322746 0.0029296875
0 0.45289998027224304 0.9677734375 0.002663247188794634 0.009765625
0 0.33990925231801145 0.965576171875 0.002170053264943776 0.00537109375
0 0.6715821661077136 0.963623046875 0.001085026632471888 0.00244140625
0 0.6797198658512527 0.962890625 0.0019727756954034327 0.001953125
0 0.5303314263168277 0.964111328125 0.0012823042020122311 0.00439453125
0 0.23283685144999014 0.963134765625 0.001085026632471888 0.00244140625
0 0.5696389820477412 0.963134765625 0.0013809429867824028 0.00341796875
0 0.48337936476622606 0.965087890625 0.0038469126060366936 0.00732421875
0 0.30933122903925825 0.96337890625 0.0025646084040244622 0.00390625
0 0.6108206746892878 0.96533203125 0.003255079897415664 0.0087890625
0 0.6052969027421582 0.963134765625 0.0028605247583349774 0.00439453125
0 0.1766620635233774 0.96240234375 0.0013809429867824028 0.0029296875
0 0.5627835865062143 0.961181640625 0.001085026632471888 0.00244140625
0 0.40047346616689683 0.962158203125 0.002170053264943776 0.00439453125
0 0.2644999013612152 0.964111328125 0.006016965870980469 0.00830078125
0 0.271256658117972 0.961181640625 0.0019727756954034327 0.00341796875
0 0.4803215624383508 0.9609375 0.0016768593410929177 0.00390625
0 0.5428585519826395 0.960205078125 0.0016768593410929177 0.00341796875
0 0.2353521404616295 0.960205078125 0.002170053264943776 0.00341796875
0 0.6900769382521207 0.9599609375 0.0017754981258630894 0.00390625
0 0.5863089366739002 0.961669921875 0.005326494377589268 0.00732421875
0 0.582757940422174 0.95849609375 0.0011836654172420597 0.0029296875
0 0.5414776089958572 0.95849609375 0.0016768593410929177 0.0029296875
0 0.5121325705267311 0.960693359375 0.0017754981258630894 0.00732421875
0 0.526385874926021 0.95849609375 0.0022686920497139475 0.00390625
0 0.4906293154468337 0.961181640625 0.003156441112645492 0.00927734375
0 0.4854014598540146 0.958251953125 0.0011836654172420597 0.00341796875
0 0.191951075162754 0.958740234375 0.0072992700729927005 0.00439453125
0 0.519530479384494 0.961181640625 0.005326494377589268 0.01025390625
0 0.48337936476622606 0.958251953125 0.0014795817715525744 0.00439453125
0 0.3484908265930164 0.958251953125 0.0023673308344841193 0.00439453125
0 0.2972479779049122 0.960205078125 0.005819688301440126 0.00830078125
0 0.6092917735253501 0.95751953125 0.0027618859735648055 0.00390625
0 0.24378575655947918 0.95849609375 0.004636022884198066 0.005859375
0 0.5139573880449793 0.95703125 0.0012823042020122311 0.00390625
0 0.6610278161373052 0.958251953125 0.004636022884198066 0.00732421875
0 0.4228151509173407 0.957275390625 0.0030578023278753207 0.00537109375
0 0.4859932925626356 0.955322265625 0.0009863878477017164 0.00244140625
0 0.3021799171434208 0.9560546875 0.001874136910633261 0.00390625
0 0.5598737423554941 0.95556640625 0.002959163543105149 0.00390625
0 0.45783191951075164 0.95654296875 0.005030578023278753 0.005859375
0 0.41068258039060956 0.95654296875 0.002663247188794634 0.005859375
0 0.24635036496350365 0.955322265625 0.004044190175577037 0.00341796875
0 0.17015190372854608 0.955078125 0.0019727756954034327 0.0029296875
0 0.3134740579996054 0.957275390625 0.0025646084040244622 0.00830078125
0 0.6841092917735253 0.954833984375 0.002465969619254291 0.00439453125
0 0.6783882422568553 0.955322265625 0.001874136910633261 0.00537109375
0 0.6754783981061353 0.956787109375 0.004142828960347208 0.00830078125
0 0.3253600315644111 0.9560546875 0.0028605247583349774 0.0068359375
0 0.24053067666206351 0.953857421875 0.0008877490629315447 0.00244140625
0 0.46202406786348393 0.955322265625 0.003156441112645492 0.00634765625
0 0.45112448214637996 0.955810546875 0.0028605247583349774 0.00732421875
0 0.3056322746103768 0.955810546875 0.006016965870980469 0.00732421875
0 0.15303807457092128 0.954345703125 0.003255079897415664 0.00439453125
0 0.7109883606233971 0.953857421875 0.0019727756954034327 0.00439453125
0 0.6977707634641941 0.95361328125 0.0017754981258630894 0.00390625
0 0.46537778654566975 0.954345703125 0.001578220556322746 0.00537109375
0 0.3905109489051095 0.95361328125 0.003550996251726179 0.00390625
0 0.3316729137897021 0.953369140625 0.002071414480173604 0.00341796875
0 0.2704182284474255 0.956298828125 0.004636022884198066 0.00927734375
0 0.5645097652396922 0.952392578125 0.0011836654172420597 0.00341796875
0 0.5249556125468534 0.9521484375 0.0011836654172420597 0.0029296875
0 0.4541822844742553 0.953369140625 0.003452357466956007 0.00537109375
0 0.4255277174985204 0.953125 0.003156441112645492 0.0048828125
0 0.22588281712369304 0.9521484375 0.0027618859735648055 0.00390625
0 0.14159597553758138 0.952392578125 0.002663247188794634 0.00439453125
0 0.5112448214637996 0.950927734375 0.001578220556322746 0.00244140625
0 0.4840205168672322 0.9521484375 0.0027618859735648055 0.0048828125
0 0.31894851055435 0.95263671875 0.0038469126060366936 0.005859375
0 0.5151903728546064 0.951904296875 0.003550996251726179 0.00537109375
0 0.5042907871375024 0.951416015625 0.0028605247583349774 0.00439453125
0 0.1567370289998027 0.95166015625 0.003748273821266522 0.0048828125
0 0.6912112842769778 0.950927734375 0.003255079897415664 0.00439453125
0 0.6850956796212271 0.9501953125 0.0012823042020122311 0.0029296875
0 0.5325014795817715 0.951904296875 0.0028605247583349774 0.00634765625
0 0.5068060761491419 0.95166015625 0.002959163543105149 0.005859375
0 0.44491023870585916 0.950927734375 0.002465969619254291 0.00439453125
0 0.2503452357466956 0.95068359375 0.0011836654172420597 0.00390625
0 0.39726770566186625 0.949462890625 0.002071414480173604 0.00244140625
0 0.6687216413493786 0.951171875 0.0028605247583349774 0.0068359375
0 0.5191359242454133 0.948974609375 0.001578220556322746 0.00244140625
0 0.4194121128427698 0.95166015625 0.0033537186821858355 0.0078125
0 0.33226474649832316 0.94921875 0.0028605247583349774 0.0029296875
0 0.16941211284276977 0.948974609375 0.002465969619254291 0.00244140625
0 0.5896133359637009 0.951171875 0.0028605247583349774 0.0078125
0 0.3384296705464589 0.949951171875 0.0033537186821858355 0.00537109375
0 0.7123693036101795 0.950439453125 0.0039455513908068654 0.00732421875
0 0.5961728151509174 0.9501953125 0.003550996251726179 0.0068359375
0 0.5705267311106728 0.9482421875 0.0023673308344841193 0.00390625
0 0.5585421187610968 0.9482421875 0.0014795817715525744 0.00390625
0 0.5485796014993095 0.947265625 0.0006904714933912014 0.001953125
0 0.5028112053659499 0.949462890625 0.0016768593410929177 0.00634765625
0 0.4140856184651805 0.950439453125 0.0039455513908068654 0.00830078125
0 0.31169855987374234 0.948486328125 0.0025646084040244622 0.00439453125
0 0.308048924837246 0.947509765625 0.0017754981258630894 0.00244140625
0 0.15136121522982837 0.947265625 0.0014795817715525744 0.001953125
0 0.6192049713947524 0.949951171875 0.0036496350364963502 0.00830078125
0 0.3019333201814954 0.948974609375 0.0033537186821858355 0.00634765625
0 0.2732787532057605 0.94775390625 0.0016768593410929177 0.00390625
0 0.6765141053462221 0.947265625 0.003255079897415664 0.00390625
0 0.6524462418623003 0.947509765625 0.0016768593410929177 0.00439453125
0 0.46710396527914777 0.94775390625 0.002663247188794634 0.0048828125
0 0.35726967843756163 0.946533203125 0.001578220556322746 0.00244140625
0 0.3219569934898402 0.947509765625 0.001578220556322746 0.00439453125
0 0.13168277766817912 0.947021484375 0.002959163543105149 0.00341796875
0 0.5474452554744526 0.946044921875 0.000789110278161373 0.00244140625
0 0.49995068060761494 0.949462890625 0.0036496350364963502 0.00927734375
0 0.4880153876504241 0.948486328125 0.0036496350364963502 0.00732421875
0 0.2694811599921089 0.94677734375 0.003748273821266522 0.00390625
0 0.24492010258433616 0.94873046875 0.004142828960347208 0.0078125
0 0.6870191359242455 0.945556640625 0.0005918327086210298 0.00244140625
0 0.5739790885776287 0.9462890625 0.002170053264943776 0.00390625
0 0.5365456697573486 0.94580078125 0.0008877490629315447 0.0029296875
0 0.41916551588084433 0.946533203125 0.002663247188794634 0.00439453125
0 0.3877490629315447 0.9462890625 0.003748273821266522 0.00390625
0 0.25680607614914186 0.948974609375 0.006016965870980469 0.00927734375
0 0.6717301242848688 0.9482421875 0.005326494377589268 0.0087890625
0 0.6562438350759519 0.9453125 0.0019727756954034327 0.0029296875
0 0.5901065298875517 0.946044921875 0.003255079897415664 0.00439453125
0 0.543696981653186 0.947509765625 0.003550996251726179 0.00732421875
0 0.5262379167488657 0.946533203125 0.0025646084040244622 0.00537109375
0 0.4654764253304399 0.9453125 0.002170053264943776 0.0029296875
0 0.5231801144209903 0.944580078125 0.0019727756954034327 0.00244140625
0 0.4710988360623397 0.945068359375 0.002959163543105149 0.00341796875
0 0.2830439928980075 0.947998046875 0.00542513316235944 0.00927734375
0 0.1867232195699349 0.945068359375 0.0017754981258630894 0.00341796875
0 0.6617182876306964 0.94482421875 0.001874136910633261 0.00390625
0 0.5952357466956008 0.9443359375 0.0022686920497139475 0.0029296875
0 0.5676168869599526 0.945068359375 0.0014795817715525744 0.00439453125
0 0.42340698362596174 0.947265625 0.0036496350364963502 0.0087890625
0 0.45556322746103767 0.94580078125 0.003452357466956007 0.0068359375
0 0.37985796014993095 0.945556640625 0.0039455513908068654 0.00634765625
0 0.5877391990530677 0.943115234375 0.001085026632471888 0.00244140625
0 0.4968928782797396 0.949462890625 0.00483330045373841 0.01513671875
0 0.28797593213651607 0.94482421875 0.0014795817715525744 0.005859375
0 0.1484513710791083 0.9443359375 0.0017754981258630894 0.0048828125
0 0.6354310514894457 0.944091796875 0.005326494377589268 0.00537109375
0 0.5526731110672717 0.94287109375 0.0013809429867824028 0.0029296875
0 0.5053758137699743 0.944091796875 0.0022686920497139475 0.00537109375
0 0.4537877293351746 0.9423828125 0.0006904714933912014 0.001953125
0 0.3058788715723022 0.943115234375 0.0011836654172420597 0.00341796875
0 0.20497139475241666 0.942626953125 0.0013809429867824028 0.00244140625
0 0.4440718090353127 0.942626953125 0.002959163543105149 0.00341796875
0 0.27490629315446835 0.943359375 0.002959163543105149 0.0048828125
0 0.2514302623791675 0.944091796875 0.005918327086210298 0.00634765625
0 0.23342868415861118 0.9443359375 0.006214243440520813 0.0068359375
0 0.5293943578615111 0.944580078125 0.002959163543105149 0.00830078125
0 0.17182876306963898 0.942138671875 0.002170053264943776 0.00341796875
0 0.6409548234365753 0.94140625 0.0009863878477017164 0.0029296875
0 0.4781021897810219 0.942626953125 0.0027618859735648055 0.00537109375
0 0.5826593016374039 0.941162109375 0.0013809429867824028 0.00341796875
0 0.17740185440915368 0.9404296875 0.0014795817715525744 0.001953125
0 0.40456697573485895 0.9453125 0.005030578023278753 0.0126953125
0 0.3301440126257644 0.941650390625 0.004931939238508582 0.00537109375
0 0.29399289800749656 0.94384765625 0.00897612941408562 0.009765625
0 0.19900374827382128 0.940185546875 0.001874136910633261 0.00244140625
0 0.6623594397317025 0.939453125 0.000789110278161373 0.001953125
0 0.4674985204182284 0.940185546875 0.0016768593410929177 0.00341796875
0 0.4581278358650621 0.941162109375 0.003255079897415664 0.00537109375
0 0.3883408956401657 0.94140625 0.002959163543105149 0.005859375
0 0.2681002170053265 0.941162109375 0.004340106529887552 0.00537109375
0 0.7054645886762675 0.93896484375 0.0011836654172420597 0.001953125
0 0.6435194318405997 0.93994140625 0.0017754981258630894 0.00390625
0 0.5378772933517459 0.940185546875 0.0013809429867824028 0.00439453125
0 0.5015782205563227 0.940673828125 0.004142828960347208 0.00537109375
0 0.48771947129611365 0.94287109375 0.004044190175577037 0.009765625
0 0.4798283685144999 0.93994140625 0.0016768593410929177 0.00390625
0 0.44535411323732493 0.93896484375 0.000789110278161373 0.001953125
0 0.4272045768396133 0.9404296875 0.004340106529887552 0.0048828125
0 0.354606431248767 0.941650390625 0.0039455513908068654 0.00732421875
0 0.2625271256658118 0.93994140625 0.002071414480173604 0.00390625
0 0.23929769185243638 0.94091796875 0.0025646084040244622 0.005859375
0 0.677007299270073 0.941162109375 0.001874136910633261 0.00732421875
0 0.5504537384099428 0.938720703125 0.0016768593410929177 0.00244140625
0 0.334484119155652 0.940185546875 0.0027618859735648055 0.00537109375
0 0.2579897415663839 0.93896484375 0.002071414480173604 0.0029296875
0 0.41605839416058393 0.940673828125 0.002170053264943776 0.00732421875
0 0.665565200236733 0.940673828125 0.005227855592819097 0.00830078125
0 0.5301834681396725 0.93798828125 0.002170053264943776 0.0029296875
0 0.49728743341882026 0.93798828125 0.0014795817715525744 0.0029296875
0 0.6825310712172026 0.9404296875 0.0044387453146577235 0.0087890625
0 0.41921483527322945 0.93896484375 0.0033537186821858355 0.005859375
0 0.5921779443677254 0.93994140625 0.003255079897415664 0.0087890625
0 0.5463602288419807 0.9375 0.0011836654172420597 0.00390625
0 0.5087788518445453 0.937255859375 0.001578220556322746 0.00341796875
0 0.4953146577234169 0.937255859375 0.001085026632471888 0.00341796875
0 0.44875715131189586 0.9375 0.0012823042020122311 0.00390625
0 0.2822548826198461 0.938720703125 0.005030578023278753 0.00634765625
0 0.5169165515880845 0.939697265625 0.0038469126060366936 0.00927734375
0 0.5064115210100611 0.937744140625 0.0027618859735648055 0.00537109375
0 0.30489248372460054 0.9365234375 0.0027618859735648055 0.0048828125
0 0.23204774117182878 0.939208984375 0.009370684553166305 0.01025390625
0 0.2210988360623397 0.935546875 0.004044190175577037 0.0029296875
0 0.687906884987177 0.936279296875 0.002959163543105149 0.00537109375
0 0.6299565989347011 0.9404296875 0.003452357466956007 0.013671875
0 0.40491221148155454 0.93505859375 0.001578220556322746 0.0029296875
0 0.3340895640165713 0.93505859375 0.0013809429867824028 0.0029296875
0 0.5969126060366936 0.934326171875 0.0008877490629315447 0.00244140625
0 0.5035016768593411 0.934326171875 0.0012823042020122311 0.00244140625
0 0.45743736437167093 0.9345703125 0.0012823042020122311 0.0029296875
0 0.2870881830735845 0.93603515625 0.002465969619254291 0.005859375
0 0.24985204182284473 0.93505859375 0.002959163543105149 0.00390625
0 0.2441803116985599 0.9345703125 0.001085026632471888 0.0029296875
0 0.7002860524758335 0.933837890625 0.0016768593410929177 0.00244140625
0 0.5216512132570527 0.93701171875 0.005227855592819097 0.0087890625
0 0.4742059577826001 0.93505859375 0.0028605247583349774 0.0048828125
0 0.46310909449595583 0.93701171875 0.0051292168080489245 0.009765625
0 0.4474748471098836 0.93408203125 0.0012823042020122311 0.00390625
0 0.18346813967251924 0.93359375 0.0023673308344841193 0.0029296875
0 0.6419905306766621 0.933837890625 0.0022686920497139475 0.00439453125
0 0.5993292562635628 0.93701171875 0.003748273821266522 0.0107421875
0 0.5881830735845335 0.93359375 0.002170053264943776 0.00390625
0 0.4713454330242651 0.93603515625 0.003255079897415664 0.0087890625
0 0.4346024856973762 0.932861328125 0.001578220556322746 0.00244140625
0 0.30020714144801736 0.93359375 0.002071414480173604 0.00390625
0 0.4663148550009864 0.933349609375 0.0014795817715525744 0.00439453125
0 0.44200039455513906 0.935791015625 0.005523771947129611 0.00927734375
0 0.2780627342671138 0.935546875 0.004931939238508582 0.0087890625
0 0.5289011639376603 0.931640625 0.000789110278161373 0.001953125
0 0.5219964490037483 0.931884765625 0.0005918327086210298 0.00244140625
0 0.5102584336160978 0.932373046875 0.002170053264943776 0.00341796875
0 0.4294239494969422 0.934326171875 0.003452357466956007 0.00732421875
0 0.3943085421187611 0.9375 0.004636022884198066 0.013671875
0 0.3128822252909844 0.931640625 0.0011836654172420597 0.001953125
0 0.6904221739988163 0.931640625 0.0008877490629315447 0.0029296875
0 0.5271256658117972 0.93115234375 0.0013809429867824028 0.001953125
0 0.2291872164134938 0.931396484375 0.0012823042020122311 0.00244140625
0 0.5439435786151114 0.931396484375 0.0014795817715525744 0.00341796875
0 0.5056717301242849 0.93359375 0.002465969619254291 0.0078125
0 0.47825014795817716 0.931640625 0.0016768593410929177 0.00390625
0 0.32397908857762875 0.934326171875 0.005227855592819097 0.00927734375
0 0.7011244821463799 0.930908203125 0.0011836654172420597 0.00341796875
0 0.4852535016768593 0.930908203125 0.0014795817715525744 0.00341796875
0 0.483921878082462 0.933837890625 0.0033537186821858355 0.00927734375
0 0.2601597948313277 0.930908203125 0.0022686920497139475 0.00341796875
0 0.24319392385085817 0.930908203125 0.0036496350364963502 0.00341796875
0 0.17572499506806077 0.93115234375 0.002071414480173604 0.00390625
0 0.16610771355296902 0.931884765625 0.002170053264943776 0.00537109375
0 0.6112645492207536 0.940185546875 0.010061156046557506 0.02294921875
0 0.411471690668771 0.93115234375 0.0030578023278753207 0.0048828125
0 0.12837837837837837 0.930419921875 0.0022686920497139475 0.00341796875
0 0.49837246005129215 0.929443359375 0.0008877490629315447 0.00244140625
0 0.4061945156835668 0.930908203125 0.002170053264943776 0.00537109375
0 0.3297494574866838 0.931640625 0.003748273821266522 0.0068359375
0 0.694860919313474 0.932373046875 0.005030578023278753 0.00927734375
0 0.6765634247386072 0.929931640625 0.0019727756954034327 0.00439453125
0 0.5182974945748668 0.932373046875 0.006411521010061156 0.00927734375
0 0.45359045176563423 0.931884765625 0.006411521010061156 0.00830078125
0 0.6861313868613139 0.928466796875 0.001578220556322746 0.00244140625
0 0.48949496942197673 0.929931640625 0.003255079897415664 0.00537109375
0 0.26519037285460645 0.930419921875 0.00424146774511738 0.00634765625
0 0.6838133754192148 0.9287109375 0.002071414480173604 0.00390625
0 0.32817123693036104 0.92919921875 0.002959163543105149 0.0048828125
0 0.3088873545077925 0.9296875 0.00424146774511738 0.005859375
0 0.15392582363385282 0.92822265625 0.0016768593410929177 0.0029296875
0 0.6428289603472085 0.92822265625 0.0011836654172420597 0.00390625
0 0.5920299861905701 0.9296875 0.003748273821266522 0.0068359375
0 0.4469816531860327 0.927978515625 0.0014795817715525744 0.00341796875
0 0.41605839416058393 0.929443359375 0.003156441112645492 0.00634765625
0 0.25438942592227265 0.92919921875 0.004340106529887552 0.005859375
0 0.24871769579798778 0.930419921875 0.0036496350364963502 0.00830078125
0 0.42232195699348984 0.930419921875 0.003255079897415664 0.00927734375
0 0.648254093509568 0.92822265625 0.003550996251726179 0.005859375
0 0.28437561649240484 0.9296875 0.007101992503452358 0.0087890625
0 0.2743144604458473 0.93115234375 0.005523771947129611 0.01171875
0 0.22751035707240086 0.9267578125 0.001085026632471888 0.0029296875
0 0.5516867232195699 0.926025390625 0.0011836654172420597 0.00341796875
0 0.5290491221148156 0.925537109375 0.001874136910633261 0.00244140625
0 0.5112941408561846 0.92626953125 0.0012823042020122311 0.00390625
0 0.481603866640363 0.92529296875 0.0006904714933912014 0.001953125
0 0.4298185046360229 0.926513671875 0.0022686920497139475 0.00439453125
0 0.3193430656934307 0.92919921875 0.004636022884198066 0.009765625
0 0.2437364371670941 0.925537109375 0.001578220556322746 0.00244140625
0 0.24082659301637405 0.9248046875 0.0012823042020122311 0.001953125
0 0.5253501676859341 0.925537109375 0.0027618859735648055 0.00439453125
0 0.47548826198461236 0.925537109375 0.0014795817715525744 0.00439453125
0 0.43588478989938845 0.925537109375 0.004142828960347208 0.00439453125
0 0.40249556125468533 0.926513671875 0.004044190175577037 0.00634765625
0 0.6452456105740777 0.927001953125 0.004044190175577037 0.00830078125
0 0.3418820280134149 0.926025390625 0.004142828960347208 0.00634765625
0 0.32595186427303213 0.92578125 0.0030578023278753207 0.005859375
0 0.6013020319589663 0.9248046875 0.002170053264943776 0.0048828125
0 0.25784178338922864 0.925048828125 0.0027618859735648055 0.00537109375
0 0.6795225882817124 0.923828125 0.0013809429867824028 0.00390625
0 0.6594989149733675 0.92626953125 0.009272045768396133 0.0087890625
0 0.5418721641349379 0.924072265625 0.0012823042020122311 0.00439453125
0 0.47282501479581773 0.92431640625 0.0014795817715525744 0.0048828125
0 0.2475833497731308 0.9248046875 0.004142828960347208 0.005859375
0 0.49260209114223713 0.924560546875 0.0019727756954034327 0.00634765625
0 0.40742750049319393 0.923095703125 0.001085026632471888 0.00341796875
0 0.2812191753797593 0.924072265625 0.005326494377589268 0.00537109375
0 0.6739001775498126 0.92333984375 0.004340106529887552 0.0048828125
0 0.6387847701716315 0.922119140625 0.000789110278161373 0.00244140625
0 0.6228546064312488 0.92529296875 0.005622410731899783 0.0087890625
0 0.48313276780430064 0.92236328125 0.0011836654172420597 0.0029296875
0 0.47617873347800355 0.922119140625 0.0008877490629315447 0.00244140625
0 0.4458966265535609 0.92236328125 0.0014795817715525744 0.0029296875
0 0.26435194318405997 0.921875 0.0011836654172420597 0.001953125
0 0.6410041428289603 0.92431640625 0.002663247188794634 0.0078125
0 0.4587196685736832 0.923095703125 0.002071414480173604 0.00537109375
0 0.45359045176563423 0.9228515625 0.0016768593410929177 0.0048828125
0 0.12734267113829156 0.921875 0.0025646084040244622 0.0029296875
0 0.23826198461234957 0.921875 0.0036496350364963502 0.00390625
0 0.505178536200434 0.920654296875 0.0012823042020122311 0.00341796875
0 0.4853521404616295 0.921630859375 0.002465969619254291 0.00634765625
0 0.4782994673505622 0.920166015625 0.002959163543105149 0.00341796875
0 0.2656835667784573 0.920166015625 0.0012823042020122311 0.00341796875
0 0.5244624186230026 0.919677734375 0.001578220556322746 0.00341796875
0 0.5112941408561846 0.919677734375 0.0012823042020122311 0.00341796875
0 0.41477608995857174 0.919921875 0.002170053264943776 0.00390625
0 0.3165811797198658 0.923095703125 0.007397908857762872 0.01025390625
0 0.2733773919905307 0.922607421875 0.009173406983625962 0.00927734375
0 0.19851055434997042 0.919189453125 0.001085026632471888 0.00244140625
0 0.5905997238114027 0.920166015625 0.0022686920497139475 0.00537109375
0 0.4975833497731308 0.919921875 0.0016768593410929177 0.0048828125
0 0.33655553363582563 0.919189453125 0.0011836654172420597 0.00341796875
0 0.22435391595975537 0.91943359375 0.002663247188794634 0.00390625
0 0.6616689682383113 0.920654296875 0.002959163543105149 0.00732421875
0 0.5924245413296508 0.9189453125 0.0019727756954034327 0.00390625
0 0.5134641941211284 0.918212890625 0.0008877490629315447 0.00244140625
0 0.3129315446833695 0.918212890625 0.001085026632471888 0.00244140625
0 0.604557111856382 0.918701171875 0.0025646084040244622 0.00439453125
0 0.5517853620043401 0.917724609375 0.0011836654172420597 0.00244140625
0 0.5006904714933912 0.919921875 0.0025646084040244622 0.0087890625
0 0.4951666995462616 0.917724609375 0.0025646084040244622 0.00439453125
0 0.4645393568751233 0.917724609375 0.001874136910633261 0.00439453125
0 0.332757940422174 0.919189453125 0.0044387453146577235 0.00732421875
0 0.3294042217399882 0.917236328125 0.0022686920497139475 0.00341796875
0 0.2791477608995857 0.91796875 0.0051292168080489245 0.0048828125
0 0.2673604261195502 0.9169921875 0.001874136910633261 0.0029296875
0 0.41250739790885776 0.91650390625 0.0027618859735648055 0.0029296875
0 0.3091339514697179 0.917236328125 0.0027618859735648055 0.00439453125
0 0.2977411718287631 0.91650390625 0.0016768593410929177 0.0029296875
0 0.517804300651016 0.915771484375 0.0014795817715525744 0.00244140625
0 0.4378575655947919 0.918212890625 0.005523771947129611 0.00732421875
0 0.47524166502268694 0.91552734375 0.0013809429867824028 0.0029296875
0 0.30163740382718485 0.916259765625 0.005721049516669955 0.00537109375
0 0.2430459656737029 0.9150390625 0.0025646084040244622 0.0029296875
0 0.7006806076149141 0.916015625 0.002663247188794634 0.005859375
0 0.4420497139475242 0.9189453125 0.007397908857762872 0.01171875
0 0.43583547050700333 0.914794921875 0.0028605247583349774 0.00341796875
0 0.5491714342079306 0.913818359375 0.0006904714933912014 0.00244140625
0 0.4877687906884987 0.91455078125 0.003748273821266522 0.00390625
0 0.3853324127046755 0.914306640625 0.0014795817715525744 0.00341796875
0 0.42256855395541526 0.91845703125 0.012428486881041626 0.0126953125
0 0.24516669954626158 0.91748046875 0.0038469126060366936 0.0107421875
0 0.23564805681594003 0.914794921875 0.005918327086210298 0.00537109375
0 0.688548037088183 0.916259765625 0.0030578023278753207 0.00927734375
0 0.6632965081870191 0.91455078125 0.002071414480173604 0.005859375
0 0.4675971592029986 0.914306640625 0.001874136910633261 0.00537109375
0 0.32417636614716905 0.913818359375 0.002071414480173604 0.00439453125
0 0.6361708423752219 0.917236328125 0.006806076149141842 0.01318359375
0 0.4342572499506806 0.912109375 0.0012823042020122311 0.0029296875
0 0.4307555730913395 0.913818359375 0.003550996251726179 0.00634765625
0 0.10796014993095285 0.912109375 0.0036496350364963502 0.0029296875
0 0.6676859341092918 0.911376953125 0.0013809429867824028 0.00244140625
0 0.2786545669757349 0.911865234375 0.0013809429867824028 0.00341796875
0 0.5962221345433024 0.912109375 0.002663247188794634 0.0048828125
0 0.4909745511935293 0.911376953125 0.0008877490629315447 0.00341796875
0 0.47898993884395347 0.911865234375 0.002170053264943776 0.00439453125
0 0.46310909449595583 0.91357421875 0.0027618859735648055 0.0078125
0 0.2500986387847702 0.910888671875 0.0014795817715525744 0.00244140625
0 0.21305977510357071 0.9111328125 0.0013809429867824028 0.0029296875
0 0.6138784770171631 0.912109375 0.002071414480173604 0.005859375
0 0.47307161175774315 0.912109375 0.001578220556322746 0.005859375
0 0.43766028802525153 0.910400390625 0.0017754981258630894 0.00244140625
0 0.3733971197474847 0.911376953125 0.001874136910633261 0.00439453125
0 0.2909350956796212 0.910400390625 0.002071414480173604 0.00244140625
0 0.6167883211678832 0.911376953125 0.003550996251726179 0.00537109375
0 0.5817715525744723 0.91015625 0.002170053264943776 0.0029296875
0 0.5313671335569146 0.912353515625 0.003156441112645492 0.00732421875
0 0.5045373840994279 0.910400390625 0.001578220556322746 0.00341796875
0 0.4068356677845729 0.9111328125 0.0014795817715525744 0.0048828125
0 0.6932333793647663 0.909423828125 0.0011836654172420597 0.00244140625
0 0.4158611165910436 0.91162109375 0.005721049516669955 0.0068359375
0 0.33468139672519237 0.90966796875 0.001578220556322746 0.0029296875
0 0.671779443677254 0.912109375 0.0036496350364963502 0.009765625
0 0.6412014203985007 0.9091796875 0.0016768593410929177 0.00390625
0 0.6385381732097061 0.91064453125 0.003255079897415664 0.0068359375
0 0.5221444071809035 0.910888671875 0.002465969619254291 0.00732421875
0 0.6796705464588676 0.908935546875 0.0022686920497139475 0.00439453125
0 0.6688695995265338 0.910400390625 0.0023673308344841193 0.00732421875
0 0.2934997040836457 0.91357421875 0.007200631288222529 0.013671875
0 0.23707831919510752 0.9091796875 0.0036496350364963502 0.0048828125
0 0.21656145196291182 0.90771484375 0.0008877490629315447 0.001953125
0 0.6588577628723614 0.9072265625 0.0014795817715525744 0.001953125
0 0.6360722035904518 0.907958984375 0.0030578023278753207 0.00341796875
0 0.5187413691063326 0.90771484375 0.0011836654172420597 0.0029296875
0 0.49526533833103176 0.9072265625 0.0009863878477017164 0.001953125
0 0.2756954034326297 0.91064453125 0.003550996251726179 0.0087890625
0 0.6027816137305189 0.9072265625 0.0009863878477017164 0.0029296875
0 0.47593213651607813 0.907470703125 0.0017754981258630894 0.00341796875
0 0.45911422371276384 0.911865234375 0.005227855592819097 0.01220703125
0 0.7065002959163543 0.907470703125 0.0022686920497139475 0.00439453125
0 0.6115604655750642 0.907958984375 0.0023673308344841193 0.00537109375
0 0.39351943184059973 0.908935546875 0.0022686920497139475 0.00732421875
0 0.6490925231801145 0.90869140625 0.00424146774511738 0.0078125
0 0.48515486289208914 0.90673828125 0.0016768593410929177 0.00390625
0 0.3320181495363977 0.9072265625 0.0027618859735648055 0.0048828125
0 0.2711086999408167 0.908935546875 0.005030578023278753 0.00830078125
0 0.2686920497139475 0.907470703125 0.0033537186821858355 0.00634765625
0 0.4677451173801539 0.9052734375 0.0019727756954034327 0.0029296875
0 0.4159104359834287 0.905029296875 0.0008877490629315447 0.00244140625
0 0.3216117577431446 0.909423828125 0.00424146774511738 0.01123046875
0 0.2877786545669757 0.908203125 0.0044387453146577235 0.0087890625
0 0.21301045571118563 0.905029296875 0.0012823042020122311 0.00244140625
0 0.5483330045373841 0.905517578125 0.001578220556322746 0.00439453125
0 0.5154862892089169 0.9072265625 0.002170053264943776 0.0087890625
0 0.5093706845531663 0.90771484375 0.004931939238508582 0.009765625
0 0.5056717301242849 0.904052734375 0.001085026632471888 0.00244140625
0 0.4545275202209509 0.90478515625 0.0019727756954034327 0.00390625
0 0.3114519629118169 0.90478515625 0.0022686920497139475 0.00390625
0 0.27826001183665416 0.904296875 0.0023673308344841193 0.0029296875
0 0.4774610376800158 0.904296875 0.0014795817715525744 0.00390625
0 0.47114815545472477 0.90576171875 0.002465969619254291 0.0068359375
0 0.26277372262773724 0.904541015625 0.003550996251726179 0.00439453125
0 0.2152791477608996 0.904052734375 0.0012823042020122311 0.00341796875
0 0.6254192148352732 0.907958984375 0.005819688301440126 0.01220703125
0 0.4300651015979483 0.9033203125 0.0011836654172420597 0.0029296875
0 0.3087393963306372 0.9033203125 0.0027618859735648055 0.0029296875
0 0.24053067666206351 0.904296875 0.0028605247583349774 0.0048828125
0 0.6705957782600118 0.90380859375 0.002071414480173604 0.0048828125
0 0.49383507595186427 0.902587890625 0.0012823042020122311 0.00244140625
0 0.18203787729335175 0.90234375 0.0016768593410929177 0.001953125
0 0.3268396133359637 0.902099609375 0.0012823042020122311 0.00244140625
0 0.6297593213651608 0.905517578125 0.004044190175577037 0.01025390625
0 0.5927697770763464 0.90234375 0.0012823042020122311 0.00390625
0 0.5033537186821858 0.902587890625 0.0023673308344841193 0.00439453125
0 0.4241960939041231 0.903564453125 0.003452357466956007 0.00634765625
0 0.6402643519431841 0.903076171875 0.0039455513908068654 0.00634765625
0 0.6046557506411521 0.901611328125 0.001578220556322746 0.00341796875
0 0.2551292168080489 0.904296875 0.0066087985796014995 0.0087890625
0 0.41462813178141644 0.900634765625 0.002663247188794634 0.00244140625
0 0.48352732294338135 0.900146484375 0.002170053264943776 0.00244140625
0 0.3240284079700138 0.900634765625 0.001578220556322746 0.00439453125
0 0.3142631682777668 0.900146484375 0.002170053264943776 0.00341796875
0 0.2686920497139475 0.90234375 0.008680213059775104 0.0078125
0 0.23180114420990333 0.899658203125 0.0013809429867824028 0.00244140625
0 0.6404616295127245 0.899169921875 0.002170053264943776 0.00244140625
0 0.46996449003748275 0.900146484375 0.0016768593410929177 0.00439453125
0 0.40076938252120736 0.899658203125 0.0017754981258630894 0.00341796875
0 0.6183172223318208 0.90283203125 0.008187019135924246 0.01171875
0 0.4641448017360426 0.898193359375 0.001085026632471888 0.00244140625
0 0.42676070230814755 0.89892578125 0.002465969619254291 0.00390625
0 0.3291576247780627 0.898193359375 0.0025646084040244622 0.00244140625
0 0.2836851449990136 0.900390625 0.003748273821266522 0.0068359375
0 0.6315841388834089 0.899169921875 0.0013809429867824028 0.00537109375
0 0.608601302031959 0.900634765625 0.002959163543105149 0.00830078125
0 0.4217794436772539 0.898681640625 0.002170053264943776 0.00439453125
0 0.30790096666009076 0.897705078125 0.001085026632471888 0.00244140625
0 0.6199447622805287 0.898681640625 0.002170053264943776 0.00537109375
0 0.4051094890510949 0.8974609375 0.0013809429867824028 0.0029296875
0 0.5847800355099625 0.89697265625 0.0012823042020122311 0.0029296875
0 0.5273722627737226 0.89794921875 0.0016768593410929177 0.0048828125
0 0.5049319392385085 0.896728515625 0.001578220556322746 0.00244140625
0 0.49309528506608796 0.897216796875 0.0011836654172420597 0.00341796875
0 0.43164332215427104 0.897705078125 0.0017754981258630894 0.00439453125
0 0.63508581574275 0.8994140625 0.005227855592819097 0.0087890625
0 0.6455415269283883 0.89697265625 0.002071414480173604 0.0048828125
0 0.41467745117380156 0.89599609375 0.001578220556322746 0.00390625
0 0.3159893470112448 0.895751953125 0.0014795817715525744 0.00341796875
0 0.2911323732491616 0.89501953125 0.0016768593410929177 0.001953125
0 0.23589465377786545 0.896484375 0.0038469126060366936 0.0048828125
0 0.5246103768001579 0.895263671875 0.0014795817715525744 0.00341796875
0 0.5164233576642335 0.895263671875 0.0014795817715525744 0.00341796875
0 0.24541329650818702 0.895751953125 0.0023673308344841193 0.00439453125
0 0.6124975340303808 0.8974609375 0.0028605247583349774 0.0087890625
0 0.6094890510948905 0.89453125 0.0023673308344841193 0.0029296875
0 0.5805385677648451 0.894775390625 0.0016768593410929177 0.00341796875
0 0.47622805287038866 0.89404296875 0.0009863878477017164 0.001953125
0 0.6616689682383113 0.8984375 0.008877490629315447 0.01171875
0 0.6519037285460643 0.89404296875 0.003156441112645492 0.0029296875
0 0.6174787926612744 0.89501953125 0.0019727756954034327 0.0048828125
0 0.5104063917932531 0.893798828125 0.0008877490629315447 0.00244140625
0 0.4552179917143421 0.89404296875 0.0013809429867824028 0.0029296875
0 0.3032156243835076 0.89404296875 0.001578220556322746 0.0029296875
0 0.6721739988163346 0.894287109375 0.002465969619254291 0.00439453125
0 0.6365160781219176 0.894287109375 0.002170053264943776 0.00439453125
0 0.5042907871375024 0.8935546875 0.001085026632471888 0.0029296875
0 0.5025152890116393 0.895263671875 0.002071414480173604 0.00634765625
0 0.6285756559479188 0.89501953125 0.005819688301440126 0.0068359375
0 0.48071611757743143 0.892578125 0.001085026632471888 0.001953125
0 0.447129611363188 0.893310546875 0.0019727756954034327 0.00341796875
0 0.3254586703491813 0.8935546875 0.0016768593410929177 0.00390625
0 0.2763858749260209 0.894287109375 0.007891102781613731 0.00634765625
0 0.24990136121522982 0.892578125 0.002663247188794634 0.0029296875
0 0.6641842572499507 0.892578125 0.002465969619254291 0.00390625
0 0.5900572104951667 0.892333984375 0.001578220556322746 0.00341796875
0 0.5882817123693036 0.892822265625 0.0017754981258630894 0.00439453125
0 0.4649832314065891 0.89306640625 0.0017754981258630894 0.0048828125
0 0.6196488459262182 0.893798828125 0.0033537186821858355 0.00732421875
0 0.4432826987571513 0.8955078125 0.003550996251726179 0.0107421875
0 0.42715525744722826 0.891845703125 0.001874136910633261 0.00341796875
0 0.6221641349378576 0.89306640625 0.004044190175577037 0.0068359375
0 0.5090747681988558 0.890625 0.0013809429867824028 0.0029296875
0 0.4900374827382127 0.891357421875 0.002959163543105149 0.00439453125
0 0.31174787926612746 0.8916015625 0.0028605247583349774 0.0048828125
0 0.30642138488853815 0.890380859375 0.002465969619254291 0.00341796875
0 0.43588478989938845 0.892822265625 0.003550996251726179 0.00927734375
0 0.5905504044190175 0.8896484375 0.0013809429867824028 0.00390625
0 0.5050305780232788 0.888916015625 0.0011836654172420597 0.00244140625
0 0.4527027027027027 0.8916015625 0.004044190175577037 0.0078125
0 0.3217103965279148 0.890625 0.0038469126060366936 0.005859375
0 0.6696587098046952 0.888671875 0.0017754981258630894 0.0029296875
0 0.655208127835865 0.888671875 0.0016768593410929177 0.0029296875
0 0.49837246005129215 0.890625 0.003255079897415664 0.0068359375
0 0.33468139672519237 0.89208984375 0.00848293549023476 0.009765625
0 0.31914578812389033 0.888427734375 0.001874136910633261 0.00244140625
0 0.46996449003748275 0.890380859375 0.004044190175577037 0.00732421875
0 0.4341586111659104 0.8896484375 0.0028605247583349774 0.005859375
0 0.6821365160781219 0.888671875 0.002663247188794634 0.0048828125
0 0.6774018544091537 0.888916015625 0.0030578023278753207 0.00537109375
0 0.64371670941014 0.8876953125 0.000789110278161373 0.0029296875
0 0.6532846715328468 0.887939453125 0.0013809429867824028 0.00537109375
0 0.483921878082462 0.886474609375 0.0009863878477017164 0.00244140625
0 0.6673406983625961 0.886962890625 0.0016768593410929177 0.00439453125
0 0.5928190964687315 0.886474609375 0.0013809429867824028 0.00341796875
0 0.4554645886762675 0.886474609375 0.001874136910633261 0.00341796875
0 0.43105148944565 0.887939453125 0.0033537186821858355 0.00634765625
0 0.40289011639376604 0.886474609375 0.002663247188794634 0.00341796875
0 0.26578220556322746 0.8876953125 0.002465969619254291 0.005859375
0 0.2567074373643717 0.8857421875 0.0016768593410929177 0.001953125
0 0.6358749260209114 0.885986328125 0.0030578023278753207 0.00341796875
0 0.42459064904320376 0.885986328125 0.001874136910633261 0.00341796875
0 0.6296606825803907 0.88671875 0.002071414480173604 0.005859375
0 0.4625665811797199 0.8876953125 0.006411521010061156 0.0078125
0 0.2319984217794437 0.885498046875 0.0027618859735648055 0.00341796875
0 0.6200434010652989 0.88525390625 0.0027618859735648055 0.00390625
0 0.4474255277174985 0.887451171875 0.0025646084040244622 0.00830078125
0 0.23446439139869796 0.88525390625 0.002170053264943776 0.00390625
0 0.4454527520220951 0.884033203125 0.0011836654172420597 0.00244140625
0 0.4403728546064313 0.8857421875 0.00483330045373841 0.005859375
0 0.3876997435391596 0.88427734375 0.0014795817715525744 0.0029296875
0 0.6784868810416256 0.8837890625 0.0016768593410929177 0.0029296875
0 0.6752318011442099 0.88330078125 0.0006904714933912014 0.001953125
0 0.5821661077135529 0.8837890625 0.0009863878477017164 0.0029296875
0 0.28985006904714933 0.8837890625 0.0012823042020122311 0.0029296875
0 0.2601104754389426 0.884033203125 0.002170053264943776 0.00341796875
0 0.4349970408364569 0.8828125 0.0019727756954034327 0.001953125
0 0.2746103768001578 0.885986328125 0.006707437364371671 0.00830078125
0 0.602288419806668 0.883544921875 0.0025646084040244622 0.00439453125
0 0.5173604261195502 0.883056640625 0.0011836654172420597 0.00341796875
0 0.4375123298480963 0.882080078125 0.0012823042020122311 0.00244140625
0 0.28363582560662853 0.88330078125 0.005030578023278753 0.0048828125
0 0.18026237916748866 0.8818359375 0.0008877490629315447 0.001953125
0 0.623594397317025 0.882080078125 0.0017754981258630894 0.00341796875
0 0.46286249753403036 0.881591796875 0.0008877490629315447 0.00244140625
0 0.2927105938054843 0.8828125 0.0030578023278753207 0.0048828125
0 0.27313079502860527 0.881591796875 0.0019727756954034327 0.00244140625
0 0.15451765634247386 0.881591796875 0.0014795817715525744 0.00244140625
0 0.640856184651805 0.8828125 0.005523771947129611 0.005859375
0 0.6159005721049516 0.883056640625 0.0025646084040244622 0.00634765625
0 0.470704280923259 0.881103515625 0.0013809429867824028 0.00244140625
0 0.450581968830144 0.8828125 0.0019727756954034327 0.005859375
0 0.48722627737226276 0.880615234375 0.0014795817715525744 0.00244140625
0 0.7110376800157822 0.88037109375 0.0008877490629315447 0.0029296875
0 0.48303412901953047 0.880126953125 0.002170053264943776 0.00244140625
0 0.17330834484119156 0.88037109375 0.0033537186821858355 0.0029296875
0 0.6364174393371473 0.880126953125 0.0025646084040244622 0.00439453125
0 0.3224501874136911 0.880126953125 0.004142828960347208 0.00439453125
0 0.26662063523377394 0.880859375 0.005918327086210298 0.005859375
0 0.6737522193726573 0.878662109375 0.001085026632471888 0.00244140625
0 0.6626060366936279 0.878662109375 0.001874136910633261 0.00244140625
0 0.6530873939633064 0.88134765625 0.006904714933912014 0.0078125
0 0.5244624186230026 0.87890625 0.0009863878477017164 0.0029296875
0 0.4256263562832906 0.878662109375 0.0011836654172420597 0.00244140625
0 0.27791477608995857 0.87939453125 0.0016768593410929177 0.00390625
0 0.6483527322943381 0.878173828125 0.001578220556322746 0.00244140625
0 0.440224896429276 0.87890625 0.001578220556322746 0.00390625
0 0.21508187019135924 0.878662109375 0.0022686920497139475 0.00341796875
0 0.4348490826593016 0.87744140625 0.0008877490629315447 0.001953125
0 0.3883902150325508 0.877685546875 0.0012823042020122311 0.00244140625
0 0.467251923456303 0.877685546875 0.003156441112645492 0.00341796875
0 0.3939139869796804 0.876953125 0.001085026632471888 0.001953125
0 0.2713552969027422 0.8779296875 0.0025646084040244622 0.00390625
0 0.2433418820280134 0.87841796875 0.002170053264943776 0.0048828125
0 0.45472479779049124 0.87841796875 0.0027618859735648055 0.005859375
0 0.2893075557309134 0.876708984375 0.0023673308344841193 0.00244140625
0 0.6759715920299862 0.876953125 0.0027618859735648055 0.00390625
0 0.3976622608009469 0.8759765625 0.0006904714933912014 0.001953125
0 0.28412901953047937 0.876708984375 0.0030578023278753207 0.00341796875
0 0.5883310317616887 0.8759765625 0.0008877490629315447 0.0029296875
0 0.43815348194910236 0.875732421875 0.001578220556322746 0.00244140625
0 0.40836456894851053 0.876220703125 0.0013809429867824028 0.00341796875
0 0.19042217399881634 0.875732421875 0.001874136910633261 0.00244140625
0 0.25226869204971397 0.875244140625 0.0016768593410929177 0.00244140625
0 0.6549615308739396 0.875732421875 0.002170053264943776 0.00439453125
0 0.6153580587887157 0.874755859375 0.001085026632471888 0.00341796875
0 0.42888143618070623 0.875244140625 0.0033537186821858355 0.00439453125
0 0.24250345235746695 0.87451171875 0.0014795817715525744 0.0029296875
0 0.3316729137897021 0.875 0.005819688301440126 0.0048828125
0 0.17917735253501677 0.874267578125 0.0028605247583349774 0.00341796875
0 0.25882817123693036 0.875732421875 0.002959163543105149 0.00732421875
0 0.542513316235944 0.873046875 0.0017754981258630894 0.0029296875
0 0.64652791477609 0.875 0.006214243440520813 0.0078125
0 0.2447228250147958 0.872314453125 0.0011836654172420597 0.00244140625
0 0.48905109489051096 0.87255859375 0.0017754981258630894 0.00390625
0 0.29261195502071413 0.871826171875 0.001874136910633261 0.00244140625
0 0.4322351548628921 0.871337890625 0.002170053264943776 0.00341796875
0 0.1341980666798185 0.87109375 0.0044387453146577235 0.0029296875
0 0.6684750443874532 0.871337890625 0.0017754981258630894 0.00439453125
0 0.4763760110475439 0.870849609375 0.001085026632471888 0.00341796875
0 0.6644308542118761 0.870361328125 0.0013809429867824028 0.00341796875
0 0.6290195304793845 0.872314453125 0.004537384099427895 0.00732421875
0 0.23934701124482147 0.869873046875 0.0012823042020122311 0.00244140625
0 0.6122016176760702 0.869140625 0.0008877490629315447 0.0029296875
0 0.3169264154665615 0.870361328125 0.004537384099427895 0.00537109375
0 0.44540343262971 0.868408203125 0.0016768593410929177 0.00244140625
0 0.6204379562043796 0.8681640625 0.0013809429867824028 0.0029296875
0 0.5244130992306175 0.869384765625 0.002071414480173604 0.00537109375
0 0.46093904123101204 0.867919921875 0.001578220556322746 0.00244140625
0 0.6450976523969225 0.86767578125 0.0027618859735648055 0.0029296875
0 0.48145590846320774 0.867431640625 0.0009863878477017164 0.00244140625
0 0.4395344249358848 0.868896484375 0.0017754981258630894 0.00537109375
0 0.5933616097849674 0.86767578125 0.002071414480173604 0.00390625
0 0.4071315841388834 0.86669921875 0.0008877490629315447 0.001953125
0 0.43583547050700333 0.8662109375 0.0016768593410929177 0.0029296875
0 0.651114618267903 0.869873046875 0.004734661668968239 0.01123046875
0 0.6302031958966265 0.8671875 0.003156441112645492 0.005859375
0 0.32540935095679624 0.866943359375 0.004142828960347208 0.00537109375
0 0.43766028802525153 0.865234375 0.0011836654172420597 0.0029296875
0 0.45447820082856577 0.86474609375 0.0012823042020122311 0.0029296875
0 0.31737028999802724 0.8642578125 0.0014795817715525744 0.001953125
0 0.2673111067271651 0.8642578125 0.0011836654172420597 0.001953125
0 0.3095285066087986 0.864013671875 0.000789110278161373 0.00244140625
0 0.18968238311304006 0.8642578125 0.001578220556322746 0.0029296875
0 0.6516078121917538 0.86474609375 0.003748273821266522 0.0068359375
0 0.4771158019333202 0.861572265625 0.0011836654172420597 0.00244140625
0 0.24284868810416255 0.85986328125 0.000789110278161373 0.001953125
0 0.15861116591043598 0.860107421875 0.0013809429867824028 0.00244140625
0 0.45714144801736045 0.85986328125 0.0016768593410929177 0.0029296875
0 0.22716512132570527 0.85986328125 0.0019727756954034327 0.0029296875
0 0.672963109094496 0.860107421875 0.0014795817715525744 0.00439453125
0 0.5423653580587887 0.859375 0.0008877490629315447 0.0029296875
0 0.2551292168080489 0.8603515625 0.004636022884198066 0.0048828125
0 0.6320280134148747 0.858642578125 0.0006904714933912014 0.00244140625
0 0.49565989347011247 0.858642578125 0.000789110278161373 0.00244140625
0 0.16324718879463404 0.8583984375 0.001578220556322746 0.001953125
0 0.6432235154862892 0.861328125 0.003156441112645492 0.009765625
0 0.42725389623199844 0.857666015625 0.0006904714933912014 0.00244140625
0 0.6750838429670546 0.85693359375 0.0011836654172420597 0.0029296875
0 0.4494969421976721 0.858154296875 0.0025646084040244622 0.00634765625
0 0.47400868021305975 0.855224609375 0.0008877490629315447 0.00244140625
0 0.42227263760110473 0.85546875 0.001578220556322746 0.0029296875
0 0.2864470309725784 0.85595703125 0.005523771947129611 0.0048828125
0 0.4953146577234169 0.854736328125 0.003452357466956007 0.00634765625
0 0.4638488853817321 0.854736328125 0.0022686920497139475 0.00732421875
0 0.2814164529492997 0.853515625 0.0019727756954034327 0.0048828125
0 0.2644999013612152 0.855224609375 0.008187019135924246 0.00830078125
0 0.632767804300651 0.8515625 0.003748273821266522 0.0029296875
0 0.5080390609587689 0.85107421875 0.0006904714933912014 0.001953125
0 0.6270467547839811 0.85205078125 0.0025646084040244622 0.0048828125
0 0.5027618859735649 0.850830078125 0.0009863878477017164 0.00244140625
0 0.24353915959755376 0.8505859375 0.0013809429867824028 0.0029296875
0 0.614371670941014 0.85205078125 0.0028605247583349774 0.0068359375
0 0.670694417044782 0.849609375 0.0008877490629315447 0.0029296875
0 0.6354803708818307 0.848876953125 0.0012823042020122311 0.00244140625
0 0.2589761294140856 0.851318359375 0.006016965870980469 0.00732421875
0 0.4746005129216808 0.84765625 0.0012823042020122311 0.0029296875
0 0.44905306766620634 0.84765625 0.001874136910633261 0.0029296875
0 0.24871769579798778 0.84765625 0.001874136910633261 0.0029296875
0 0.2329848096271454 0.8466796875 0.0017754981258630894 0.001953125
0 0.1770566186624581 0.845947265625 0.0019727756954034327 0.00244140625
0 0.5785164726770566 0.845703125 0.0011836654172420597 0.0029296875
0 0.2802327875320576 0.84619140625 0.0033537186821858355 0.00390625
0 0.31233971197474847 0.845703125 0.003452357466956007 0.00390625
0 0.27179917143420795 0.846435546875 0.0036496350364963502 0.00537109375
0 0.3175182481751825 0.844482421875 0.0033537186821858355 0.00244140625
0 0.45245610574077727 0.844482421875 0.0019727756954034327 0.00439453125
0 0.44786940224896427 0.843505859375 0.001085026632471888 0.00244140625
0 0.44451568356677845 0.844482421875 0.0016768593410929177 0.00439453125
0 0.616640362990728 0.843017578125 0.0012823042020122311 0.00244140625
0 0.6345926218188992 0.842041015625 0.0012823042020122311 0.00244140625
0 0.2674097455119353 0.842529296875 0.0019727756954034327 0.00341796875
0 0.26371079108305384 0.84033203125 0.001874136910633261 0.0029296875
0 0.28038074570921284 0.84033203125 0.0022686920497139475 0.00390625
0 0.2559676464785954 0.840087890625 0.0019727756954034327 0.00341796875
0 0.29927007299270075 0.83837890625 0.0023673308344841193 0.0029296875
0 0.5225882817123693 0.8388671875 0.0013809429867824028 0.0048828125
0 0.2608009469323338 0.837890625 0.0019727756954034327 0.0029296875
0 0.6258137699743539 0.837890625 0.002071414480173604 0.00390625
0 0.25581968830144014 0.837158203125 0.001085026632471888 0.00244140625
0 0.6516571315841388 0.83740234375 0.0028605247583349774 0.00390625
0 0.64943775892681 0.836669921875 0.000789110278161373 0.00244140625
0 0.6208818307358454 0.8369140625 0.0014795817715525744 0.0029296875
0 0.6052475833497731 0.83740234375 0.001578220556322746 0.00390625
0 0.4590155849279937 0.836181640625 0.001085026632471888 0.00244140625
0 0.2743637798382324 0.83740234375 0.005030578023278753 0.0048828125
0 0.6312389031367134 0.835693359375 0.0012823042020122311 0.00341796875
0 0.4211876109686329 0.835205078125 0.001578220556322746 0.00244140625
0 0.6553560860130203 0.833740234375 0.0025646084040244622 0.00244140625
0 0.25680607614914186 0.83349609375 0.0014795817715525744 0.001953125
0 0.4854014598540146 0.8330078125 0.000789110278161373 0.001953125
0 0.2635628329058986 0.833251953125 0.0025646084040244622 0.00244140625
0 0.233330045373841 0.833984375 0.003255079897415664 0.00390625
0 0.5075951864273032 0.83349609375 0.0019727756954034327 0.0048828125
0 0.2688400078911028 0.8330078125 0.0016768593410929177 0.00390625
0 0.30464588676267507 0.832275390625 0.00424146774511738 0.00341796875
0 0.2545373840994279 0.832763671875 0.0016768593410929177 0.00439453125
0 0.32767804300651016 0.831298828125 0.0027618859735648055 0.00341796875
0 0.2391990530676662 0.830078125 0.0017754981258630894 0.001953125
0 0.3254586703491813 0.830810546875 0.003452357466956007 0.00439453125
0 0.2730321562438351 0.831298828125 0.0051292168080489245 0.00537109375
0 0.29645886762675083 0.82958984375 0.002465969619254291 0.0029296875
0 0.6576247780627342 0.8291015625 0.001578220556322746 0.0029296875
0 0.616640362990728 0.8291015625 0.0012823042020122311 0.00390625
0 0.2625271256658118 0.828369140625 0.002071414480173604 0.00341796875
0 0.2566087985796015 0.827880859375 0.001085026632471888 0.00244140625
0 0.3066186624580785 0.826904296875 0.0016768593410929177 0.00244140625
0 0.26711382915762477 0.827392578125 0.0039455513908068654 0.00341796875
0 0.23145590846320774 0.825927734375 0.0036496350364963502 0.00341796875
0 0.651706450976524 0.82568359375 0.0013809429867824028 0.00390625
0 0.6412507397908858 0.826171875 0.002959163543105149 0.0048828125
0 0.2350069047149339 0.823974609375 0.0016768593410929177 0.00244140625
0 0.6366147169066877 0.82275390625 0.0013809429867824028 0.00390625
0 0.23767015190372853 0.821533203125 0.001085026632471888 0.00244140625
0 0.16152101006115605 0.823486328125 0.002465969619254291 0.00634765625
0 0.6387354507792464 0.82080078125 0.002071414480173604 0.0029296875
0 0.2726869204971395 0.82275390625 0.0044387453146577235 0.0068359375
0 0.24605444860919312 0.820556640625 0.0012823042020122311 0.00244140625
0 0.2395442888143618 0.820556640625 0.001085026632471888 0.00244140625
0 0.6432728348786743 0.819580078125 0.003452357466956007 0.00244140625
0 0.4348490826593016 0.81884765625 0.001085026632471888 0.001953125
0 0.44382521207338727 0.818359375 0.0012823042020122311 0.0029296875
0 0.4391398697968041 0.818115234375 0.0013809429867824028 0.00244140625
0 0.6720753600315644 0.81787109375 0.0014795817715525744 0.0029296875
0 0.6101795225882817 0.81787109375 0.0009863878477017164 0.0029296875
0 0.42483724600512923 0.816650390625 0.0009863878477017164 0.00244140625
0 0.30725981455908463 0.816162109375 0.0009863878477017164 0.00244140625
0 0.2617380153876504 0.81591796875 0.0008877490629315447 0.001953125
0 0.6302031958966265 0.8154296875 0.0023673308344841193 0.001953125
0 0.26662063523377394 0.817626953125 0.003550996251726179 0.00634765625
0 0.6413000591832708 0.81494140625 0.0016768593410929177 0.001953125
0 0.6576740974551194 0.812255859375 0.0022686920497139475 0.00341796875
0 0.16714342079305583 0.81103515625 0.0016768593410929177 0.001953125
0 0.23722627737226276 0.810791015625 0.0009863878477017164 0.00244140625
0 0.22381140264351942 0.80908203125 0.0019727756954034327 0.001953125
0 0.24950680607614914 0.80810546875 0.001085026632471888 0.001953125
0 0.26824817518248173 0.810302734375 0.00542513316235944 0.00732421875
0 0.24186230025646083 0.80908203125 0.004931939238508582 0.0068359375
0 0.19111264549220752 0.806396484375 0.0006904714933912014 0.00244140625
0 0.6702505425133163 0.8056640625 0.0009863878477017164 0.0029296875
0 0.6036200434010653 0.803466796875 0.0008877490629315447 0.00244140625
0 0.27342671138291574 0.80419921875 0.0025646084040244622 0.005859375
0 0.6642335766423357 0.802490234375 0.0009863878477017164 0.00341796875
0 0.6070724008680213 0.800537109375 0.0014795817715525744 0.00244140625
0 0.3139672519234563 0.80029296875 0.0023673308344841193 0.0029296875
0 0.6519037285460643 0.7998046875 0.0025646084040244622 0.0029296875
0 0.25547445255474455 0.80126953125 0.002959163543105149 0.005859375
0 0.23727559676464785 0.7998046875 0.002663247188794634 0.0029296875
0 0.2892582363385283 0.79833984375 0.0016768593410929177 0.0029296875
0 0.6356776484513711 0.796875 0.0008877490629315447 0.001953125
0 0.26795225882817125 0.796142578125 0.0038469126060366936 0.00341796875
0 0.6438646675872953 0.795654296875 0.001085026632471888 0.00341796875
0 0.4267113829157625 0.794677734375 0.0009863878477017164 0.00244140625
0 0.24738607220359046 0.794921875 0.001578220556322746 0.00390625
0 0.28940619451568356 0.794677734375 0.0025646084040244622 0.00537109375
0 0.31554547247977904 0.79248046875 0.0019727756954034327 0.0029296875
0 0.2565101597948313 0.789794921875 0.0022686920497139475 0.00244140625
0 0.6820871966857368 0.787841796875 0.000789110278161373 0.00244140625
0 0.24990136121522982 0.787841796875 0.0014795817715525744 0.00244140625
0 0.3186032748076544 0.786865234375 0.001578220556322746 0.00244140625
0 0.2567074373643717 0.780517578125 0.0014795817715525744 0.00244140625
0 0.3164332215427106 0.779052734375 0.0017754981258630894 0.00244140625
0 0.26647267705661865 0.77978515625 0.0028605247583349774 0.0048828125
0 0.2757940422173999 0.7783203125 0.0009863878477017164 0.0029296875
0 0.2795423160386664 0.77685546875 0.0013809429867824028 0.0029296875
0 0.2653383310317617 0.774658203125 0.002170053264943776 0.00244140625
0 0.286792266719274 0.774169921875 0.0016768593410929177 0.00244140625
0 0.2715032550798974 0.77490234375 0.001874136910633261 0.00390625
0 0.268396133359637 0.77099609375 0.0027618859735648055 0.00390625
0 0.2830933122903926 0.77001953125 0.0011836654172420597 0.0029296875
0 0.2319984217794437 0.76513671875 0.0019727756954034327 0.0029296875
