0 0.11797198658512527 0.999267578125 0.0017754981258630894 0.00146484375
0 0.6668475044387453 0.9990234375 0.0028605247583349774 0.001953125
0 0.6435194318405997 0.9990234375 0.0013809429867824028 0.001953125
0 0.6484020516867233 0.998779296875 0.0030578023278753207 0.00244140625
0 0.3675774314460446 0.998779296875 0.0016768593410929177 0.00244140625
0 0.639623199842178 0.99853515625 0.005030578023278753 0.0029296875
0 0.3182580390609588 0.99853515625 0.001874136910633261 0.0029296875
0 0.14766226080094694 0.99853515625 0.0017754981258630894 0.0029296875
0 0.13395146971789307 0.99853515625 0.004142828960347208 0.0029296875
0 0.31421384888538173 0.998291015625 0.002663247188794634 0.00341796875
0 0.2576938252120734 0.998291015625 0.002465969619254291 0.00341796875
0 0.14213848885381733 0.997802734375 0.001578220556322746 0.00244140625
0 0.31076149141842574 0.998046875 0.0028605247583349774 0.00390625
0 0.6463306372065496 0.99658203125 0.0014795817715525744 0.001953125
0 0.6267508384296705 0.99658203125 0.0011836654172420597 0.001953125
0 0.3035115407378181 0.997802734375 0.0027618859735648055 0.00439453125
0 0.23352732294338133 0.99755859375 0.003452357466956007 0.0048828125
0 0.09750443874531466 0.99755859375 0.005819688301440126 0.0048828125
0 0.3490826593016374 0.997314453125 0.004931939238508582 0.00537109375
0 0.6583152495561254 0.995361328125 0.0027618859735648055 0.00244140625
0 0.6181199447622805 0.995361328125 0.002663247188794634 0.00244140625
0 0.2778161373051884 0.995849609375 0.0028605247583349774 0.00341796875
0 0.674146774511738 0.995361328125 0.003452357466956007 0.00341796875
0 0.6658611165910436 0.9951171875 0.002663247188794634 0.0029296875
0 0.25078911027816136 0.996826171875 0.00897612941408562 0.00634765625
0 0.6145689485105543 0.994140625 0.002465969619254291 0.001953125
0 0.6435194318405997 0.99365234375 0.0011836654172420597 0.001953125
0 0.31026829749457485 0.994140625 0.001085026632471888 0.0029296875
0 0.3778851844545275 0.993896484375 0.0013809429867824028 0.00341796875
0 0.25823633852830935 0.993896484375 0.0013809429867824028 0.00341796875
0 0.25631288222529097 0.9921875 0.001874136910633261 0.00390625
0 0.23111067271651214 0.99267578125 0.0027618859735648055 0.0048828125
0 0.6838133754192148 0.993408203125 0.007003353718682186 0.00732421875
0 0.6342473860722035 0.990966796875 0.0017754981258630894 0.00244140625
0 0.38686131386861317 0.99169921875 0.0013809429867824028 0.0048828125
0 0.2996646281317814 0.99462890625 0.0033537186821858355 0.0107421875
0 0.6698559873742356 0.990478515625 0.005326494377589268 0.00341796875
0 0.27347603077530086 0.993896484375 0.0066087985796014995 0.01025390625
0 0.36807062536989543 0.991455078125 0.0030578023278753207 0.00634765625
0 0.696537778654567 0.989501953125 0.0036496350364963502 0.00341796875
0 0.585667784572894 0.9892578125 0.00483330045373841 0.0029296875
0 0.3710297889130006 0.9892578125 0.003255079897415664 0.0029296875
0 0.6194022489642927 0.988525390625 0.001874136910633261 0.00244140625
0 0.2082757940422174 0.990478515625 0.0038469126060366936 0.00634765625
0 0.6449496942197672 0.988037109375 0.002465969619254291 0.00244140625
0 0.6123002564608404 0.98779296875 0.0008877490629315447 0.001953125
0 0.3800552377194713 0.990234375 0.009272045768396133 0.0068359375
0 0.6151114618267903 0.9873046875 0.0019727756954034327 0.001953125
0 0.7011738015387651 0.987548828125 0.00424146774511738 0.00341796875
0 0.4312487670151904 0.98779296875 0.0027618859735648055 0.00390625
0 0.2629216808048925 0.990234375 0.006016965870980469 0.009765625
0 0.6522489642927599 0.98681640625 0.005622410731899783 0.0048828125
0 0.6425823633852831 0.9853515625 0.001874136910633261 0.001953125
0 0.23905109489051096 0.98681640625 0.002465969619254291 0.0048828125
0 0.6882521207338725 0.9853515625 0.005030578023278753 0.0029296875
0 0.36713355691457883 0.985107421875 0.0013809429867824028 0.00244140625
0 0.3410929177352535 0.98583984375 0.002170053264943776 0.00390625
0 0.6486979680410337 0.984130859375 0.002071414480173604 0.00244140625
0 0.20640165713158415 0.984130859375 0.001874136910633261 0.00244140625
0 0.3432136516078122 0.9833984375 0.0012823042020122311 0.001953125
0 0.2706155060169659 0.9853515625 0.002071414480173604 0.005859375
0 0.6376997435391596 0.985107421875 0.006707437364371671 0.00634765625
0 0.6186624580785165 0.98291015625 0.0011836654172420597 0.001953125
0 0.22691852436377985 0.98828125 0.010948905109489052 0.0126953125
0 0.4008187019135924 0.983642578125 0.002663247188794634 0.00439453125
0 0.2033931741960939 0.983154296875 0.0019727756954034327 0.00341796875
0 0.6108206746892878 0.982177734375 0.003255079897415664 0.00244140625
0 0.2878772933517459 0.98779296875 0.0077924639968435586 0.013671875
0 0.2733773919905307 0.983642578125 0.0028605247583349774 0.00537109375
0 0.3414381534819491 0.9814453125 0.0022686920497139475 0.0029296875
0 0.29769185243637797 0.982177734375 0.0023673308344841193 0.00439453125
0 0.26726178733478 0.983642578125 0.002465969619254291 0.00732421875
0 0.4295719076740975 0.982177734375 0.009469323337936477 0.00537109375
0 0.1526435194318406 0.98193359375 0.0028605247583349774 0.0048828125
0 0.6734069836259617 0.979736328125 0.002170053264943776 0.00244140625
0 0.6140757545867035 0.980224609375 0.001874136910633261 0.00341796875
0 0.3825705267311107 0.9794921875 0.0022686920497139475 0.001953125
0 0.25281120536594986 0.98583984375 0.008285657920694417 0.0146484375
0 0.624728743341882 0.979248046875 0.002663247188794634 0.00244140625
0 0.6030775300848293 0.98046875 0.005918327086210298 0.0048828125
0 0.24452554744525548 0.981201171875 0.007891102781613731 0.00732421875
0 0.6672913789702111 0.97900390625 0.003550996251726179 0.00390625
0 0.6431248767015191 0.978271484375 0.003550996251726179 0.00244140625
0 0.27209508778851843 0.978759765625 0.0030578023278753207 0.00341796875
0 0.3676760702308148 0.980224609375 0.0036496350364963502 0.00732421875
0 0.34962517261787335 0.978271484375 0.0008877490629315447 0.00341796875
0 0.33847898993884395 0.981201171875 0.0030578023278753207 0.00927734375
0 0.6354803708818307 0.9775390625 0.001874136910633261 0.0029296875
0 0.6175774314460446 0.97705078125 0.0017754981258630894 0.001953125
0 0.4129019530479385 0.977783203125 0.0019727756954034327 0.00341796875
0 0.35574077727362396 0.97802734375 0.0014795817715525744 0.00390625
0 0.11826790293943579 0.977783203125 0.004734661668968239 0.00439453125
0 0.6216709410140067 0.9765625 0.0036496350364963502 0.0029296875
0 0.43129808640757544 0.977783203125 0.005030578023278753 0.00537109375
0 0.25138094298678243 0.9765625 0.001874136910633261 0.0029296875
0 0.6504241467745118 0.9765625 0.002959163543105149 0.00390625
0 0.21577234168475046 0.979736328125 0.006214243440520813 0.01025390625
0 0.6634444663641744 0.97607421875 0.0023673308344841193 0.00390625
0 0.6106233971197474 0.976806640625 0.005227855592819097 0.00537109375
0 0.21922469915170645 0.975341796875 0.0038469126060366936 0.00439453125
0 0.6547642533043992 0.9755859375 0.004734661668968239 0.005859375
0 0.3602288419806668 0.973876953125 0.0009863878477017164 0.00244140625
0 0.2550305780232788 0.9755859375 0.0030578023278753207 0.005859375
0 0.5907476819885579 0.973388671875 0.0039455513908068654 0.00341796875
0 0.3783290589859933 0.974853515625 0.002071414480173604 0.00634765625
0 0.6259617281515092 0.972412109375 0.0019727756954034327 0.00244140625
0 0.2110869994081673 0.973388671875 0.004734661668968239 0.00537109375
0 0.20536594989149734 0.97216796875 0.0027618859735648055 0.00390625
0 0.4168968238311304 0.970947265625 0.0014795817715525744 0.00341796875
0 0.3901163937660288 0.97314453125 0.0051292168080489245 0.0078125
0 0.35539554152692837 0.971923828125 0.0013809429867824028 0.00537109375
0 0.6589070822647465 0.97119140625 0.0072992700729927005 0.0048828125
0 0.3467153284671533 0.969970703125 0.0023673308344841193 0.00244140625
0 0.274709015584928 0.974609375 0.005918327086210298 0.0126953125
0 0.3937167094101401 0.968994140625 0.001085026632471888 0.00244140625
0 0.3633852830933123 0.97216796875 0.004142828960347208 0.009765625
0 0.5921779443677254 0.9677734375 0.001874136910633261 0.001953125
0 0.29783981061353326 0.970947265625 0.008581574275004932 0.00927734375
0 0.1937265732886171 0.9677734375 0.002959163543105149 0.0029296875
0 0.6214736634444664 0.96728515625 0.005622410731899783 0.0029296875
0 0.34158611165910435 0.97119140625 0.005326494377589268 0.0126953125
0 0.279887551785362 0.967529296875 0.004636022884198066 0.00537109375
0 0.2593706845531663 0.969970703125 0.004636022884198066 0.01025390625
0 0.6044091536792267 0.96533203125 0.0028605247583349774 0.001953125
0 0.6830242651410534 0.9658203125 0.001874136910633261 0.00390625
0 0.6369106332609982 0.9638671875 0.0023673308344841193 0.001953125
0 0.37808246202406787 0.966552734375 0.003550996251726179 0.00830078125
0 0.579897415663839 0.963623046875 0.004340106529887552 0.00341796875
0 0.20802919708029197 0.963623046875 0.002170053264943776 0.00341796875
0 0.342523180114421 0.962890625 0.0014795817715525744 0.00390625
0 0.34720852239100414 0.962158203125 0.0011836654172420597 0.00341796875
0 0.22726376011047544 0.965087890625 0.006904714933912014 0.00927734375
0 0.31342473860722037 0.96142578125 0.0030578023278753207 0.0029296875
0 0.6633951469717894 0.960693359375 0.001874136910633261 0.00244140625
0 0.36910633260998227 0.96240234375 0.0033537186821858355 0.005859375
0 0.348836062339712 0.96142578125 0.0014795817715525744 0.00390625
0 0.2998125863089367 0.963134765625 0.003452357466956007 0.00732421875
0 0.6146675872953246 0.96044921875 0.002663247188794634 0.0029296875
0 0.4324817518248175 0.962158203125 0.0030578023278753207 0.00634765625
0 0.3394653777865457 0.962890625 0.002071414480173604 0.0078125
0 0.2610475438942592 0.96142578125 0.0044387453146577235 0.0048828125
0 0.21606825803906096 0.96044921875 0.003452357466956007 0.0029296875
0 0.37507397908857765 0.9609375 0.0044387453146577235 0.0048828125
0 0.22326888932728348 0.9609375 0.006411521010061156 0.0048828125
0 0.6565890708226475 0.958740234375 0.001874136910633261 0.00244140625
0 0.42681002170053267 0.958984375 0.000789110278161373 0.0029296875
0 0.4113730518840008 0.958984375 0.001874136910633261 0.0029296875
0 0.22055632274610376 0.959716796875 0.0025646084040244622 0.00439453125
0 0.21182679029394358 0.961181640625 0.005030578023278753 0.00732421875
0 0.6296113631880055 0.9580078125 0.003550996251726179 0.0029296875
0 0.3840007891102782 0.961181640625 0.0027618859735648055 0.01025390625
0 0.34518642730321564 0.95751953125 0.001874136910633261 0.0029296875
0 0.3374432826987572 0.957763671875 0.002170053264943776 0.00341796875
0 0.7004833300453739 0.95654296875 0.001085026632471888 0.001953125
0 0.6020911422371277 0.95751953125 0.004142828960347208 0.00390625
0 0.30400473466166894 0.95703125 0.0011836654172420597 0.0029296875
0 0.5843361609784967 0.956298828125 0.003748273821266522 0.00244140625
0 0.3893766028802525 0.958740234375 0.002663247188794634 0.00732421875
0 0.3812389031367134 0.95703125 0.0019727756954034327 0.00390625
0 0.2521207338725587 0.95751953125 0.005523771947129611 0.0048828125
0 0.6853915959755376 0.9580078125 0.0077924639968435586 0.0078125
0 0.35475438942592225 0.95654296875 0.005227855592819097 0.0048828125
0 0.5906490432037877 0.95458984375 0.001578220556322746 0.001953125
0 0.3728546064312488 0.955810546875 0.001578220556322746 0.00439453125
0 0.24255277174985204 0.955810546875 0.0019727756954034327 0.00439453125
0 0.29552179917143423 0.954345703125 0.0009863878477017164 0.00244140625
0 0.23619057013217598 0.955078125 0.004044190175577037 0.00390625
0 0.3352732294338134 0.954345703125 0.0011836654172420597 0.00341796875
0 0.30188400078911026 0.954345703125 0.0038469126060366936 0.00537109375
0 0.3404024462418623 0.957275390625 0.004537384099427895 0.01220703125
0 0.2565594791872164 0.952880859375 0.0033537186821858355 0.00341796875
0 0.36111659104359833 0.95458984375 0.004142828960347208 0.0078125
0 0.274117182876307 0.953369140625 0.006510159794831328 0.00537109375
0 0.29853028210692445 0.952880859375 0.002663247188794634 0.00537109375
0 0.39342079305582955 0.951416015625 0.003255079897415664 0.00341796875
0 0.37053659498914976 0.95361328125 0.0022686920497139475 0.0078125
0 0.6854902347603078 0.9501953125 0.0014795817715525744 0.001953125
0 0.42399881633458275 0.949951171875 0.0008877490629315447 0.00244140625
0 0.2548826198461235 0.949951171875 0.002959163543105149 0.00244140625
0 0.25049319392385083 0.94970703125 0.0014795817715525744 0.001953125
0 0.22968041033734465 0.95263671875 0.006016965870980469 0.0078125
0 0.167242059577826 0.950439453125 0.0036496350364963502 0.00341796875
0 0.34903333990925234 0.953125 0.005030578023278753 0.009765625
0 0.23959360820674688 0.95068359375 0.005326494377589268 0.005859375
0 0.41043598342868415 0.94921875 0.003748273821266522 0.0048828125
0 0.3766521996449004 0.9482421875 0.0012823042020122311 0.0029296875
0 0.24738607220359046 0.950439453125 0.005523771947129611 0.00732421875
0 0.21458867626750838 0.948974609375 0.0044387453146577235 0.00439453125
0 0.6148648648648649 0.947509765625 0.002663247188794634 0.00244140625
0 0.3594890510948905 0.948974609375 0.0044387453146577235 0.00634765625
0 0.3795620437956204 0.947021484375 0.0009863878477017164 0.00341796875
0 0.25290984415072004 0.947509765625 0.0025646084040244622 0.00439453125
0 0.3284671532846715 0.948486328125 0.0017754981258630894 0.00732421875
0 0.3202308147563622 0.946533203125 0.0012823042020122311 0.00341796875
0 0.26972775695403434 0.946533203125 0.0016768593410929177 0.00341796875
0 0.29956598934701123 0.946044921875 0.0009863878477017164 0.00341796875
0 0.2892089169461432 0.9462890625 0.002959163543105149 0.0048828125
0 0.21044584730716118 0.94580078125 0.00424146774511738 0.00390625
0 0.36377983823239296 0.947265625 0.0019727756954034327 0.0078125
0 0.3449891497336753 0.946044921875 0.0028605247583349774 0.00537109375
0 0.3222035904517656 0.945068359375 0.0008877490629315447 0.00341796875
0 0.21996449003748275 0.9443359375 0.003156441112645492 0.00390625
0 0.3334977313079503 0.943359375 0.0019727756954034327 0.0029296875
0 0.17572499506806077 0.94287109375 0.0016768593410929177 0.001953125
0 0.6112152298283685 0.943603515625 0.006016965870980469 0.00439453125
0 0.3254586703491813 0.946533203125 0.004636022884198066 0.01123046875
0 0.17094101400670744 0.9453125 0.0072992700729927005 0.0087890625
0 0.42967054645886765 0.94189453125 0.0017754981258630894 0.0029296875
0 0.3493292562635628 0.942138671875 0.0022686920497139475 0.00341796875
0 0.6347405799960545 0.9404296875 0.0023673308344841193 0.001953125
0 0.334484119155652 0.94580078125 0.005918327086210298 0.0126953125
0 0.2830439928980075 0.941650390625 0.0028605247583349774 0.00439453125
0 0.23584533438548036 0.94140625 0.004734661668968239 0.00390625
0 0.6214243440520812 0.94189453125 0.005918327086210298 0.005859375
0 0.37911816926415465 0.94140625 0.002663247188794634 0.0048828125
0 0.23155454724797792 0.941162109375 0.0014795817715525744 0.00439453125
0 0.3323140658907082 0.93994140625 0.0013809429867824028 0.0029296875
0 0.310909449595581 0.943359375 0.002959163543105149 0.009765625
0 0.2474847109883606 0.942626953125 0.005523771947129611 0.00830078125
0 0.3724600512921681 0.9404296875 0.0019727756954034327 0.0048828125
0 0.21912606036693627 0.939697265625 0.001874136910633261 0.00341796875
0 0.34469323337936475 0.93994140625 0.0014795817715525744 0.0048828125
0 0.30740777273623987 0.939208984375 0.0008877490629315447 0.00341796875
0 0.20245610574077727 0.939697265625 0.00424146774511738 0.00439453125
0 0.4100414282896035 0.940185546875 0.006510159794831328 0.00634765625
0 0.21547642533043992 0.939208984375 0.002071414480173604 0.00537109375
0 0.3905109489051095 0.940673828125 0.003156441112645492 0.00927734375
0 0.3025251528901164 0.938232421875 0.002959163543105149 0.00537109375
0 0.27899980272243047 0.936279296875 0.003255079897415664 0.00244140625
0 0.3414381534819491 0.936279296875 0.001085026632471888 0.00341796875
0 0.2298283685144999 0.934814453125 0.0009863878477017164 0.00244140625
0 0.6140757545867035 0.934326171875 0.001874136910633261 0.00244140625
0 0.3119944762280529 0.934326171875 0.0009863878477017164 0.00244140625
0 0.345975537581377 0.933837890625 0.0022686920497139475 0.00244140625
0 0.39149733675281123 0.93408203125 0.004340106529887552 0.00390625
0 0.3679226671927402 0.93603515625 0.003550996251726179 0.0078125
0 0.35939041231012037 0.933837890625 0.0008877490629315447 0.00341796875
0 0.3789702110869994 0.934326171875 0.0033537186821858355 0.00537109375
0 0.32323929769185245 0.934326171875 0.0023673308344841193 0.00732421875
0 0.23840994278950484 0.93310546875 0.0039455513908068654 0.0048828125
0 0.6066778457289406 0.932861328125 0.005819688301440126 0.00537109375
0 0.41344446636417437 0.933349609375 0.0038469126060366936 0.00634765625
0 0.2762872361412507 0.931884765625 0.002170053264943776 0.00341796875
0 0.41896823831130403 0.9306640625 0.0006904714933912014 0.001953125
0 0.38168277766817915 0.931884765625 0.002465969619254291 0.00439453125
0 0.3014894456500296 0.932373046875 0.005227855592819097 0.00634765625
0 0.2869402248964293 0.931396484375 0.003748273821266522 0.00439453125
0 0.21789307555730913 0.930908203125 0.002959163543105149 0.00341796875
0 0.3271848490826593 0.930908203125 0.0025646084040244622 0.00537109375
0 0.19688301440126257 0.93017578125 0.004734661668968239 0.00390625
0 0.33053856776484514 0.930419921875 0.0019727756954034327 0.00537109375
0 0.25152890116393767 0.930419921875 0.007101992503452358 0.00634765625
0 0.23628920891694613 0.927978515625 0.0008877490629315447 0.00341796875
0 0.36422371276385873 0.92626953125 0.002465969619254291 0.0029296875
0 0.25157822055632273 0.926025390625 0.002663247188794634 0.00244140625
0 0.24186230025646083 0.92529296875 0.0011836654172420597 0.001953125
0 0.35001972775695406 0.92724609375 0.004636022884198066 0.0068359375
0 0.41319786940224895 0.925537109375 0.004340106529887552 0.00439453125
0 0.2636614716906688 0.9248046875 0.0019727756954034327 0.0029296875
0 0.21744920102584336 0.924560546875 0.0030578023278753207 0.00244140625
0 0.31002170053264944 0.929931640625 0.0072992700729927005 0.01416015625
0 0.18100217005326494 0.925048828125 0.0027618859735648055 0.00439453125
0 0.6038173209706057 0.9248046875 0.007595186427303216 0.0048828125
0 0.385628329058986 0.923095703125 0.001874136910633261 0.00244140625
0 0.32960149930952853 0.923583984375 0.002465969619254291 0.00341796875
0 0.32348589465377786 0.923828125 0.001085026632471888 0.00390625
0 0.25641152101006115 0.925048828125 0.00424146774511738 0.00732421875
0 0.6178733478003551 0.921875 0.0025646084040244622 0.001953125
0 0.285066087985796 0.92431640625 0.0027618859735648055 0.0068359375
0 0.4241960939041231 0.92138671875 0.003255079897415664 0.0029296875
0 0.23027224304596566 0.927001953125 0.006214243440520813 0.01513671875
0 0.2427007299270073 0.92041015625 0.00424146774511738 0.0029296875
0 0.4162556717301243 0.919921875 0.000789110278161373 0.0029296875
0 0.29088577628723616 0.920166015625 0.0009863878477017164 0.00341796875
0 0.20773328072598146 0.920654296875 0.0051292168080489245 0.00439453125
0 0.2644999013612152 0.920166015625 0.001874136910633261 0.00439453125
0 0.2530084829354902 0.9189453125 0.0025646084040244622 0.0029296875
0 0.32491615703294535 0.919189453125 0.0025646084040244622 0.00439453125
0 0.30721049516669957 0.91845703125 0.0028605247583349774 0.0029296875
0 0.2127638587492602 0.91748046875 0.0009863878477017164 0.001953125
0 0.1582166107713553 0.917236328125 0.0009863878477017164 0.00244140625
0 0.32121720260406394 0.919677734375 0.0028605247583349774 0.00830078125
0 0.3114519629118169 0.916015625 0.0022686920497139475 0.0029296875
0 0.33670349181298087 0.915283203125 0.001085026632471888 0.00244140625
0 0.3146577234168475 0.915771484375 0.002959163543105149 0.00341796875
0 0.13133754192148353 0.916748046875 0.0028605247583349774 0.00537109375
0 0.2601104754389426 0.916015625 0.005918327086210298 0.0068359375
0 0.24921088972183864 0.914794921875 0.005227855592819097 0.00439453125
0 0.32600118366541725 0.91357421875 0.0013809429867824028 0.0029296875
0 0.2726869204971395 0.9169921875 0.009370684553166305 0.009765625
0 0.42207536003156443 0.9130859375 0.0013809429867824028 0.0029296875
0 0.40658907082264745 0.9150390625 0.004340106529887552 0.0068359375
0 0.35722035904517657 0.91552734375 0.00424146774511738 0.0087890625
0 0.340797001380943 0.912841796875 0.0009863878477017164 0.00341796875
0 0.31830735845334385 0.91259765625 0.001578220556322746 0.0029296875
0 0.3026731110672716 0.9140625 0.00424146774511738 0.0068359375
0 0.2336259617281515 0.91162109375 0.002465969619254291 0.0029296875
0 0.3073584533438548 0.91259765625 0.001578220556322746 0.005859375
0 0.2684454527520221 0.91064453125 0.0008877490629315447 0.001953125
0 0.18386269481159992 0.91015625 0.003748273821266522 0.0029296875
0 0.12088183073584534 0.91015625 0.0012823042020122311 0.0029296875
0 0.2159202998619057 0.909912109375 0.002170053264943776 0.00341796875
0 0.254586703491813 0.908935546875 0.000789110278161373 0.00244140625
0 0.22104951666995462 0.91015625 0.0051292168080489245 0.0048828125
0 0.15451765634247386 0.91064453125 0.0044387453146577235 0.0068359375
0 0.32383113040047345 0.907470703125 0.001578220556322746 0.00244140625
0 0.32156243835075954 0.907958984375 0.0013809429867824028 0.00341796875
0 0.313819293746301 0.908447265625 0.001085026632471888 0.00439453125
0 0.4033339909252318 0.9072265625 0.004931939238508582 0.0029296875
0 0.24985204182284473 0.908203125 0.0051292168080489245 0.005859375
0 0.26085026632471886 0.90576171875 0.001874136910633261 0.0029296875
0 0.3279739593608207 0.90576171875 0.0011836654172420597 0.00390625
0 0.13237324916157034 0.90625 0.004142828960347208 0.0048828125
0 0.33497731307950285 0.9052734375 0.0017754981258630894 0.00390625
0 0.23959360820674688 0.906982421875 0.0051292168080489245 0.00732421875
0 0.14943775892681002 0.904052734375 0.004537384099427895 0.00341796875
0 0.21439139869796803 0.904052734375 0.003255079897415664 0.00439453125
0 0.31855395541526926 0.903076171875 0.002465969619254291 0.00341796875
0 0.2658315249556125 0.9033203125 0.0011836654172420597 0.00390625
0 0.24871769579798778 0.90283203125 0.0012823042020122311 0.0029296875
0 0.15150917340698364 0.901123046875 0.0023673308344841193 0.00341796875
0 0.417242059577826 0.89990234375 0.0025646084040244622 0.001953125
0 0.3257052673111067 0.901611328125 0.0039455513908068654 0.00537109375
0 0.26410534622213455 0.90087890625 0.001085026632471888 0.00390625
0 0.2531564411126455 0.900390625 0.0030578023278753207 0.0029296875
0 0.2472381140264352 0.900634765625 0.002071414480173604 0.00341796875
0 0.160337344643914 0.9013671875 0.00483330045373841 0.005859375
0 0.18356677845728941 0.901611328125 0.009272045768396133 0.00830078125
0 0.24467350562241072 0.8994140625 0.0016768593410929177 0.005859375
0 0.33394160583941607 0.89697265625 0.001085026632471888 0.001953125
0 0.28491812980864073 0.89697265625 0.0014795817715525744 0.0029296875
0 0.23130795028605247 0.897705078125 0.003550996251726179 0.00439453125
0 0.32743144604458474 0.89794921875 0.0014795817715525744 0.005859375
0 0.13533241270467547 0.895751953125 0.002959163543105149 0.00244140625
0 0.2917735253501677 0.8955078125 0.0019727756954034327 0.0029296875
0 0.1460347208522391 0.89501953125 0.001085026632471888 0.001953125
0 0.31904714933912015 0.895751953125 0.001085026632471888 0.00439453125
0 0.2360919313474058 0.896484375 0.003452357466956007 0.005859375
0 0.17967054645886762 0.894775390625 0.003255079897415664 0.00341796875
0 0.2336752811205366 0.89306640625 0.0009863878477017164 0.0029296875
0 0.15826593016374038 0.894287109375 0.002465969619254291 0.00537109375
0 0.10307753008482935 0.892822265625 0.001578220556322746 0.00341796875
0 0.2850167685934109 0.892578125 0.003255079897415664 0.0048828125
0 0.1004636022884198 0.89208984375 0.002663247188794634 0.00390625
0 0.25128230420201225 0.891845703125 0.001874136910633261 0.00439453125
0 0.1784375616492405 0.8916015625 0.004142828960347208 0.00390625
0 0.29996054448609194 0.89111328125 0.004142828960347208 0.0048828125
0 0.4019530479384494 0.888427734375 0.0019727756954034327 0.00341796875
0 0.31480568159400274 0.889404296875 0.0016768593410929177 0.00537109375
0 0.24176366147169068 0.8896484375 0.002170053264943776 0.005859375
0 0.2862497534030381 0.886474609375 0.0017754981258630894 0.00244140625
0 0.22701716314855 0.88720703125 0.0028605247583349774 0.00390625
0 0.3272341684750444 0.885986328125 0.002071414480173604 0.00341796875
0 0.24822450187413692 0.8857421875 0.0016768593410929177 0.0029296875
0 0.30045373840994277 0.8857421875 0.0033537186821858355 0.00390625
0 0.1912606036693628 0.885986328125 0.004734661668968239 0.00439453125
0 0.28279739593608205 0.88623046875 0.001578220556322746 0.005859375
0 0.280479384493983 0.885498046875 0.0016768593410929177 0.00439453125
0 0.26479581771552574 0.884765625 0.0036496350364963502 0.0029296875
0 0.26094890510948904 0.88427734375 0.002663247188794634 0.0029296875
0 0.2037384099427895 0.884765625 0.003255079897415664 0.00390625
0 0.16102781613730519 0.884033203125 0.0028605247583349774 0.00341796875
0 0.7270664825409351 0.885009765625 0.006510159794831328 0.00634765625
0 0.19703097257841784 0.8828125 0.0012823042020122311 0.001953125
0 0.1849970408364569 0.882568359375 0.0028605247583349774 0.00244140625
0 0.3232886170842375 0.880615234375 0.0016768593410929177 0.00341796875
0 0.28038074570921284 0.88037109375 0.001085026632471888 0.0029296875
0 0.19283882422568555 0.880126953125 0.002170053264943776 0.00244140625
0 0.19658709804695207 0.87939453125 0.001578220556322746 0.001953125
0 0.332166107713553 0.87841796875 0.0008877490629315447 0.001953125
0 0.31061353324127045 0.87744140625 0.0023673308344841193 0.0029296875
0 0.2709114223712764 0.877197265625 0.0028605247583349774 0.00341796875
0 0.34050108502663246 0.87646484375 0.0039455513908068654 0.0029296875
0 0.18470112448214637 0.875732421875 0.002663247188794634 0.00244140625
0 0.19002761885973565 0.87548828125 0.0014795817715525744 0.0029296875
0 0.26336555533635825 0.874755859375 0.000789110278161373 0.00244140625
0 0.27766817912803315 0.874267578125 0.0009863878477017164 0.00341796875
0 0.2486683764056027 0.873291015625 0.0025646084040244622 0.00244140625
0 0.22573485894653778 0.873291015625 0.0044387453146577235 0.00341796875
0 0.3305878871572302 0.872314453125 0.002663247188794634 0.00244140625
0 0.11042611955020715 0.872802734375 0.0014795817715525744 0.00341796875
0 0.2660288025251529 0.871337890625 0.003748273821266522 0.00341796875
0 0.2572992700729927 0.8701171875 0.0008877490629315447 0.001953125
0 0.2591240875912409 0.8701171875 0.001578220556322746 0.0029296875
0 0.18894259222726376 0.869873046875 0.002465969619254291 0.00244140625
0 0.291970802919708 0.870361328125 0.0011836654172420597 0.00439453125
0 0.286200434010653 0.86962890625 0.0014795817715525744 0.00390625
0 0.31870191359242456 0.866455078125 0.0013809429867824028 0.00244140625
0 0.7037384099427895 0.8662109375 0.003452357466956007 0.0029296875
0 0.27357466956007104 0.865478515625 0.0008877490629315447 0.00244140625
0 0.226425330439929 0.865234375 0.002663247188794634 0.0029296875
0 0.2862497534030381 0.86572265625 0.0025646084040244622 0.0048828125
0 0.294239494969422 0.86474609375 0.0025646084040244622 0.00390625
0 0.23584533438548036 0.864013671875 0.0023673308344841193 0.00244140625
0 0.32733280725981456 0.862548828125 0.0008877490629315447 0.00341796875
0 0.26795225882817125 0.86181640625 0.001874136910633261 0.0029296875
0 0.2214440718090353 0.861328125 0.0025646084040244622 0.0029296875
0 0.30642138488853815 0.861328125 0.0014795817715525744 0.0048828125
0 0.20048333004537383 0.860107421875 0.0022686920497139475 0.00244140625
0 0.7146379956598935 0.85888671875 0.0009863878477017164 0.0029296875
0 0.27732294338133756 0.858154296875 0.0008877490629315447 0.00341796875
0 0.24265141053462222 0.8583984375 0.004537384099427895 0.00390625
0 0.7280528703886369 0.857421875 0.004931939238508582 0.0029296875
0 0.7062043795620438 0.85888671875 0.005819688301440126 0.0078125
0 0.22307161175774315 0.8564453125 0.002663247188794634 0.0029296875
0 0.2725389623199842 0.85595703125 0.0025646084040244622 0.00390625
0 0.7138488853817321 0.85498046875 0.004931939238508582 0.0029296875
0 0.31184651805089764 0.854736328125 0.0014795817715525744 0.00341796875
0 0.29843164332215427 0.85400390625 0.002071414480173604 0.0029296875
0 0.30489248372460054 0.853271484375 0.0011836654172420597 0.00341796875
0 0.7203590451765635 0.854736328125 0.006312882225290984 0.00830078125
0 0.22410731899782996 0.851318359375 0.002170053264943776 0.00244140625
0 0.728743341882028 0.851318359375 0.007891102781613731 0.00537109375
0 0.29650818701913595 0.85009765625 0.0019727756954034327 0.0029296875
0 0.301736042611955 0.848876953125 0.0013809429867824028 0.00244140625
0 0.2639080686525942 0.849609375 0.004636022884198066 0.00390625
0 0.315496153087394 0.84912109375 0.003255079897415664 0.005859375
0 0.22923653580587888 0.84765625 0.003156441112645492 0.0048828125
0 0.2645985401459854 0.84521484375 0.0008877490629315447 0.001953125
0 0.24156638390215032 0.845458984375 0.0009863878477017164 0.00244140625
0 0.2786545669757349 0.844970703125 0.0013809429867824028 0.00244140625
0 0.3281219175379759 0.8447265625 0.001874136910633261 0.00390625
0 0.32397908857762875 0.8447265625 0.001085026632471888 0.00390625
0 0.7233182087196686 0.845947265625 0.006312882225290984 0.00732421875
0 0.3113040047346617 0.84375 0.0011836654172420597 0.00390625
0 0.7196685736831723 0.844970703125 0.007891102781613731 0.00732421875
0 0.23939633063720656 0.842041015625 0.001578220556322746 0.00244140625
0 0.700532649437759 0.841552734375 0.0025646084040244622 0.00244140625
0 0.23564805681594003 0.8408203125 0.0009863878477017164 0.001953125
0 0.6888439534424936 0.83984375 0.002465969619254291 0.001953125
0 0.28003550996251725 0.84033203125 0.0013809429867824028 0.0029296875
0 0.22686920497139476 0.840087890625 0.0019727756954034327 0.00244140625
0 0.2861017952258828 0.839599609375 0.0012823042020122311 0.00244140625
0 0.6916058394160584 0.83935546875 0.0012823042020122311 0.0029296875
0 0.7228250147958177 0.83837890625 0.002959163543105149 0.0029296875
0 0.7071414480173605 0.83935546875 0.003748273821266522 0.0048828125
0 0.6981159992108897 0.838134765625 0.0038469126060366936 0.00244140625
0 0.2621818899191162 0.836669921875 0.002170053264943776 0.00244140625
0 0.2496547642533044 0.836669921875 0.000789110278161373 0.00244140625
0 0.23170250542513315 0.836669921875 0.0027618859735648055 0.00244140625
0 0.7021108699940817 0.8359375 0.003550996251726179 0.001953125
0 0.6893371473663444 0.83544921875 0.0028605247583349774 0.001953125
0 0.31283290589859936 0.8369140625 0.0012823042020122311 0.0048828125
0 0.278161373051884 0.835693359375 0.0011836654172420597 0.00341796875
0 0.22859538370487276 0.833740234375 0.0006904714933912014 0.00244140625
0 0.7101499309528506 0.835205078125 0.0030578023278753207 0.00634765625
0 0.6998914973367528 0.83154296875 0.005819688301440126 0.00390625
0 0.6920990333399093 0.83203125 0.008187019135924246 0.0048828125
0 0.5928684158611166 0.83056640625 0.001874136910633261 0.00390625
0 0.2705168672321957 0.831787109375 0.003452357466956007 0.00634765625
0 0.7125665811797198 0.830078125 0.0023673308344841193 0.00390625
0 0.7061550601696587 0.829345703125 0.001578220556322746 0.00244140625
0 0.7269185243637798 0.830322265625 0.006016965870980469 0.00537109375
0 0.7153284671532847 0.828125 0.0023673308344841193 0.001953125
0 0.24644900374827383 0.828125 0.0014795817715525744 0.001953125
0 0.6859834286841586 0.828125 0.0016768593410929177 0.0029296875
0 0.731061353324127 0.827392578125 0.003255079897415664 0.00244140625
0 0.7192246991517065 0.827392578125 0.0038469126060366936 0.00244140625
0 0.7099526533833104 0.827392578125 0.001874136910633261 0.00244140625
0 0.690224896429276 0.8271484375 0.0016768593410929177 0.001953125
0 0.6826790293943579 0.827392578125 0.001578220556322746 0.00341796875
0 0.6000690471493392 0.8271484375 0.002465969619254291 0.0029296875
0 0.31796212270664825 0.826171875 0.0012823042020122311 0.001953125
0 0.11175774314460446 0.82666015625 0.0033537186821858355 0.0029296875
0 0.10174590649043204 0.826904296875 0.0028605247583349774 0.00439453125
0 0.7076346419412113 0.826171875 0.0017754981258630894 0.00390625
0 0.7237620832511343 0.824951171875 0.003255079897415664 0.00244140625
0 0.7010751627539948 0.82470703125 0.001085026632471888 0.001953125
0 0.27179917143420795 0.8251953125 0.002663247188794634 0.00390625
0 0.7046754783981062 0.82421875 0.003550996251726179 0.0029296875
0 0.6938745314657724 0.82568359375 0.00483330045373841 0.005859375
0 0.5972085223910042 0.823974609375 0.002465969619254291 0.00244140625
0 0.6843558887354508 0.8232421875 0.0039455513908068654 0.0029296875
0 0.6433714736634445 0.82275390625 0.0014795817715525744 0.001953125
0 0.7105938054843164 0.822509765625 0.003748273821266522 0.00244140625
0 0.6673900177549813 0.82275390625 0.0027618859735648055 0.0029296875
0 0.7141941211284277 0.823486328125 0.004636022884198066 0.00537109375
0 0.5930163740382719 0.82373046875 0.005326494377589268 0.0068359375
0 0.32175971592029984 0.82373046875 0.003156441112645492 0.0068359375
0 0.6989544288814362 0.821044921875 0.004142828960347208 0.00341796875
0 0.28255079897415664 0.820068359375 0.001874136910633261 0.00341796875
0 0.28639771158019334 0.81982421875 0.0016768593410929177 0.00390625
0 0.6841586111659105 0.81884765625 0.0039455513908068654 0.0029296875
0 0.7180410337344644 0.818115234375 0.004044190175577037 0.00244140625
0 0.2570526731110673 0.818115234375 0.000789110278161373 0.00244140625
0 0.7027520220950878 0.818115234375 0.006411521010061156 0.00439453125
0 0.6678832116788321 0.817626953125 0.0017754981258630894 0.00341796875
0 0.6887453146577234 0.816650390625 0.0016768593410929177 0.00244140625
0 0.2589761294140856 0.81591796875 0.0008877490629315447 0.001953125
0 0.6622114815545472 0.8154296875 0.0012823042020122311 0.0029296875
0 0.24901361215229828 0.814697265625 0.0008877490629315447 0.00244140625
0 0.2763858749260209 0.81396484375 0.0009863878477017164 0.001953125
0 0.6967350562241074 0.813720703125 0.002663247188794634 0.00244140625
0 0.26168869599526534 0.81591796875 0.0017754981258630894 0.0068359375
0 0.24013612152298283 0.815185546875 0.0016768593410929177 0.00537109375
0 0.5985401459854015 0.81494140625 0.003748273821266522 0.005859375
0 0.6848984020516867 0.813720703125 0.0022686920497139475 0.00537109375
0 0.6445058196883015 0.812744140625 0.003550996251726179 0.00341796875
0 0.6818405997238114 0.81298828125 0.0044387453146577235 0.005859375
0 0.6760702308147564 0.81201171875 0.0033537186821858355 0.00390625
0 0.7121227066482541 0.8134765625 0.0038469126060366936 0.0078125
0 0.6883507595186428 0.810546875 0.0012823042020122311 0.001953125
0 0.26405602682974944 0.810546875 0.0011836654172420597 0.001953125
0 0.2525152890116394 0.810546875 0.0011836654172420597 0.001953125
0 0.7292365358058789 0.8095703125 0.0013809429867824028 0.001953125
0 0.23278753205760505 0.809814453125 0.0011836654172420597 0.00244140625
0 0.7013710791083054 0.80908203125 0.002465969619254291 0.001953125
0 0.6570329453541133 0.808837890625 0.002959163543105149 0.00341796875
0 0.2896034720852239 0.80859375 0.0025646084040244622 0.0029296875
0 0.6444565002959164 0.807861328125 0.0036496350364963502 0.00244140625
0 0.6858354705070033 0.807373046875 0.004734661668968239 0.00244140625
0 0.6766620635233774 0.807373046875 0.002959163543105149 0.00244140625
0 0.6664036299072795 0.80712890625 0.0023673308344841193 0.001953125
0 0.6403629907279542 0.808349609375 0.004340106529887552 0.00537109375
0 0.31628526336555535 0.806640625 0.0008877490629315447 0.001953125
0 0.3151509173406984 0.807861328125 0.0013809429867824028 0.00439453125
0 0.27391990530676663 0.806884765625 0.0011836654172420597 0.00341796875
0 0.26745906490432036 0.80712890625 0.002663247188794634 0.00390625
0 0.567222331820872 0.809326171875 0.008778851844545275 0.00927734375
0 0.7186821858354705 0.80517578125 0.0013809429867824028 0.001953125
0 0.6565890708226475 0.8046875 0.002465969619254291 0.001953125
0 0.5743243243243243 0.80517578125 0.002465969619254291 0.0029296875
0 0.5939041231012034 0.80419921875 0.0027618859735648055 0.001953125
0 0.2746103768001578 0.80419921875 0.0009863878477017164 0.001953125
0 0.25917340698362595 0.803955078125 0.0014795817715525744 0.00244140625
0 0.6598934701124483 0.802490234375 0.004340106529887552 0.00244140625
0 0.7118267902939436 0.802001953125 0.002071414480173604 0.00244140625
0 0.7238114026435194 0.80126953125 0.0017754981258630894 0.001953125
0 0.6731603866640363 0.802734375 0.00483330045373841 0.0048828125
0 0.52589268100217 0.801025390625 0.002071414480173604 0.00244140625
0 0.2726376011047544 0.801513671875 0.001578220556322746 0.00341796875
0 0.6908660485302821 0.80029296875 0.001578220556322746 0.001953125
0 0.5669264154665614 0.801513671875 0.0038469126060366936 0.00439453125
0 0.5557802327875321 0.800537109375 0.002663247188794634 0.00244140625
0 0.09267113829157625 0.800048828125 0.002071414480173604 0.00244140625
0 0.2742158216610771 0.799072265625 0.0009863878477017164 0.00244140625
0 0.6576740974551194 0.79833984375 0.0012823042020122311 0.001953125
0 0.6506214243440521 0.799560546875 0.003156441112645492 0.00439453125
0 0.286200434010653 0.801025390625 0.003255079897415664 0.00732421875
0 0.704576839613336 0.7978515625 0.001578220556322746 0.001953125
0 0.5814756362201617 0.798095703125 0.0023673308344841193 0.00244140625
0 0.5306766620635234 0.7978515625 0.0025646084040244622 0.001953125
0 0.5209607417636615 0.7998046875 0.0066087985796014995 0.005859375
0 0.3232886170842375 0.79736328125 0.0008877490629315447 0.0029296875
0 0.29803708818307356 0.797119140625 0.0006904714933912014 0.00244140625
0 0.652840797001381 0.797119140625 0.002465969619254291 0.00341796875
0 0.5158808443479976 0.797119140625 0.002170053264943776 0.00439453125
0 0.6821365160781219 0.79443359375 0.0022686920497139475 0.001953125
0 0.26711382915762477 0.794677734375 0.0011836654172420597 0.00244140625
0 0.6300059183270862 0.7939453125 0.0033537186821858355 0.001953125
0 0.6500295916354311 0.79345703125 0.002959163543105149 0.001953125
0 0.6429275991319787 0.793701171875 0.0009863878477017164 0.00244140625
0 0.5892681002170054 0.7939453125 0.0025646084040244622 0.0029296875
0 0.5602189781021898 0.794677734375 0.00424146774511738 0.00439453125
0 0.6544683369500888 0.793212890625 0.0011836654172420597 0.00244140625
0 0.6472677056618662 0.794921875 0.002959163543105149 0.005859375
0 0.29300651015979484 0.79345703125 0.0014795817715525744 0.00390625
0 0.5943973170250543 0.79296875 0.003156441112645492 0.00390625
0 0.5766423357664233 0.79296875 0.002170053264943776 0.00390625
0 0.26050503057802327 0.7919921875 0.0013809429867824028 0.001953125
0 0.5150424146774512 0.793212890625 0.00542513316235944 0.00537109375
0 0.32851647267705664 0.7919921875 0.0008877490629315447 0.0029296875
0 0.6666502268692049 0.791259765625 0.0022686920497139475 0.00244140625
0 0.5286052475833498 0.793701171875 0.004537384099427895 0.00732421875
0 0.7056618662458078 0.790771484375 0.0019727756954034327 0.00244140625
0 0.6736535805878872 0.7900390625 0.0030578023278753207 0.001953125
0 0.6209311501282304 0.791259765625 0.006707437364371671 0.00439453125
0 0.6019925034523574 0.791015625 0.004734661668968239 0.00390625
0 0.2617873347800355 0.78955078125 0.001578220556322746 0.001953125
0 0.6166896823831131 0.78857421875 0.0019727756954034327 0.001953125
0 0.09523574669560071 0.78955078125 0.003452357466956007 0.00390625
0 0.5630301834681397 0.788330078125 0.001578220556322746 0.00244140625
0 0.6819885579009667 0.7890625 0.003156441112645492 0.0048828125
0 0.6802130597751036 0.78759765625 0.0025646084040244622 0.001953125
0 0.5732886170842375 0.787841796875 0.0027618859735648055 0.00341796875
0 0.5229335174590649 0.79052734375 0.006411521010061156 0.0087890625
0 0.6556026829749457 0.787353515625 0.006214243440520813 0.00341796875
0 0.6458374432826988 0.78662109375 0.0016768593410929177 0.001953125
0 0.5544486091931348 0.7900390625 0.003748273821266522 0.0087890625
0 0.10559281909646873 0.78759765625 0.002663247188794634 0.00390625
0 0.6507200631288222 0.786376953125 0.0027618859735648055 0.00244140625
0 0.6403136713355692 0.7880859375 0.006016965870980469 0.0068359375
0 0.10800946932333794 0.785888671875 0.0013809429867824028 0.00244140625
0 0.6262576445058197 0.787353515625 0.007496547642533044 0.00732421875
0 0.5703787729335175 0.788330078125 0.0038469126060366936 0.01025390625
0 0.6318800552377195 0.7841796875 0.0027618859735648055 0.0029296875
0 0.5914381534819491 0.78466796875 0.005721049516669955 0.00390625
0 0.611511146182679 0.78369140625 0.0030578023278753207 0.0029296875
0 0.2708621029788913 0.784912109375 0.001578220556322746 0.00634765625
0 0.5681100808838035 0.782958984375 0.0022686920497139475 0.00341796875
0 0.10120339317419609 0.783447265625 0.006510159794831328 0.00439453125
0 0.09706056421384888 0.78271484375 0.0013809429867824028 0.0029296875
0 0.6038666403629908 0.78369140625 0.002170053264943776 0.005859375
0 0.6209804695206155 0.783447265625 0.00483330045373841 0.00634765625
0 0.5641645294929967 0.782958984375 0.005030578023278753 0.00732421875
0 0.2629216808048925 0.7802734375 0.0014795817715525744 0.001953125
0 0.6156539751430262 0.7802734375 0.003255079897415664 0.00390625
0 0.7127638587492602 0.7783203125 0.0025646084040244622 0.001953125
0 0.6097849674492011 0.77880859375 0.003748273821266522 0.0029296875
0 0.6182185835470507 0.77783203125 0.001874136910633261 0.001953125
0 0.5933122903925824 0.77880859375 0.004537384099427895 0.00390625
0 0.5159301637403827 0.779052734375 0.0044387453146577235 0.00537109375
0 0.28565792069441703 0.77734375 0.000789110278161373 0.0029296875
0 0.6423850858157427 0.7763671875 0.002071414480173604 0.001953125
0 0.6623594397317025 0.7763671875 0.0017754981258630894 0.0029296875
0 0.6524955612546853 0.775390625 0.0013809429867824028 0.001953125
0 0.603422765831525 0.775634765625 0.001874136910633261 0.00244140625
0 0.5999704083645689 0.776123046875 0.00424146774511738 0.00341796875
0 0.6458374432826988 0.7744140625 0.0016768593410929177 0.001953125
0 0.5779739593608206 0.774658203125 0.0016768593410929177 0.00244140625
0 0.6226573288617084 0.7744140625 0.0012823042020122311 0.0029296875
0 0.6134346024856974 0.77490234375 0.006904714933912014 0.0068359375
0 0.6447524166502269 0.77197265625 0.0012823042020122311 0.001953125
0 0.630992306174788 0.772216796875 0.0023673308344841193 0.00244140625
0 0.5801933320181495 0.772216796875 0.0023673308344841193 0.00244140625
0 0.5156342473860722 0.77294921875 0.0038469126060366936 0.0048828125
0 0.6274413099230618 0.770751953125 0.002959163543105149 0.00244140625
0 0.5731899782994674 0.770751953125 0.001578220556322746 0.00244140625
0 0.61491418425725 0.769287109375 0.003156441112645492 0.00244140625
0 0.6233478003550996 0.7685546875 0.0022686920497139475 0.001953125
0 0.5926218188991912 0.769775390625 0.001578220556322746 0.00439453125
0 0.6858354705070033 0.76806640625 0.001578220556322746 0.001953125
0 0.6100808838035116 0.76806640625 0.0027618859735648055 0.0029296875
0 0.5770862102978891 0.767822265625 0.001874136910633261 0.00244140625
0 0.5881830735845335 0.769287109375 0.0039455513908068654 0.00634765625
0 0.5678634839218781 0.766845703125 0.004931939238508582 0.00439453125
0 0.578171236930361 0.76416015625 0.0008877490629315447 0.001953125
0 0.6398697968041034 0.76416015625 0.0033537186821858355 0.00390625
0 0.5182974945748668 0.763671875 0.0016768593410929177 0.0029296875
0 0.6559972381140264 0.7626953125 0.0012823042020122311 0.001953125
0 0.6495363977115802 0.7626953125 0.0013809429867824028 0.001953125
0 0.09385480370881831 0.75927734375 0.005227855592819097 0.0048828125
0 0.5186920497139476 0.75732421875 0.0008877490629315447 0.001953125
0 0.6334582757940422 0.7568359375 0.0013809429867824028 0.001953125
0 0.10485302821069245 0.75830078125 0.0051292168080489245 0.005859375
0 0.4290293943578615 0.75439453125 0.0014795817715525744 0.0048828125
0 0.4208423752219373 0.752197265625 0.0012823042020122311 0.00244140625
0 0.09844150720063129 0.751953125 0.001578220556322746 0.0029296875
0 0.09306569343065693 0.751953125 0.00424146774511738 0.00390625
0 0.6116097849674492 0.74853515625 0.0022686920497139475 0.0029296875
0 0.6585125271256658 0.743896484375 0.0017754981258630894 0.00244140625
0 0.42611955020714143 0.7412109375 0.000789110278161373 0.0029296875
0 0.42715525744722826 0.73583984375 0.0006904714933912014 0.001953125
0 0.5851745906490432 0.706298828125 0.0014795817715525744 0.00341796875
