0 0.15935095679621228 0.98876953125 0.001085026632471888 0.00390625
0 0.1178733478003551 0.978271484375 0.0019727756954034327 0.00732421875
0 0.5673209706056421 0.96533203125 0.001085026632471888 0.0029296875
0 0.14268100217005328 0.961181640625 0.001085026632471888 0.00439453125
0 0.17513316235943974 0.950439453125 0.0008877490629315447 0.00341796875
0 0.09893470112448215 0.929443359375 0.000789110278161373 0.00244140625
0 0.11363188005523772 0.880126953125 0.000789110278161373 0.00244140625
0 0.31702505425133165 0.8525390625 0.0009863878477017164 0.0029296875
0 0.34326297100019726 0.81396484375 0.000789110278161373 0.0029296875
0 0.09952653383310317 0.657958984375 0.0023673308344841193 0.00244140625
