0 0.25054251331623595 0.796142578125 0.001578220556322746 0.00439453125
0 0.25019727756954036 0.785888671875 0.001085026632471888 0.00244140625
0 0.2503452357466956 0.7724609375 0.0027618859735648055 0.009765625
0 0.37670151903728544 0.735595703125 0.007693825212073387 0.00732421875
0 0.4047149339120142 0.68798828125 0.006510159794831328 0.0185546875
0 0.404616295127244 0.675537109375 0.006510159794831328 0.00439453125
0 0.38957388044979285 0.673583984375 0.0008877490629315447 0.00341796875
0 0.37004340106529887 0.673583984375 0.0014795817715525744 0.00439453125
0 0.36797198658512525 0.673095703125 0.0014795817715525744 0.00439453125
0 0.4785460643124877 0.660888671875 0.0008877490629315447 0.00341796875
0 0.4665121325705267 0.657470703125 0.0016768593410929177 0.00537109375
0 0.24427895048333004 0.6552734375 0.002071414480173604 0.0048828125
0 0.23831130400473466 0.6552734375 0.0019727756954034327 0.0048828125
0 0.23589465377786545 0.655029296875 0.002465969619254291 0.00439453125
0 0.2333793647662261 0.655029296875 0.0017754981258630894 0.00439453125
0 0.26129414085618463 0.654296875 0.0027618859735648055 0.00390625
0 0.13617084237522195 0.652587890625 0.0022686920497139475 0.00537109375
0 0.14445650029591636 0.6513671875 0.002465969619254291 0.0078125
0 0.1359735648056816 0.646484375 0.002071414480173604 0.001953125
