0 0.4497435391595975 0.997802734375 0.001874136910633261 0.00439453125
0 0.300009863878477 0.996337890625 0.0014795817715525744 0.00244140625
0 0.3880942986782403 0.997314453125 0.0038469126060366936 0.00537109375
0 0.3452850660879858 0.995849609375 0.00424146774511738 0.00341796875
0 0.41176760702308146 0.99609375 0.00424146774511738 0.0048828125
0 0.32659301637403826 0.99658203125 0.008680213059775104 0.0068359375
0 0.4171927401854409 0.99462890625 0.002465969619254291 0.005859375
0 0.4150720063128822 0.993408203125 0.0013809429867824028 0.00341796875
0 0.10869994081672914 0.99462890625 0.0033537186821858355 0.0078125
0 0.12739199053067665 0.99267578125 0.00483330045373841 0.0048828125
0 0.42099033339909253 0.992919921875 0.0027618859735648055 0.00634765625
0 0.11619648845926218 0.990478515625 0.0019727756954034327 0.00439453125
0 0.41078121917537974 0.989501953125 0.003255079897415664 0.00439453125
0 0.4118169264154666 0.986328125 0.0027618859735648055 0.001953125
0 0.3543105148944565 0.98876953125 0.005326494377589268 0.0068359375
0 0.32254882619846126 0.9892578125 0.0051292168080489245 0.0087890625
0 0.33088380351154073 0.9892578125 0.003452357466956007 0.0107421875
0 0.10899585717103966 0.98876953125 0.0039455513908068654 0.009765625
0 0.3566778457289406 0.984619140625 0.006510159794831328 0.00537109375
0 0.10189386466758729 0.985107421875 0.0017754981258630894 0.00634765625
0 0.09587689879660682 0.98388671875 0.0027618859735648055 0.0068359375
0 0.38163345827579404 0.982421875 0.002959163543105149 0.005859375
0 0.4256263562832906 0.981689453125 0.004340106529887552 0.00537109375
0 0.15180508976129414 0.981201171875 0.003550996251726179 0.00439453125
0 0.39273032156243837 0.980712890625 0.0016768593410929177 0.00439453125
0 0.3520911422371276 0.981201171875 0.003255079897415664 0.00537109375
0 0.31855395541526926 0.980224609375 0.0022686920497139475 0.00634765625
0 0.10579009666600908 0.98193359375 0.002663247188794634 0.0107421875
0 0.3215131189583744 0.97802734375 0.002663247188794634 0.00390625
0 0.09898402051686724 0.977783203125 0.00542513316235944 0.00439453125
0 0.3559380548431643 0.97802734375 0.0036496350364963502 0.0068359375
0 0.3248668376405603 0.978515625 0.004636022884198066 0.009765625
0 0.3841487472874334 0.97509765625 0.0016768593410929177 0.00390625
0 0.3357664233576642 0.977783203125 0.005721049516669955 0.00927734375
0 0.38168277766817915 0.9775390625 0.007397908857762872 0.009765625
0 0.12768790688498718 0.974365234375 0.0014795817715525744 0.00439453125
0 0.36215229828368517 0.97412109375 0.00424146774511738 0.005859375
0 0.09923061747879267 0.973388671875 0.001578220556322746 0.00439453125
0 0.10830538567764846 0.97607421875 0.007693825212073387 0.0107421875
0 0.38548037088183074 0.9716796875 0.0019727756954034327 0.00390625
0 0.3386762675083843 0.970703125 0.005030578023278753 0.00390625
0 0.315496153087394 0.970947265625 0.0022686920497139475 0.00439453125
0 0.38991911619648845 0.96826171875 0.0013809429867824028 0.0029296875
0 0.3647169066877096 0.96875 0.0030578023278753207 0.00390625
0 0.34449595580982445 0.96826171875 0.005030578023278753 0.00390625
0 0.10815742750049319 0.9677734375 0.002663247188794634 0.0029296875
0 0.1050009863878477 0.9677734375 0.0030578023278753207 0.00390625
0 0.39736634444663643 0.96923828125 0.0030578023278753207 0.0078125
0 0.3043006510159795 0.966796875 0.0023673308344841193 0.00390625
0 0.11900769382521208 0.9716796875 0.007397908857762872 0.013671875
0 0.11905701321759717 0.965576171875 0.0017754981258630894 0.00341796875
0 0.3304892483724601 0.968017578125 0.008581574275004932 0.00927734375
0 0.12255869007693825 0.968505859375 0.005030578023278753 0.01025390625
0 0.10135135135135136 0.96484375 0.0044387453146577235 0.005859375
0 0.4003255079897416 0.962646484375 0.001085026632471888 0.00244140625
0 0.14440718090353127 0.9638671875 0.002170053264943776 0.0048828125
0 0.10337344643913987 0.96240234375 0.0027618859735648055 0.00390625
0 0.32309133951469715 0.961669921875 0.0016768593410929177 0.00341796875
0 0.31036693627934503 0.9609375 0.0014795817715525744 0.001953125
0 0.11008088380351154 0.96142578125 0.002170053264943776 0.0029296875
0 0.36451962911816926 0.9619140625 0.0036496350364963502 0.005859375
0 0.3442986782402841 0.959716796875 0.0014795817715525744 0.00244140625
0 0.3050404419017558 0.96044921875 0.002071414480173604 0.00390625
0 0.11220161767607023 0.9609375 0.002465969619254291 0.0048828125
0 0.39736634444663643 0.957763671875 0.0008877490629315447 0.00244140625
0 0.33354705070033536 0.959228515625 0.0030578023278753207 0.00537109375
0 0.36811994476228055 0.95751953125 0.002959163543105149 0.0048828125
0 0.40446833695008877 0.95654296875 0.002663247188794634 0.0048828125
0 0.42148352732294336 0.95166015625 0.000789110278161373 0.001953125
0 0.09824422963109095 0.95166015625 0.000789110278161373 0.001953125
0 0.3891300059183271 0.952880859375 0.0013809429867824028 0.00537109375
0 0.40111461826790296 0.9501953125 0.0016768593410929177 0.001953125
0 0.308048924837246 0.95068359375 0.0039455513908068654 0.0048828125
0 0.11530873939633064 0.949951171875 0.002170053264943776 0.00439453125
0 0.10549418031169856 0.95166015625 0.007003353718682186 0.0078125
0 0.3445452752022095 0.949951171875 0.0019727756954034327 0.00537109375
0 0.09952653383310317 0.950439453125 0.0039455513908068654 0.00634765625
0 0.40866048530282106 0.9482421875 0.0009863878477017164 0.0029296875
0 0.31194515683566776 0.9482421875 0.004044190175577037 0.0048828125
0 0.12744130992306174 0.947021484375 0.002170053264943776 0.00634765625
0 0.40106529887551784 0.944091796875 0.002170053264943776 0.00341796875
0 0.3713257052673111 0.9443359375 0.0030578023278753207 0.0048828125
0 0.41216216216216217 0.941162109375 0.002663247188794634 0.00341796875
0 0.33813375419214836 0.94091796875 0.0013809429867824028 0.0029296875
0 0.39031367133556916 0.941650390625 0.0023673308344841193 0.00537109375
0 0.3302426514105346 0.93994140625 0.003748273821266522 0.0029296875
0 0.3132767804300651 0.93896484375 0.004734661668968239 0.0029296875
0 0.13760110475438941 0.939697265625 0.0023673308344841193 0.00439453125
0 0.11506214243440521 0.939208984375 0.0028605247583349774 0.00341796875
0 0.39273032156243837 0.93896484375 0.001874136910633261 0.00390625
0 0.14524561057407773 0.939453125 0.0022686920497139475 0.0048828125
0 0.3956401657131584 0.940185546875 0.004734661668968239 0.00732421875
0 0.3994870783191951 0.93701171875 0.0011836654172420597 0.00390625
0 0.38474057999605443 0.939697265625 0.0028605247583349774 0.00927734375
0 0.335075951864273 0.936279296875 0.0011836654172420597 0.00244140625
0 0.324718879463405 0.9365234375 0.0017754981258630894 0.0029296875
0 0.11969816531860328 0.936767578125 0.001874136910633261 0.00341796875
0 0.3801538765042415 0.936279296875 0.0009863878477017164 0.00341796875
0 0.14697178930755572 0.935546875 0.0009863878477017164 0.0029296875
0 0.38824225685539554 0.934326171875 0.0013809429867824028 0.00341796875
0 0.38237324916157034 0.93359375 0.001085026632471888 0.0029296875
0 0.41388834089564014 0.9326171875 0.0013809429867824028 0.0029296875
0 0.40910435983428683 0.935302734375 0.0036496350364963502 0.00830078125
0 0.1567370289998027 0.932373046875 0.0011836654172420597 0.00341796875
0 0.10233773919905306 0.932373046875 0.003452357466956007 0.00537109375
0 0.12463010455711186 0.930419921875 0.00424146774511738 0.00439453125
0 0.13227461037680016 0.930419921875 0.003550996251726179 0.00537109375
0 0.40984415072006314 0.929443359375 0.0019727756954034327 0.00439453125
0 0.323535214046163 0.929443359375 0.002959163543105149 0.00439453125
0 0.37813178141645293 0.928466796875 0.0030578023278753207 0.00537109375
0 0.13607220359045177 0.928466796875 0.0030578023278753207 0.00537109375
0 0.4047642533043993 0.93017578125 0.004636022884198066 0.009765625
0 0.11294140856184652 0.927001953125 0.0027618859735648055 0.00439453125
0 0.3316729137897021 0.926025390625 0.0022686920497139475 0.00439453125
0 0.16102781613730519 0.92529296875 0.0016768593410929177 0.0029296875
0 0.10579009666600908 0.92529296875 0.002071414480173604 0.0029296875
0 0.09355888735450779 0.92529296875 0.002071414480173604 0.00390625
0 0.4156638390215033 0.924072265625 0.001578220556322746 0.00244140625
0 0.13784770171631486 0.9248046875 0.0022686920497139475 0.00390625
0 0.0980962714539357 0.9248046875 0.005030578023278753 0.005859375
0 0.10924245413296509 0.926025390625 0.003452357466956007 0.00927734375
0 0.10130203195896627 0.922607421875 0.0013809429867824028 0.00341796875
0 0.3939633063720655 0.922119140625 0.0017754981258630894 0.00341796875
0 0.32358453343854804 0.92236328125 0.00424146774511738 0.005859375
0 0.3274807654369698 0.923583984375 0.004931939238508582 0.01025390625
0 0.09306569343065693 0.919677734375 0.0008877490629315447 0.00244140625
0 0.15165713158413888 0.919189453125 0.00542513316235944 0.00439453125
0 0.3428190964687315 0.918212890625 0.002071414480173604 0.00439453125
0 0.09538370487275596 0.917236328125 0.0009863878477017164 0.00244140625
0 0.4175872953245216 0.91650390625 0.0008877490629315447 0.001953125
0 0.3300453738409943 0.91552734375 0.0027618859735648055 0.00390625
0 0.1456401657131584 0.916748046875 0.006806076149141842 0.00634765625
0 0.39795817715525744 0.91455078125 0.002071414480173604 0.0029296875
0 0.32698757151311897 0.914306640625 0.0011836654172420597 0.00244140625
0 0.11708423752219373 0.91455078125 0.000789110278161373 0.0029296875
0 0.10307753008482935 0.91650390625 0.008088380351154074 0.0068359375
0 0.09913197869402249 0.9140625 0.0019727756954034327 0.0029296875
0 0.38681199447622805 0.9140625 0.001874136910633261 0.00390625
0 0.1404123101203393 0.914306640625 0.006016965870980469 0.00634765625
0 0.39460445847307163 0.9111328125 0.002071414480173604 0.0048828125
0 0.3330538567764845 0.908935546875 0.003255079897415664 0.00244140625
0 0.3114519629118169 0.909912109375 0.0030578023278753207 0.00439453125
0 0.09020516867232195 0.908447265625 0.0016768593410929177 0.00341796875
0 0.3362596172815151 0.908447265625 0.002959163543105149 0.00439453125
0 0.3285657920694417 0.9072265625 0.0005918327086210298 0.001953125
0 0.14144801736042611 0.90771484375 0.0025646084040244622 0.0029296875
0 0.15308739396330637 0.906982421875 0.0011836654172420597 0.00244140625
0 0.1032748076543697 0.907470703125 0.0039455513908068654 0.00439453125
0 0.12832905898599328 0.90673828125 0.0027618859735648055 0.00390625
0 0.4245413296508187 0.90478515625 0.002170053264943776 0.001953125
0 0.41477608995857174 0.905029296875 0.001578220556322746 0.00244140625
0 0.32284474255277174 0.906005859375 0.003550996251726179 0.00439453125
0 0.09863878477017163 0.905517578125 0.0023673308344841193 0.00439453125
0 0.3729532452160189 0.904541015625 0.0023673308344841193 0.00341796875
0 0.3470112448214638 0.906005859375 0.002170053264943776 0.00634765625
0 0.1508680213059775 0.904296875 0.0022686920497139475 0.0029296875
0 0.12265732886170842 0.904541015625 0.001085026632471888 0.00341796875
0 0.395985401459854 0.903564453125 0.002071414480173604 0.00341796875
0 0.4020023673308345 0.903076171875 0.003255079897415664 0.00341796875
0 0.13834089564016572 0.90478515625 0.003255079897415664 0.0068359375
0 0.4068356677845729 0.904052734375 0.002663247188794634 0.00634765625
0 0.10692444269086605 0.90234375 0.0027618859735648055 0.00390625
0 0.3756164924048136 0.902099609375 0.003550996251726179 0.00439453125
0 0.31653186032748076 0.901611328125 0.0013809429867824028 0.00341796875
0 0.4098934701124482 0.90234375 0.0028605247583349774 0.005859375
0 0.14356875123298482 0.90185546875 0.006411521010061156 0.0048828125
0 0.3462221345433024 0.901611328125 0.004537384099427895 0.00634765625
0 0.41433221542710597 0.900634765625 0.00542513316235944 0.00537109375
0 0.3244229631090945 0.897216796875 0.0025646084040244622 0.00439453125
0 0.41916551588084433 0.89599609375 0.0028605247583349774 0.00390625
0 0.13192937463010457 0.896728515625 0.0036496350364963502 0.00537109375
0 0.12635628329058987 0.896240234375 0.0025646084040244622 0.00537109375
0 0.0945945945945946 0.895263671875 0.0023673308344841193 0.00439453125
0 0.4158611165910436 0.893798828125 0.0009863878477017164 0.00244140625
0 0.10741763661471691 0.896484375 0.0051292168080489245 0.0087890625
0 0.34962517261787335 0.89306640625 0.00424146774511738 0.00390625
0 0.3782304202012231 0.893310546875 0.00542513316235944 0.00537109375
0 0.12847701716314855 0.892333984375 0.002071414480173604 0.00341796875
0 0.40900572104951666 0.893310546875 0.0028605247583349774 0.00634765625
0 0.3967251923456303 0.891845703125 0.002170053264943776 0.00341796875
0 0.1445551390806865 0.89404296875 0.00542513316235944 0.0087890625
0 0.13715723022292364 0.89453125 0.007397908857762872 0.009765625
0 0.36777470901558496 0.890380859375 0.0016768593410929177 0.00244140625
0 0.13745314657723418 0.889404296875 0.0028605247583349774 0.00341796875
0 0.40974551193529296 0.887939453125 0.0011836654172420597 0.00244140625
0 0.40599723811402644 0.887451171875 0.0019727756954034327 0.00341796875
0 0.3828171236930361 0.884033203125 0.0009863878477017164 0.00244140625
0 0.17029986190570132 0.883056640625 0.002465969619254291 0.00439453125
0 0.41452949299664626 0.8828125 0.0022686920497139475 0.005859375
0 0.3759124087591241 0.880859375 0.003550996251726179 0.0048828125
0 0.3222035904517656 0.88134765625 0.0028605247583349774 0.005859375
0 0.4023476030775301 0.8837890625 0.006510159794831328 0.0126953125
0 0.3890313671335569 0.882568359375 0.006510159794831328 0.01025390625
0 0.37892089169461435 0.87890625 0.0028605247583349774 0.00390625
0 0.11190570132175971 0.879638671875 0.0030578023278753207 0.00537109375
0 0.41216216216216217 0.8837890625 0.00897612941408562 0.0146484375
0 0.32851647267705664 0.8779296875 0.0038469126060366936 0.00390625
0 0.18381337541921483 0.8779296875 0.004044190175577037 0.00390625
0 0.391941211284277 0.876708984375 0.0022686920497139475 0.00244140625
0 0.3656539751430262 0.876708984375 0.000789110278161373 0.00244140625
0 0.1334582757940422 0.877197265625 0.005918327086210298 0.00439453125
0 0.417242059577826 0.875732421875 0.001578220556322746 0.00244140625
0 0.40974551193529296 0.87548828125 0.0017754981258630894 0.0029296875
0 0.32383113040047345 0.874755859375 0.0023673308344841193 0.00341796875
0 0.35135135135135137 0.87451171875 0.0025646084040244622 0.00390625
0 0.3489840205168672 0.87353515625 0.0019727756954034327 0.0029296875
0 0.3917932531071217 0.872802734375 0.002170053264943776 0.00244140625
0 0.40353126849477217 0.873291015625 0.002170053264943776 0.00439453125
0 0.4110771355296903 0.8720703125 0.001874136910633261 0.0029296875
0 0.356875123298481 0.871337890625 0.001578220556322746 0.00244140625
0 0.39381534819491026 0.87255859375 0.0016768593410929177 0.0068359375
0 0.3173209706056421 0.870361328125 0.005721049516669955 0.00341796875
0 0.3832609982245019 0.870849609375 0.004044190175577037 0.00634765625
0 0.12196685736831722 0.86865234375 0.0012823042020122311 0.001953125
0 0.404616295127244 0.8681640625 0.0019727756954034327 0.001953125
0 0.12038863681199448 0.868408203125 0.001085026632471888 0.00341796875
0 0.0942000394555139 0.8681640625 0.003156441112645492 0.0029296875
0 0.4134937857565595 0.8701171875 0.0025646084040244622 0.0087890625
0 0.41127441309923063 0.86669921875 0.0008877490629315447 0.001953125
0 0.12507397908857762 0.86767578125 0.0027618859735648055 0.00390625
0 0.10041428289603473 0.869384765625 0.004734661668968239 0.00830078125
0 0.3981061353324127 0.865478515625 0.0013809429867824028 0.00341796875
0 0.40910435983428683 0.8671875 0.003452357466956007 0.0078125
0 0.10978496744920102 0.86669921875 0.004142828960347208 0.0068359375
0 0.10278161373051883 0.8662109375 0.003156441112645492 0.005859375
0 0.11451962911816926 0.863525390625 0.0025646084040244622 0.00439453125
0 0.3757151311895837 0.86279296875 0.003156441112645492 0.00390625
0 0.4127539948707832 0.861328125 0.0038469126060366936 0.0048828125
0 0.40649043203787727 0.85888671875 0.0033537186821858355 0.00390625
0 0.4092523180114421 0.857666015625 0.0013809429867824028 0.00244140625
0 0.11738015387650425 0.857177734375 0.0027618859735648055 0.00439453125
0 0.39125073979088576 0.85546875 0.0038469126060366936 0.00390625
0 0.3159893470112448 0.855224609375 0.001874136910633261 0.00341796875
0 0.3956894851055435 0.856689453125 0.003452357466956007 0.00732421875
0 0.41226080094693235 0.852783203125 0.0012823042020122311 0.00341796875
0 0.3980568159400276 0.853759765625 0.0014795817715525744 0.00537109375
0 0.4134937857565595 0.8515625 0.0009863878477017164 0.001953125
0 0.11013020319589663 0.85400390625 0.007989741566383901 0.0107421875
0 0.3836062339711975 0.849853515625 0.0017754981258630894 0.00341796875
0 0.4185736831722233 0.849365234375 0.0028605247583349774 0.00732421875
0 0.31135332412704675 0.846923828125 0.0016768593410929177 0.00244140625
0 0.0980469520615506 0.849609375 0.006904714933912014 0.009765625
0 0.4010159794831328 0.847900390625 0.003452357466956007 0.00927734375
0 0.13365555336358256 0.845458984375 0.0072992700729927005 0.00439453125
0 0.41620635233773917 0.847412109375 0.00542513316235944 0.01025390625
0 0.1529394357861511 0.8427734375 0.002465969619254291 0.0029296875
0 0.40940027618859737 0.843017578125 0.0016768593410929177 0.00439453125
0 0.40219964490037485 0.839111328125 0.002663247188794634 0.00244140625
0 0.38922864470309726 0.839111328125 0.000789110278161373 0.00244140625
0 0.43376405602682977 0.83837890625 0.001085026632471888 0.0029296875
0 0.09415072006312883 0.841552734375 0.007397908857762872 0.00927734375
0 0.40658907082264745 0.837890625 0.0009863878477017164 0.0029296875
0 0.4047642533043993 0.837158203125 0.0008877490629315447 0.00244140625
0 0.13779838232392977 0.837158203125 0.0027618859735648055 0.00341796875
0 0.1426316827776682 0.83642578125 0.002959163543105149 0.0029296875
0 0.09503846912606037 0.836181640625 0.001085026632471888 0.00341796875
0 0.3097257841783389 0.835205078125 0.0011836654172420597 0.00244140625
0 0.3067666206352338 0.8349609375 0.0013809429867824028 0.001953125
0 0.41403629907279543 0.834716796875 0.0016768593410929177 0.00244140625
0 0.17518248175182483 0.834716796875 0.0025646084040244622 0.00244140625
0 0.43070625369895443 0.836669921875 0.0038469126060366936 0.00732421875
0 0.39736634444663643 0.833984375 0.001085026632471888 0.001953125
0 0.10075951864273032 0.837890625 0.0077924639968435586 0.0107421875
0 0.3936180706253699 0.832763671875 0.001085026632471888 0.00244140625
0 0.09686328664430854 0.8310546875 0.0023673308344841193 0.0029296875
0 0.38429670546458866 0.83203125 0.001578220556322746 0.005859375
0 0.43179128033142633 0.83056640625 0.0028605247583349774 0.00390625
0 0.1213750246596962 0.828857421875 0.001874136910633261 0.00341796875
0 0.41669954626159006 0.82861328125 0.0012823042020122311 0.0048828125
0 0.4075261392779641 0.828369140625 0.0036496350364963502 0.00439453125
0 0.40816729137897023 0.826416015625 0.0013809429867824028 0.00341796875
0 0.40984415072006314 0.824951171875 0.000789110278161373 0.00244140625
0 0.4140856184651805 0.823974609375 0.001578220556322746 0.00244140625
0 0.40841388834089565 0.822509765625 0.0008877490629315447 0.00244140625
0 0.4002761885973565 0.822021484375 0.000789110278161373 0.00244140625
0 0.10579009666600908 0.823974609375 0.007003353718682186 0.00634765625
0 0.14682383113040048 0.821533203125 0.001085026632471888 0.00244140625
0 0.4225192345630302 0.822021484375 0.001085026632471888 0.00439453125
0 0.3456303018346814 0.82080078125 0.000789110278161373 0.001953125
0 0.420694417044782 0.8203125 0.0009863878477017164 0.001953125
0 0.39307555730913396 0.820556640625 0.003748273821266522 0.00341796875
0 0.34903333990925234 0.82080078125 0.0022686920497139475 0.00390625
0 0.12847701716314855 0.822021484375 0.004636022884198066 0.00634765625
0 0.13365555336358256 0.8203125 0.005326494377589268 0.00390625
0 0.14835273229433812 0.8193359375 0.0017754981258630894 0.0029296875
0 0.15284079700138095 0.81884765625 0.0066087985796014995 0.0048828125
0 0.42927599131978694 0.817138671875 0.001578220556322746 0.00244140625
0 0.4197573485894654 0.817626953125 0.0008877490629315447 0.00341796875
0 0.31283290589859936 0.8173828125 0.002071414480173604 0.0029296875
0 0.11027816137305188 0.81787109375 0.004734661668968239 0.00390625
0 0.38444466364174396 0.815673828125 0.0030578023278753207 0.00244140625
0 0.10440915367922667 0.816162109375 0.003255079897415664 0.00439453125
0 0.4134937857565595 0.81396484375 0.001578220556322746 0.0029296875
0 0.11299072795423161 0.812744140625 0.0066087985796014995 0.00341796875
0 0.4175872953245216 0.811767578125 0.0012823042020122311 0.00244140625
0 0.14682383113040048 0.81201171875 0.002465969619254291 0.0029296875
0 0.1070724008680213 0.81103515625 0.0008877490629315447 0.001953125
0 0.09691260603669363 0.809326171875 0.0008877490629315447 0.00244140625
0 0.42967054645886765 0.81103515625 0.004340106529887552 0.0068359375
0 0.11900769382521208 0.808349609375 0.0008877490629315447 0.00244140625
0 0.3911027816137305 0.80859375 0.0013809429867824028 0.00390625
0 0.1485006904714934 0.80810546875 0.002465969619254291 0.0029296875
0 0.4263661471690669 0.810546875 0.0038469126060366936 0.009765625
0 0.4182777668179128 0.806640625 0.0008877490629315447 0.001953125
0 0.4284868810416256 0.806396484375 0.0023673308344841193 0.00244140625
0 0.14667587295324522 0.805419921875 0.004340106529887552 0.00537109375
0 0.11984612349575853 0.806396484375 0.006510159794831328 0.00732421875
0 0.3233379364766226 0.8037109375 0.0017754981258630894 0.0029296875
0 0.1029295719076741 0.803955078125 0.0014795817715525744 0.00341796875
0 0.15653975143026239 0.803466796875 0.0039455513908068654 0.00439453125
0 0.38641743933714734 0.8017578125 0.002071414480173604 0.001953125
0 0.09725784178338923 0.80224609375 0.0013809429867824028 0.0029296875
0 0.1384395344249359 0.8017578125 0.002071414480173604 0.0029296875
0 0.09923061747879267 0.8017578125 0.002170053264943776 0.0029296875
0 0.15032550798974156 0.802001953125 0.0023673308344841193 0.00439453125
0 0.14297691852436378 0.80126953125 0.002465969619254291 0.00390625
0 0.11032748076543697 0.800537109375 0.0012823042020122311 0.00244140625
0 0.41872164134937856 0.800048828125 0.002170053264943776 0.00244140625
0 0.3842473860722036 0.800537109375 0.0016768593410929177 0.00341796875
0 0.10731899782994674 0.800537109375 0.0025646084040244622 0.00341796875
0 0.3281219175379759 0.799560546875 0.0022686920497139475 0.00244140625
0 0.42745117380153874 0.80126953125 0.0036496350364963502 0.0068359375
0 0.334484119155652 0.799072265625 0.0011836654172420597 0.00244140625
0 0.16191556520023673 0.798583984375 0.0008877490629315447 0.00244140625
0 0.15249556125468533 0.798828125 0.0013809429867824028 0.0029296875
0 0.0921286249753403 0.798828125 0.003156441112645492 0.0029296875
0 0.11989544288814362 0.798095703125 0.0016768593410929177 0.00244140625
0 0.39149733675281123 0.799072265625 0.0017754981258630894 0.00537109375
0 0.42182876306963896 0.799560546875 0.0038469126060366936 0.00830078125
0 0.1328171236930361 0.796630859375 0.0030578023278753207 0.00244140625
0 0.1119550207141448 0.79638671875 0.0017754981258630894 0.0029296875
0 0.10914381534819491 0.79638671875 0.003452357466956007 0.0029296875
0 0.10312684947721444 0.796875 0.00483330045373841 0.00390625
0 0.12640560268297493 0.794677734375 0.0014795817715525744 0.00341796875
0 0.3076050503057802 0.7939453125 0.0016768593410929177 0.0029296875
0 0.13518445452752023 0.792724609375 0.0012823042020122311 0.00244140625
0 0.29458473071611757 0.79052734375 0.001874136910633261 0.001953125
0 0.09503846912606037 0.791259765625 0.0044387453146577235 0.00634765625
0 0.1265535608601302 0.788818359375 0.0013809429867824028 0.00244140625
0 0.09893470112448215 0.79150390625 0.0027618859735648055 0.0078125
0 0.10480370881830736 0.788818359375 0.005819688301440126 0.00439453125
0 0.12241073189978299 0.787109375 0.0019727756954034327 0.001953125
0 0.39090550404419017 0.78662109375 0.000789110278161373 0.0029296875
0 0.33330045373840994 0.786376953125 0.004734661668968239 0.00341796875
0 0.14805681594002762 0.788330078125 0.0039455513908068654 0.00732421875
0 0.15219964490037483 0.78564453125 0.002959163543105149 0.0029296875
0 0.41477608995857174 0.785400390625 0.002959163543105149 0.00537109375
0 0.10391595975537582 0.783935546875 0.001085026632471888 0.00244140625
0 0.11688695995265339 0.782958984375 0.0013809429867824028 0.00244140625
0 0.09834286841586112 0.7822265625 0.0011836654172420597 0.001953125
0 0.09429867824028408 0.78369140625 0.0019727756954034327 0.005859375
0 0.14697178930755572 0.781005859375 0.0013809429867824028 0.00244140625
0 0.11042611955020715 0.780517578125 0.0016768593410929177 0.00244140625
0 0.42242059577826 0.782470703125 0.00424146774511738 0.00830078125
0 0.4241960939041231 0.779052734375 0.002465969619254291 0.00439453125
0 0.40624383507595185 0.778076171875 0.0030578023278753207 0.00244140625
0 0.3860228841980667 0.7783203125 0.0014795817715525744 0.0029296875
0 0.10233773919905306 0.7783203125 0.005030578023278753 0.00390625
0 0.1595975537581377 0.777587890625 0.0017754981258630894 0.00341796875
0 0.13774906293154468 0.77783203125 0.0022686920497139475 0.005859375
0 0.12033931741960939 0.77587890625 0.000789110278161373 0.001953125
0 0.11244821463799566 0.775390625 0.0011836654172420597 0.001953125
0 0.35036496350364965 0.77490234375 0.0033537186821858355 0.0029296875
0 0.3320181495363977 0.774169921875 0.000789110278161373 0.00244140625
0 0.09395344249358847 0.7744140625 0.002465969619254291 0.0029296875
0 0.12768790688498718 0.774658203125 0.003452357466956007 0.00439453125
0 0.3578121917537976 0.773193359375 0.003452357466956007 0.00439453125
0 0.13439534424935884 0.77294921875 0.0036496350364963502 0.00390625
0 0.09622213454330243 0.7724609375 0.001874136910633261 0.0029296875
0 0.11570329453541132 0.77197265625 0.0017754981258630894 0.0029296875
0 0.11274413099230618 0.771484375 0.000789110278161373 0.0029296875
0 0.10574077727362399 0.771240234375 0.0023673308344841193 0.00244140625
0 0.1015486289208917 0.771484375 0.0036496350364963502 0.0029296875
0 0.10953837048727559 0.770263671875 0.0022686920497139475 0.00244140625
0 0.42192740185440913 0.771240234375 0.002465969619254291 0.00537109375
0 0.36077135529690274 0.769775390625 0.0016768593410929177 0.00244140625
0 0.32531071217202606 0.769775390625 0.0019727756954034327 0.00244140625
0 0.14435786151114618 0.772705078125 0.00976523969224699 0.00927734375
0 0.2990234760307753 0.76904296875 0.002465969619254291 0.0029296875
0 0.11417439337147367 0.767333984375 0.0014795817715525744 0.00244140625
0 0.34676464785953837 0.767578125 0.004044190175577037 0.00390625
0 0.09715920299861906 0.766845703125 0.002170053264943776 0.00244140625
0 0.40708226474649833 0.766845703125 0.0025646084040244622 0.00439453125
0 0.13133754192148353 0.765625 0.002071414480173604 0.0029296875
0 0.42301242848688103 0.764892578125 0.001085026632471888 0.00244140625
0 0.4140856184651805 0.7646484375 0.0009863878477017164 0.001953125
0 0.11846518050897613 0.764404296875 0.0011836654172420597 0.00244140625
0 0.35909449595580983 0.763427734375 0.0008877490629315447 0.00244140625
0 0.3561353324127047 0.763671875 0.001085026632471888 0.0029296875
0 0.10495166699546261 0.762451171875 0.0025646084040244622 0.00244140625
0 0.417833892286447 0.7626953125 0.0072992700729927005 0.0048828125
0 0.3549516669954626 0.7607421875 0.001085026632471888 0.0029296875
0 0.42685934109291773 0.7607421875 0.00424146774511738 0.0048828125
0 0.16087985796014992 0.759521484375 0.0011836654172420597 0.00244140625
0 0.11274413099230618 0.759765625 0.0009863878477017164 0.0029296875
0 0.10051292168080489 0.76220703125 0.0051292168080489245 0.0078125
0 0.16393766028802526 0.758056640625 0.0011836654172420597 0.00244140625
0 0.14559084632077332 0.757080078125 0.0009863878477017164 0.00244140625
0 0.13133754192148353 0.75830078125 0.002071414480173604 0.0048828125
0 0.1432728348786743 0.756591796875 0.0008877490629315447 0.00244140625
0 0.41630499112250935 0.756103515625 0.0008877490629315447 0.00244140625
0 0.3156441112645492 0.75634765625 0.0017754981258630894 0.0029296875
0 0.2954724797790491 0.755859375 0.007200631288222529 0.0048828125
0 0.12946340501085027 0.75439453125 0.0006904714933912014 0.001953125
0 0.09020516867232195 0.7548828125 0.0016768593410929177 0.0029296875
0 0.10278161373051883 0.755615234375 0.005721049516669955 0.00732421875
0 0.09257249950680607 0.75439453125 0.002663247188794634 0.0048828125
0 0.3360130203195897 0.7529296875 0.002071414480173604 0.0029296875
0 0.12813178141645296 0.751953125 0.000789110278161373 0.001953125
0 0.12556717301242848 0.75244140625 0.0039455513908068654 0.0029296875
0 0.15668770960741762 0.751953125 0.005227855592819097 0.0029296875
0 0.1387354507792464 0.751708984375 0.001085026632471888 0.00244140625
0 0.13617084237522195 0.751708984375 0.0022686920497139475 0.00244140625
0 0.305188400078911 0.75048828125 0.0027618859735648055 0.0029296875
0 0.14223712763858748 0.750732421875 0.003156441112645492 0.00341796875
0 0.4318899191161965 0.75 0.001085026632471888 0.0029296875
0 0.14692246991517063 0.7490234375 0.003452357466956007 0.0029296875
0 0.11575261392779641 0.748779296875 0.002663247188794634 0.00537109375
0 0.10717103965279148 0.745361328125 0.002071414480173604 0.00244140625
0 0.1724699151706451 0.743896484375 0.0030578023278753207 0.00244140625
0 0.10421187610968632 0.744384765625 0.0012823042020122311 0.00341796875
0 0.10110475438942593 0.744140625 0.004340106529887552 0.0029296875
0 0.17542907871375024 0.7431640625 0.0016768593410929177 0.001953125
0 0.13296508187019135 0.743408203125 0.0027618859735648055 0.00244140625
0 0.42498520418228447 0.74169921875 0.001085026632471888 0.001953125
0 0.15446833695008877 0.74169921875 0.000789110278161373 0.001953125
0 0.14194121128427697 0.74169921875 0.002170053264943776 0.001953125
0 0.1376504241467745 0.742431640625 0.0012823042020122311 0.00341796875
0 0.11742947326888933 0.742431640625 0.0038469126060366936 0.00341796875
0 0.1790787137502466 0.7421875 0.00483330045373841 0.00390625
0 0.1289702110869994 0.7412109375 0.001085026632471888 0.001953125
0 0.15915367922667192 0.74072265625 0.002071414480173604 0.001953125
0 0.4294239494969422 0.7421875 0.001874136910633261 0.005859375
0 0.42759913197869404 0.74072265625 0.0013809429867824028 0.0029296875
0 0.11091931347405799 0.740478515625 0.0006904714933912014 0.00244140625
0 0.11348392187808246 0.73974609375 0.0022686920497139475 0.001953125
0 0.09577826001183666 0.742431640625 0.0025646084040244622 0.00927734375
0 0.10939041231012034 0.738525390625 0.0009863878477017164 0.00244140625
0 0.45507003353718684 0.738525390625 0.001085026632471888 0.00439453125
0 0.42227263760110473 0.73876953125 0.0019727756954034327 0.0048828125
0 0.15698362596172816 0.737548828125 0.0016768593410929177 0.00244140625
0 0.1077628723614125 0.737548828125 0.0008877490629315447 0.00244140625
0 0.4267113829157625 0.737060546875 0.001578220556322746 0.00244140625
0 0.09987176957979878 0.73486328125 0.001085026632471888 0.001953125
0 0.09257249950680607 0.734375 0.0006904714933912014 0.001953125
0 0.3574176366147169 0.733642578125 0.0008877490629315447 0.00244140625
0 0.1425823633852831 0.7353515625 0.004636022884198066 0.005859375
0 0.424146774511738 0.732666015625 0.0025646084040244622 0.00341796875
0 0.44954626159005723 0.731689453125 0.002071414480173604 0.00341796875
0 0.11594989149733675 0.73046875 0.0012823042020122311 0.0029296875
0 0.42681002170053267 0.731201171875 0.004142828960347208 0.00537109375
0 0.14386466758729533 0.72900390625 0.002071414480173604 0.001953125
0 0.10929177352535016 0.7294921875 0.001578220556322746 0.0029296875
0 0.1056914578812389 0.730224609375 0.002071414480173604 0.00439453125
0 0.09138883408956401 0.728271484375 0.0014795817715525744 0.00244140625
0 0.14056026829749457 0.728759765625 0.001578220556322746 0.00439453125
0 0.137354507792464 0.727783203125 0.002071414480173604 0.00244140625
0 0.11170842375221937 0.727294921875 0.0016768593410929177 0.00244140625
0 0.12941408561846518 0.728515625 0.0061156046557506415 0.005859375
0 0.11757743144604459 0.726806640625 0.0013809429867824028 0.00244140625
0 0.43144604458473074 0.72705078125 0.004142828960347208 0.0048828125
0 0.4348490826593016 0.725341796875 0.002071414480173604 0.00341796875
0 0.41911619648845927 0.7255859375 0.002170053264943776 0.00390625
0 0.10934109291773525 0.724853515625 0.0008877490629315447 0.00244140625
0 0.4228151509173407 0.724853515625 0.0012823042020122311 0.00341796875
0 0.11491418425724995 0.72509765625 0.0019727756954034327 0.0048828125
0 0.3073584533438548 0.72412109375 0.005523771947129611 0.00390625
0 0.14933912014203984 0.723388671875 0.001578220556322746 0.00244140625
0 0.12246005129216808 0.722900390625 0.0028605247583349774 0.00341796875
0 0.11945156835667785 0.722412109375 0.0009863878477017164 0.00244140625
0 0.13819293746301045 0.721923828125 0.001578220556322746 0.00244140625
0 0.4829354902347603 0.724609375 0.0027618859735648055 0.0087890625
0 0.15175577036890905 0.721435546875 0.0014795817715525744 0.00341796875
0 0.12438350759518643 0.720947265625 0.0009863878477017164 0.00244140625
0 0.16295127244032354 0.720947265625 0.0011836654172420597 0.00341796875
0 0.4673998816334583 0.723388671875 0.002663247188794634 0.00927734375
0 0.13646675872953246 0.719970703125 0.0014795817715525744 0.00244140625
0 0.1289702110869994 0.719970703125 0.0014795817715525744 0.00244140625
0 0.14213848885381733 0.719482421875 0.0011836654172420597 0.00244140625
0 0.10263365555336358 0.719482421875 0.0006904714933912014 0.00244140625
0 0.431594002761886 0.720458984375 0.0022686920497139475 0.00537109375
0 0.4134937857565595 0.71875 0.002170053264943776 0.0029296875
0 0.15880844347997633 0.71875 0.002170053264943776 0.0029296875
0 0.09267113829157625 0.719482421875 0.0036496350364963502 0.00537109375
0 0.15525744722825016 0.716796875 0.0017754981258630894 0.001953125
0 0.14692246991517063 0.717041015625 0.0014795817715525744 0.00244140625
0 0.47238114026435196 0.716552734375 0.0011836654172420597 0.00244140625
0 0.11871177747090156 0.716552734375 0.0016768593410929177 0.00341796875
0 0.4262181889919116 0.717529296875 0.006510159794831328 0.00927734375
0 0.2940422173998816 0.714111328125 0.0023673308344841193 0.00244140625
0 0.13064707042809232 0.714111328125 0.002071414480173604 0.00244140625
0 0.1268987966068258 0.71533203125 0.003255079897415664 0.0048828125
0 0.4205957782600118 0.717041015625 0.0027618859735648055 0.00927734375
0 0.47331820871966857 0.714111328125 0.002071414480173604 0.00439453125
0 0.0928190964687315 0.713623046875 0.0023673308344841193 0.00341796875
0 0.0900572104951667 0.713134765625 0.0011836654172420597 0.00244140625
0 0.4398796606825804 0.713623046875 0.0022686920497139475 0.00439453125
0 0.11639376602880253 0.712646484375 0.0019727756954034327 0.00244140625
0 0.10855198263957389 0.71240234375 0.0008877490629315447 0.001953125
0 0.4710988360623397 0.713134765625 0.0013809429867824028 0.00439453125
0 0.32708621029788915 0.71240234375 0.0011836654172420597 0.0029296875
0 0.1185638192937463 0.711669921875 0.0017754981258630894 0.00244140625
0 0.13306372065496153 0.711181640625 0.002170053264943776 0.00244140625
0 0.11205365949891498 0.71142578125 0.0033537186821858355 0.0029296875
0 0.31722233182087195 0.709228515625 0.0027618859735648055 0.00244140625
0 0.13710791083053855 0.7109375 0.0033537186821858355 0.005859375
0 0.11994476228052871 0.708984375 0.0011836654172420597 0.001953125
0 0.15412310120339318 0.708984375 0.0036496350364963502 0.0029296875
0 0.12472874334188203 0.709716796875 0.002663247188794634 0.00439453125
0 0.20260406391793254 0.70703125 0.0011836654172420597 0.001953125
0 0.09247386072203591 0.708984375 0.003452357466956007 0.005859375
0 0.09637009272045768 0.7080078125 0.0017754981258630894 0.0048828125
0 0.4735154862892089 0.706787109375 0.0014795817715525744 0.00341796875
0 0.23490826593016373 0.7060546875 0.001085026632471888 0.001953125
0 0.09799763266916552 0.706298828125 0.0022686920497139475 0.00244140625
0 0.4808147563622016 0.705322265625 0.0022686920497139475 0.00341796875
0 0.1254685342276583 0.704345703125 0.0009863878477017164 0.00146484375
0 0.4762773722627737 0.704833984375 0.001874136910633261 0.00341796875
0 0.11407575458670349 0.704833984375 0.002071414480173604 0.00341796875
0 0.4438745314657723 0.70556640625 0.002170053264943776 0.005859375
0 0.09937857565594792 0.703857421875 0.0014795817715525744 0.00244140625
0 0.44032353521404616 0.703857421875 0.0013809429867824028 0.00341796875
0 0.43336950088774906 0.70703125 0.0030578023278753207 0.009765625
0 0.14440718090353127 0.7041015625 0.0061156046557506415 0.00390625
0 0.11915565200236733 0.70361328125 0.0025646084040244622 0.0029296875
0 0.21305977510357071 0.7021484375 0.0011836654172420597 0.001953125
0 0.129315446833695 0.701416015625 0.0017754981258630894 0.00244140625
0 0.10628329058985993 0.703125 0.0022686920497139475 0.005859375
0 0.13607220359045177 0.701904296875 0.001874136910633261 0.00439453125
0 0.13188005523771948 0.70068359375 0.0019727756954034327 0.001953125
0 0.10075951864273032 0.7001953125 0.001085026632471888 0.0029296875
0 0.47410731899782993 0.698974609375 0.0016768593410929177 0.00244140625
0 0.11604853028210692 0.69970703125 0.0028605247583349774 0.0048828125
0 0.09198066679818505 0.70068359375 0.005819688301440126 0.0068359375
0 0.46863286644308544 0.698974609375 0.0027618859735648055 0.00634765625
0 0.4617774709015585 0.698486328125 0.001874136910633261 0.00537109375
0 0.14213848885381733 0.69677734375 0.0013809429867824028 0.001953125
0 0.4594594594594595 0.697265625 0.0019727756954034327 0.00390625
0 0.14864864864864866 0.696533203125 0.002170053264943776 0.00244140625
0 0.1446537778654567 0.697509765625 0.002071414480173604 0.00439453125
0 0.10480370881830736 0.69775390625 0.0036496350364963502 0.0048828125
0 0.44836259617281515 0.6982421875 0.00424146774511738 0.0068359375
0 0.4394851055434997 0.697998046875 0.005622410731899783 0.00732421875
0 0.30365949891497335 0.69580078125 0.0008877490629315447 0.0029296875
0 0.12201617676070231 0.695556640625 0.000789110278161373 0.00244140625
0 0.4714440718090353 0.6982421875 0.004044190175577037 0.0087890625
0 0.11693627934503847 0.695556640625 0.007397908857762872 0.00732421875
0 0.10509962517261787 0.69287109375 0.002465969619254291 0.001953125
0 0.4736141250739791 0.693359375 0.0014795817715525744 0.00390625
0 0.4715427105938055 0.693359375 0.0014795817715525744 0.00390625
0 0.1533339909252318 0.692626953125 0.0008877490629315447 0.00244140625
0 0.1495857171039653 0.692626953125 0.001085026632471888 0.00244140625
0 0.11037680015782206 0.69287109375 0.0027618859735648055 0.0029296875
0 0.43381337541921483 0.69287109375 0.0027618859735648055 0.0048828125
0 0.09513710791083053 0.69384765625 0.0038469126060366936 0.0068359375
0 0.43687117774709017 0.6923828125 0.0019727756954034327 0.005859375
0 0.15520812783586507 0.690673828125 0.0022686920497139475 0.00244140625
0 0.42952258828171236 0.691162109375 0.002663247188794634 0.00439453125
0 0.4545275202209509 0.691162109375 0.0019727756954034327 0.00537109375
0 0.4405208127835865 0.690185546875 0.002170053264943776 0.00341796875
0 0.1324718879463405 0.690185546875 0.0023673308344841193 0.00537109375
0 0.4929473268889327 0.6884765625 0.001085026632471888 0.0029296875
0 0.0910929177352535 0.6884765625 0.0028605247583349774 0.0029296875
0 0.11338528309331229 0.687744140625 0.0016768593410929177 0.00244140625
0 0.10746695600710199 0.687744140625 0.0014795817715525744 0.00244140625
0 0.49812586308936674 0.6904296875 0.003748273821266522 0.009765625
0 0.10209114223712763 0.687255859375 0.0013809429867824028 0.00341796875
0 0.47751035707240086 0.68505859375 0.0009863878477017164 0.0029296875
0 0.4531958966265536 0.6845703125 0.0014795817715525744 0.00390625
0 0.46301045571118565 0.68408203125 0.0013809429867824028 0.00390625
0 0.09592621818899191 0.68603515625 0.003255079897415664 0.0078125
0 0.4440224896429276 0.686279296875 0.0036496350364963502 0.00927734375
0 0.46434207930558297 0.68212890625 0.001085026632471888 0.001953125
0 0.3263957388044979 0.681640625 0.0013809429867824028 0.001953125
0 0.49077727362398893 0.682373046875 0.0038469126060366936 0.00634765625
0 0.4598046952061551 0.68212890625 0.002465969619254291 0.005859375
0 0.45625369895442885 0.680908203125 0.0028605247583349774 0.00537109375
0 0.5002465969619254 0.67919921875 0.003255079897415664 0.005859375
0 0.5039948707831919 0.677978515625 0.002663247188794634 0.00439453125
0 0.44836259617281515 0.677490234375 0.0016768593410929177 0.00341796875
0 0.19594594594594594 0.673583984375 0.0008877490629315447 0.00146484375
0 0.4950680607614914 0.674560546875 0.004537384099427895 0.00634765625
0 0.46961925429078716 0.6728515625 0.003550996251726179 0.0029296875
0 0.4391891891891892 0.67236328125 0.0008877490629315447 0.001953125
0 0.46611757743144605 0.67333984375 0.0014795817715525744 0.0048828125
0 0.19698165318603275 0.66650390625 0.001578220556322746 0.001953125
0 0.2458571710396528 0.666015625 0.0008877490629315447 0.001953125
0 0.28210692444269087 0.66552734375 0.0011836654172420597 0.001953125
0 0.5228348786742947 0.66748046875 0.0016768593410929177 0.0068359375
0 0.5281120536594989 0.662841796875 0.0019727756954034327 0.00439453125
0 0.5200729927007299 0.654296875 0.001085026632471888 0.0029296875
0 0.5576543696981653 0.65087890625 0.001085026632471888 0.0029296875
0 0.5483823239297692 0.650146484375 0.003255079897415664 0.00634765625
0 0.5886762675083843 0.647216796875 0.0009863878477017164 0.00244140625
0 0.5602189781021898 0.647705078125 0.0028605247583349774 0.00537109375
0 0.5819688301440126 0.645263671875 0.0017754981258630894 0.00439453125
0 0.5643124876701519 0.64599609375 0.0027618859735648055 0.0068359375
0 0.5565200236733083 0.64453125 0.0039455513908068654 0.00390625
0 0.5533142631682778 0.643798828125 0.0014795817715525744 0.00244140625
