0 0.3761096863286644 0.99853515625 0.001578220556322746 0.0029296875
0 0.22188794634050107 0.99853515625 0.002071414480173604 0.0029296875
0 0.19584730716117577 0.998291015625 0.003452357466956007 0.00341796875
0 0.6567863483921879 0.99755859375 0.00424146774511738 0.0048828125
0 0.6842079305582955 0.996826171875 0.00976523969224699 0.00634765625
0 0.37349575853225486 0.99267578125 0.001085026632471888 0.0029296875
0 0.3645689485105543 0.993408203125 0.0033537186821858355 0.00439453125
0 0.3639771158019333 0.98974609375 0.0009863878477017164 0.0029296875
0 0.655750641152101 0.99072265625 0.0023673308344841193 0.0078125
0 0.35983428684158614 0.988525390625 0.003748273821266522 0.00732421875
0 0.362645492207536 0.986083984375 0.00542513316235944 0.00537109375
