0 0.5876405602682975 0.99853515625 0.0014795817715525744 0.0029296875
0 0.208621029788913 0.997802734375 0.0019727756954034327 0.00244140625
0 0.2861017952258828 0.99755859375 0.0014795817715525744 0.0029296875
0 0.25463602288419807 0.997802734375 0.006214243440520813 0.00439453125
0 0.2062043795620438 0.997802734375 0.001085026632471888 0.00439453125
0 0.24541329650818702 0.99755859375 0.004931939238508582 0.0048828125
0 0.21902742158216612 0.99755859375 0.003452357466956007 0.0048828125
0 0.1262083251134346 0.9970703125 0.002071414480173604 0.00390625
0 0.11274413099230618 0.99755859375 0.003748273821266522 0.0048828125
0 0.7125172617873348 0.997314453125 0.005227855592819097 0.00537109375
0 0.2756954034326297 0.997314453125 0.0019727756954034327 0.00537109375
0 0.2645985401459854 0.997314453125 0.004044190175577037 0.00537109375
0 0.7298283685145 0.9970703125 0.0017754981258630894 0.005859375
0 0.7056125468534228 0.9970703125 0.004636022884198066 0.005859375
0 0.22829946735056225 0.9970703125 0.0014795817715525744 0.005859375
0 0.2016669954626159 0.9970703125 0.0036496350364963502 0.005859375
0 0.14203985006904715 0.9970703125 0.002959163543105149 0.005859375
0 0.2821562438350759 0.996826171875 0.00542513316235944 0.00634765625
0 0.23347800355099624 0.996337890625 0.0025646084040244622 0.00732421875
0 0.22026040639179326 0.994384765625 0.0027618859735648055 0.00439453125
0 0.19880647070428092 0.994873046875 0.002071414480173604 0.00634765625
0 0.22331820871966857 0.9951171875 0.003550996251726179 0.009765625
0 0.21463799565989347 0.9951171875 0.0039455513908068654 0.009765625
0 0.10006904714933912 0.991943359375 0.001085026632471888 0.00341796875
0 0.27105938054843165 0.99267578125 0.0019727756954034327 0.005859375
0 0.25078911027816136 0.9921875 0.0028605247583349774 0.0048828125
0 0.24876701519037286 0.994873046875 0.003156441112645492 0.01025390625
0 0.20975537581376996 0.99365234375 0.0022686920497139475 0.0078125
0 0.16561451962911816 0.991943359375 0.0013809429867824028 0.00439453125
0 0.7172026040639179 0.991943359375 0.003748273821266522 0.00537109375
0 0.2555730913395147 0.9921875 0.0027618859735648055 0.005859375
0 0.14509765239692246 0.994140625 0.004142828960347208 0.009765625
0 0.23767015190372853 0.99072265625 0.004636022884198066 0.00390625
0 0.2078812389031367 0.992431640625 0.002071414480173604 0.00732421875
0 0.20497139475241666 0.990966796875 0.0023673308344841193 0.00439453125
0 0.1853915959755376 0.9912109375 0.0016768593410929177 0.0048828125
0 0.1443085421187611 0.98779296875 0.000789110278161373 0.001953125
0 0.19520615506016967 0.98779296875 0.001578220556322746 0.0029296875
0 0.10381732097060564 0.987548828125 0.001085026632471888 0.00244140625
0 0.2016669954626159 0.989501953125 0.004044190175577037 0.00732421875
0 0.22795423160386663 0.986572265625 0.000789110278161373 0.00244140625
0 0.12477806273426711 0.985107421875 0.000789110278161373 0.00244140625
0 0.7237620832511343 0.98876953125 0.007595186427303216 0.0107421875
0 0.13824225685539554 0.984619140625 0.001085026632471888 0.00244140625
0 0.1853915959755376 0.98486328125 0.001874136910633261 0.0048828125
0 0.11555533635825607 0.984619140625 0.0016768593410929177 0.00439453125
0 0.17967054645886762 0.983154296875 0.001874136910633261 0.00341796875
0 0.1341980666798185 0.983154296875 0.003255079897415664 0.00341796875
0 0.11121522982836851 0.984375 0.002663247188794634 0.005859375
0 0.22938449398303412 0.98193359375 0.001874136910633261 0.0029296875
0 0.1015486289208917 0.982177734375 0.0014795817715525744 0.00341796875
0 0.09691260603669363 0.9853515625 0.0036496350364963502 0.009765625
0 0.23323140658907082 0.9814453125 0.004044190175577037 0.00390625
0 0.22198658512527125 0.97998046875 0.002663247188794634 0.0048828125
0 0.19012625764450583 0.98046875 0.0036496350364963502 0.005859375
0 0.2082757940422174 0.9794921875 0.0014795817715525744 0.0048828125
0 0.21231998421779444 0.978515625 0.001085026632471888 0.00390625
0 0.17616886959952655 0.97900390625 0.0023673308344841193 0.0048828125
0 0.11969816531860328 0.9775390625 0.0022686920497139475 0.0029296875
0 0.18756164924048135 0.978515625 0.0016768593410929177 0.005859375
0 0.1259124087591241 0.976806640625 0.0012823042020122311 0.00439453125
0 0.7277076346419412 0.97802734375 0.0036496350364963502 0.0078125
0 0.7230222923653581 0.975830078125 0.003550996251726179 0.00341796875
0 0.1415466561451963 0.975830078125 0.0017754981258630894 0.00341796875
0 0.14485105543499704 0.974853515625 0.0022686920497139475 0.00439453125
0 0.7203097257841783 0.975341796875 0.007595186427303216 0.00732421875
0 0.2513316235943973 0.97265625 0.000789110278161373 0.0029296875
0 0.23451371079108305 0.974853515625 0.005819688301440126 0.00830078125
0 0.12231209311501283 0.973388671875 0.0027618859735648055 0.00634765625
0 0.10371868218583546 0.971923828125 0.001085026632471888 0.00341796875
0 0.22173998816334584 0.97412109375 0.004537384099427895 0.0087890625
0 0.147119747484711 0.97119140625 0.001085026632471888 0.0029296875
0 0.22553758137699745 0.9775390625 0.00542513316235944 0.0166015625
0 0.17153284671532848 0.97021484375 0.0009863878477017164 0.0029296875
0 0.20048333004537383 0.9736328125 0.00542513316235944 0.0107421875
0 0.19466364174393372 0.970458984375 0.0022686920497139475 0.00537109375
0 0.1384395344249359 0.97119140625 0.0044387453146577235 0.0068359375
0 0.09543302426514105 0.970947265625 0.002663247188794634 0.00927734375
0 0.15762477806273426 0.96875 0.0027618859735648055 0.0087890625
0 0.13469126060366937 0.967041015625 0.002071414480173604 0.00537109375
0 0.1446044584730716 0.967529296875 0.004537384099427895 0.00830078125
0 0.139080686525942 0.964599609375 0.0019727756954034327 0.00244140625
0 0.20714144801736042 0.96337890625 0.0013809429867824028 0.001953125
0 0.20137107910830537 0.96533203125 0.003452357466956007 0.005859375
0 0.7187315052278556 0.963134765625 0.002465969619254291 0.00244140625
0 0.21720260406391792 0.96337890625 0.0013809429867824028 0.00390625
0 0.19486091931347405 0.962646484375 0.0014795817715525744 0.00341796875
0 0.19703097257841784 0.962158203125 0.0012823042020122311 0.00341796875
0 0.726425330439929 0.9609375 0.0038469126060366936 0.001953125
0 0.20082856579206945 0.961181640625 0.0013809429867824028 0.00341796875
0 0.12147366344446636 0.960693359375 0.0012823042020122311 0.00341796875
0 0.2294831327678043 0.960205078125 0.0014795817715525744 0.00341796875
0 0.18401065298875519 0.9638671875 0.003255079897415664 0.0107421875
0 0.11013020319589663 0.96337890625 0.006214243440520813 0.009765625
0 0.1310909449595581 0.960205078125 0.0013809429867824028 0.00537109375
0 0.21715328467153286 0.9580078125 0.0006904714933912014 0.001953125
0 0.21444071809035312 0.95849609375 0.0013809429867824028 0.0029296875
0 0.20886762675083842 0.9599609375 0.0014795817715525744 0.005859375
0 0.18889327283487867 0.958740234375 0.0019727756954034327 0.00537109375
0 0.20437956204379562 0.956787109375 0.0017754981258630894 0.00341796875
0 0.23342868415861118 0.960205078125 0.00483330045373841 0.01123046875
0 0.7141941211284277 0.95556640625 0.002071414480173604 0.0029296875
0 0.36486486486486486 0.954833984375 0.000789110278161373 0.00244140625
0 0.34183270862102977 0.955078125 0.0012823042020122311 0.0029296875
0 0.37053659498914976 0.955078125 0.001085026632471888 0.00390625
0 0.21049516669954627 0.954345703125 0.0017754981258630894 0.00341796875
0 0.1317814164529493 0.953857421875 0.0009863878477017164 0.00244140625
0 0.11392779640954824 0.954833984375 0.0019727756954034327 0.00439453125
0 0.19865851252712566 0.95361328125 0.0009863878477017164 0.0029296875
0 0.1432235154862892 0.954345703125 0.0013809429867824028 0.00439453125
0 0.10357072400868021 0.953857421875 0.0017754981258630894 0.00341796875
0 0.7162162162162162 0.953125 0.0027618859735648055 0.0029296875
0 0.19352929571907673 0.9521484375 0.001578220556322746 0.0029296875
0 0.30444860919313477 0.95166015625 0.002465969619254291 0.00390625
0 0.1995462615900572 0.95361328125 0.002170053264943776 0.0078125
0 0.13552969027421582 0.94970703125 0.0013809429867824028 0.0029296875
0 0.19382521207338727 0.947998046875 0.0009863878477017164 0.00244140625
0 0.2280528703886368 0.947998046875 0.0009863878477017164 0.00341796875
0 0.22997632669165516 0.947021484375 0.0008877490629315447 0.00244140625
0 0.09395344249358847 0.948974609375 0.002071414480173604 0.00634765625
0 0.21379956598934702 0.947509765625 0.001874136910633261 0.00439453125
0 0.19165515880844347 0.950439453125 0.0033537186821858355 0.01025390625
0 0.18992898007496548 0.946533203125 0.001874136910633261 0.00341796875
0 0.3616591043598343 0.946044921875 0.0022686920497139475 0.00341796875
0 0.22440323535214046 0.94873046875 0.005918327086210298 0.0087890625
0 0.2030479384493983 0.947998046875 0.0028605247583349774 0.00732421875
0 0.21744920102584336 0.946533203125 0.0044387453146577235 0.00537109375
0 0.27204576839613337 0.944580078125 0.0013809429867824028 0.00244140625
0 0.7265732886170843 0.9443359375 0.0011836654172420597 0.0029296875
0 0.7116788321167883 0.946533203125 0.003550996251726179 0.00732421875
0 0.1581672913789702 0.9443359375 0.002071414480173604 0.0029296875
0 0.708078516472677 0.943115234375 0.002071414480173604 0.00244140625
0 0.7050207141448017 0.9453125 0.0044387453146577235 0.0078125
0 0.13089366739001776 0.943359375 0.0025646084040244622 0.00390625
0 0.1911619648845926 0.942138671875 0.000789110278161373 0.00244140625
0 0.13577628723614124 0.944091796875 0.002663247188794634 0.00634765625
0 0.11772538962319984 0.945556640625 0.005227855592819097 0.00927734375
0 0.10386664036299073 0.943115234375 0.002959163543105149 0.00439453125
0 0.3515979483132768 0.941650390625 0.0012823042020122311 0.00244140625
0 0.2357960149930953 0.94189453125 0.0008877490629315447 0.0029296875
0 0.2392483724600513 0.94482421875 0.004044190175577037 0.009765625
0 0.18756164924048135 0.94091796875 0.0006904714933912014 0.001953125
0 0.2430459656737029 0.9423828125 0.0027618859735648055 0.005859375
0 0.23140658907082265 0.940673828125 0.000789110278161373 0.00244140625
0 0.3057802327875321 0.940185546875 0.0013809429867824028 0.00244140625
0 0.13301440126257644 0.93994140625 0.0006904714933912014 0.001953125
0 0.12107910830538568 0.940673828125 0.0008877490629315447 0.00341796875
0 0.21227066482540935 0.93994140625 0.000789110278161373 0.0029296875
0 0.19999013612152297 0.939697265625 0.0008877490629315447 0.00244140625
0 0.147119747484711 0.93994140625 0.0008877490629315447 0.0029296875
0 0.10495166699546261 0.940185546875 0.0019727756954034327 0.00341796875
0 0.2371769579798777 0.939453125 0.0008877490629315447 0.0029296875
0 0.2020122312093115 0.939697265625 0.0013809429867824028 0.00341796875
0 0.22538962319984218 0.940185546875 0.0025646084040244622 0.00537109375
0 0.3227954231603867 0.9384765625 0.0012823042020122311 0.0029296875
0 0.298826198461235 0.93896484375 0.003255079897415664 0.00390625
0 0.1070724008680213 0.93896484375 0.002071414480173604 0.00390625
0 0.21887946340501085 0.94091796875 0.0027618859735648055 0.0087890625
0 0.2301736042611955 0.93798828125 0.001085026632471888 0.00390625
0 0.10963700927204577 0.939697265625 0.0030578023278753207 0.00927734375
0 0.7169560071019925 0.9365234375 0.005227855592819097 0.00390625
0 0.28171236930361016 0.9375 0.003748273821266522 0.005859375
0 0.19170447820082856 0.935791015625 0.001085026632471888 0.00244140625
0 0.12739199053067665 0.93505859375 0.0008877490629315447 0.001953125
0 0.7289899388439535 0.938232421875 0.006214243440520813 0.00927734375
0 0.2287926612744131 0.934814453125 0.0012823042020122311 0.00244140625
0 0.22016176760702308 0.935302734375 0.0019727756954034327 0.00341796875
0 0.16359242454132966 0.936767578125 0.0016768593410929177 0.00634765625
0 0.29779049122114815 0.935302734375 0.0011836654172420597 0.00439453125
0 0.13607220359045177 0.935546875 0.0014795817715525744 0.0048828125
0 0.21409548234365752 0.934814453125 0.001085026632471888 0.00439453125
0 0.1964884592621819 0.934326171875 0.0013809429867824028 0.00537109375
0 0.19481159992108898 0.932861328125 0.0011836654172420597 0.00341796875
0 0.13819293746301045 0.9326171875 0.0013809429867824028 0.0029296875
0 0.1064312487670152 0.932373046875 0.0013809429867824028 0.00244140625
0 0.35199250345235744 0.934326171875 0.0030578023278753207 0.00927734375
0 0.2124679423949497 0.931884765625 0.002170053264943776 0.00537109375
0 0.12438350759518643 0.931396484375 0.004734661668968239 0.00537109375
0 0.15284079700138095 0.931640625 0.0016768593410929177 0.0068359375
0 0.7176957979877688 0.930419921875 0.005721049516669955 0.00537109375
0 0.7114815545472479 0.931640625 0.004734661668968239 0.0087890625
0 0.23697968041033735 0.929931640625 0.002465969619254291 0.00537109375
0 0.1947622805287039 0.92822265625 0.0014795817715525744 0.0029296875
0 0.35588873545077926 0.92822265625 0.0017754981258630894 0.00390625
0 0.17745117380153877 0.930419921875 0.004142828960347208 0.00927734375
0 0.35347208522391005 0.928466796875 0.0044387453146577235 0.00634765625
0 0.3469126060366936 0.927001953125 0.0027618859735648055 0.00341796875
0 0.2319984217794437 0.929443359375 0.003156441112645492 0.00830078125
0 0.2065002959163543 0.926513671875 0.001085026632471888 0.00244140625
0 0.19979285855198264 0.9287109375 0.00424146774511738 0.0068359375
0 0.23495758532254882 0.9267578125 0.0011836654172420597 0.00390625
0 0.23293549023476032 0.92724609375 0.001874136910633261 0.0048828125
0 0.14036299072795425 0.9267578125 0.0009863878477017164 0.00390625
0 0.3607220359045177 0.924560546875 0.0009863878477017164 0.00244140625
0 0.22923653580587888 0.925537109375 0.0013809429867824028 0.00439453125
0 0.7307161175774315 0.9267578125 0.005326494377589268 0.0078125
0 0.22336752811205365 0.924560546875 0.001085026632471888 0.00439453125
0 0.1762675083842967 0.92431640625 0.0017754981258630894 0.00390625
0 0.13276780430065102 0.924560546875 0.0019727756954034327 0.00537109375
0 0.21636417439337147 0.923095703125 0.001085026632471888 0.00341796875
0 0.2267212467942395 0.922607421875 0.001085026632471888 0.00341796875
0 0.2186328664430854 0.922119140625 0.0006904714933912014 0.00244140625
0 0.20255474452554745 0.922607421875 0.0016768593410929177 0.00341796875
0 0.2333793647662261 0.921875 0.0009863878477017164 0.0029296875
0 0.1436180706253699 0.925048828125 0.0051292168080489245 0.00927734375
0 0.36974748471098834 0.920166015625 0.0008877490629315447 0.00244140625
0 0.36777470901558496 0.922607421875 0.004044190175577037 0.00830078125
0 0.30444860919313477 0.921630859375 0.0036496350364963502 0.00634765625
0 0.2138982047741172 0.919677734375 0.0012823042020122311 0.00244140625
0 0.17991714342079307 0.9189453125 0.000789110278161373 0.001953125
0 0.37147366344446636 0.921142578125 0.0027618859735648055 0.00830078125
0 0.24437758926810021 0.923583984375 0.004636022884198066 0.01318359375
0 0.20595778260011838 0.920166015625 0.002959163543105149 0.00634765625
0 0.20378772933517458 0.91796875 0.0009863878477017164 0.001953125
0 0.19007693825212074 0.920166015625 0.0023673308344841193 0.00634765625
0 0.23836062339711975 0.917724609375 0.0016768593410929177 0.00244140625
0 0.14667587295324522 0.918701171875 0.0017754981258630894 0.00439453125
0 0.11008088380351154 0.91796875 0.0009863878477017164 0.0029296875
0 0.2103965279147761 0.91796875 0.0013809429867824028 0.00390625
0 0.18766028802525153 0.917236328125 0.0008877490629315447 0.00244140625
0 0.19308542118761096 0.91748046875 0.0012823042020122311 0.00390625
0 0.3410929177352535 0.916015625 0.0017754981258630894 0.00390625
0 0.18909055040441902 0.91650390625 0.0011836654172420597 0.0048828125
0 0.16798185046360228 0.91552734375 0.0013809429867824028 0.0029296875
0 0.1964884592621819 0.917236328125 0.002170053264943776 0.00732421875
0 0.16142237127638587 0.91796875 0.007595186427303216 0.0087890625
0 0.17414677451173802 0.916259765625 0.002071414480173604 0.00634765625
0 0.21818899191161964 0.91357421875 0.0011836654172420597 0.001953125
0 0.20250542513316236 0.914306640625 0.002170053264943776 0.00341796875
0 0.14485105543499704 0.91552734375 0.0016768593410929177 0.005859375
0 0.1870191359242454 0.915283203125 0.0019727756954034327 0.00634765625
0 0.16354310514894457 0.9130859375 0.000789110278161373 0.0029296875
0 0.1374038271848491 0.912841796875 0.000789110278161373 0.00244140625
0 0.7249950680607615 0.91259765625 0.0023673308344841193 0.0029296875
0 0.7197672124679424 0.91357421875 0.005326494377589268 0.0048828125
0 0.19806667981850465 0.91357421875 0.0011836654172420597 0.0048828125
0 0.18332018149536397 0.9169921875 0.005227855592819097 0.01171875
0 0.14647859538370486 0.911865234375 0.0009863878477017164 0.00244140625
0 0.2263760110475439 0.91162109375 0.0019727756954034327 0.0029296875
0 0.14830341290195304 0.91357421875 0.002071414480173604 0.0068359375
0 0.20847307161175774 0.910888671875 0.0006904714933912014 0.00244140625
0 0.23140658907082265 0.910400390625 0.0013809429867824028 0.00244140625
0 0.21330637206549616 0.91162109375 0.001874136910633261 0.0048828125
0 0.33354705070033536 0.911376953125 0.0030578023278753207 0.00634765625
0 0.2173505622410732 0.90966796875 0.001085026632471888 0.0029296875
0 0.3710297889130006 0.909423828125 0.0008877490629315447 0.00341796875
0 0.21991517064509766 0.909912109375 0.0030578023278753207 0.00439453125
0 0.2096567370289998 0.9091796875 0.0008877490629315447 0.0029296875
0 0.19629118169264154 0.909423828125 0.001578220556322746 0.00341796875
0 0.7116295127244032 0.908203125 0.0016768593410929177 0.001953125
0 0.19293746301045572 0.90771484375 0.000789110278161373 0.001953125
0 0.15101597948313278 0.90869140625 0.0013809429867824028 0.00390625
0 0.13222529098441507 0.907958984375 0.0008877490629315447 0.00244140625
0 0.27944367725389624 0.908447265625 0.0013809429867824028 0.00439453125
0 0.3550009863878477 0.9072265625 0.0019727756954034327 0.0029296875
0 0.23042020122312093 0.906982421875 0.000789110278161373 0.00244140625
0 0.713799565989347 0.907470703125 0.002465969619254291 0.00439453125
0 0.36964884592621816 0.907470703125 0.0022686920497139475 0.00439453125
0 0.33921878082462026 0.90673828125 0.0025646084040244622 0.0029296875
0 0.1814460445847307 0.906494140625 0.001085026632471888 0.00244140625
0 0.18558887354507791 0.906494140625 0.001085026632471888 0.00341796875
0 0.36594989149733675 0.90771484375 0.0051292168080489245 0.0068359375
0 0.15313671335569146 0.907958984375 0.001874136910633261 0.00732421875
0 0.12147366344446636 0.90576171875 0.0016768593410929177 0.0029296875
0 0.17616886959952655 0.90673828125 0.0033537186821858355 0.005859375
0 0.1296606825803906 0.904296875 0.0008877490629315447 0.001953125
0 0.6980173604261195 0.904541015625 0.004636022884198066 0.00537109375
0 0.36762675083842966 0.9033203125 0.001578220556322746 0.00390625
0 0.3088873545077925 0.90283203125 0.002465969619254291 0.0029296875
0 0.14820477411718289 0.905517578125 0.002663247188794634 0.00830078125
0 0.3616097849674492 0.902587890625 0.0011836654172420597 0.00341796875
0 0.20053264943775892 0.90283203125 0.0009863878477017164 0.00390625
0 0.16748865653975142 0.904296875 0.004734661668968239 0.0068359375
0 0.12837837837837837 0.902099609375 0.0012823042020122311 0.00244140625
0 0.22588281712369304 0.903564453125 0.0017754981258630894 0.00634765625
0 0.20561254685342276 0.90234375 0.0014795817715525744 0.00390625
0 0.2305188400078911 0.901123046875 0.0009863878477017164 0.00244140625
0 0.7137009272045768 0.900634765625 0.001874136910633261 0.00244140625
0 0.7252416650226869 0.902099609375 0.0038469126060366936 0.00634765625
0 0.2284474255277175 0.9013671875 0.0019727756954034327 0.0048828125
0 0.21231998421779444 0.902099609375 0.0030578023278753207 0.00634765625
0 0.3105642138488854 0.89892578125 0.001085026632471888 0.001953125
0 0.2767311106727165 0.899169921875 0.0008877490629315447 0.00244140625
0 0.3512033931741961 0.89892578125 0.0008877490629315447 0.0029296875
0 0.7290392582363385 0.89794921875 0.0011836654172420597 0.001953125
0 0.3248175182481752 0.903076171875 0.0051292168080489245 0.01220703125
0 0.16383902150325508 0.898193359375 0.000789110278161373 0.00244140625
0 0.15136121522982837 0.898681640625 0.0012823042020122311 0.00341796875
0 0.6959459459459459 0.8984375 0.005227855592819097 0.00390625
0 0.3223515486289209 0.898681640625 0.0017754981258630894 0.00439453125
0 0.2693332018149536 0.89794921875 0.0012823042020122311 0.00390625
0 0.21813967251923455 0.89794921875 0.0016768593410929177 0.00390625
0 0.18859735648056816 0.897705078125 0.0011836654172420597 0.00341796875
0 0.18494772144407182 0.897216796875 0.0009863878477017164 0.00244140625
0 0.3477510357072401 0.89892578125 0.0044387453146577235 0.0068359375
0 0.23495758532254882 0.899169921875 0.003550996251726179 0.00732421875
0 0.19185243637798383 0.896728515625 0.0011836654172420597 0.00244140625
0 0.12349575853225488 0.896484375 0.000789110278161373 0.0029296875
0 0.22312093115012824 0.89599609375 0.000789110278161373 0.0029296875
0 0.19520615506016967 0.8955078125 0.0009863878477017164 0.001953125
0 0.6906687709607418 0.895263671875 0.0011836654172420597 0.00244140625
0 0.17261787334780035 0.89501953125 0.0013809429867824028 0.00390625
0 0.22987768790688498 0.894775390625 0.001874136910633261 0.00439453125
0 0.3210199250345236 0.893310546875 0.001085026632471888 0.00244140625
0 0.2685934109291774 0.89453125 0.001578220556322746 0.0048828125
0 0.27046754783981064 0.892822265625 0.0009863878477017164 0.00244140625
0 0.1940224896429276 0.892822265625 0.0009863878477017164 0.00244140625
0 0.3262971000197278 0.892822265625 0.003156441112645492 0.00341796875
0 0.17567567567567569 0.894775390625 0.0023673308344841193 0.00732421875
0 0.28629907279542316 0.892333984375 0.002071414480173604 0.00341796875
0 0.26025843361609785 0.89404296875 0.0028605247583349774 0.0068359375
0 0.2360919313474058 0.89208984375 0.0016768593410929177 0.0029296875
0 0.1801144209903334 0.894775390625 0.0039455513908068654 0.00830078125
0 0.1662556717301243 0.8935546875 0.0022686920497139475 0.005859375
0 0.15949891497336752 0.892578125 0.0011836654172420597 0.00390625
0 0.13617084237522195 0.8916015625 0.0008877490629315447 0.001953125
0 0.3182580390609588 0.89208984375 0.0016768593410929177 0.00390625
0 0.21848490826593017 0.89111328125 0.0013809429867824028 0.0029296875
0 0.6879562043795621 0.890869140625 0.0022686920497139475 0.00341796875
0 0.3526829749457487 0.890869140625 0.0014795817715525744 0.00341796875
0 0.15570132175971593 0.890625 0.0008877490629315447 0.0029296875
0 0.16941211284276977 0.890869140625 0.0016768593410929177 0.00439453125
0 0.22859538370487276 0.89013671875 0.0016768593410929177 0.00390625
0 0.21513118958374433 0.89013671875 0.0009863878477017164 0.00390625
0 0.15762477806273426 0.891845703125 0.002170053264943776 0.00830078125
0 0.1908660485302821 0.888671875 0.0009863878477017164 0.0029296875
0 0.3236831722233182 0.8876953125 0.0008877490629315447 0.001953125
0 0.22060564213848885 0.88916015625 0.002663247188794634 0.0048828125
0 0.2858551982639574 0.8876953125 0.0019727756954034327 0.0029296875
0 0.26780430065101596 0.88916015625 0.0061156046557506415 0.005859375
0 0.22662260800946932 0.88916015625 0.0022686920497139475 0.005859375
0 0.21710396527914777 0.888427734375 0.0013809429867824028 0.00439453125
0 0.2322943381337542 0.888916015625 0.004142828960347208 0.00634765625
0 0.10662852633655553 0.887451171875 0.0009863878477017164 0.00341796875
0 0.32215427105938055 0.886962890625 0.001578220556322746 0.00341796875
0 0.24383507595186427 0.888916015625 0.002959163543105149 0.00732421875
0 0.22903925823633853 0.88720703125 0.0009863878477017164 0.00390625
0 0.29961530873939635 0.8857421875 0.0008877490629315447 0.001953125
0 0.19328269875715132 0.88623046875 0.0014795817715525744 0.00390625
0 0.2970013809429868 0.888671875 0.003550996251726179 0.009765625
0 0.35445847307161177 0.885498046875 0.0014795817715525744 0.00439453125
0 0.3192444269086605 0.884521484375 0.0008877490629315447 0.00341796875
0 0.19668573683172225 0.884521484375 0.0009863878477017164 0.00341796875
0 0.167242059577826 0.884521484375 0.001085026632471888 0.00341796875
0 0.32900966660090747 0.88525390625 0.002465969619254291 0.005859375
0 0.2736239889524561 0.888427734375 0.004537384099427895 0.01220703125
0 0.18578615111461827 0.884033203125 0.001085026632471888 0.00341796875
0 0.29123101203393176 0.88427734375 0.002071414480173604 0.005859375
0 0.3233379364766226 0.882080078125 0.0019727756954034327 0.00244140625
0 0.2699250345235747 0.882568359375 0.0022686920497139475 0.00341796875
0 0.7210495166699546 0.881591796875 0.003550996251726179 0.00244140625
0 0.3307358453343855 0.885986328125 0.0027618859735648055 0.01123046875
0 0.33522391004142826 0.880859375 0.001085026632471888 0.0029296875
0 0.7296310909449596 0.88134765625 0.004142828960347208 0.0048828125
0 0.3616097849674492 0.88330078125 0.0061156046557506415 0.0107421875
0 0.21231998421779444 0.879638671875 0.0012823042020122311 0.00341796875
0 0.31322746103768 0.878662109375 0.0012823042020122311 0.00244140625
0 0.2892582363385283 0.87939453125 0.0014795817715525744 0.00390625
0 0.6901755770368909 0.878662109375 0.0023673308344841193 0.00341796875
0 0.29335174590649044 0.881103515625 0.003550996251726179 0.00830078125
0 0.20802919708029197 0.8798828125 0.004142828960347208 0.005859375
0 0.3420299861905701 0.877685546875 0.0008877490629315447 0.00244140625
0 0.29611363188005524 0.87939453125 0.0025646084040244622 0.005859375
0 0.20363977115801934 0.8798828125 0.002071414480173604 0.0068359375
0 0.155750641152101 0.877685546875 0.0023673308344841193 0.00244140625
0 0.2329848096271454 0.8779296875 0.0011836654172420597 0.00390625
0 0.2294338133754192 0.87841796875 0.004734661668968239 0.0048828125
0 0.21439139869796803 0.878662109375 0.002465969619254291 0.00537109375
0 0.7088676267508385 0.87841796875 0.0030578023278753207 0.005859375
0 0.2187315052278556 0.87646484375 0.0008877490629315447 0.001953125
0 0.34962517261787335 0.879150390625 0.006806076149141842 0.00830078125
0 0.19283882422568555 0.875244140625 0.000789110278161373 0.00244140625
0 0.35983428684158614 0.875 0.0011836654172420597 0.0029296875
0 0.3630893667390018 0.87548828125 0.001578220556322746 0.0048828125
0 0.3449398303412902 0.8759765625 0.001578220556322746 0.005859375
0 0.18356677845728941 0.874267578125 0.0011836654172420597 0.00244140625
0 0.7230222923653581 0.8740234375 0.0051292168080489245 0.0029296875
0 0.16526928388242257 0.87451171875 0.002465969619254291 0.00390625
0 0.19481159992108898 0.87451171875 0.0023673308344841193 0.005859375
0 0.18657526139277963 0.873046875 0.0014795817715525744 0.0029296875
0 0.17414677451173802 0.875 0.002071414480173604 0.0068359375
0 0.17819096468731505 0.873291015625 0.005030578023278753 0.00439453125
0 0.33630893667390016 0.875732421875 0.0066087985796014995 0.01025390625
0 0.3302919708029197 0.873291015625 0.00483330045373841 0.00537109375
0 0.29226671927401854 0.87255859375 0.0025646084040244622 0.00390625
0 0.30449792858551983 0.8759765625 0.007891102781613731 0.01171875
0 0.2983330045373841 0.87353515625 0.0038469126060366936 0.0068359375
0 0.2899980272243046 0.87158203125 0.0013809429867824028 0.0029296875
0 0.29571907674097453 0.870849609375 0.0011836654172420597 0.00439453125
0 0.3449398303412902 0.86962890625 0.0013809429867824028 0.0029296875
0 0.31184651805089764 0.86962890625 0.0016768593410929177 0.0029296875
0 0.24699151706450975 0.871337890625 0.0025646084040244622 0.00634765625
0 0.18968238311304006 0.86962890625 0.0013809429867824028 0.0029296875
0 0.32560662852633654 0.869873046875 0.0023673308344841193 0.00439453125
0 0.1925922272637601 0.870849609375 0.002071414480173604 0.00634765625
0 0.18277766817912802 0.86865234375 0.0011836654172420597 0.001953125
0 0.1617182876306964 0.868896484375 0.0006904714933912014 0.00244140625
0 0.30740777273623987 0.8701171875 0.004636022884198066 0.005859375
0 0.3164825409350957 0.868896484375 0.0030578023278753207 0.00439453125
0 0.2938942592227264 0.869384765625 0.002071414480173604 0.00537109375
0 0.23693036101795226 0.8681640625 0.0013809429867824028 0.0029296875
0 0.2124679423949497 0.868408203125 0.0011836654172420597 0.00439453125
0 0.7110869994081673 0.869140625 0.004537384099427895 0.0068359375
0 0.22583349773130795 0.869873046875 0.0022686920497139475 0.00927734375
0 0.2308640757545867 0.869140625 0.0044387453146577235 0.0087890625
0 0.3216117577431446 0.86962890625 0.005819688301440126 0.0107421875
0 0.27273623988952456 0.869384765625 0.004734661668968239 0.01025390625
0 0.7041822844742552 0.86669921875 0.003550996251726179 0.005859375
0 0.35583941605839414 0.86474609375 0.0008877490629315447 0.0029296875
0 0.28186032748076545 0.866943359375 0.0036496350364963502 0.00732421875
0 0.2532057605050306 0.86572265625 0.0011836654172420597 0.0048828125
0 0.23313276780430064 0.867431640625 0.003452357466956007 0.00830078125
0 0.3144111264549221 0.864013671875 0.0012823042020122311 0.00244140625
0 0.7066975734858947 0.863525390625 0.0036496350364963502 0.00244140625
0 0.3295521799171434 0.865966796875 0.002170053264943776 0.00732421875
0 0.1891398697968041 0.864013671875 0.0012823042020122311 0.00341796875
0 0.1811501282304202 0.864013671875 0.0016768593410929177 0.00341796875
0 0.2675083842967055 0.862548828125 0.0009863878477017164 0.00244140625
0 0.1995955809824423 0.8642578125 0.0030578023278753207 0.0078125
0 0.6962911816926416 0.861083984375 0.0013809429867824028 0.00244140625
0 0.3317222331820872 0.865966796875 0.004734661668968239 0.01220703125
0 0.29813572696784374 0.860595703125 0.0014795817715525744 0.00244140625
0 0.7246498323140659 0.8603515625 0.001874136910633261 0.0029296875
0 0.7179917143420793 0.860595703125 0.0051292168080489245 0.00341796875
0 0.30336358256066287 0.861328125 0.0016768593410929177 0.0048828125
0 0.16078121917537977 0.860595703125 0.0013809429867824028 0.00341796875
0 0.24018544091536792 0.861083984375 0.002959163543105149 0.00537109375
0 0.7290392582363385 0.859619140625 0.0051292168080489245 0.00341796875
0 0.22657328861708423 0.8603515625 0.0013809429867824028 0.0048828125
0 0.1748372460051292 0.8603515625 0.0016768593410929177 0.0048828125
0 0.37778654566975733 0.86083984375 0.003156441112645492 0.0068359375
0 0.27416650226869205 0.859375 0.0014795817715525744 0.00390625
0 0.22849674492010258 0.86083984375 0.0016768593410929177 0.0068359375
0 0.23628920891694613 0.86083984375 0.0028605247583349774 0.0078125
0 0.2949792858551983 0.859619140625 0.0044387453146577235 0.00634765625
0 0.7088183073584533 0.858642578125 0.0027618859735648055 0.00537109375
0 0.31495363977115803 0.857421875 0.0027618859735648055 0.0029296875
0 0.3038567764845137 0.857177734375 0.0008877490629315447 0.00244140625
0 0.31899782994673503 0.8564453125 0.002959163543105149 0.00390625
0 0.26228052870388635 0.855712890625 0.0011836654172420597 0.00244140625
0 0.18060761491418426 0.85546875 0.000789110278161373 0.0029296875
0 0.32871375024659694 0.85546875 0.0022686920497139475 0.00390625
0 0.325853225488262 0.855224609375 0.001874136910633261 0.00341796875
0 0.2918721641349379 0.85595703125 0.003550996251726179 0.0048828125
0 0.2162655356086013 0.85546875 0.0014795817715525744 0.00390625
0 0.2878279739593608 0.857177734375 0.004537384099427895 0.00927734375
0 0.32185835470507 0.8544921875 0.0025646084040244622 0.005859375
0 0.18248175182481752 0.8525390625 0.000789110278161373 0.001953125
0 0.6983625961728152 0.852783203125 0.0019727756954034327 0.00341796875
0 0.33093312290392585 0.8525390625 0.0019727756954034327 0.00390625
0 0.2311599921088972 0.852783203125 0.002071414480173604 0.00439453125
0 0.31835667784572896 0.851318359375 0.0012823042020122311 0.00244140625
0 0.713207733280726 0.8515625 0.0016768593410929177 0.00390625
0 0.7028013414874729 0.851806640625 0.002170053264943776 0.00439453125
0 0.29961530873939635 0.850830078125 0.001085026632471888 0.00244140625
0 0.3129808640757546 0.85009765625 0.0009863878477017164 0.0029296875
0 0.25922272637601107 0.852294921875 0.004537384099427895 0.00732421875
0 0.23895245610574078 0.849853515625 0.0012823042020122311 0.00244140625
0 0.274117182876307 0.850341796875 0.0027618859735648055 0.00439453125
0 0.26972775695403434 0.8486328125 0.001085026632471888 0.001953125
0 0.3091339514697179 0.84814453125 0.000789110278161373 0.001953125
0 0.2549319392385086 0.850830078125 0.005030578023278753 0.00732421875
0 0.24319392385085817 0.849853515625 0.0016768593410929177 0.00537109375
0 0.19066877096074175 0.848388671875 0.0009863878477017164 0.00244140625
0 0.7210495166699546 0.848876953125 0.001578220556322746 0.00439453125
0 0.24699151706450975 0.84912109375 0.0027618859735648055 0.0048828125
0 0.1554054054054054 0.847900390625 0.0008877490629315447 0.00244140625
0 0.32984809627145395 0.846923828125 0.0009863878477017164 0.00244140625
0 0.3325113434602486 0.846923828125 0.0019727756954034327 0.00341796875
0 0.2785066087985796 0.8505859375 0.006806076149141842 0.0107421875
0 0.2277569540343263 0.846435546875 0.0009863878477017164 0.00244140625
0 0.7161668968238312 0.846923828125 0.005819688301440126 0.00439453125
0 0.3675774314460446 0.84619140625 0.002071414480173604 0.00390625
0 0.31603866640362993 0.845703125 0.001578220556322746 0.0029296875
0 0.30094693233379366 0.847900390625 0.003156441112645492 0.00732421875
0 0.2921187610968633 0.8466796875 0.0028605247583349774 0.0048828125
0 0.36945156835667786 0.844482421875 0.0012823042020122311 0.00244140625
0 0.31386861313868614 0.844482421875 0.0019727756954034327 0.00341796875
0 0.7093115012823042 0.84375 0.002959163543105149 0.0029296875
0 0.3275300848293549 0.84375 0.0016768593410929177 0.0029296875
0 0.3055336358256066 0.845458984375 0.0016768593410929177 0.00634765625
0 0.24950680607614914 0.84521484375 0.002465969619254291 0.005859375
0 0.2889130005918327 0.8427734375 0.001578220556322746 0.0029296875
0 0.7047741171828763 0.842529296875 0.0023673308344841193 0.00341796875
0 0.37250937068455314 0.84228515625 0.0014795817715525744 0.0029296875
0 0.30089761294140854 0.842529296875 0.0016768593410929177 0.00341796875
0 0.2834385480370882 0.84326171875 0.002663247188794634 0.0048828125
0 0.24679423949496943 0.842041015625 0.0025646084040244622 0.00244140625
0 0.3761096863286644 0.84228515625 0.001578220556322746 0.00390625
0 0.29058985993292563 0.841796875 0.000789110278161373 0.0029296875
0 0.23377391990530677 0.841796875 0.0019727756954034327 0.0029296875
0 0.2857565594791872 0.841064453125 0.0013809429867824028 0.00244140625
0 0.26790293943578614 0.841796875 0.0027618859735648055 0.00390625
0 0.722381140264352 0.841064453125 0.0028605247583349774 0.00341796875
0 0.7197672124679424 0.84130859375 0.0013809429867824028 0.00390625
0 0.3695995265338331 0.841064453125 0.0025646084040244622 0.00341796875
0 0.3071118563819294 0.840576171875 0.0012823042020122311 0.00244140625
0 0.2618366541724206 0.841552734375 0.0036496350364963502 0.00537109375
0 0.7315052278555928 0.839599609375 0.0027618859735648055 0.00341796875
0 0.3198855790096666 0.839599609375 0.004340106529887552 0.00341796875
0 0.24960544486091932 0.839599609375 0.002071414480173604 0.00341796875
0 0.2573485894653778 0.838623046875 0.0013809429867824028 0.00244140625
0 0.2399881633458276 0.840576171875 0.003748273821266522 0.00634765625
0 0.693627934503847 0.8388671875 0.002959163543105149 0.0048828125
0 0.2814164529492997 0.839599609375 0.001578220556322746 0.00634765625
0 0.2733773919905307 0.838134765625 0.0008877490629315447 0.00341796875
0 0.23426711382915763 0.837646484375 0.0013809429867824028 0.00244140625
0 0.7037384099427895 0.837158203125 0.0012823042020122311 0.00341796875
0 0.18243243243243243 0.837646484375 0.0014795817715525744 0.00439453125
0 0.7111856381929375 0.837158203125 0.004537384099427895 0.00634765625
0 0.32792463996843557 0.836669921875 0.0028605247583349774 0.00634765625
0 0.713799565989347 0.83544921875 0.004044190175577037 0.0048828125
0 0.302278555928191 0.833740234375 0.001085026632471888 0.00244140625
0 0.29818504636022886 0.834228515625 0.0013809429867824028 0.00341796875
0 0.29374630104557115 0.833251953125 0.0011836654172420597 0.00244140625
0 0.26627539948707835 0.833984375 0.0028605247583349774 0.00390625
0 0.23895245610574078 0.833740234375 0.0016768593410929177 0.00341796875
0 0.26997435391595975 0.83251953125 0.0009863878477017164 0.001953125
0 0.23658512527125666 0.8330078125 0.0008877490629315447 0.0029296875
0 0.22376208325113434 0.833251953125 0.0014795817715525744 0.00341796875
0 0.22958177155257448 0.832275390625 0.001085026632471888 0.00244140625
0 0.7236634444663642 0.832275390625 0.002071414480173604 0.00341796875
0 0.3318208719668574 0.83349609375 0.0033537186821858355 0.0068359375
0 0.2909844150720063 0.83203125 0.0011836654172420597 0.00390625
0 0.24097455119352928 0.83056640625 0.0009863878477017164 0.0029296875
0 0.6946143223515486 0.830810546875 0.003550996251726179 0.00439453125
0 0.2976425330439929 0.829833984375 0.0016768593410929177 0.00244140625
0 0.704576839613336 0.831298828125 0.0051292168080489245 0.00634765625
0 0.32817123693036104 0.8291015625 0.000789110278161373 0.0029296875
0 0.7263266916551588 0.828125 0.0030578023278753207 0.001953125
0 0.6955020714144802 0.828125 0.0011836654172420597 0.001953125
0 0.365506016965871 0.828857421875 0.001085026632471888 0.00439453125
0 0.27174985204182284 0.828369140625 0.0013809429867824028 0.00341796875
0 0.7081771552574472 0.826416015625 0.002071414480173604 0.00244140625
0 0.24136910633261 0.826171875 0.0009863878477017164 0.0029296875
0 0.2976425330439929 0.8251953125 0.0008877490629315447 0.001953125
0 0.252860524758335 0.82568359375 0.0008877490629315447 0.0029296875
0 0.21937265732886171 0.82568359375 0.0013809429867824028 0.0029296875
0 0.26780430065101596 0.825439453125 0.003550996251726179 0.00341796875
0 0.2588774906293154 0.824951171875 0.001085026632471888 0.00244140625
0 0.2516768593410929 0.824951171875 0.0008877490629315447 0.00244140625
0 0.2472381140264352 0.826171875 0.004636022884198066 0.0048828125
0 0.17301242848688103 0.825439453125 0.0025646084040244622 0.00341796875
0 0.7282501479581771 0.824462890625 0.0025646084040244622 0.00244140625
0 0.6993489840205168 0.826904296875 0.005326494377589268 0.00830078125
0 0.2754488064707043 0.825439453125 0.005227855592819097 0.00537109375
0 0.7231702505425133 0.826416015625 0.007397908857762872 0.01025390625
0 0.6978200828565793 0.822021484375 0.0016768593410929177 0.00244140625
0 0.7169066877096074 0.82275390625 0.003748273821266522 0.005859375
0 0.3045472479779049 0.821044921875 0.0008877490629315447 0.00244140625
0 0.325853225488262 0.826171875 0.0038469126060366936 0.013671875
0 0.27441309923061746 0.820556640625 0.0013809429867824028 0.00244140625
0 0.2298283685144999 0.82080078125 0.0009863878477017164 0.0029296875
0 0.31929374630104557 0.8232421875 0.0033537186821858355 0.0087890625
0 0.1881041625567173 0.820068359375 0.0011836654172420597 0.00244140625
0 0.709163543105149 0.819580078125 0.002663247188794634 0.00244140625
0 0.3302919708029197 0.822998046875 0.002663247188794634 0.00927734375
0 0.3149043203787729 0.82177734375 0.003255079897415664 0.0068359375
0 0.18139672519234562 0.820068359375 0.0009863878477017164 0.00341796875
0 0.17690866048530282 0.81982421875 0.006214243440520813 0.00390625
0 0.7199151706450977 0.8193359375 0.0036496350364963502 0.00390625
0 0.28812389031367136 0.818603515625 0.001578220556322746 0.00244140625
0 0.23806470704280924 0.818359375 0.0006904714933912014 0.001953125
0 0.2784572894061945 0.818359375 0.0019727756954034327 0.0029296875
0 0.2670151903728546 0.81982421875 0.0039455513908068654 0.005859375
0 0.28555928190964686 0.81884765625 0.003156441112645492 0.0048828125
0 0.24842177944367724 0.818115234375 0.0012823042020122311 0.00439453125
0 0.32407772736239887 0.817626953125 0.0014795817715525744 0.00537109375
0 0.302278555928191 0.81494140625 0.001085026632471888 0.001953125
0 0.17671138291576247 0.814453125 0.0014795817715525744 0.001953125
0 0.7077332807259814 0.814697265625 0.0025646084040244622 0.00341796875
0 0.23584533438548036 0.814697265625 0.0011836654172420597 0.00341796875
0 0.18243243243243243 0.81396484375 0.0008877490629315447 0.0029296875
0 0.24975340303807458 0.813720703125 0.0025646084040244622 0.00439453125
0 0.7019135924245413 0.816162109375 0.007891102781613731 0.01025390625
0 0.26893864667587297 0.812744140625 0.0030578023278753207 0.00341796875
0 0.7047247977904912 0.81005859375 0.002663247188794634 0.001953125
0 0.6833695008877491 0.811767578125 0.003748273821266522 0.00537109375
0 0.6662556717301242 0.810302734375 0.0012823042020122311 0.00341796875
0 0.2744624186230026 0.811767578125 0.004044190175577037 0.00927734375
0 0.3056322746103768 0.809326171875 0.0022686920497139475 0.00537109375
0 0.25014795817715524 0.808349609375 0.0013809429867824028 0.00341796875
0 0.3406983625961728 0.807373046875 0.0011836654172420597 0.00244140625
0 0.6999408167291379 0.807861328125 0.0017754981258630894 0.00439453125
0 0.25369895442888146 0.807373046875 0.0011836654172420597 0.00341796875
0 0.2875320576050503 0.80615234375 0.0009863878477017164 0.001953125
0 0.35909449595580983 0.804931640625 0.0014795817715525744 0.00244140625
0 0.3000591832708621 0.804931640625 0.003550996251726179 0.00439453125
0 0.7031465772341685 0.804443359375 0.004044190175577037 0.00537109375
0 0.7000394555139081 0.802001953125 0.0017754981258630894 0.00244140625
0 0.3309824422963109 0.8017578125 0.0008877490629315447 0.0029296875
0 0.2566087985796015 0.8017578125 0.001085026632471888 0.00390625
0 0.7059084632077333 0.802490234375 0.0038469126060366936 0.00634765625
0 0.29527520220950876 0.7998046875 0.0008877490629315447 0.001953125
0 0.3220063128822253 0.798828125 0.0008877490629315447 0.0029296875
0 0.3041033734464391 0.798828125 0.0013809429867824028 0.0029296875
0 0.23619057013217598 0.799560546875 0.005227855592819097 0.00439453125
0 0.41354310514894455 0.798828125 0.0012823042020122311 0.00390625
0 0.3251134346024857 0.80126953125 0.004142828960347208 0.009765625
0 0.27697770763464197 0.798095703125 0.003550996251726179 0.00341796875
0 0.3128822252909844 0.79736328125 0.0025646084040244622 0.00390625
0 0.39933912014203987 0.796142578125 0.0012823042020122311 0.00244140625
0 0.3372953245216019 0.79541015625 0.001874136910633261 0.0029296875
0 0.2927105938054843 0.795166015625 0.002663247188794634 0.00439453125
0 0.41536792266719275 0.7939453125 0.000789110278161373 0.0029296875
0 0.25014795817715524 0.794677734375 0.0025646084040244622 0.00439453125
0 0.23905109489051096 0.794677734375 0.0016768593410929177 0.00439453125
0 0.25808838035115406 0.79345703125 0.001085026632471888 0.0029296875
0 0.3766521996449004 0.794189453125 0.004636022884198066 0.00634765625
0 0.31544683369500887 0.792724609375 0.0039455513908068654 0.00537109375
0 0.3541132373249162 0.790771484375 0.0017754981258630894 0.00537109375
0 0.3519431840599724 0.7900390625 0.0009863878477017164 0.00390625
0 0.3286644308542119 0.79345703125 0.005326494377589268 0.0107421875
0 0.3958867626750838 0.790771484375 0.001874136910633261 0.00634765625
0 0.2878279739593608 0.78857421875 0.0009863878477017164 0.001953125
0 0.32299270072992703 0.791015625 0.0030578023278753207 0.0078125
0 0.37541921483527324 0.787841796875 0.002959163543105149 0.00341796875
0 0.30765436969816534 0.7890625 0.0033537186821858355 0.005859375
0 0.24319392385085817 0.78857421875 0.00424146774511738 0.0048828125
0 0.3328072598145591 0.7861328125 0.000789110278161373 0.0029296875
0 0.7030479384493983 0.785888671875 0.002663247188794634 0.00341796875
0 0.6918031169855987 0.787841796875 0.0030578023278753207 0.00732421875
0 0.3460741763661472 0.784912109375 0.0008877490629315447 0.00244140625
0 0.7281021897810219 0.78466796875 0.0012823042020122311 0.0029296875
0 0.3434602485697376 0.7841796875 0.002170053264943776 0.0029296875
0 0.4110278161373052 0.78466796875 0.002170053264943776 0.0048828125
0 0.7094101400670744 0.783447265625 0.0061156046557506415 0.00439453125
0 0.29793844939830344 0.782470703125 0.002071414480173604 0.00244140625
0 0.2565594791872164 0.78271484375 0.0017754981258630894 0.0029296875
0 0.3869599526533833 0.785400390625 0.003156441112645492 0.00927734375
0 0.7161668968238312 0.781494140625 0.0022686920497139475 0.00244140625
0 0.35791083053856776 0.78076171875 0.0006904714933912014 0.001953125
0 0.6922963109094495 0.781494140625 0.00424146774511738 0.00439453125
0 0.4041231012033932 0.7822265625 0.001578220556322746 0.005859375
0 0.3082955217991714 0.780517578125 0.0008877490629315447 0.00244140625
0 0.3046952061550602 0.780517578125 0.000789110278161373 0.00244140625
0 0.42256855395541526 0.781005859375 0.0013809429867824028 0.00439453125
0 0.3320674689287828 0.781005859375 0.0014795817715525744 0.00439453125
0 0.3838528309331229 0.77978515625 0.001085026632471888 0.0029296875
0 0.6621128427697771 0.77880859375 0.001085026632471888 0.001953125
0 0.35105543499704084 0.779052734375 0.0011836654172420597 0.00244140625
0 0.26361215229828366 0.778564453125 0.0006904714933912014 0.00244140625
0 0.25414282896034723 0.778564453125 0.001085026632471888 0.00244140625
0 0.5306766620635234 0.7802734375 0.0027618859735648055 0.0087890625
0 0.5325507989741567 0.776611328125 0.001578220556322746 0.00244140625
0 0.38898204774117184 0.776123046875 0.001085026632471888 0.00244140625
0 0.4115703294535411 0.77685546875 0.0012823042020122311 0.0048828125
0 0.29049122114815545 0.775146484375 0.002959163543105149 0.00244140625
0 0.6790293943578615 0.775146484375 0.003748273821266522 0.00439453125
0 0.34198066679818506 0.776123046875 0.0023673308344841193 0.00634765625
0 0.33916946143223514 0.776611328125 0.002465969619254291 0.00732421875
0 0.6532846715328468 0.774658203125 0.0033537186821858355 0.00439453125
0 0.2823042020122312 0.77392578125 0.002170053264943776 0.00390625
0 0.39800749654764256 0.77294921875 0.0009863878477017164 0.00390625
0 0.34434799763266916 0.7734375 0.0019727756954034327 0.0048828125
0 0.25581968830144014 0.772705078125 0.002465969619254291 0.00341796875
0 0.6613237324916157 0.7734375 0.003452357466956007 0.005859375
0 0.40555336358256067 0.772705078125 0.002663247188794634 0.00439453125
0 0.6261590057210495 0.77099609375 0.0011836654172420597 0.0029296875
0 0.7026533833103176 0.7734375 0.0066087985796014995 0.0087890625
0 0.6489445650029592 0.77197265625 0.002170053264943776 0.0068359375
0 0.598293549023476 0.76953125 0.002465969619254291 0.0029296875
0 0.3341388834089564 0.769775390625 0.0016768593410929177 0.00341796875
0 0.6831722233182087 0.768798828125 0.0009863878477017164 0.00244140625
0 0.6759222726376011 0.770263671875 0.002663247188794634 0.00537109375
0 0.2726869204971395 0.7685546875 0.0022686920497139475 0.0029296875
0 0.3958867626750838 0.76806640625 0.001085026632471888 0.0029296875
0 0.38469126060366937 0.76904296875 0.001578220556322746 0.005859375
0 0.3807950286052476 0.767333984375 0.001085026632471888 0.00341796875
0 0.664332215427106 0.767822265625 0.0033537186821858355 0.00634765625
0 0.5325014795817715 0.767333984375 0.0030578023278753207 0.00537109375
0 0.3821266521996449 0.765869140625 0.000789110278161373 0.00244140625
0 0.332166107713553 0.766357421875 0.0016768593410929177 0.00341796875
0 0.38888340895640167 0.767822265625 0.0036496350364963502 0.00732421875
0 0.32299270072992703 0.76513671875 0.0012823042020122311 0.0029296875
0 0.6983625961728152 0.764892578125 0.0027618859735648055 0.00341796875
0 0.6415959755375814 0.764404296875 0.0016768593410929177 0.00244140625
0 0.5276681791280331 0.766845703125 0.00483330045373841 0.00732421875
0 0.41773525350167684 0.76513671875 0.0009863878477017164 0.00390625
0 0.34050108502663246 0.7646484375 0.000789110278161373 0.0029296875
0 0.2868415861116591 0.76416015625 0.005326494377589268 0.00390625
0 0.2715032550798974 0.763671875 0.0030578023278753207 0.0029296875
0 0.5688005523771947 0.763427734375 0.002465969619254291 0.00341796875
0 0.2820576050503058 0.763671875 0.0036496350364963502 0.00390625
0 0.7029492996646282 0.761474609375 0.0014795817715525744 0.00244140625
0 0.4088577628723614 0.76220703125 0.0011836654172420597 0.00390625
0 0.3853324127046755 0.76220703125 0.001085026632471888 0.00390625
0 0.37606036693627937 0.762939453125 0.002071414480173604 0.00537109375
0 0.693134740579996 0.761474609375 0.0019727756954034327 0.00341796875
0 0.6706450976523969 0.76220703125 0.002959163543105149 0.005859375
0 0.31939238508581574 0.760498046875 0.0009863878477017164 0.00244140625
0 0.5169658709804695 0.760986328125 0.0011836654172420597 0.00439453125
0 0.4262675083842967 0.760009765625 0.0014795817715525744 0.00244140625
0 0.39277964095482343 0.76513671875 0.003748273821266522 0.013671875
0 0.616097849674492 0.760009765625 0.0011836654172420597 0.00439453125
0 0.5136614716906688 0.759521484375 0.0012823042020122311 0.00341796875
0 0.3292069441704478 0.759521484375 0.0016768593410929177 0.00341796875
0 0.6409548234365753 0.758544921875 0.0023673308344841193 0.00244140625
0 0.567222331820872 0.76025390625 0.00483330045373841 0.005859375
0 0.5269283882422569 0.75830078125 0.000789110278161373 0.001953125
0 0.6055928190964688 0.759765625 0.002465969619254291 0.005859375
0 0.40037482738212665 0.76513671875 0.005918327086210298 0.0166015625
0 0.6868218583547051 0.7578125 0.0011836654172420597 0.0029296875
0 0.5641645294929967 0.758544921875 0.001085026632471888 0.00439453125
0 0.3825705267311107 0.75927734375 0.0014795817715525744 0.005859375
0 0.6542710593805484 0.75732421875 0.0009863878477017164 0.0029296875
0 0.6015979483132767 0.758544921875 0.003550996251726179 0.00634765625
0 0.5762477806273427 0.758056640625 0.005326494377589268 0.00537109375
0 0.4221246794239495 0.755859375 0.0016768593410929177 0.001953125
0 0.3783783783783784 0.75634765625 0.000789110278161373 0.0029296875
0 0.1770566186624581 0.75634765625 0.0023673308344841193 0.0029296875
0 0.42888143618070623 0.756103515625 0.001578220556322746 0.00341796875
0 0.42616886959952655 0.756103515625 0.001874136910633261 0.00341796875
0 0.2901953047938449 0.755126953125 0.0013809429867824028 0.00244140625
0 0.6790787137502466 0.755126953125 0.0014795817715525744 0.00439453125
0 0.6705957782600118 0.755126953125 0.001874136910633261 0.00439453125
0 0.6560465575064115 0.75244140625 0.004340106529887552 0.0029296875
0 0.6904714933912014 0.75341796875 0.004142828960347208 0.005859375
0 0.5658413888340895 0.751708984375 0.001874136910633261 0.00244140625
0 0.42582363385283095 0.751708984375 0.0011836654172420597 0.00244140625
0 0.42325902544880645 0.751953125 0.002170053264943776 0.0029296875
0 0.377589268100217 0.752197265625 0.0013809429867824028 0.00341796875
0 0.5639672519234563 0.751220703125 0.0008877490629315447 0.00244140625
0 0.2972479779049122 0.751708984375 0.0012823042020122311 0.00341796875
0 0.7126652199644901 0.752197265625 0.003156441112645492 0.00537109375
0 0.6745413296508187 0.754150390625 0.0044387453146577235 0.01025390625
0 0.387354507792464 0.754638671875 0.003748273821266522 0.01220703125
0 0.6403629907279542 0.751708984375 0.003550996251726179 0.00732421875
0 0.601696587098047 0.751708984375 0.0051292168080489245 0.00732421875
0 0.4184257249950681 0.75390625 0.003748273821266522 0.0126953125
0 0.5381732097060564 0.748046875 0.0009863878477017164 0.001953125
0 0.38188005523771945 0.74853515625 0.001874136910633261 0.0029296875
0 0.683320181495364 0.754638671875 0.005227855592819097 0.01611328125
0 0.4664134937857566 0.748779296875 0.0016768593410929177 0.00439453125
0 0.42099033339909253 0.746337890625 0.000789110278161373 0.00244140625
0 0.6192049713947524 0.74853515625 0.003255079897415664 0.0087890625
0 0.5920793055829552 0.7451171875 0.0022686920497139475 0.001953125
0 0.5636220161767607 0.745849609375 0.0019727756954034327 0.00341796875
0 0.3804991122509371 0.7451171875 0.001085026632471888 0.001953125
0 0.5600217005326494 0.747314453125 0.004636022884198066 0.00830078125
0 0.48623988952456104 0.744384765625 0.0016768593410929177 0.00244140625
0 0.687906884987177 0.745361328125 0.004537384099427895 0.00634765625
0 0.6347898993884395 0.7451171875 0.0022686920497139475 0.005859375
0 0.41679818504636024 0.744140625 0.002465969619254291 0.00390625
0 0.43036101795225884 0.7431640625 0.000789110278161373 0.0029296875
0 0.608601302031959 0.7431640625 0.002959163543105149 0.00390625
0 0.6382915762477807 0.74267578125 0.001578220556322746 0.00390625
0 0.6327184849082659 0.7421875 0.0014795817715525744 0.00390625
0 0.5480370881830736 0.745361328125 0.0051292168080489245 0.01025390625
0 0.6954527520220951 0.740966796875 0.0016768593410929177 0.00244140625
0 0.6735056224107319 0.7421875 0.003748273821266522 0.0048828125
0 0.5627835865062143 0.74169921875 0.00424146774511738 0.00390625
0 0.4066877096074176 0.74072265625 0.0009863878477017164 0.0029296875
0 0.6792266719274018 0.7412109375 0.0061156046557506415 0.0048828125
0 0.40170645097652397 0.740966796875 0.002465969619254291 0.00439453125
0 0.4257249950680608 0.741943359375 0.0017754981258630894 0.00732421875
0 0.560909449595581 0.7392578125 0.001874136910633261 0.0029296875
0 0.5544486091931348 0.74169921875 0.004537384099427895 0.0078125
0 0.697672124679424 0.73828125 0.0013809429867824028 0.001953125
0 0.4983231406589071 0.738037109375 0.0011836654172420597 0.00244140625
0 0.41536792266719275 0.7392578125 0.0013809429867824028 0.0048828125
0 0.1624087591240876 0.738525390625 0.003452357466956007 0.00341796875
0 0.6838133754192148 0.739501953125 0.005030578023278753 0.00634765625
0 0.6147169066877096 0.740966796875 0.005918327086210298 0.00927734375
0 0.5477904912211482 0.73876953125 0.0016768593410929177 0.005859375
0 0.5176563424738607 0.737060546875 0.001578220556322746 0.00244140625
0 0.7215920299861905 0.737548828125 0.004044190175577037 0.00439453125
0 0.6606332609982245 0.737060546875 0.0012823042020122311 0.00341796875
0 0.5255967646478595 0.73779296875 0.0012823042020122311 0.0048828125
0 0.45664825409350956 0.737548828125 0.001085026632471888 0.00439453125
0 0.6432728348786743 0.74072265625 0.00483330045373841 0.01171875
0 0.6368613138686131 0.738037109375 0.001874136910633261 0.00732421875
0 0.6243341882028013 0.736328125 0.002465969619254291 0.00390625
0 0.6334582757940422 0.73681640625 0.0025646084040244622 0.005859375
0 0.5524265141053463 0.735107421875 0.0008877490629315447 0.00244140625
0 0.48061747879266126 0.736328125 0.003452357466956007 0.0048828125
0 0.6918524363779838 0.73583984375 0.0023673308344841193 0.0048828125
0 0.5819195107516275 0.734619140625 0.0006904714933912014 0.00244140625
0 0.5283586506214244 0.7373046875 0.003452357466956007 0.0078125
0 0.5550404419017557 0.734619140625 0.001578220556322746 0.00341796875
0 0.5372361412507398 0.734375 0.0016768593410929177 0.0029296875
0 0.4417044782008286 0.734375 0.0013809429867824028 0.0029296875
0 0.5200729927007299 0.73486328125 0.002663247188794634 0.0048828125
0 0.43692049713947523 0.73388671875 0.0008877490629315447 0.0029296875
0 0.4353422765831525 0.73486328125 0.0014795817715525744 0.0048828125
0 0.41477608995857174 0.73388671875 0.0019727756954034327 0.0029296875
0 0.6514598540145985 0.7353515625 0.005622410731899783 0.0068359375
0 0.5402939435786152 0.737548828125 0.004636022884198066 0.01220703125
0 0.6898303412901953 0.736083984375 0.0030578023278753207 0.01025390625
0 0.6363681199447623 0.73193359375 0.001874136910633261 0.00390625
0 0.5622903925823634 0.7314453125 0.0014795817715525744 0.0029296875
0 0.5003452357466956 0.7333984375 0.0036496350364963502 0.0068359375
0 0.44663641743933713 0.731201171875 0.000789110278161373 0.00244140625
0 0.15604655750641153 0.73291015625 0.003748273821266522 0.005859375
0 0.6439633063720654 0.73095703125 0.002071414480173604 0.0029296875
0 0.5353126849477214 0.731201171875 0.002170053264943776 0.00634765625
0 0.49610376800157824 0.735107421875 0.00424146774511738 0.01416015625
0 0.42498520418228447 0.730712890625 0.003255079897415664 0.00537109375
0 0.3988952456105741 0.732177734375 0.0027618859735648055 0.00830078125
0 0.7082757940422174 0.729736328125 0.0022686920497139475 0.00439453125
0 0.409794831327678 0.7314453125 0.002663247188794634 0.0078125
0 0.4016078121917538 0.730712890625 0.002663247188794634 0.00634765625
0 0.6685243637798383 0.729248046875 0.003255079897415664 0.00439453125
0 0.48831130400473466 0.72802734375 0.0008877490629315447 0.001953125
0 0.4647366344446636 0.728759765625 0.0016768593410929177 0.00341796875
0 0.40708226474649833 0.730712890625 0.003156441112645492 0.00732421875
0 0.3956401657131584 0.730224609375 0.002170053264943776 0.00634765625
0 0.3912014203985007 0.731201171875 0.006510159794831328 0.00830078125
0 0.1526435194318406 0.730712890625 0.005819688301440126 0.00732421875
0 0.5617971986585125 0.72802734375 0.0008877490629315447 0.0029296875
0 0.32817123693036104 0.728759765625 0.0011836654172420597 0.00439453125
0 0.14504833300453737 0.728515625 0.0044387453146577235 0.00390625
0 0.6771552574472283 0.727294921875 0.0009863878477017164 0.00244140625
0 0.5651015979483133 0.726806640625 0.0017754981258630894 0.00146484375
0 0.5387157230222923 0.72705078125 0.001085026632471888 0.0029296875
0 0.549467350562241 0.73046875 0.00424146774511738 0.0107421875
0 0.5425626356283291 0.728515625 0.0036496350364963502 0.0068359375
0 0.49176366147169065 0.728759765625 0.00424146774511738 0.00830078125
0 0.6894851055434997 0.727294921875 0.003156441112645492 0.00732421875
0 0.41882028013414874 0.724853515625 0.0011836654172420597 0.00244140625
0 0.6825310712172026 0.72412109375 0.001874136910633261 0.0029296875
0 0.5230814756362202 0.724365234375 0.0023673308344841193 0.00341796875
0 0.3834089564016571 0.725830078125 0.004340106529887552 0.00634765625
0 0.5982442296310909 0.723388671875 0.0009863878477017164 0.00244140625
0 0.5513908068652594 0.7255859375 0.004142828960347208 0.0068359375
0 0.49659696192542907 0.724609375 0.002465969619254291 0.005859375
0 0.5710692444269087 0.722900390625 0.0014795817715525744 0.00341796875
0 0.6994969421976721 0.724609375 0.005819688301440126 0.0078125
0 0.6794732688893272 0.72265625 0.0022686920497139475 0.0048828125
0 0.6912606036693628 0.7216796875 0.0017754981258630894 0.00390625
0 0.6754783981061353 0.72314453125 0.002170053264943776 0.0078125
0 0.569540343262971 0.72021484375 0.0019727756954034327 0.001953125
0 0.43193923850858157 0.72216796875 0.002170053264943776 0.005859375
0 0.42468928782797394 0.72119140625 0.0014795817715525744 0.00390625
0 0.5926218188991912 0.72021484375 0.0009863878477017164 0.0029296875
0 0.5757545867034918 0.72216796875 0.008088380351154074 0.0068359375
0 0.5598244229631091 0.720947265625 0.0016768593410929177 0.00439453125
0 0.48347800355099624 0.72119140625 0.001874136910633261 0.005859375
0 0.4805188400078911 0.72119140625 0.0014795817715525744 0.005859375
0 0.47825014795817716 0.720947265625 0.002465969619254291 0.00537109375
0 0.3918918918918919 0.721923828125 0.003550996251726179 0.00732421875
0 0.6423357664233577 0.719970703125 0.001578220556322746 0.00439453125
0 0.5984415072006313 0.71875 0.0009863878477017164 0.0029296875
0 0.4943775892681002 0.719970703125 0.0025646084040244622 0.00537109375
0 0.7268692049713947 0.718505859375 0.0019727756954034327 0.00341796875
0 0.6974255277174986 0.718505859375 0.001085026632471888 0.00341796875
0 0.6374038271848491 0.722412109375 0.004931939238508582 0.01220703125
0 0.5127244032353522 0.718017578125 0.0009863878477017164 0.00341796875
0 0.4912704675478398 0.718017578125 0.0016768593410929177 0.00439453125
0 0.6173308344841192 0.719482421875 0.002465969619254291 0.00830078125
0 0.6859834286841586 0.716796875 0.001874136910633261 0.00390625
0 0.5227362398895246 0.7177734375 0.0028605247583349774 0.005859375
0 0.4408660485302821 0.718505859375 0.0028605247583349774 0.00732421875
0 0.5679621227066483 0.717041015625 0.0013809429867824028 0.00537109375
0 0.6702505425133163 0.7158203125 0.0027618859735648055 0.00390625
0 0.6439633063720654 0.718017578125 0.00424146774511738 0.00830078125
0 0.40944959558098243 0.715576171875 0.0013809429867824028 0.00341796875
0 0.6811501282304202 0.715087890625 0.001085026632471888 0.00341796875
0 0.404616295127244 0.716064453125 0.0013809429867824028 0.00537109375
0 0.6126948115999211 0.71435546875 0.0014795817715525744 0.0029296875
0 0.5329946735056225 0.715087890625 0.004044190175577037 0.00439453125
0 0.5288025251528902 0.715576171875 0.004142828960347208 0.00537109375
0 0.6105247583349773 0.7138671875 0.0008877490629315447 0.0029296875
0 0.601696587098047 0.714599609375 0.0019727756954034327 0.00439453125
0 0.5113434602485697 0.713134765625 0.0013809429867824028 0.00146484375
0 0.4814065890708226 0.7158203125 0.0028605247583349774 0.0068359375
0 0.32590254488064707 0.71337890625 0.0009863878477017164 0.001953125
0 0.6760702308147564 0.71337890625 0.0017754981258630894 0.0029296875
0 0.660929177352535 0.713134765625 0.0006904714933912014 0.00244140625
0 0.5487275596764648 0.716064453125 0.0027618859735648055 0.00830078125
0 0.5249556125468534 0.71484375 0.001578220556322746 0.005859375
0 0.4131485500098639 0.71484375 0.0016768593410929177 0.005859375
0 0.6675872953245217 0.712890625 0.002170053264943776 0.0029296875
0 0.6439139869796804 0.713134765625 0.0009863878477017164 0.00341796875
0 0.5775300848293549 0.715576171875 0.0023673308344841193 0.00927734375
0 0.6888932728348787 0.7119140625 0.004734661668968239 0.0029296875
0 0.5445354113237325 0.71337890625 0.003255079897415664 0.005859375
0 0.4940816729137897 0.712646484375 0.0011836654172420597 0.00439453125
0 0.67242059577826 0.712646484375 0.0017754981258630894 0.00634765625
0 0.6650720063128822 0.711669921875 0.001874136910633261 0.00439453125
0 0.6211284276977708 0.71337890625 0.002959163543105149 0.0078125
0 0.568356677845729 0.71337890625 0.0023673308344841193 0.0078125
0 0.5426119550207141 0.710693359375 0.0013809429867824028 0.00244140625
0 0.6237916748865654 0.71044921875 0.0019727756954034327 0.0029296875
0 0.5358551982639573 0.713623046875 0.006806076149141842 0.01025390625
0 0.5530183468139672 0.7099609375 0.0016768593410929177 0.00390625
0 0.5071513118958374 0.70947265625 0.0016768593410929177 0.0029296875
0 0.2423554941803117 0.709228515625 0.002170053264943776 0.00244140625
0 0.4457486683764056 0.709228515625 0.0013809429867824028 0.00341796875
0 0.635036496350365 0.708251953125 0.000789110278161373 0.00244140625
0 0.587344643913987 0.708740234375 0.0028605247583349774 0.00341796875
0 0.5395048333004537 0.70849609375 0.0016768593410929177 0.0029296875
0 0.6586604853028211 0.713623046875 0.00542513316235944 0.01416015625
0 0.5736831722233182 0.71240234375 0.004931939238508582 0.01171875
0 0.5252515289011639 0.7080078125 0.000789110278161373 0.0029296875
0 0.4783981061353324 0.7109375 0.0023673308344841193 0.0087890625
0 0.3807457092128625 0.7080078125 0.0009863878477017164 0.0029296875
0 0.632767804300651 0.70751953125 0.001578220556322746 0.0029296875
0 0.49945748668376405 0.7080078125 0.0012823042020122311 0.0048828125
0 0.551094890510949 0.706298828125 0.0011836654172420597 0.00244140625
0 0.516127441309923 0.706787109375 0.0030578023278753207 0.00341796875
0 0.6420398500690472 0.706298828125 0.0019727756954034327 0.00341796875
0 0.6278851844545276 0.70654296875 0.001874136910633261 0.00390625
0 0.600512921680805 0.713134765625 0.004734661668968239 0.01708984375
0 0.12063523377391991 0.704833984375 0.001578220556322746 0.00146484375
0 0.4244426908660485 0.705322265625 0.0013809429867824028 0.00341796875
0 0.6302525152890116 0.70458984375 0.0014795817715525744 0.0029296875
0 0.5428585519826395 0.70458984375 0.002071414480173604 0.0029296875
0 0.5656441112645492 0.705810546875 0.008384296705464589 0.00732421875
0 0.4967449201025843 0.71044921875 0.0051292168080489245 0.0166015625
0 0.6150128230420201 0.70751953125 0.006510159794831328 0.01171875
0 0.5287038863681199 0.705810546875 0.0023673308344841193 0.00830078125
0 0.5054744525547445 0.70263671875 0.0012823042020122311 0.001953125
0 0.4920102584336161 0.707763671875 0.003156441112645492 0.01220703125
0 0.687364371670941 0.702392578125 0.001085026632471888 0.00244140625
0 0.5588873545077925 0.703857421875 0.004340106529887552 0.00537109375
0 0.5226869204971395 0.70361328125 0.0019727756954034327 0.0048828125
0 0.6827283487867429 0.702880859375 0.0030578023278753207 0.00439453125
0 0.5455711185638193 0.70166015625 0.002170053264943776 0.0029296875
0 0.4793844939830341 0.7041015625 0.0019727756954034327 0.0078125
0 0.6296606825803907 0.70068359375 0.0012823042020122311 0.001953125
0 0.5248076543696981 0.70166015625 0.0012823042020122311 0.00390625
0 0.6706450976523969 0.701416015625 0.003550996251726179 0.00439453125
0 0.402298283685145 0.700927734375 0.0012823042020122311 0.00439453125
0 0.5870980469520616 0.701904296875 0.0019727756954034327 0.00732421875
0 0.5271749852041823 0.701171875 0.002071414480173604 0.005859375
0 0.45398500690471494 0.69970703125 0.0008877490629315447 0.0029296875
0 0.23288617084237523 0.700927734375 0.00907476819885579 0.00537109375
0 0.22731307950286053 0.699951171875 0.0014795817715525744 0.00341796875
0 0.6650226869204972 0.698974609375 0.0023673308344841193 0.00341796875
0 0.6676859341092918 0.698974609375 0.0019727756954034327 0.00439453125
0 0.6403629907279542 0.698974609375 0.001578220556322746 0.00439453125
0 0.6008088380351154 0.702392578125 0.004931939238508582 0.01123046875
0 0.5911422371276386 0.70361328125 0.005918327086210298 0.013671875
0 0.5838429670546459 0.6982421875 0.0013809429867824028 0.0029296875
0 0.22336752811205365 0.69873046875 0.005819688301440126 0.00390625
0 0.49871769579798775 0.6982421875 0.0013809429867824028 0.00390625
0 0.48194910238705857 0.6962890625 0.000789110278161373 0.001953125
0 0.21932333793647663 0.697265625 0.0016768593410929177 0.00390625
0 0.518938646675873 0.697509765625 0.0017754981258630894 0.00732421875
0 0.48900177549812585 0.695556640625 0.0012823042020122311 0.00341796875
0 0.3820773328072598 0.69482421875 0.0008877490629315447 0.001953125
0 0.650572104951667 0.695068359375 0.002465969619254291 0.00341796875
0 0.6139771158019334 0.69482421875 0.0012823042020122311 0.0029296875
0 0.5953343854803709 0.6982421875 0.002465969619254291 0.009765625
0 0.5296409548234365 0.695556640625 0.0014795817715525744 0.00439453125
0 0.6083053856776485 0.6953125 0.0025646084040244622 0.0048828125
0 0.5806865259420004 0.69775390625 0.0033537186821858355 0.0107421875
0 0.4847603077530085 0.693359375 0.001085026632471888 0.001953125
0 0.5930163740382719 0.694091796875 0.0033537186821858355 0.00634765625
0 0.551736042611955 0.692626953125 0.001085026632471888 0.00341796875
0 0.6006115604655751 0.692626953125 0.002170053264943776 0.00439453125
0 0.5463109094495956 0.691650390625 0.0006904714933912014 0.00244140625
0 0.5259913197869402 0.69189453125 0.001085026632471888 0.0029296875
0 0.19387453146577235 0.69287109375 0.007595186427303216 0.0048828125
0 0.46887946340501085 0.692626953125 0.0014795817715525744 0.00537109375
0 0.6188597356480569 0.69140625 0.0019727756954034327 0.00390625
0 0.4426415466561452 0.690673828125 0.0008877490629315447 0.00244140625
0 0.5115900572104952 0.69482421875 0.0036496350364963502 0.01171875
0 0.4920102584336161 0.6904296875 0.0009863878477017164 0.00390625
0 0.4799763266916552 0.69091796875 0.0019727756954034327 0.0048828125
0 0.45433024265141053 0.69140625 0.001578220556322746 0.005859375
0 0.4464884592621819 0.69091796875 0.001874136910633261 0.0048828125
0 0.44106332609982246 0.689697265625 0.0008877490629315447 0.00244140625
0 0.6700532649437759 0.68994140625 0.0027618859735648055 0.00390625
0 0.4516176760702308 0.691162109375 0.0028605247583349774 0.00634765625
0 0.4968435588873545 0.68896484375 0.0009863878477017164 0.0029296875
0 0.6598934701124483 0.690673828125 0.005523771947129611 0.00732421875
0 0.6024363779838232 0.688720703125 0.0012823042020122311 0.00341796875
0 0.51435194318406 0.689208984375 0.0012823042020122311 0.00439453125
0 0.5874432826987571 0.68798828125 0.0008877490629315447 0.0029296875
0 0.44486091931347405 0.691162109375 0.002959163543105149 0.00927734375
0 0.6306470704280923 0.691650390625 0.004044190175577037 0.01123046875
0 0.4297198658512527 0.68994140625 0.0066087985796014995 0.0078125
0 0.488508581574275 0.686767578125 0.001085026632471888 0.00244140625
0 0.4103866640362991 0.68994140625 0.0022686920497139475 0.0087890625
0 0.2550305780232788 0.686767578125 0.0030578023278753207 0.00244140625
0 0.17937463010455712 0.68701171875 0.002663247188794634 0.0029296875
0 0.6843558887354508 0.687255859375 0.0023673308344841193 0.00439453125
0 0.6188104162556717 0.686279296875 0.0014795817715525744 0.00244140625
0 0.4596567370289998 0.687744140625 0.0017754981258630894 0.00537109375
0 0.4870783191951075 0.68603515625 0.0009863878477017164 0.0029296875
0 0.42340698362596174 0.689208984375 0.005622410731899783 0.00927734375
0 0.41896823831130403 0.689208984375 0.0028605247583349774 0.01025390625
0 0.6521503255079898 0.6884765625 0.008384296705464589 0.009765625
0 0.4950680607614914 0.685546875 0.0013809429867824028 0.0048828125
0 0.6565397514302623 0.685302734375 0.003156441112645492 0.00537109375
0 0.45354113237324917 0.6845703125 0.0013809429867824028 0.00390625
0 0.40180508976129414 0.685546875 0.0016768593410929177 0.005859375
0 0.6469224699151707 0.685302734375 0.003452357466956007 0.00634765625
0 0.6164924048135727 0.68408203125 0.0011836654172420597 0.00390625
0 0.6637403827184849 0.68505859375 0.002170053264943776 0.0068359375
0 0.5820181495363977 0.684326171875 0.002465969619254291 0.00537109375
0 0.6412014203985007 0.688720703125 0.01213257052673111 0.01513671875
0 0.48135726967843756 0.68310546875 0.0011836654172420597 0.00390625
0 0.47820082856579205 0.683837890625 0.0017754981258630894 0.00537109375
0 0.4572894061945157 0.68359375 0.0017754981258630894 0.0048828125
0 0.434503846912606 0.6826171875 0.0011836654172420597 0.0048828125
0 0.6258137699743539 0.68310546875 0.0036496350364963502 0.0068359375
0 0.6223120931150128 0.68212890625 0.003748273821266522 0.0048828125
0 0.436180706253699 0.68212890625 0.0011836654172420597 0.0048828125
0 0.6043598342868416 0.6826171875 0.003156441112645492 0.0078125
0 0.44668573683172225 0.68115234375 0.0022686920497139475 0.0048828125
0 0.44318405997238114 0.68017578125 0.000789110278161373 0.0029296875
0 0.44535411323732493 0.6796875 0.000789110278161373 0.0029296875
0 0.4071315841388834 0.679931640625 0.0016768593410929177 0.00439453125
0 0.5195797987768791 0.678466796875 0.0008877490629315447 0.00244140625
0 0.6682777668179128 0.677978515625 0.0009863878477017164 0.00244140625
0 0.5007891102781614 0.678466796875 0.0009863878477017164 0.00341796875
0 0.47223318208719667 0.677734375 0.0016768593410929177 0.0029296875
0 0.4526533833103176 0.6787109375 0.0011836654172420597 0.0048828125
0 0.42715525744722826 0.677978515625 0.0016768593410929177 0.00341796875
0 0.48520418228447426 0.67724609375 0.0013809429867824028 0.0029296875
0 0.15501085026632472 0.676513671875 0.0036496350364963502 0.00244140625
0 0.5814756362201617 0.676513671875 0.0025646084040244622 0.00341796875
0 0.4769678437561649 0.67578125 0.0008877490629315447 0.0029296875
0 0.46897810218978103 0.675537109375 0.0012823042020122311 0.00341796875
0 0.4642434405208128 0.67529296875 0.0012823042020122311 0.00390625
0 0.5250049319392385 0.672607421875 0.002071414480173604 0.00341796875
0 0.4579305582955218 0.672119140625 0.001085026632471888 0.00244140625
0 0.48145590846320774 0.671875 0.000789110278161373 0.0029296875
0 0.4701617676070231 0.672119140625 0.0016768593410929177 0.00537109375
0 0.6233478003550996 0.671142578125 0.002071414480173604 0.00439453125
0 0.5291970802919708 0.6708984375 0.001578220556322746 0.0048828125
0 0.4509272045768396 0.672119140625 0.0022686920497139475 0.00732421875
0 0.6475143026237917 0.671142578125 0.002663247188794634 0.00634765625
0 0.45556322746103767 0.662109375 0.001874136910633261 0.0048828125
0 0.4692740185440915 0.654296875 0.004636022884198066 0.0029296875
0 0.44456500295916357 0.648193359375 0.0005918327086210298 0.00244140625
