0 0.36259617281515094 0.998779296875 0.0013809429867824028 0.00244140625
0 0.23323140658907082 0.998046875 0.002071414480173604 0.001953125
0 0.1989051094890511 0.99853515625 0.002465969619254291 0.0029296875
0 0.11535805878871572 0.998291015625 0.0028605247583349774 0.00341796875
0 0.5500098638784771 0.9970703125 0.0009863878477017164 0.001953125
0 0.547741171828763 0.99755859375 0.0013809429867824028 0.0029296875
0 0.47100019727756953 0.998046875 0.004537384099427895 0.00390625
0 0.39544288814361805 0.9970703125 0.0009863878477017164 0.0029296875
0 0.1926415466561452 0.997802734375 0.0023673308344841193 0.00439453125
0 0.13784770171631486 0.9970703125 0.0012823042020122311 0.0029296875
0 0.5104557111856382 0.99755859375 0.004931939238508582 0.0048828125
0 0.4562043795620438 0.99658203125 0.000789110278161373 0.0029296875
0 0.4233576642335766 0.996826171875 0.001578220556322746 0.00341796875
0 0.40974551193529296 0.996337890625 0.002959163543105149 0.00244140625
0 0.21577234168475046 0.99755859375 0.006214243440520813 0.0048828125
0 0.5834977313079502 0.99609375 0.0022686920497139475 0.0029296875
0 0.4390412310120339 0.995849609375 0.0017754981258630894 0.00244140625
0 0.3435588873545078 0.99658203125 0.0017754981258630894 0.00390625
0 0.2819589662655356 0.99658203125 0.0022686920497139475 0.00390625
0 0.13533241270467547 0.997314453125 0.002170053264943776 0.00537109375
0 0.41531860327480763 0.9970703125 0.00897612941408562 0.005859375
0 0.5262872361412507 0.995361328125 0.004044190175577037 0.00341796875
0 0.481603866640363 0.995849609375 0.0014795817715525744 0.00439453125
0 0.3917932531071217 0.996826171875 0.0039455513908068654 0.00634765625
0 0.19525547445255476 0.996826171875 0.002071414480173604 0.00634765625
0 0.191951075162754 0.99365234375 0.001578220556322746 0.001953125
0 0.49284868810416255 0.99365234375 0.001085026632471888 0.00390625
0 0.09523574669560071 0.9931640625 0.0022686920497139475 0.0029296875
0 0.6702998619057013 0.99267578125 0.002663247188794634 0.0029296875
0 0.3637305188400079 0.99365234375 0.0014795817715525744 0.0048828125
0 0.453442493588479 0.991943359375 0.0013809429867824028 0.00244140625
0 0.40565200236733084 0.991455078125 0.0028605247583349774 0.00244140625
0 0.21537778654566975 0.9912109375 0.0006904714933912014 0.001953125
0 0.21991517064509766 0.9921875 0.005030578023278753 0.0048828125
0 0.12162162162162163 0.99267578125 0.004142828960347208 0.005859375
0 0.13922864470309726 0.99169921875 0.006214243440520813 0.0048828125
0 0.13518445452752023 0.99072265625 0.0014795817715525744 0.0029296875
0 0.5845827579404221 0.991455078125 0.0036496350364963502 0.00537109375
0 0.48037088183073584 0.99072265625 0.003748273821266522 0.00390625
0 0.4093016374038272 0.9912109375 0.003255079897415664 0.0048828125
0 0.6651706450976524 0.990478515625 0.006016965870980469 0.00439453125
0 0.47055632274610376 0.9892578125 0.0008877490629315447 0.001953125
0 0.4283882422568554 0.989501953125 0.002170053264943776 0.00244140625
0 0.27761885973564804 0.98974609375 0.001874136910633261 0.0029296875
0 0.2180903531268495 0.9892578125 0.000789110278161373 0.001953125
0 0.11210297889130005 0.990478515625 0.0012823042020122311 0.00439453125
0 0.4850069047149339 0.990234375 0.003156441112645492 0.0048828125
0 0.315496153087394 0.98876953125 0.0012823042020122311 0.001953125
0 0.5105050305780233 0.98828125 0.002071414480173604 0.001953125
0 0.293105148944565 0.98876953125 0.0022686920497139475 0.0029296875
0 0.1154566975734859 0.991455078125 0.005227855592819097 0.00830078125
0 0.09513710791083053 0.989013671875 0.0028605247583349774 0.00341796875
0 0.5849773130795028 0.98828125 0.0016768593410929177 0.0029296875
0 0.4441211284276978 0.989501953125 0.007003353718682186 0.00634765625
0 0.31243835075951865 0.98828125 0.002663247188794634 0.00390625
0 0.13168277766817912 0.9931640625 0.004340106529887552 0.013671875
0 0.34050108502663246 0.98681640625 0.001578220556322746 0.0029296875
0 0.31450976523969226 0.986328125 0.001874136910633261 0.0029296875
0 0.16960939041231013 0.98583984375 0.0008877490629315447 0.001953125
0 0.48949496942197673 0.990234375 0.006016965870980469 0.0126953125
0 0.17192740185440916 0.98486328125 0.0009863878477017164 0.001953125
0 0.36210297889130005 0.984619140625 0.000789110278161373 0.00244140625
0 0.2760406391793253 0.98583984375 0.004044190175577037 0.0048828125
0 0.1675379759321365 0.984619140625 0.0016768593410929177 0.00244140625
0 0.5111955020714145 0.984130859375 0.0022686920497139475 0.00244140625
0 0.4500887749062932 0.98388671875 0.0013809429867824028 0.001953125
0 0.4099921088972184 0.98486328125 0.0038469126060366936 0.00390625
0 0.11013020319589663 0.985107421875 0.0016768593410929177 0.00439453125
0 0.2788025251528901 0.9833984375 0.0012823042020122311 0.0029296875
0 0.11279345038469125 0.9853515625 0.0030578023278753207 0.0078125
0 0.6777470901558493 0.982421875 0.0011836654172420597 0.0029296875
0 0.5282600118366542 0.98291015625 0.0016768593410929177 0.00390625
0 0.4846616689682383 0.9833984375 0.0030578023278753207 0.0048828125
0 0.3438054843164332 0.982666015625 0.0022686920497139475 0.00341796875
0 0.6707930558295522 0.982421875 0.004044190175577037 0.00390625
0 0.5200729927007299 0.98193359375 0.0014795817715525744 0.0029296875
0 0.4578812389031367 0.982177734375 0.001578220556322746 0.00341796875
0 0.4923554941803117 0.98193359375 0.0016768593410929177 0.00390625
0 0.43312290392582364 0.980712890625 0.0009863878477017164 0.00244140625
0 0.26519037285460645 0.982666015625 0.003255079897415664 0.00634765625
0 0.15032550798974156 0.980712890625 0.0013809429867824028 0.00244140625
0 0.48313276780430064 0.97998046875 0.000789110278161373 0.001953125
0 0.4458966265535609 0.98095703125 0.0038469126060366936 0.00390625
0 0.2678536200434011 0.982421875 0.003452357466956007 0.0068359375
0 0.12818110080883804 0.981201171875 0.0036496350364963502 0.00537109375
0 0.5034030380745709 0.978759765625 0.0006904714933912014 0.00244140625
0 0.31416452949299667 0.979248046875 0.0013809429867824028 0.00341796875
0 0.49812586308936674 0.978271484375 0.002170053264943776 0.00244140625
0 0.1714342079305583 0.98046875 0.0051292168080489245 0.0068359375
0 0.674738607220359 0.97802734375 0.001085026632471888 0.00390625
0 0.4550207141448017 0.9794921875 0.002170053264943776 0.0068359375
0 0.43420793055829554 0.976806640625 0.000789110278161373 0.00244140625
0 0.3391201420398501 0.976806640625 0.001578220556322746 0.00244140625
0 0.4304103373446439 0.9765625 0.002071414480173604 0.0029296875
0 0.4108798579601499 0.976806640625 0.003255079897415664 0.00341796875
0 0.5366443085421188 0.977294921875 0.0014795817715525744 0.00537109375
0 0.13089366739001776 0.9755859375 0.0009863878477017164 0.001953125
0 0.4934898402051687 0.974609375 0.001578220556322746 0.001953125
0 0.13996843558887354 0.974853515625 0.000789110278161373 0.00244140625
0 0.36377983823239296 0.974609375 0.002170053264943776 0.0029296875
0 0.5514894456500296 0.973876953125 0.0011836654172420597 0.00244140625
0 0.3261984612349576 0.973876953125 0.002170053264943776 0.00244140625
0 0.44491023870585916 0.975341796875 0.002071414480173604 0.00732421875
0 0.43923850858157426 0.974365234375 0.006904714933912014 0.00537109375
0 0.3659005721049517 0.97216796875 0.0006904714933912014 0.001953125
0 0.3595383704872756 0.97216796875 0.001578220556322746 0.001953125
0 0.39509765239692246 0.9716796875 0.0008877490629315447 0.001953125
0 0.2766324718879463 0.97314453125 0.005030578023278753 0.0048828125
0 0.1328171236930361 0.974365234375 0.0036496350364963502 0.00732421875
0 0.5622903925823634 0.9736328125 0.004044190175577037 0.0068359375
0 0.4120142039850069 0.97119140625 0.003550996251726179 0.0029296875
0 0.37384099427895046 0.970703125 0.0011836654172420597 0.001953125
0 0.35722035904517657 0.970703125 0.0008877490629315447 0.001953125
0 0.34612349575853224 0.9716796875 0.0017754981258630894 0.00390625
0 0.39687315052278554 0.969970703125 0.001085026632471888 0.00146484375
0 0.3494772144407181 0.972412109375 0.0023673308344841193 0.00634765625
0 0.3279739593608207 0.970458984375 0.001578220556322746 0.00244140625
0 0.5821167883211679 0.969970703125 0.0014795817715525744 0.00244140625
0 0.2284474255277175 0.97021484375 0.0013809429867824028 0.0029296875
0 0.1731110672716512 0.970703125 0.001578220556322746 0.00390625
0 0.14554152692838823 0.97119140625 0.001874136910633261 0.0048828125
0 0.4647366344446636 0.96923828125 0.0014795817715525744 0.001953125
0 0.3713257052673111 0.96923828125 0.0012823042020122311 0.001953125
0 0.34350956796212273 0.970703125 0.0028605247583349774 0.0068359375
0 0.16645294929966462 0.96826171875 0.003452357466956007 0.0029296875
0 0.41773525350167684 0.969970703125 0.005918327086210298 0.00732421875
0 0.1589564016571316 0.96923828125 0.0030578023278753207 0.005859375
0 0.13079502860524758 0.96826171875 0.0025646084040244622 0.00390625
0 0.5257940422173999 0.96728515625 0.001874136910633261 0.0029296875
0 0.35766423357664234 0.967041015625 0.002170053264943776 0.00244140625
0 0.13646675872953246 0.97265625 0.0038469126060366936 0.013671875
0 0.5685539554152693 0.966552734375 0.0019727756954034327 0.00244140625
0 0.43085421187610967 0.966552734375 0.001578220556322746 0.00244140625
0 0.3505129216808049 0.967041015625 0.0012823042020122311 0.00341796875
0 0.13755178536200435 0.966796875 0.0014795817715525744 0.00390625
0 0.45674689287827974 0.965576171875 0.0022686920497139475 0.00244140625
0 0.11027816137305188 0.968017578125 0.003550996251726179 0.00732421875
0 0.4778062734267114 0.965576171875 0.001578220556322746 0.00341796875
0 0.3276287236141251 0.965576171875 0.0038469126060366936 0.00341796875
0 0.3175182481751825 0.966064453125 0.001578220556322746 0.00439453125
0 0.3594890510948905 0.964599609375 0.001085026632471888 0.00244140625
0 0.15560268297494576 0.96435546875 0.0014795817715525744 0.001953125
0 0.3606233971197475 0.9638671875 0.0009863878477017164 0.001953125
0 0.17084237522193726 0.965087890625 0.0023673308344841193 0.00439453125
0 0.6636910633260998 0.967041015625 0.006016965870980469 0.00927734375
0 0.5274215821661077 0.96337890625 0.0025646084040244622 0.0029296875
0 0.4110278161373052 0.9638671875 0.0017754981258630894 0.00390625
0 0.27668179128033143 0.966064453125 0.0072992700729927005 0.00830078125
0 0.26928388242256857 0.963134765625 0.0013809429867824028 0.00244140625
0 0.26553560860130204 0.965087890625 0.004537384099427895 0.00634765625
0 0.4835766423357664 0.962646484375 0.001085026632471888 0.00244140625
0 0.4815052278555928 0.96240234375 0.001085026632471888 0.0029296875
0 0.4555139080686526 0.9619140625 0.0009863878477017164 0.001953125
0 0.16334582757940422 0.96337890625 0.0051292168080489245 0.005859375
0 0.5789110278161373 0.9609375 0.0027618859735648055 0.0029296875
0 0.15037482738212665 0.96044921875 0.0012823042020122311 0.001953125
0 0.3795620437956204 0.9599609375 0.0013809429867824028 0.001953125
0 0.3616097849674492 0.96044921875 0.0025646084040244622 0.0029296875
0 0.26311895837443283 0.96142578125 0.0028605247583349774 0.0048828125
0 0.23668376405602684 0.960205078125 0.0014795817715525744 0.00244140625
0 0.3383310317616887 0.959228515625 0.0009863878477017164 0.00244140625
0 0.1756263562832906 0.959716796875 0.002465969619254291 0.00341796875
0 0.4297198658512527 0.959228515625 0.0022686920497139475 0.00341796875
0 0.48037088183073584 0.958740234375 0.0009863878477017164 0.00341796875
0 0.32215427105938055 0.9580078125 0.0011836654172420597 0.001953125
0 0.425281120536595 0.958251953125 0.0036496350364963502 0.00341796875
0 0.37615900572104954 0.95751953125 0.0008877490629315447 0.001953125
0 0.4565002959163543 0.957275390625 0.001578220556322746 0.00244140625
0 0.5480864075754587 0.957275390625 0.0012823042020122311 0.00341796875
0 0.701765634247386 0.957275390625 0.0036496350364963502 0.00439453125
0 0.12956204379562045 0.9580078125 0.002465969619254291 0.005859375
0 0.5386170842375222 0.956298828125 0.004636022884198066 0.00341796875
0 0.4453047938449398 0.956298828125 0.0022686920497139475 0.00439453125
0 0.3786249753403038 0.955322265625 0.0028605247583349774 0.00244140625
0 0.36836654172420596 0.955078125 0.0008877490629315447 0.001953125
0 0.3362596172815151 0.954833984375 0.0011836654172420597 0.00244140625
0 0.3592917735253502 0.9541015625 0.0012823042020122311 0.001953125
0 0.14420990333399092 0.954345703125 0.002170053264943776 0.00341796875
0 0.44377589268100215 0.953857421875 0.0011836654172420597 0.00341796875
0 0.36525942000394557 0.9541015625 0.002959163543105149 0.00390625
0 0.10421187610968632 0.953369140625 0.0016768593410929177 0.00244140625
0 0.6727658315249556 0.9521484375 0.0022686920497139475 0.0029296875
0 0.44658709804695207 0.95361328125 0.004044190175577037 0.005859375
0 0.42868415861116593 0.95166015625 0.0011836654172420597 0.001953125
0 0.3716216216216216 0.951171875 0.0028605247583349774 0.001953125
0 0.37423554941803117 0.951904296875 0.004340106529887552 0.00439453125
0 0.16980666798185046 0.9521484375 0.0014795817715525744 0.0048828125
0 0.1509173406983626 0.952392578125 0.007496547642533044 0.00537109375
0 0.136220161767607 0.95263671875 0.004537384099427895 0.0068359375
0 0.09247386072203591 0.951416015625 0.002663247188794634 0.00439453125
0 0.4937364371670941 0.952880859375 0.006806076149141842 0.00830078125
0 0.43687117774709017 0.94970703125 0.0011836654172420597 0.001953125
0 0.27727362398895244 0.95263671875 0.0027618859735648055 0.0078125
0 0.10667784572894062 0.9501953125 0.0036496350364963502 0.0029296875
0 0.25986387847701714 0.95263671875 0.00542513316235944 0.0087890625
0 0.25162753994870785 0.949951171875 0.0017754981258630894 0.00341796875
0 0.1443085421187611 0.9521484375 0.006312882225290984 0.0078125
0 0.5508976129414086 0.95068359375 0.003748273821266522 0.005859375
0 0.6591043598342868 0.9482421875 0.0027618859735648055 0.001953125
0 0.5800946932333794 0.95263671875 0.006510159794831328 0.01171875
0 0.575853225488262 0.947509765625 0.002170053264943776 0.00244140625
0 0.26420398500690473 0.947509765625 0.001874136910633261 0.00244140625
0 0.2267212467942395 0.947509765625 0.001085026632471888 0.00244140625
0 0.41378970211087 0.947265625 0.0011836654172420597 0.0029296875
0 0.15777273623988952 0.947509765625 0.001874136910633261 0.00341796875
0 0.5908956401657132 0.94677734375 0.0028605247583349774 0.0029296875
0 0.5861116591043598 0.947509765625 0.004340106529887552 0.00439453125
0 0.3357664233576642 0.946533203125 0.0011836654172420597 0.00244140625
0 0.27969027421582165 0.9453125 0.0014795817715525744 0.001953125
0 0.6599427895048333 0.94482421875 0.0022686920497139475 0.0029296875
0 0.44584730716117577 0.94482421875 0.0011836654172420597 0.0029296875
0 0.3594890510948905 0.9462890625 0.0044387453146577235 0.005859375
0 0.14189189189189189 0.9453125 0.002663247188794634 0.00390625
0 0.16349378575655948 0.9453125 0.006411521010061156 0.0048828125
0 0.2548333004537384 0.945068359375 0.005227855592819097 0.00537109375
0 0.43539159597553756 0.94384765625 0.002959163543105149 0.00390625
0 0.5786644308542119 0.942626953125 0.0012823042020122311 0.00244140625
0 0.5020714144801736 0.942626953125 0.0017754981258630894 0.00244140625
0 0.22464983231406588 0.944580078125 0.007003353718682186 0.00634765625
0 0.18095285066087985 0.9423828125 0.0012823042020122311 0.001953125
0 0.452850660879858 0.943359375 0.002170053264943776 0.0048828125
0 0.3151015979483133 0.941650390625 0.002071414480173604 0.00341796875
0 0.16073189978299468 0.94091796875 0.0012823042020122311 0.001953125
0 0.2757447228250148 0.9443359375 0.002663247188794634 0.009765625
0 0.576445058196883 0.941650390625 0.0025646084040244622 0.00537109375
0 0.559232590254488 0.939453125 0.001085026632471888 0.001953125
0 0.43923850858157426 0.941162109375 0.001578220556322746 0.00537109375
0 0.44116196488459264 0.939208984375 0.0014795817715525744 0.00244140625
0 0.3656539751430262 0.93896484375 0.000789110278161373 0.001953125
0 0.22859538370487276 0.93994140625 0.0038469126060366936 0.00390625
0 0.14075754586703493 0.93896484375 0.000789110278161373 0.001953125
0 0.4638982047741172 0.94091796875 0.005326494377589268 0.0068359375
0 0.3223515486289209 0.9384765625 0.001578220556322746 0.001953125
0 0.5650522785559282 0.938232421875 0.0030578023278753207 0.00244140625
0 0.23594397317025054 0.939453125 0.0025646084040244622 0.0048828125
0 0.4173406983625962 0.941162109375 0.005326494377589268 0.00927734375
0 0.3059281909646873 0.9375 0.002071414480173604 0.001953125
0 0.39830341290195304 0.936767578125 0.0009863878477017164 0.00244140625
0 0.1320773328072598 0.9375 0.0019727756954034327 0.00390625
0 0.3716216216216216 0.9365234375 0.003452357466956007 0.0029296875
0 0.20220950877885185 0.93701171875 0.003156441112645492 0.0048828125
0 0.579897415663839 0.935302734375 0.0017754981258630894 0.00244140625
0 0.3895245610574078 0.93505859375 0.0009863878477017164 0.001953125
0 0.2263266916551588 0.93603515625 0.00483330045373841 0.00390625
0 0.12527125665811797 0.935302734375 0.0017754981258630894 0.00244140625
0 0.46325705267311107 0.93505859375 0.003255079897415664 0.0029296875
0 0.10618465180508976 0.934814453125 0.0022686920497139475 0.00244140625
0 0.36831722233182085 0.934814453125 0.003156441112645492 0.00341796875
0 0.2643026237916749 0.93408203125 0.002465969619254291 0.001953125
0 0.5675182481751825 0.93310546875 0.001085026632471888 0.001953125
0 0.3615604655750641 0.93310546875 0.0008877490629315447 0.001953125
0 0.3320674689287828 0.93310546875 0.001874136910633261 0.0029296875
0 0.10939041231012034 0.93310546875 0.001578220556322746 0.0029296875
0 0.24215821661077136 0.934814453125 0.004142828960347208 0.00732421875
0 0.31140264351943187 0.93408203125 0.0027618859735648055 0.0068359375
0 0.3969717893075557 0.933837890625 0.00424146774511738 0.00732421875
0 0.3797100019727757 0.931884765625 0.001085026632471888 0.00341796875
0 0.16186624580785164 0.9306640625 0.0013809429867824028 0.001953125
0 0.39105346222134546 0.930419921875 0.0022686920497139475 0.00244140625
0 0.32452160189386464 0.9296875 0.001578220556322746 0.001953125
0 0.2656342473860722 0.931640625 0.004142828960347208 0.005859375
0 0.23771947129611362 0.929931640625 0.0027618859735648055 0.00244140625
0 0.3890313671335569 0.92919921875 0.0011836654172420597 0.001953125
0 0.46409548234365755 0.929443359375 0.002959163543105149 0.00341796875
0 0.24699151706450975 0.929931640625 0.003156441112645492 0.00439453125
0 0.5635233773919905 0.927734375 0.0017754981258630894 0.001953125
0 0.3730518840007891 0.92822265625 0.0027618859735648055 0.0029296875
0 0.23130795028605247 0.9296875 0.0025646084040244622 0.005859375
0 0.35697376208325116 0.927734375 0.001578220556322746 0.0029296875
0 0.3085421187610969 0.927734375 0.005523771947129611 0.0029296875
0 0.16433221542710594 0.9287109375 0.0033537186821858355 0.0048828125
0 0.5768889327283487 0.92724609375 0.001874136910633261 0.0029296875
0 0.5651509173406983 0.9267578125 0.0008877490629315447 0.001953125
0 0.3328072598145591 0.927001953125 0.0017754981258630894 0.00244140625
0 0.5185440915367923 0.92626953125 0.0011836654172420597 0.001953125
0 0.41487472874334186 0.92578125 0.0009863878477017164 0.001953125
0 0.581574275004932 0.9267578125 0.0033537186821858355 0.0048828125
0 0.24881633458275795 0.925048828125 0.0014795817715525744 0.00244140625
0 0.23875517853620043 0.9267578125 0.00542513316235944 0.0068359375
0 0.17261787334780035 0.9248046875 0.0023673308344841193 0.0029296875
0 0.10874926020911423 0.9248046875 0.0012823042020122311 0.0029296875
0 0.5016275399487078 0.92626953125 0.00483330045373841 0.0068359375
0 0.3795620437956204 0.9248046875 0.003748273821266522 0.00390625
0 0.3487374235549418 0.924072265625 0.0016768593410929177 0.00244140625
0 0.16536792266719275 0.924560546875 0.0014795817715525744 0.00341796875
0 0.575310712172026 0.92431640625 0.0030578023278753207 0.00390625
0 0.22455119352929573 0.924072265625 0.004044190175577037 0.00341796875
0 0.18366541724205956 0.923583984375 0.001578220556322746 0.00244140625
0 0.5491221148155455 0.922607421875 0.0011836654172420597 0.00244140625
0 0.5615506016965871 0.921875 0.001578220556322746 0.001953125
0 0.5792562635628329 0.921875 0.001874136910633261 0.0029296875
0 0.3125863089366739 0.9208984375 0.0011836654172420597 0.001953125
0 0.23239297691852437 0.922119140625 0.0051292168080489245 0.00439453125
0 0.124136910633261 0.926513671875 0.005227855592819097 0.01318359375
0 0.5518840007891103 0.921142578125 0.002959163543105149 0.00341796875
0 0.387946340501085 0.92041015625 0.0027618859735648055 0.001953125
0 0.33330045373840994 0.919921875 0.0011836654172420597 0.001953125
0 0.16635431051489447 0.919921875 0.0008877490629315447 0.001953125
0 0.21478595383704874 0.921630859375 0.001874136910633261 0.00634765625
0 0.6691655158808444 0.919677734375 0.0023673308344841193 0.00341796875
0 0.20102584336160978 0.923583984375 0.0072992700729927005 0.01123046875
0 0.5578023278753206 0.92041015625 0.004537384099427895 0.005859375
0 0.3918918918918919 0.91845703125 0.0009863878477017164 0.001953125
0 0.3349279936871178 0.91845703125 0.0008877490629315447 0.001953125
0 0.575261392779641 0.918212890625 0.003748273821266522 0.00244140625
0 0.44910238705859146 0.919189453125 0.0017754981258630894 0.00439453125
0 0.34755375813769973 0.918212890625 0.0016768593410929177 0.00244140625
0 0.33009469323337937 0.918212890625 0.0012823042020122311 0.00244140625
0 0.1786841586111659 0.91845703125 0.0016768593410929177 0.0029296875
0 0.1741960939041231 0.91796875 0.0013809429867824028 0.001953125
0 0.578220556322746 0.91748046875 0.0013809429867824028 0.001953125
0 0.18854803708818307 0.918212890625 0.003452357466956007 0.00341796875
0 0.590205168672322 0.918212890625 0.008384296705464589 0.00439453125
0 0.47376208325113434 0.9169921875 0.000789110278161373 0.001953125
0 0.47208522391004143 0.9169921875 0.001578220556322746 0.0029296875
0 0.34064904320378775 0.918701171875 0.003452357466956007 0.00634765625
0 0.19308542118761096 0.918212890625 0.002663247188794634 0.00537109375
0 0.09893470112448215 0.920654296875 0.005523771947129611 0.01123046875
0 0.44249358847898995 0.91552734375 0.0011836654172420597 0.001953125
0 0.4356875123298481 0.916015625 0.003156441112645492 0.0029296875
0 0.23101203393174197 0.916259765625 0.003748273821266522 0.00341796875
0 0.5814756362201617 0.917236328125 0.0051292168080489245 0.00634765625
0 0.5681100808838035 0.915283203125 0.001085026632471888 0.00244140625
0 0.5508976129414086 0.915283203125 0.0017754981258630894 0.00244140625
0 0.27766817912803315 0.91650390625 0.003156441112645492 0.0048828125
0 0.09587689879660682 0.9169921875 0.003550996251726179 0.005859375
0 0.570082856579207 0.91455078125 0.0016768593410929177 0.001953125
0 0.31303018346813966 0.914794921875 0.001874136910633261 0.00244140625
0 0.21320773328072598 0.91552734375 0.0012823042020122311 0.00390625
0 0.2208522391004143 0.914794921875 0.004142828960347208 0.00341796875
0 0.5610080883803511 0.914306640625 0.003452357466956007 0.00341796875
0 0.39060958768987963 0.914306640625 0.0051292168080489245 0.00341796875
0 0.3202308147563622 0.913818359375 0.0008877490629315447 0.00244140625
0 0.549467350562241 0.91357421875 0.0008877490629315447 0.0029296875
0 0.41714342079305583 0.9130859375 0.0011836654172420597 0.001953125
0 0.3411915565200237 0.9130859375 0.0009863878477017164 0.001953125
0 0.23490826593016373 0.9130859375 0.002663247188794634 0.0029296875
0 0.5666304991122509 0.912109375 0.0028605247583349774 0.001953125
0 0.34962517261787335 0.912109375 0.0016768593410929177 0.001953125
0 0.324127046754784 0.912841796875 0.0051292168080489245 0.00439453125
0 0.1891891891891892 0.912109375 0.002959163543105149 0.00390625
0 0.21404616295127243 0.910400390625 0.0017754981258630894 0.00244140625
0 0.47534030380745707 0.9091796875 0.0017754981258630894 0.001953125
0 0.351154073781811 0.908447265625 0.0023673308344841193 0.00341796875
0 0.18070625369895443 0.911376953125 0.009272045768396133 0.00927734375
0 0.21883014401262577 0.908447265625 0.002465969619254291 0.00439453125
0 0.5526237916748865 0.9091796875 0.00424146774511738 0.0068359375
0 0.4850069047149339 0.906005859375 0.0033537186821858355 0.00244140625
0 0.17740185440915368 0.90673828125 0.006214243440520813 0.00390625
0 0.39366739001775497 0.9052734375 0.0009863878477017164 0.001953125
0 0.348836062339712 0.90625 0.0012823042020122311 0.0048828125
0 0.6641842572499507 0.904541015625 0.002663247188794634 0.00244140625
0 0.44116196488459264 0.906982421875 0.005030578023278753 0.00830078125
0 0.21458867626750838 0.904052734375 0.0014795817715525744 0.00244140625
0 0.4716906687709607 0.903564453125 0.0013809429867824028 0.00244140625
0 0.48337936476622606 0.90283203125 0.001874136910633261 0.001953125
0 0.3037581376997435 0.90283203125 0.0016768593410929177 0.001953125
0 0.23150522785559283 0.9033203125 0.002170053264943776 0.0029296875
0 0.38478989938843955 0.902099609375 0.000789110278161373 0.00244140625
0 0.32634641941211284 0.902099609375 0.0016768593410929177 0.00244140625
0 0.33093312290392585 0.901611328125 0.0009863878477017164 0.00244140625
0 0.18455316630499113 0.90234375 0.003550996251726179 0.0048828125
0 0.5731899782994674 0.900634765625 0.0027618859735648055 0.00244140625
0 0.5535115407378182 0.90283203125 0.004636022884198066 0.0078125
0 0.33226474649832316 0.89990234375 0.001085026632471888 0.001953125
0 0.3279739593608207 0.900146484375 0.001578220556322746 0.00244140625
0 0.323535214046163 0.900390625 0.0017754981258630894 0.0029296875
0 0.4955612546853423 0.89892578125 0.001578220556322746 0.001953125
0 0.48771947129611365 0.8994140625 0.003452357466956007 0.0029296875
0 0.4912211481554547 0.901123046875 0.004734661668968239 0.00732421875
0 0.5579996054448609 0.89794921875 0.0009863878477017164 0.001953125
0 0.4199546261590057 0.8984375 0.001874136910633261 0.0029296875
0 0.15145985401459855 0.898193359375 0.001085026632471888 0.00244140625
0 0.30538567764845137 0.8974609375 0.0019727756954034327 0.001953125
0 0.4829354902347603 0.897216796875 0.003550996251726179 0.00244140625
0 0.4182284474255277 0.896240234375 0.0023673308344841193 0.00439453125
0 0.5549911225093707 0.89453125 0.002071414480173604 0.0029296875
0 0.3414874728743342 0.8955078125 0.0025646084040244622 0.0048828125
0 0.22479779049122114 0.896240234375 0.006707437364371671 0.00634765625
0 0.352288419806668 0.8935546875 0.0008877490629315447 0.001953125
0 0.2305681594002762 0.89453125 0.004636022884198066 0.0048828125
0 0.3753698954428881 0.89306640625 0.0038469126060366936 0.00390625
0 0.19989149733675282 0.892333984375 0.0014795817715525744 0.00244140625
0 0.4422963109094496 0.892822265625 0.001578220556322746 0.00439453125
0 0.19037285460643125 0.8916015625 0.0017754981258630894 0.001953125
0 0.47381140264351945 0.890625 0.001085026632471888 0.001953125
0 0.34158611165910435 0.891357421875 0.0011836654172420597 0.00341796875
0 0.46562438350759516 0.89013671875 0.0030578023278753207 0.00390625
0 0.6173801538765042 0.88916015625 0.005326494377589268 0.00390625
0 0.22445255474452555 0.888427734375 0.0016768593410929177 0.00244140625
0 0.6150621424344052 0.887939453125 0.002465969619254291 0.00244140625
0 0.7010258433616098 0.88671875 0.002170053264943776 0.001953125
0 0.20354113237324917 0.886962890625 0.0044387453146577235 0.00244140625
0 0.5571611757743145 0.888671875 0.003255079897415664 0.0068359375
0 0.3667390017754981 0.886474609375 0.003748273821266522 0.00341796875
0 0.09439731702505424 0.88623046875 0.0011836654172420597 0.0029296875
0 0.4763266916551588 0.886962890625 0.009272045768396133 0.00537109375
0 0.37364371670941016 0.8857421875 0.0009863878477017164 0.0029296875
0 0.37206549615308737 0.884765625 0.0013809429867824028 0.001953125
0 0.351154073781811 0.88525390625 0.0017754981258630894 0.0029296875
0 0.09637009272045768 0.88525390625 0.0019727756954034327 0.0029296875
0 0.42592227263760113 0.884521484375 0.003156441112645492 0.00341796875
0 0.37887157230222923 0.883544921875 0.0009863878477017164 0.00244140625
0 0.4963996843558887 0.8828125 0.0014795817715525744 0.001953125
0 0.28363582560662853 0.883544921875 0.0028605247583349774 0.00341796875
0 0.48254093509567964 0.88232421875 0.002959163543105149 0.001953125
0 0.36151114618267904 0.883544921875 0.0027618859735648055 0.00439453125
0 0.297149339120142 0.88330078125 0.0038469126060366936 0.0048828125
0 0.23066679818504637 0.883544921875 0.00542513316235944 0.00537109375
0 0.614371670941014 0.8828125 0.0044387453146577235 0.0048828125
0 0.5852732294338133 0.8818359375 0.0022686920497139475 0.0029296875
0 0.19860919313474057 0.8828125 0.004044190175577037 0.0048828125
0 0.4600019727756954 0.880859375 0.0014795817715525744 0.001953125
0 0.458029197080292 0.880859375 0.0016768593410929177 0.001953125
0 0.38439534424935884 0.88134765625 0.0011836654172420597 0.0029296875
0 0.3820773328072598 0.8798828125 0.0008877490629315447 0.001953125
0 0.36703491812980865 0.88037109375 0.0033537186821858355 0.0029296875
0 0.41788321167883213 0.88134765625 0.0028605247583349774 0.005859375
0 0.3699940816729138 0.879638671875 0.0011836654172420597 0.00244140625
0 0.4679423949496942 0.878662109375 0.0033537186821858355 0.00244140625
0 0.4538370487275597 0.8779296875 0.0011836654172420597 0.001953125
0 0.09844150720063129 0.87744140625 0.0023673308344841193 0.0029296875
0 0.20393568751232985 0.87646484375 0.0014795817715525744 0.001953125
0 0.5868514499901362 0.876708984375 0.003255079897415664 0.00341796875
0 0.39480173604261193 0.876708984375 0.002663247188794634 0.00341796875
0 0.09518642730321562 0.8779296875 0.003748273821266522 0.005859375
0 0.4613829157624778 0.87548828125 0.0012823042020122311 0.001953125
0 0.4251824817518248 0.87646484375 0.006411521010061156 0.00390625
0 0.2851154073781811 0.87744140625 0.00542513316235944 0.005859375
0 0.6162458078516473 0.8759765625 0.0036496350364963502 0.00390625
0 0.4778062734267114 0.875 0.0017754981258630894 0.001953125
0 0.4731702505425133 0.87548828125 0.004537384099427895 0.0029296875
0 0.46606825803906093 0.876708984375 0.003748273821266522 0.00537109375
0 0.3741862300256461 0.87548828125 0.007003353718682186 0.00390625
0 0.5623397119747485 0.87353515625 0.000789110278161373 0.001953125
0 0.38321167883211676 0.875 0.002170053264943776 0.0048828125
0 0.37901953047938447 0.873779296875 0.001874136910633261 0.00244140625
0 0.24975340303807458 0.873779296875 0.0017754981258630894 0.00244140625
0 0.3427697770763464 0.87255859375 0.0009863878477017164 0.001953125
0 0.13725586900769382 0.87255859375 0.001085026632471888 0.001953125
0 0.565545472479779 0.8759765625 0.005622410731899783 0.009765625
0 0.43036101795225884 0.871337890625 0.002170053264943776 0.00244140625
0 0.10874926020911423 0.8720703125 0.0066087985796014995 0.0048828125
0 0.34577826001183665 0.870361328125 0.0016768593410929177 0.00244140625
0 0.2858058788715723 0.870361328125 0.0036496350364963502 0.00537109375
0 0.351154073781811 0.869384765625 0.0013809429867824028 0.00439453125
0 0.349427895048333 0.868408203125 0.002071414480173604 0.00244140625
0 0.20245610574077727 0.86865234375 0.002465969619254291 0.00390625
0 0.15274215821661077 0.867919921875 0.0022686920497139475 0.00732421875
0 0.1216709410140067 0.8642578125 0.0014795817715525744 0.001953125
0 0.10628329058985993 0.865478515625 0.00542513316235944 0.00439453125
0 0.4658216610771355 0.86376953125 0.0038469126060366936 0.001953125
0 0.3594397317025054 0.865234375 0.0013809429867824028 0.0048828125
0 0.4684355888735451 0.86669921875 0.004931939238508582 0.0087890625
0 0.37221345433024267 0.86328125 0.0012823042020122311 0.001953125
0 0.1376504241467745 0.863525390625 0.002071414480173604 0.00244140625
0 0.34612349575853224 0.86279296875 0.000789110278161373 0.001953125
0 0.563819293746301 0.8662109375 0.003748273821266522 0.009765625
0 0.4631584138883409 0.86181640625 0.0014795817715525744 0.001953125
0 0.28186032748076545 0.863525390625 0.0022686920497139475 0.00634765625
0 0.24906293154468337 0.8623046875 0.001578220556322746 0.00390625
0 0.22548826198461236 0.861083984375 0.0051292168080489245 0.00341796875
0 0.5753600315644112 0.862548828125 0.004142828960347208 0.00927734375
0 0.45206155060169656 0.85986328125 0.0019727756954034327 0.00390625
0 0.1995955809824423 0.85888671875 0.004044190175577037 0.0048828125
0 0.560909449595581 0.857421875 0.0012823042020122311 0.0029296875
0 0.129315446833695 0.857421875 0.004537384099427895 0.00390625
0 0.34553166304991123 0.85400390625 0.0011836654172420597 0.001953125
0 0.25281120536594986 0.85595703125 0.006904714933912014 0.005859375
0 0.46562438350759516 0.855224609375 0.005227855592819097 0.00830078125
0 0.277569540343263 0.852783203125 0.0033537186821858355 0.00341796875
0 0.45363977115801934 0.85205078125 0.003748273821266522 0.00390625
0 0.1797691852436378 0.853515625 0.0077924639968435586 0.0068359375
0 0.17414677451173802 0.851806640625 0.0014795817715525744 0.00341796875
0 0.16921483527322945 0.8525390625 0.007397908857762872 0.005859375
0 0.5796014993095285 0.850830078125 0.0027618859735648055 0.00341796875
0 0.1133359637009272 0.850341796875 0.0061156046557506415 0.00439453125
0 0.24728743341882028 0.850341796875 0.0027618859735648055 0.00537109375
0 0.5849773130795028 0.8505859375 0.005622410731899783 0.0078125
0 0.11797198658512527 0.847412109375 0.0023673308344841193 0.00244140625
0 0.5740284079700138 0.850830078125 0.007989741566383901 0.01025390625
0 0.5243637798382323 0.84765625 0.001578220556322746 0.00390625
0 0.5055730913395147 0.846923828125 0.002663247188794634 0.00244140625
0 0.19081672913789702 0.84619140625 0.0014795817715525744 0.001953125
0 0.5093213651607812 0.845947265625 0.0014795817715525744 0.00244140625
0 0.37778654566975733 0.845703125 0.000789110278161373 0.001953125
0 0.4985697376208325 0.845458984375 0.0016768593410929177 0.00244140625
0 0.24482146379956599 0.84619140625 0.0027618859735648055 0.00390625
0 0.18795620437956204 0.84521484375 0.001085026632471888 0.001953125
0 0.1742454132965082 0.84619140625 0.003255079897415664 0.00390625
0 0.16960939041231013 0.845947265625 0.005030578023278753 0.00341796875
0 0.18188991911619648 0.845947265625 0.007496547642533044 0.00439453125
0 0.5018741369106332 0.844482421875 0.003748273821266522 0.00244140625
0 0.35894653777865454 0.843994140625 0.0017754981258630894 0.00244140625
0 0.23125863089366738 0.84423828125 0.002071414480173604 0.00390625
0 0.2953245216018939 0.843994140625 0.004340106529887552 0.00439453125
0 0.18366541724205956 0.841796875 0.000789110278161373 0.001953125
0 0.5824620240678635 0.841064453125 0.0061156046557506415 0.00439453125
0 0.5759025448806471 0.840576171875 0.004044190175577037 0.00439453125
0 0.28151509173406986 0.8408203125 0.0033537186821858355 0.0048828125
0 0.11017952258828172 0.84228515625 0.005326494377589268 0.0078125
0 0.09997040836456896 0.840087890625 0.00483330045373841 0.00341796875
0 0.17824028407970013 0.84033203125 0.006510159794831328 0.0048828125
0 0.11757743144604459 0.838623046875 0.002959163543105149 0.00244140625
0 0.29009666600907474 0.837646484375 0.0009863878477017164 0.00244140625
0 0.16645294929966462 0.836669921875 0.0022686920497139475 0.00244140625
0 0.18401065298875519 0.836181640625 0.0044387453146577235 0.00244140625
0 0.13237324916157034 0.837890625 0.009469323337936477 0.0068359375
0 0.4967942394949694 0.83544921875 0.002071414480173604 0.0029296875
0 0.5705267311106728 0.8349609375 0.0019727756954034327 0.0029296875
0 0.29507792463996846 0.8369140625 0.00542513316235944 0.0068359375
0 0.18992898007496548 0.8369140625 0.0036496350364963502 0.0068359375
0 0.10608601302031959 0.8369140625 0.009962517261787335 0.0068359375
0 0.09789899388439534 0.83544921875 0.0036496350364963502 0.00390625
0 0.25942000394555137 0.83447265625 0.002959163543105149 0.00390625
0 0.29251331623594395 0.83447265625 0.0022686920497139475 0.0048828125
0 0.1732097060564214 0.8330078125 0.0013809429867824028 0.001953125
0 0.18238311304004734 0.83251953125 0.0013809429867824028 0.001953125
0 0.5561747879266128 0.83154296875 0.0016768593410929177 0.0029296875
0 0.39657723416847507 0.832275390625 0.005030578023278753 0.00439453125
0 0.25364963503649635 0.832275390625 0.0028605247583349774 0.00537109375
0 0.5720556322746104 0.830322265625 0.0006904714933912014 0.00244140625
0 0.48377391990530677 0.82763671875 0.0008877490629315447 0.001953125
0 0.37768790688498716 0.82763671875 0.0009863878477017164 0.001953125
0 0.4937364371670941 0.827880859375 0.001874136910633261 0.00439453125
0 0.35381732097060564 0.82666015625 0.000789110278161373 0.0029296875
0 0.21996449003748275 0.825927734375 0.0013809429867824028 0.00244140625
0 0.4981751824817518 0.82421875 0.0044387453146577235 0.0029296875
0 0.28161373051884003 0.824462890625 0.0019727756954034327 0.00341796875
0 0.17893075557309135 0.823974609375 0.0023673308344841193 0.00244140625
0 0.09178338922864471 0.823486328125 0.0036496350364963502 0.00244140625
0 0.5803906095876898 0.82421875 0.004931939238508582 0.0048828125
0 0.35633260998224503 0.822998046875 0.002071414480173604 0.00244140625
0 0.29216808048924836 0.822998046875 0.0019727756954034327 0.00341796875
0 0.5870487275596765 0.824462890625 0.0038469126060366936 0.00732421875
0 0.3999309528506609 0.82177734375 0.0014795817715525744 0.001953125
0 0.12694811599921088 0.822998046875 0.004142828960347208 0.00439453125
0 0.4365259420003946 0.822998046875 0.005819688301440126 0.00634765625
0 0.16970802919708028 0.821044921875 0.0022686920497139475 0.00244140625
0 0.5026139277964096 0.8193359375 0.0008877490629315447 0.001953125
0 0.4548234365752614 0.8203125 0.0019727756954034327 0.00390625
0 0.48352732294338135 0.820556640625 0.002959163543105149 0.00537109375
0 0.45230814756362203 0.81884765625 0.002071414480173604 0.0029296875
0 0.28087393963306373 0.818359375 0.0006904714933912014 0.001953125
0 0.3992404813572697 0.818115234375 0.0014795817715525744 0.00244140625
0 0.13661471690668772 0.82080078125 0.014598540145985401 0.0078125
0 0.12226277372262774 0.820556640625 0.012527125665811796 0.00732421875
0 0.17552771749852042 0.818115234375 0.002663247188794634 0.00341796875
0 0.42592227263760113 0.81689453125 0.0009863878477017164 0.001953125
0 0.5503550996251726 0.81689453125 0.001874136910633261 0.0029296875
0 0.4019037285460643 0.81640625 0.0006904714933912014 0.001953125
0 0.4955119352929572 0.81640625 0.002071414480173604 0.0029296875
0 0.3525843361609785 0.81591796875 0.0008877490629315447 0.001953125
0 0.43070625369895443 0.81591796875 0.0030578023278753207 0.0029296875
0 0.17991714342079307 0.814208984375 0.0025646084040244622 0.00244140625
0 0.15328467153284672 0.814697265625 0.0051292168080489245 0.00341796875
0 0.14978299467350562 0.814453125 0.0016768593410929177 0.0029296875
0 0.5717597159202998 0.81396484375 0.0014795817715525744 0.0029296875
0 0.29231603866640365 0.8134765625 0.002465969619254291 0.001953125
0 0.4045176563424739 0.814697265625 0.002959163543105149 0.00537109375
0 0.29843164332215427 0.813232421875 0.0016768593410929177 0.00244140625
0 0.5634740579996055 0.81298828125 0.001874136910633261 0.0029296875
0 0.4826888932728349 0.813720703125 0.005819688301440126 0.00439453125
0 0.4784474255277175 0.812744140625 0.001874136910633261 0.00244140625
0 0.45891694614322354 0.8134765625 0.002465969619254291 0.0048828125
0 0.1745906490432038 0.812255859375 0.002170053264943776 0.00244140625
0 0.285066087985796 0.812255859375 0.0033537186821858355 0.00341796875
0 0.5826593016374039 0.81103515625 0.0013809429867824028 0.001953125
0 0.4823436575261393 0.81103515625 0.0009863878477017164 0.001953125
0 0.434503846912606 0.81201171875 0.0039455513908068654 0.00390625
0 0.2886170842375222 0.810791015625 0.002959163543105149 0.00244140625
0 0.12216413493785756 0.810302734375 0.006214243440520813 0.00439453125
0 0.48111067271651214 0.808349609375 0.001085026632471888 0.00341796875
0 0.491960939041231 0.809814453125 0.007200631288222529 0.00732421875
0 0.4016078121917538 0.8056640625 0.0008877490629315447 0.001953125
0 0.5691457881238903 0.80517578125 0.000789110278161373 0.001953125
0 0.5550404419017557 0.804931640625 0.003156441112645492 0.00244140625
0 0.4297198658512527 0.8046875 0.002071414480173604 0.0029296875
0 0.12339711974748471 0.804443359375 0.002170053264943776 0.00244140625
0 0.4578812389031367 0.80322265625 0.0023673308344841193 0.0029296875
0 0.20383704872755967 0.803955078125 0.005622410731899783 0.00439453125
0 0.14342079305582955 0.80224609375 0.0051292168080489245 0.0029296875
0 0.09030380745709213 0.805908203125 0.003255079897415664 0.01025390625
0 0.40639179325310715 0.80126953125 0.001578220556322746 0.001953125
0 0.09449595580982442 0.802978515625 0.004931939238508582 0.00537109375
0 0.5835470507003354 0.800537109375 0.004537384099427895 0.00341796875
0 0.5733379364766226 0.800048828125 0.0016768593410929177 0.00244140625
0 0.48180114420990333 0.7998046875 0.001085026632471888 0.001953125
0 0.30439928980074965 0.801025390625 0.0019727756954034327 0.00439453125
0 0.4346024856973762 0.80126953125 0.004931939238508582 0.005859375
0 0.19303610179522587 0.799560546875 0.001578220556322746 0.00244140625
0 0.6024856973762083 0.799560546875 0.003748273821266522 0.00341796875
0 0.5528210692444269 0.799072265625 0.002465969619254291 0.00244140625
0 0.19693233379364766 0.798583984375 0.0028605247583349774 0.00244140625
0 0.3494772144407181 0.798828125 0.003748273821266522 0.00390625
0 0.1494870783191951 0.7978515625 0.0028605247583349774 0.0029296875
0 0.35406391793253106 0.796875 0.0012823042020122311 0.001953125
0 0.1748865653975143 0.797119140625 0.004142828960347208 0.00244140625
0 0.10071019925034523 0.79736328125 0.005326494377589268 0.00390625
0 0.3468139672519235 0.79541015625 0.0009863878477017164 0.001953125
0 0.5941507200631289 0.796630859375 0.0077924639968435586 0.00537109375
0 0.4032846715328467 0.794921875 0.0012823042020122311 0.001953125
0 0.6028309331229039 0.794677734375 0.004636022884198066 0.00244140625
0 0.518396133359637 0.79443359375 0.0012823042020122311 0.001953125
0 0.46922469915170645 0.79931640625 0.005721049516669955 0.015625
0 0.15150917340698364 0.79248046875 0.0011836654172420597 0.001953125
0 0.40792069441704476 0.791748046875 0.0012823042020122311 0.00244140625
0 0.09775103570724009 0.793212890625 0.005326494377589268 0.00634765625
0 0.1463799565989347 0.791015625 0.0027618859735648055 0.0029296875
0 0.5923259025448806 0.791015625 0.007496547642533044 0.0048828125
0 0.4110278161373052 0.788818359375 0.0025646084040244622 0.00146484375
0 0.20566186624580785 0.7900390625 0.003156441112645492 0.00390625
0 0.49334188202801343 0.78857421875 0.0012823042020122311 0.001953125
0 0.4661668968238311 0.790771484375 0.004734661668968239 0.00634765625
0 0.48106135332412703 0.788330078125 0.0011836654172420597 0.00244140625
0 0.4593608206746893 0.788818359375 0.0017754981258630894 0.00341796875
0 0.3469619254290787 0.7880859375 0.0006904714933912014 0.001953125
0 0.40599723811402644 0.78759765625 0.002170053264943776 0.001953125
0 0.34484119155652004 0.787841796875 0.0011836654172420597 0.00244140625
0 0.5665811797198659 0.78759765625 0.0033537186821858355 0.0029296875
0 0.5627835865062143 0.79296875 0.006214243440520813 0.013671875
0 0.342523180114421 0.787353515625 0.001874136910633261 0.00244140625
0 0.3369994081672914 0.787353515625 0.0014795817715525744 0.00244140625
0 0.19357861511146182 0.7880859375 0.003452357466956007 0.00390625
0 0.17567567567567569 0.788330078125 0.006707437364371671 0.00537109375
0 0.43968238311304003 0.78955078125 0.006016965870980469 0.0087890625
0 0.3397119747484711 0.78564453125 0.0009863878477017164 0.001953125
0 0.20595778260011838 0.785400390625 0.002959163543105149 0.00341796875
0 0.19865851252712566 0.78515625 0.0027618859735648055 0.00390625
0 0.5744722825014796 0.7841796875 0.002959163543105149 0.0029296875
0 0.40732886170842375 0.783447265625 0.0008877490629315447 0.00146484375
0 0.5697869402248964 0.784423828125 0.0028605247583349774 0.00439453125
0 0.34099427895048334 0.783203125 0.001578220556322746 0.001953125
0 0.45077924639968436 0.78271484375 0.0019727756954034327 0.001953125
0 0.47968041033734465 0.783447265625 0.003550996251726179 0.00439453125
0 0.4654764253304399 0.78369140625 0.004734661668968239 0.0078125
0 0.6086999408167292 0.78076171875 0.005326494377589268 0.0029296875
0 0.4214342079305583 0.78076171875 0.003452357466956007 0.00390625
0 0.24250345235746695 0.78076171875 0.005030578023278753 0.00390625
0 0.5872953245216019 0.780029296875 0.0017754981258630894 0.00341796875
0 0.5974551193529296 0.780029296875 0.004931939238508582 0.00439453125
0 0.5567666206352337 0.779296875 0.002663247188794634 0.0029296875
0 0.523525350167686 0.779541015625 0.002663247188794634 0.00341796875
0 0.48106135332412703 0.77880859375 0.0009863878477017164 0.001953125
0 0.5834977313079502 0.780517578125 0.005227855592819097 0.00634765625
0 0.5592819096468732 0.7783203125 0.0011836654172420597 0.001953125
0 0.40984415072006314 0.7783203125 0.001578220556322746 0.001953125
0 0.342523180114421 0.7783203125 0.0008877490629315447 0.001953125
0 0.17523180114420991 0.78076171875 0.007595186427303216 0.0068359375
0 0.20285066087985795 0.779296875 0.0044387453146577235 0.0048828125
0 0.4357368317222332 0.77734375 0.0012823042020122311 0.0029296875
0 0.5800453738409943 0.776611328125 0.0016768593410929177 0.00244140625
0 0.19767212467942394 0.778076171875 0.004537384099427895 0.00537109375
0 0.18060761491418426 0.777099609375 0.005523771947129611 0.00341796875
0 0.1060366936279345 0.776611328125 0.0019727756954034327 0.00244140625
0 0.6020911422371277 0.776123046875 0.003748273821266522 0.00244140625
0 0.5836950088774906 0.774658203125 0.0022686920497139475 0.00244140625
0 0.20600710199250344 0.77490234375 0.002663247188794634 0.0029296875
0 0.29611363188005524 0.7734375 0.000789110278161373 0.001953125
0 0.5191359242454133 0.77587890625 0.0051292168080489245 0.0078125
0 0.43958374432826985 0.773681640625 0.003452357466956007 0.00341796875
0 0.3404517656342474 0.77392578125 0.0014795817715525744 0.00390625
0 0.5598244229631091 0.772705078125 0.003452357466956007 0.00244140625
0 0.4812093115012823 0.772705078125 0.0022686920497139475 0.00244140625
0 0.41896823831130403 0.7724609375 0.001874136910633261 0.001953125
0 0.29458473071611757 0.772705078125 0.0014795817715525744 0.00244140625
0 0.4783981061353324 0.773681640625 0.0023673308344841193 0.00537109375
0 0.3221049516669955 0.771728515625 0.0016768593410929177 0.00244140625
0 0.23411915565200236 0.771728515625 0.002663247188794634 0.00244140625
0 0.1783882422568554 0.77197265625 0.003452357466956007 0.0029296875
0 0.5891201420398501 0.7734375 0.003255079897415664 0.0068359375
0 0.6013513513513513 0.77099609375 0.00483330045373841 0.0029296875
0 0.47331820871966857 0.770263671875 0.0012823042020122311 0.00244140625
0 0.2113829157624778 0.7705078125 0.0039455513908068654 0.0029296875
0 0.08951469717893075 0.770263671875 0.0014795817715525744 0.00244140625
0 0.5549911225093707 0.770751953125 0.005622410731899783 0.00537109375
0 0.3331031761688696 0.771728515625 0.0039455513908068654 0.00830078125
0 0.4644900374827382 0.769287109375 0.005721049516669955 0.00439453125
0 0.470112448214638 0.7666015625 0.002170053264943776 0.0048828125
0 0.15037482738212665 0.764892578125 0.0030578023278753207 0.00244140625
0 0.5128723614125074 0.7646484375 0.001874136910633261 0.0029296875
0 0.24630104557111857 0.764404296875 0.004142828960347208 0.00244140625
0 0.47751035707240086 0.7646484375 0.0013809429867824028 0.0048828125
0 0.3383310317616887 0.762939453125 0.0009863878477017164 0.00146484375
0 0.3314263168277767 0.762451171875 0.002170053264943776 0.00537109375
0 0.4743539159597554 0.759521484375 0.0027618859735648055 0.00341796875
0 0.2100019727756954 0.759521484375 0.0051292168080489245 0.00439453125
0 0.46444071809035314 0.76025390625 0.006806076149141842 0.0078125
0 0.3352732294338134 0.75830078125 0.0027618859735648055 0.0068359375
0 0.42641546656145196 0.755859375 0.0051292168080489245 0.0029296875
0 0.3411422371276386 0.75537109375 0.0008877490629315447 0.001953125
0 0.5932136516078121 0.757568359375 0.014401262576445058 0.00732421875
0 0.4691753797593214 0.755126953125 0.001874136910633261 0.00244140625
0 0.6107713552969027 0.75341796875 0.002959163543105149 0.0029296875
0 0.4627145393568751 0.755126953125 0.004734661668968239 0.00634765625
0 0.3282205563227461 0.75390625 0.0028605247583349774 0.005859375
0 0.18933714736634444 0.752197265625 0.0014795817715525744 0.00244140625
0 0.1825803906095877 0.751708984375 0.004537384099427895 0.00244140625
0 0.583941605839416 0.751220703125 0.0027618859735648055 0.00244140625
0 0.3234365752613928 0.752197265625 0.005918327086210298 0.00439453125
0 0.24141842572499506 0.751708984375 0.008778851844545275 0.00537109375
0 0.25019727756954036 0.75244140625 0.005227855592819097 0.0087890625
0 0.6111165910435984 0.748779296875 0.003452357466956007 0.00341796875
0 0.6059380548431643 0.748779296875 0.005326494377589268 0.00341796875
0 0.5556815940027618 0.748291015625 0.0022686920497139475 0.00244140625
0 0.3250641152101006 0.74755859375 0.0012823042020122311 0.001953125
0 0.2363878477017163 0.747802734375 0.00424146774511738 0.00341796875
0 0.31978694022489645 0.7470703125 0.004142828960347208 0.0029296875
0 0.31076149141842574 0.74609375 0.0014795817715525744 0.001953125
0 0.2526632471887946 0.74658203125 0.004636022884198066 0.0029296875
0 0.22864470309725785 0.745849609375 0.0039455513908068654 0.00341796875
0 0.22016176760702308 0.744140625 0.0023673308344841193 0.001953125
0 0.5895146971789308 0.744384765625 0.0030578023278753207 0.00341796875
0 0.5102584336160978 0.743408203125 0.0017754981258630894 0.00244140625
0 0.2364371670941014 0.7431640625 0.0027618859735648055 0.0029296875
0 0.2242059577826001 0.7421875 0.002170053264943776 0.001953125
0 0.470704280923259 0.741943359375 0.004734661668968239 0.00244140625
0 0.3085421187610969 0.74169921875 0.002170053264943776 0.001953125
0 0.5397514302623792 0.744873046875 0.006312882225290984 0.00927734375
0 0.2928092325902545 0.74169921875 0.0016768593410929177 0.0029296875
0 0.18267902939435787 0.7421875 0.005326494377589268 0.005859375
0 0.31233971197474847 0.73974609375 0.002465969619254291 0.001953125
0 0.22553758137699745 0.73828125 0.0006904714933912014 0.001953125
0 0.32777668179128033 0.73779296875 0.0011836654172420597 0.0029296875
0 0.5890215032550798 0.736572265625 0.001874136910633261 0.00244140625
0 0.3059775103570724 0.736328125 0.000789110278161373 0.001953125
0 0.2533537186821858 0.737060546875 0.0028605247583349774 0.00341796875
0 0.2577924639968436 0.7353515625 0.0012823042020122311 0.001953125
0 0.6102288419806668 0.736083984375 0.005227855592819097 0.00439453125
0 0.4492503452357467 0.736328125 0.0022686920497139475 0.0048828125
0 0.2256362201617676 0.73486328125 0.0038469126060366936 0.001953125
0 0.19870783191951075 0.737060546875 0.003452357466956007 0.00634765625
0 0.17932531071217203 0.734619140625 0.0019727756954034327 0.00244140625
0 0.23658512527125666 0.734130859375 0.004044190175577037 0.00244140625
0 0.5082363385283093 0.73291015625 0.0036496350364963502 0.001953125
0 0.5737324916157033 0.733154296875 0.005227855592819097 0.00341796875
0 0.5305780232787533 0.73583984375 0.0025646084040244622 0.0087890625
0 0.2706155060169659 0.733642578125 0.0030578023278753207 0.00439453125
0 0.5374334188202802 0.7353515625 0.007200631288222529 0.009765625
0 0.45294929966462816 0.731689453125 0.002959163543105149 0.00244140625
0 0.4486585125271257 0.731689453125 0.0014795817715525744 0.00244140625
0 0.27752022095087786 0.731201171875 0.0028605247583349774 0.00244140625
0 0.1852929571907674 0.732421875 0.003255079897415664 0.005859375
0 0.5783685144999013 0.7314453125 0.00424146774511738 0.0068359375
0 0.5329453541132373 0.729248046875 0.0023673308344841193 0.00341796875
0 0.32131584138883407 0.7275390625 0.0006904714933912014 0.001953125
0 0.2509863878477017 0.728759765625 0.002465969619254291 0.00439453125
0 0.5721049516669955 0.727783203125 0.0033537186821858355 0.00341796875
0 0.4304103373446439 0.7275390625 0.003255079897415664 0.0029296875
0 0.22820082856579207 0.727294921875 0.0028605247583349774 0.00244140625
0 0.5564707042809233 0.726806640625 0.0016768593410929177 0.00244140625
0 0.459212862497534 0.7275390625 0.0012823042020122311 0.00390625
0 0.225290984415072 0.727783203125 0.0027618859735648055 0.00439453125
0 0.19663641743933716 0.72705078125 0.006411521010061156 0.00390625
0 0.5615506016965871 0.725830078125 0.0011836654172420597 0.00244140625
0 0.447129611363188 0.726806640625 0.006510159794831328 0.00537109375
0 0.2562142434405208 0.724853515625 0.002663247188794634 0.00244140625
0 0.2618366541724206 0.724853515625 0.0022686920497139475 0.00341796875
0 0.5858650621424344 0.72265625 0.002663247188794634 0.001953125
0 0.19491023870585913 0.72265625 0.0025646084040244622 0.001953125
0 0.28555928190964686 0.724365234375 0.004537384099427895 0.00634765625
0 0.22524166502268692 0.72314453125 0.004044190175577037 0.00390625
0 0.4509765239692247 0.7216796875 0.001578220556322746 0.001953125
0 0.4676957979877688 0.721923828125 0.0044387453146577235 0.00634765625
0 0.4639968435588874 0.718994140625 0.0019727756954034327 0.00244140625
0 0.25572104951666996 0.71875 0.0014795817715525744 0.001953125
0 0.447129611363188 0.71826171875 0.004931939238508582 0.00390625
0 0.28284671532846717 0.71484375 0.002465969619254291 0.001953125
0 0.5799467350562241 0.71484375 0.001874136910633261 0.0029296875
0 0.45630301834681397 0.71728515625 0.006312882225290984 0.0078125
0 0.20674689287827974 0.716064453125 0.003156441112645492 0.00537109375
0 0.3005030578023279 0.71435546875 0.0014795817715525744 0.0029296875
0 0.24768198855790097 0.714111328125 0.002170053264943776 0.00439453125
0 0.2385579009666601 0.7138671875 0.002465969619254291 0.00390625
0 0.4670053264943776 0.712646484375 0.001874136910633261 0.00244140625
0 0.4639968435588874 0.71240234375 0.003550996251726179 0.005859375
0 0.5447820082856579 0.710693359375 0.0025646084040244622 0.00341796875
0 0.4472282501479582 0.71044921875 0.003748273821266522 0.00390625
0 0.2864963503649635 0.711669921875 0.004044190175577037 0.00732421875
0 0.26622608009469323 0.7099609375 0.001578220556322746 0.00390625
0 0.23461234957585322 0.71142578125 0.003452357466956007 0.0078125
0 0.23722627737226276 0.708984375 0.002959163543105149 0.00390625
0 0.28595383704872757 0.706787109375 0.0009863878477017164 0.00244140625
0 0.2639573880449793 0.7080078125 0.0025646084040244622 0.0048828125
0 0.4509765239692247 0.70703125 0.0025646084040244622 0.0048828125
0 0.2706155060169659 0.70654296875 0.0066087985796014995 0.00390625
0 0.261491418425725 0.70556640625 0.0009863878477017164 0.001953125
0 0.2837344643913987 0.705322265625 0.0030578023278753207 0.00341796875
0 0.24570921286249753 0.703125 0.002170053264943776 0.00390625
0 0.27322943381337544 0.701416015625 0.0023673308344841193 0.00244140625
0 0.45186427303215626 0.702392578125 0.004142828960347208 0.00537109375
0 0.5055730913395147 0.701171875 0.002465969619254291 0.0048828125
0 0.23268889327283487 0.702880859375 0.004142828960347208 0.00830078125
0 0.5417242059577826 0.70166015625 0.004734661668968239 0.0068359375
0 0.4623199842177944 0.69921875 0.0011836654172420597 0.001953125
0 0.21646281317814164 0.69970703125 0.001085026632471888 0.0029296875
0 0.28881436180706255 0.69970703125 0.002170053264943776 0.0048828125
0 0.4679423949496942 0.697509765625 0.0009863878477017164 0.00244140625
0 0.5446833695008878 0.7001953125 0.005326494377589268 0.0087890625
0 0.2755474452554745 0.7001953125 0.005622410731899783 0.0087890625
0 0.24043203787729336 0.70263671875 0.007397908857762872 0.013671875
0 0.4468830144012626 0.697265625 0.0038469126060366936 0.0048828125
0 0.29226671927401854 0.696533203125 0.0017754981258630894 0.00341796875
0 0.2848194910238706 0.69873046875 0.0036496350364963502 0.0078125
0 0.28038074570921284 0.69921875 0.00424146774511738 0.0087890625
0 0.25197277569540344 0.69677734375 0.0030578023278753207 0.00390625
0 0.594298678240284 0.696533203125 0.005523771947129611 0.00439453125
0 0.4355888735450779 0.6962890625 0.0019727756954034327 0.0048828125
0 0.51154073781811 0.696044921875 0.003550996251726179 0.00537109375
0 0.27589268100217007 0.69287109375 0.0011836654172420597 0.0029296875
0 0.4463898204774117 0.6923828125 0.0014795817715525744 0.00390625
0 0.46187610968632864 0.6923828125 0.0016768593410929177 0.0048828125
0 0.29552179917143423 0.691650390625 0.0009863878477017164 0.00341796875
0 0.2937956204379562 0.69091796875 0.0016768593410929177 0.0029296875
0 0.278161373051884 0.693603515625 0.002959163543105149 0.00830078125
0 0.46503255079897415 0.68994140625 0.001874136910633261 0.0029296875
0 0.2881732097060564 0.690185546875 0.001874136910633261 0.00341796875
0 0.45743736437167093 0.689453125 0.0030578023278753207 0.0029296875
0 0.26938252120733874 0.689453125 0.0025646084040244622 0.0029296875
0 0.44954626159005723 0.690185546875 0.002663247188794634 0.00634765625
0 0.4519135924245413 0.687255859375 0.0014795817715525744 0.00341796875
0 0.2910337344643914 0.688720703125 0.0036496350364963502 0.00634765625
0 0.5322548826198461 0.685791015625 0.000789110278161373 0.00244140625
0 0.46044584730716115 0.68017578125 0.003748273821266522 0.00390625
0 0.46158019333201816 0.677001953125 0.0016768593410929177 0.00439453125
0 0.4653284671532847 0.67578125 0.00424146774511738 0.0048828125
0 0.45423160386664035 0.675537109375 0.001578220556322746 0.00439453125
0 0.5374334188202802 0.674560546875 0.001085026632471888 0.00341796875
0 0.45911422371276384 0.6748046875 0.001874136910633261 0.0048828125
0 0.451173801538765 0.6787109375 0.004340106529887552 0.0126953125
0 0.455760505030578 0.670166015625 0.0012823042020122311 0.00341796875
0 0.4605444860919313 0.66552734375 0.0011836654172420597 0.001953125
0 0.6767607023081476 0.662109375 0.003156441112645492 0.0068359375
0 0.7028013414874729 0.645263671875 0.002170053264943776 0.00244140625
