0 0.3882915762477806 0.998046875 0.002071414480173604 0.001953125
0 0.13991911619648845 0.998046875 0.0030578023278753207 0.00390625
0 0.38478989938843955 0.996337890625 0.002170053264943776 0.00341796875
0 0.15456697573485895 0.9970703125 0.0072992700729927005 0.005859375
0 0.13291576247780626 0.995361328125 0.0044387453146577235 0.00341796875
0 0.26099822450187415 0.99462890625 0.014795817715525744 0.0107421875
0 0.3771453935687512 0.99072265625 0.0038469126060366936 0.0048828125
0 0.18682185835470508 0.989501953125 0.0025646084040244622 0.00341796875
0 0.21409548234365752 0.98486328125 0.005030578023278753 0.0048828125
0 0.25843361609784965 0.9853515625 0.01144209903333991 0.0068359375
0 0.3915466561451963 0.9833984375 0.00424146774511738 0.0048828125
0 0.3659992108897218 0.98193359375 0.0022686920497139475 0.0029296875
0 0.6343460248569738 0.98095703125 0.0027618859735648055 0.0029296875
0 0.3740875912408759 0.978515625 0.0012823042020122311 0.0029296875
0 0.2711086999408167 0.98095703125 0.01154073781811008 0.0078125
0 0.255178536200434 0.9765625 0.004734661668968239 0.00390625
0 0.1383902150325508 0.978515625 0.00848293549023476 0.0087890625
0 0.3907082264746498 0.971923828125 0.0019727756954034327 0.00244140625
0 0.38513513513513514 0.972900390625 0.0038469126060366936 0.00439453125
0 0.3682185835470507 0.970703125 0.0013809429867824028 0.00390625
0 0.3783783783783784 0.970947265625 0.002959163543105149 0.00537109375
0 0.12458078516472677 0.97021484375 0.00907476819885579 0.005859375
0 0.36215229828368517 0.968994140625 0.004636022884198066 0.00537109375
0 0.21912606036693627 0.97412109375 0.016275399487078318 0.0185546875
0 0.3755178536200434 0.96533203125 0.0011836654172420597 0.0029296875
0 0.25927204576839613 0.96875 0.010948905109489052 0.009765625
0 0.20516867232195699 0.96435546875 0.010455711185638194 0.005859375
0 0.21227066482540935 0.96240234375 0.004537384099427895 0.00390625
0 0.17054645886762676 0.962158203125 0.004340106529887552 0.00341796875
0 0.23865653975143025 0.956787109375 0.007595186427303216 0.00439453125
0 0.16398697968041034 0.956298828125 0.0077924639968435586 0.00439453125
0 0.18065693430656934 0.9521484375 0.0036496350364963502 0.0029296875
0 0.3768001578220556 0.9521484375 0.003550996251726179 0.00390625
0 0.3809923061747879 0.954345703125 0.0044387453146577235 0.01123046875
0 0.37808246202406787 0.949951171875 0.0025646084040244622 0.00341796875
0 0.10347208522391003 0.949951171875 0.006904714933912014 0.00341796875
0 0.36220161767607023 0.94873046875 0.003156441112645492 0.0048828125
0 0.3956894851055435 0.947265625 0.004044190175577037 0.0029296875
0 0.2433418820280134 0.94677734375 0.002170053264943776 0.0029296875
0 0.3744821463799566 0.9453125 0.001874136910633261 0.001953125
0 0.367232195699349 0.94677734375 0.010455711185638194 0.0068359375
0 0.39139869796804105 0.946533203125 0.012231209311501283 0.00927734375
0 0.19865851252712566 0.945068359375 0.008088380351154074 0.00732421875
0 0.362053659498915 0.9423828125 0.003255079897415664 0.00390625
0 0.19076740974551193 0.943359375 0.006510159794831328 0.005859375
0 0.18489840205168673 0.939697265625 0.002465969619254291 0.00341796875
0 0.192542907871375 0.9375 0.0017754981258630894 0.001953125
0 0.09015584927993688 0.937744140625 0.000789110278161373 0.00244140625
0 0.19574866837640562 0.9375 0.002663247188794634 0.00390625
0 0.24048135726967843 0.9365234375 0.004734661668968239 0.00390625
0 0.1158019333201815 0.934814453125 0.007496547642533044 0.00439453125
0 0.22543894259222727 0.93408203125 0.006411521010061156 0.00390625
0 0.6441605839416058 0.93505859375 0.007200631288222529 0.0068359375
0 0.3934701124482146 0.935791015625 0.010652988755178536 0.00830078125
0 0.1595482343657526 0.935302734375 0.011146182679029394 0.00830078125
0 0.3615604655750641 0.9326171875 0.003452357466956007 0.00390625
0 0.22104951666995462 0.93212890625 0.0023673308344841193 0.0029296875
0 0.09637009272045768 0.931640625 0.0009863878477017164 0.00390625
0 0.2603077530084829 0.932373046875 0.006904714933912014 0.00634765625
0 0.17256855395541526 0.930419921875 0.0044387453146577235 0.00341796875
0 0.38848885381732096 0.93310546875 0.007595186427303216 0.009765625
0 0.36594989149733675 0.92919921875 0.003550996251726179 0.0029296875
0 0.21340501085026634 0.92919921875 0.007200631288222529 0.00390625
0 0.1487966068258039 0.929443359375 0.009173406983625962 0.00634765625
0 0.1213750246596962 0.925048828125 0.0044387453146577235 0.00341796875
0 0.1386861313868613 0.9208984375 0.004340106529887552 0.0029296875
0 0.12507397908857762 0.92041015625 0.006312882225290984 0.00390625
0 0.3674294732688893 0.919677734375 0.0019727756954034327 0.00341796875
0 0.17153284671532848 0.921630859375 0.011244821463799567 0.00732421875
0 0.39090550404419017 0.920166015625 0.00848293549023476 0.00634765625
0 0.3644209903333991 0.917724609375 0.0014795817715525744 0.00341796875
0 0.13710791083053855 0.913818359375 0.005918327086210298 0.00341796875
0 0.39199053067666206 0.91259765625 0.0051292168080489245 0.005859375
0 0.36294140856184653 0.9111328125 0.005622410731899783 0.00390625
0 0.18134740579996053 0.911376953125 0.008778851844545275 0.00927734375
0 0.17296310909449594 0.907958984375 0.00483330045373841 0.00341796875
0 0.16669954626159006 0.904541015625 0.003156441112645492 0.00341796875
0 0.18134740579996053 0.9033203125 0.002465969619254291 0.0029296875
0 0.5703294535411324 0.900146484375 0.004537384099427895 0.00537109375
0 0.3771947129611363 0.900390625 0.004142828960347208 0.0068359375
0 0.5991812980864075 0.89404296875 0.003452357466956007 0.0029296875
0 0.18450384691260605 0.89208984375 0.0036496350364963502 0.0029296875
0 0.12246005129216808 0.894775390625 0.0036496350364963502 0.00830078125
0 0.36530873939633063 0.892578125 0.001874136910633261 0.0048828125
0 0.14376602880252515 0.889404296875 0.0066087985796014995 0.00439453125
0 0.10579009666600908 0.886474609375 0.0038469126060366936 0.00244140625
0 0.129315446833695 0.88525390625 0.000789110278161373 0.001953125
0 0.1390313671335569 0.884765625 0.0012823042020122311 0.001953125
0 0.11131386861313869 0.885009765625 0.002071414480173604 0.00244140625
0 0.136220161767607 0.885009765625 0.003550996251726179 0.00439453125
0 0.1648254093509568 0.8837890625 0.0051292168080489245 0.0048828125
0 0.37892089169461435 0.882568359375 0.0038469126060366936 0.00830078125
0 0.10924245413296509 0.879638671875 0.003452357466956007 0.00244140625
0 0.13498717695797988 0.8779296875 0.0008877490629315447 0.001953125
0 0.15653975143026239 0.87451171875 0.0023673308344841193 0.001953125
0 0.11560465575064115 0.874755859375 0.0017754981258630894 0.00341796875
0 0.3823239297691852 0.8740234375 0.0023673308344841193 0.005859375
0 0.1481554547247978 0.86962890625 0.003748273821266522 0.0029296875
0 0.1637403827184849 0.868896484375 0.0023673308344841193 0.00244140625
0 0.11693627934503847 0.868896484375 0.0008877490629315447 0.00244140625
0 0.12818110080883804 0.868896484375 0.0030578023278753207 0.00341796875
0 0.4398796606825804 0.867919921875 0.0038469126060366936 0.00244140625
0 0.15944959558098246 0.86669921875 0.00542513316235944 0.0029296875
0 0.5571611757743145 0.865478515625 0.005030578023278753 0.00341796875
0 0.5843854803708818 0.86328125 0.005819688301440126 0.0029296875
0 0.43553955415269285 0.864013671875 0.006016965870980469 0.00439453125
0 0.39065890708226475 0.863037109375 0.002071414480173604 0.00341796875
0 0.1279345038469126 0.86279296875 0.004142828960347208 0.0029296875
0 0.3872558690076938 0.863037109375 0.0033537186821858355 0.00439453125
0 0.11412507397908858 0.862548828125 0.0027618859735648055 0.00341796875
0 0.11008088380351154 0.862060546875 0.004340106529887552 0.00244140625
0 0.21813967251923455 0.861328125 0.0012823042020122311 0.001953125
0 0.11762675083842968 0.862060546875 0.0028605247583349774 0.00341796875
0 0.16152101006115605 0.861083984375 0.002465969619254291 0.00244140625
0 0.13508581574275005 0.8623046875 0.005819688301440126 0.0048828125
0 0.11994476228052871 0.86083984375 0.0009863878477017164 0.001953125
0 0.1418425724995068 0.85986328125 0.0017754981258630894 0.001953125
0 0.18465180508976128 0.859619140625 0.0019727756954034327 0.00244140625
0 0.13271848490826593 0.858642578125 0.0022686920497139475 0.00244140625
0 0.1494870783191951 0.8583984375 0.003452357466956007 0.0029296875
0 0.39425922272637604 0.858154296875 0.001578220556322746 0.00341796875
0 0.3882915762477806 0.8564453125 0.0030578023278753207 0.00390625
0 0.13266916551588084 0.854248046875 0.0019727756954034327 0.00244140625
0 0.12201617676070231 0.855224609375 0.0072992700729927005 0.00439453125
0 0.1842572499506806 0.853515625 0.0017754981258630894 0.001953125
0 0.14085618465180508 0.85400390625 0.003156441112645492 0.0029296875
0 0.11151114618267903 0.854248046875 0.005227855592819097 0.00341796875
0 0.5718583547050701 0.85205078125 0.0044387453146577235 0.0029296875
0 0.16186624580785164 0.852294921875 0.003748273821266522 0.00439453125
0 0.3845926218188992 0.8505859375 0.0027618859735648055 0.00390625
0 0.11713355691457882 0.84912109375 0.0022686920497139475 0.0029296875
0 0.11151114618267903 0.848876953125 0.001874136910633261 0.00341796875
0 0.18450384691260605 0.848876953125 0.002465969619254291 0.00439453125
0 0.13888340895640167 0.84716796875 0.003550996251726179 0.0029296875
0 0.6451469717893076 0.84765625 0.00424146774511738 0.0048828125
0 0.5944466364174393 0.84716796875 0.00483330045373841 0.00390625
0 0.16960939041231013 0.84619140625 0.0036496350364963502 0.001953125
0 0.1582166107713553 0.849609375 0.008285657920694417 0.0087890625
0 0.6541724205957783 0.845947265625 0.005721049516669955 0.00341796875
0 0.11881041625567174 0.844970703125 0.002465969619254291 0.00341796875
0 0.1154073781811008 0.844482421875 0.003748273821266522 0.00439453125
0 0.15170645097652397 0.841796875 0.003550996251726179 0.0029296875
0 0.1064312487670152 0.84228515625 0.003748273821266522 0.00390625
0 0.14051094890510948 0.8408203125 0.0036496350364963502 0.001953125
0 0.17631682777668178 0.8388671875 0.001874136910633261 0.001953125
0 0.12680015782205564 0.84130859375 0.0077924639968435586 0.0078125
0 0.12270664825409351 0.837890625 0.0023673308344841193 0.001953125
0 0.10559281909646873 0.838134765625 0.001874136910633261 0.00244140625
0 0.09720852239100414 0.837646484375 0.0014795817715525744 0.00244140625
0 0.11294140856184652 0.839111328125 0.003748273821266522 0.00634765625
0 0.1786841586111659 0.8359375 0.0014795817715525744 0.001953125
0 0.1595482343657526 0.83642578125 0.007595186427303216 0.00390625
0 0.13917932531071217 0.8359375 0.003156441112645492 0.0029296875
0 0.13582560662852633 0.83544921875 0.001578220556322746 0.001953125
0 0.6429275991319787 0.83447265625 0.005721049516669955 0.0029296875
0 0.14820477411718289 0.833740234375 0.0022686920497139475 0.00244140625
0 0.1456894851055435 0.833984375 0.002170053264943776 0.0029296875
0 0.18435588873545078 0.833740234375 0.003748273821266522 0.00341796875
0 0.6591536792266719 0.83447265625 0.011343460248569737 0.0068359375
0 0.38395146971789307 0.83251953125 0.002071414480173604 0.0029296875
0 0.6073189978299467 0.83203125 0.002959163543105149 0.0029296875
0 0.16595975537581378 0.83349609375 0.005227855592819097 0.005859375
0 0.10613533241270467 0.832763671875 0.0025646084040244622 0.00439453125
0 0.12176957979877688 0.8310546875 0.002663247188794634 0.001953125
0 0.6796705464588676 0.831298828125 0.0030578023278753207 0.00341796875
0 0.44929966462813176 0.830322265625 0.003550996251726179 0.00244140625
0 0.5313671335569146 0.829833984375 0.0051292168080489245 0.00341796875
0 0.11373051884000789 0.829833984375 0.001578220556322746 0.00439453125
0 0.6720260406391794 0.828369140625 0.0023673308344841193 0.00341796875
0 0.6559972381140264 0.82861328125 0.003452357466956007 0.00390625
0 0.23042020122312093 0.8271484375 0.0013809429867824028 0.001953125
0 0.14884592621818898 0.828857421875 0.010061156046557506 0.00634765625
0 0.12127638587492602 0.8271484375 0.002071414480173604 0.0029296875
0 0.1175281120536595 0.8271484375 0.002071414480173604 0.0029296875
0 0.6910633260998225 0.827880859375 0.008285657920694417 0.00537109375
0 0.6366147169066877 0.825927734375 0.0033537186821858355 0.00244140625
0 0.5208621029788914 0.826416015625 0.006016965870980469 0.00341796875
0 0.16250739790885776 0.825927734375 0.006411521010061156 0.00341796875
0 0.5292463996843559 0.823486328125 0.0044387453146577235 0.00244140625
0 0.09868810416255672 0.823486328125 0.0028605247583349774 0.00341796875
0 0.17237127638587493 0.82373046875 0.006016965870980469 0.0068359375
0 0.7048727559676464 0.822509765625 0.006510159794831328 0.00634765625
0 0.5718090353126849 0.820556640625 0.0019727756954034327 0.00244140625
0 0.44318405997238114 0.820556640625 0.0025646084040244622 0.00244140625
0 0.21848490826593017 0.820068359375 0.003156441112645492 0.00244140625
0 0.18351745906490433 0.81982421875 0.002071414480173604 0.0029296875
0 0.5790096666009075 0.81982421875 0.006904714933912014 0.00390625
0 0.5423653580587887 0.81884765625 0.0038469126060366936 0.001953125
0 0.0910929177352535 0.819580078125 0.002071414480173604 0.00439453125
0 0.17187808246202407 0.81787109375 0.002663247188794634 0.0029296875
0 0.10593805484316433 0.81982421875 0.003748273821266522 0.0068359375
0 0.6761195502071414 0.81689453125 0.00424146774511738 0.0029296875
0 0.6425823633852831 0.816650390625 0.003452357466956007 0.00244140625
0 0.11772538962319984 0.817626953125 0.0014795817715525744 0.00537109375
0 0.11131386861313869 0.81982421875 0.002663247188794634 0.0107421875
0 0.5553856776484514 0.815185546875 0.003452357466956007 0.00244140625
0 0.22933517459064903 0.815185546875 0.0017754981258630894 0.00244140625
0 0.10939041231012034 0.816162109375 0.0013809429867824028 0.00439453125
0 0.10006904714933912 0.81689453125 0.003255079897415664 0.005859375
0 0.12255869007693825 0.814697265625 0.0030578023278753207 0.00341796875
0 0.17429473268889328 0.814453125 0.003550996251726179 0.00390625
0 0.16576247780627343 0.809814453125 0.0028605247583349774 0.00146484375
0 0.11008088380351154 0.81005859375 0.003156441112645492 0.00390625
0 0.1738508581574275 0.809814453125 0.005227855592819097 0.00439453125
0 0.687906884987177 0.807861328125 0.0027618859735648055 0.00341796875
0 0.11363188005523772 0.807861328125 0.0013809429867824028 0.00341796875
0 0.3616591043598343 0.806884765625 0.0016768593410929177 0.00341796875
0 0.15145985401459855 0.806884765625 0.0016768593410929177 0.00341796875
0 0.4999013612152298 0.805419921875 0.0033537186821858355 0.00244140625
0 0.26647267705661865 0.805419921875 0.0038469126060366936 0.00341796875
0 0.217251923456303 0.80615234375 0.00424146774511738 0.005859375
0 0.45911422371276384 0.803955078125 0.003452357466956007 0.00244140625
0 0.11170842375221937 0.8037109375 0.001085026632471888 0.001953125
0 0.1478102189781022 0.803955078125 0.0066087985796014995 0.00341796875
0 0.11831722233182088 0.803466796875 0.002663247188794634 0.00537109375
0 0.22509370684553165 0.80126953125 0.002170053264943776 0.001953125
0 0.2141448017360426 0.800048828125 0.003550996251726179 0.00244140625
0 0.177007299270073 0.798828125 0.002465969619254291 0.0029296875
0 0.18588478989938845 0.799072265625 0.0028605247583349774 0.00537109375
0 0.2228250147958177 0.796875 0.005918327086210298 0.0029296875
0 0.6871177747090156 0.7958984375 0.002170053264943776 0.00390625
0 0.5277668179128033 0.7939453125 0.002465969619254291 0.001953125
0 0.18213651607812192 0.794921875 0.003255079897415664 0.0048828125
0 0.14914184257249952 0.795166015625 0.003748273821266522 0.00830078125
0 0.145393568751233 0.791748046875 0.0013809429867824028 0.00244140625
0 0.2197178930755573 0.7919921875 0.0038469126060366936 0.00390625
0 0.5245117380153876 0.79052734375 0.002465969619254291 0.001953125
0 0.20669757348589465 0.789794921875 0.0016768593410929177 0.00439453125
0 0.1818405997238114 0.78857421875 0.0016768593410929177 0.001953125
0 0.09331229039258236 0.78759765625 0.002170053264943776 0.0029296875
0 0.6807062536989544 0.786865234375 0.0027618859735648055 0.00244140625
0 0.23002564608404025 0.7880859375 0.0039455513908068654 0.0048828125
0 0.22292365358058788 0.787353515625 0.0025646084040244622 0.00439453125
0 0.10682580390609588 0.78662109375 0.0019727756954034327 0.0029296875
0 0.20561254685342276 0.78564453125 0.0044387453146577235 0.00390625
0 0.15042414677451174 0.786376953125 0.002959163543105149 0.00634765625
0 0.14633063720654962 0.783203125 0.0016768593410929177 0.001953125
0 0.11165910435983428 0.789306640625 0.003748273821266522 0.01416015625
0 0.09202998619057014 0.783447265625 0.0025646084040244622 0.00244140625
0 0.21010061156046558 0.787353515625 0.004142828960347208 0.01220703125
0 0.14051094890510948 0.784423828125 0.007003353718682186 0.00634765625
0 0.43968238311304003 0.781982421875 0.0022686920497139475 0.00244140625
0 0.17409745511935293 0.78173828125 0.001578220556322746 0.001953125
0 0.1147169066877096 0.784912109375 0.003156441112645492 0.00830078125
0 0.1825310712172026 0.781982421875 0.00424146774511738 0.00341796875
0 0.1401657131584139 0.7822265625 0.002170053264943776 0.00390625
0 0.14835273229433812 0.781494140625 0.0013809429867824028 0.00341796875
0 0.18026237916748866 0.77978515625 0.0016768593410929177 0.001953125
0 0.13099230617478794 0.779052734375 0.0009863878477017164 0.00244140625
0 0.16669954626159006 0.777099609375 0.0023673308344841193 0.00341796875
0 0.21503255079897415 0.77880859375 0.0039455513908068654 0.0087890625
0 0.16038666403629906 0.77587890625 0.004142828960347208 0.00390625
0 0.22968041033734465 0.776123046875 0.007003353718682186 0.00537109375
0 0.14223712763858748 0.776611328125 0.003156441112645492 0.00634765625
0 0.44653777865456695 0.77392578125 0.0017754981258630894 0.001953125
0 0.1234464391398698 0.77587890625 0.003255079897415664 0.005859375
0 0.12162162162162163 0.77197265625 0.0009863878477017164 0.001953125
0 0.2065002959163543 0.77197265625 0.002465969619254291 0.0029296875
0 0.22233182087196685 0.771240234375 0.0011836654172420597 0.00244140625
0 0.3136220161767607 0.77099609375 0.0036496350364963502 0.00390625
0 0.2167094101400671 0.7705078125 0.0017754981258630894 0.0029296875
0 0.16388834089564017 0.7705078125 0.003255079897415664 0.0048828125
0 0.1703491812980864 0.767822265625 0.0039455513908068654 0.00341796875
0 0.30898599329256266 0.76806640625 0.005622410731899783 0.0068359375
0 0.17616886959952655 0.766845703125 0.003550996251726179 0.00537109375
0 0.23357664233576642 0.7646484375 0.002959163543105149 0.0029296875
0 0.23071611757743143 0.765380859375 0.0025646084040244622 0.00537109375
0 0.1376997435391596 0.767578125 0.005326494377589268 0.009765625
0 0.12088183073584534 0.764892578125 0.0016768593410929177 0.00537109375
0 0.23900177549812587 0.762451171875 0.002170053264943776 0.00244140625
0 0.2065002959163543 0.761962890625 0.0038469126060366936 0.00341796875
0 0.17261787334780035 0.760498046875 0.0019727756954034327 0.00244140625
0 0.18588478989938845 0.761962890625 0.0066087985796014995 0.00634765625
0 0.15727954231603866 0.76123046875 0.002663247188794634 0.005859375
0 0.3078023278753206 0.7578125 0.0022686920497139475 0.001953125
0 0.21961925429078713 0.758056640625 0.001874136910633261 0.00341796875
0 0.23096271453935688 0.75537109375 0.00424146774511738 0.0107421875
0 0.22228250147958178 0.7490234375 0.001874136910633261 0.001953125
0 0.18410929177352536 0.748291015625 0.001085026632471888 0.00244140625
0 0.1731110672716512 0.74853515625 0.0023673308344841193 0.0029296875
0 0.2180903531268495 0.74755859375 0.003156441112645492 0.00390625
0 0.2727855592819097 0.744873046875 0.0012823042020122311 0.00146484375
0 0.2297790491221148 0.7470703125 0.006411521010061156 0.0078125
0 0.21345433024265142 0.744140625 0.0011836654172420597 0.001953125
0 0.17192740185440916 0.744384765625 0.0025646084040244622 0.00244140625
0 0.22055632274610376 0.7431640625 0.0009863878477017164 0.001953125
0 0.2159202998619057 0.742431640625 0.001578220556322746 0.00146484375
0 0.2079305582955218 0.742919921875 0.007496547642533044 0.00537109375
0 0.18711777470901558 0.74072265625 0.0013809429867824028 0.001953125
0 0.20773328072598146 0.739501953125 0.0033537186821858355 0.00341796875
0 0.23249161570329455 0.73876953125 0.005918327086210298 0.0048828125
0 0.21345433024265142 0.73876953125 0.002959163543105149 0.0068359375
0 0.22331820871966857 0.734130859375 0.001578220556322746 0.00146484375
0 0.21049516669954627 0.735107421875 0.002959163543105149 0.00439453125
0 0.2138982047741172 0.73193359375 0.001085026632471888 0.0029296875
0 0.23811402643519433 0.73046875 0.0017754981258630894 0.0048828125
0 0.2322450187413691 0.726806640625 0.003452357466956007 0.00439453125
0 0.20773328072598146 0.716796875 0.000789110278161373 0.001953125
0 0.2102978891300059 0.716552734375 0.0013809429867824028 0.00244140625
0 0.21656145196291182 0.707763671875 0.0014795817715525744 0.00244140625
0 0.21236930361017953 0.70654296875 0.0011836654172420597 0.0029296875
0 0.2270664825409351 0.700439453125 0.0011836654172420597 0.00244140625
0 0.23441507200631287 0.69580078125 0.0016768593410929177 0.00390625
0 0.23111067271651214 0.6943359375 0.001578220556322746 0.0029296875
0 0.23352732294338133 0.691650390625 0.002071414480173604 0.00341796875
0 0.2377687906884987 0.687744140625 0.0008877490629315447 0.00244140625
