0 0.3743835075951864 0.996826171875 0.003255079897415664 0.00439453125
0 0.3834089564016571 0.99560546875 0.003748273821266522 0.0087890625
0 0.3731998421779444 0.98193359375 0.002071414480173604 0.0068359375
0 0.37221345433024267 0.95849609375 0.001874136910633261 0.005859375
0 0.3710297889130006 0.941650390625 0.0028605247583349774 0.01123046875
0 0.378723614125074 0.71337890625 0.0066087985796014995 0.0078125
0 0.37250937068455314 0.703125 0.002663247188794634 0.005859375
0 0.3692049713947524 0.706298828125 0.004931939238508582 0.01513671875
0 0.3759617281515092 0.7041015625 0.003452357466956007 0.0126953125
0 0.41906687709607415 0.704833984375 0.006411521010061156 0.01806640625
0 0.2681002170053265 0.6796875 0.005918327086210298 0.009765625
0 0.4248865653975143 0.67138671875 0.002663247188794634 0.0029296875
0 0.4190175577036891 0.671875 0.0061156046557506415 0.00390625
0 0.42986782402840795 0.66748046875 0.001578220556322746 0.001953125
0 0.191951075162754 0.676513671875 0.014401262576445058 0.02197265625
0 0.17094101400670744 0.67236328125 0.004537384099427895 0.0166015625
0 0.10135135135135136 0.663330078125 0.0016768593410929177 0.00341796875
0 0.10490234760307753 0.662109375 0.00897612941408562 0.0087890625
0 0.10164726770566186 0.65283203125 0.002071414480173604 0.00390625
0 0.1700039455513908 0.653564453125 0.003255079897415664 0.00732421875
0 0.17893075557309135 0.65087890625 0.00966660090747682 0.005859375
