0 0.7003846912606037 0.981689453125 0.004636022884198066 0.00341796875
0 0.630992306174788 0.973876953125 0.004734661668968239 0.00439453125
0 0.506312882225291 0.96435546875 0.007101992503452358 0.00390625
0 0.36525942000394557 0.9619140625 0.004340106529887552 0.0048828125
0 0.3679226671927402 0.93896484375 0.004931939238508582 0.0048828125
0 0.36042611955020715 0.93017578125 0.009272045768396133 0.0048828125
0 0.40387650424146776 0.92138671875 0.0030578023278753207 0.0029296875
0 0.10435983428684159 0.916748046875 0.0017754981258630894 0.00244140625
0 0.352288419806668 0.913818359375 0.004636022884198066 0.00244140625
0 0.409202998619057 0.913330078125 0.002663247188794634 0.00244140625
0 0.36570329453541134 0.912841796875 0.010948905109489052 0.00634765625
0 0.39953639771158017 0.906982421875 0.001874136910633261 0.00341796875
0 0.11521010061156046 0.906494140625 0.004142828960347208 0.00439453125
0 0.3427697770763464 0.903564453125 0.002170053264943776 0.00244140625
0 0.3392681002170053 0.903076171875 0.003255079897415664 0.00244140625
0 0.3562832905898599 0.901123046875 0.004142828960347208 0.00244140625
0 0.10322548826198462 0.9013671875 0.003255079897415664 0.0029296875
0 0.5402939435786152 0.8974609375 0.004044190175577037 0.00390625
0 0.3602781613730519 0.89697265625 0.006806076149141842 0.00390625
0 0.35307753008482934 0.89599609375 0.0030578023278753207 0.001953125
0 0.1537285460643125 0.8935546875 0.0012823042020122311 0.001953125
0 0.09173406983625962 0.89453125 0.0039455513908068654 0.0048828125
0 0.3502663247188795 0.89208984375 0.0023673308344841193 0.0029296875
0 0.342523180114421 0.890625 0.0012823042020122311 0.001953125
0 0.6246794239494969 0.888427734375 0.004931939238508582 0.00439453125
0 0.41526928388242257 0.887939453125 0.004340106529887552 0.00341796875
0 0.12571513118958375 0.887451171875 0.0016768593410929177 0.00244140625
0 0.09923061747879267 0.888916015625 0.004340106529887552 0.00537109375
0 0.34553166304991123 0.8837890625 0.001578220556322746 0.001953125
0 0.1071217202604064 0.885009765625 0.0039455513908068654 0.00439453125
0 0.10263365555336358 0.883056640625 0.0012823042020122311 0.00244140625
0 0.10939041231012034 0.88232421875 0.0023673308344841193 0.0029296875
0 0.13661471690668772 0.881591796875 0.0013809429867824028 0.00244140625
0 0.3493292562635628 0.880126953125 0.0030578023278753207 0.00244140625
0 0.35337344643913987 0.879638671875 0.003255079897415664 0.00537109375
0 0.13158413888340895 0.878173828125 0.0019727756954034327 0.00244140625
0 0.1633951469717893 0.87744140625 0.001085026632471888 0.001953125
0 0.6347898993884395 0.8779296875 0.00483330045373841 0.00390625
0 0.6249753403038074 0.876708984375 0.005326494377589268 0.00341796875
0 0.34375616492404815 0.876220703125 0.004142828960347208 0.00244140625
0 0.6692148352732294 0.8740234375 0.007397908857762872 0.00390625
0 0.15836456894851056 0.873046875 0.0008877490629315447 0.001953125
0 0.15136121522982837 0.87353515625 0.002465969619254291 0.0029296875
0 0.39159597553758135 0.876220703125 0.01085026632471888 0.00927734375
0 0.14110278161373052 0.87158203125 0.0016768593410929177 0.0029296875
0 0.4934898402051687 0.870849609375 0.0033537186821858355 0.00244140625
0 0.3371966857368317 0.872314453125 0.006016965870980469 0.00537109375
0 0.3714243440520813 0.869384765625 0.005622410731899783 0.00341796875
0 0.10475438942592227 0.868896484375 0.003156441112645492 0.00244140625
0 0.5397021108699941 0.868408203125 0.006806076149141842 0.00439453125
0 0.11525942000394555 0.8671875 0.002465969619254291 0.001953125
0 0.3998816334582758 0.8671875 0.0023673308344841193 0.0029296875
0 0.15456697573485895 0.867431640625 0.0027618859735648055 0.00341796875
0 0.12181889919116197 0.8662109375 0.0023673308344841193 0.00390625
0 0.5468534227658315 0.86474609375 0.004734661668968239 0.0029296875
0 0.49462418623002563 0.86474609375 0.006016965870980469 0.00390625
0 0.1474156638390215 0.86376953125 0.0014795817715525744 0.001953125
0 0.1439139869796804 0.8642578125 0.002959163543105149 0.0029296875
0 0.12408759124087591 0.864013671875 0.0017754981258630894 0.00244140625
0 0.32836851449990134 0.863525390625 0.006904714933912014 0.00341796875
0 0.31495363977115803 0.863037109375 0.004734661668968239 0.00244140625
0 0.12719471296113632 0.86279296875 0.001874136910633261 0.0029296875
0 0.1345433024265141 0.86279296875 0.0033537186821858355 0.00390625
0 0.15806865259420003 0.861572265625 0.005227855592819097 0.00341796875
0 0.09538370487275596 0.861083984375 0.003550996251726179 0.00732421875
0 0.15318603274807654 0.858642578125 0.003748273821266522 0.00341796875
0 0.3412901953047938 0.861328125 0.00966660090747682 0.009765625
0 0.13020319589662654 0.8583984375 0.002959163543105149 0.00390625
0 0.170694417044782 0.857666015625 0.005227855592819097 0.00341796875
0 0.5407378181100809 0.857666015625 0.005326494377589268 0.00439453125
0 0.14776089958571711 0.8564453125 0.0009863878477017164 0.001953125
0 0.11575261392779641 0.85693359375 0.005622410731899783 0.0029296875
0 0.10174590649043204 0.856689453125 0.0036496350364963502 0.00341796875
0 0.33369500887749065 0.85546875 0.003156441112645492 0.001953125
0 0.5567666206352337 0.856201171875 0.006806076149141842 0.00439453125
0 0.16566383902150325 0.854736328125 0.0016768593410929177 0.00244140625
0 0.13528309331229038 0.85498046875 0.0022686920497139475 0.00390625
0 0.33596370092720457 0.853515625 0.002170053264943776 0.001953125
0 0.14312487670151905 0.85400390625 0.0025646084040244622 0.0029296875
0 0.6771059380548432 0.853759765625 0.004044190175577037 0.00341796875
0 0.3828171236930361 0.853271484375 0.0051292168080489245 0.00439453125
0 0.12536989544288815 0.85302734375 0.005918327086210298 0.00390625
0 0.12048727559676464 0.852783203125 0.003452357466956007 0.00537109375
0 0.3188498717695798 0.8505859375 0.0028605247583349774 0.001953125
0 0.14973367528112053 0.851318359375 0.003156441112645492 0.00341796875
0 0.5822154271059381 0.85009765625 0.009370684553166305 0.0048828125
0 0.15501085026632472 0.849609375 0.005227855592819097 0.00390625
0 0.4809133951469718 0.849365234375 0.006806076149141842 0.00634765625
0 0.13755178536200435 0.848388671875 0.0016768593410929177 0.00439453125
0 0.36594989149733675 0.847412109375 0.0039455513908068654 0.00341796875
0 0.11022884198066679 0.84716796875 0.003452357466956007 0.0029296875
0 0.3853324127046755 0.84619140625 0.005227855592819097 0.0029296875
0 0.37073387255869006 0.846435546875 0.00542513316235944 0.00341796875
0 0.09824422963109095 0.84912109375 0.005721049516669955 0.0087890625
0 0.6501775498125864 0.8466796875 0.007989741566383901 0.0048828125
0 0.16684750443874533 0.84619140625 0.0028605247583349774 0.00390625
0 0.10460643124876702 0.848388671875 0.005622410731899783 0.00830078125
0 0.1439139869796804 0.845703125 0.004142828960347208 0.0048828125
0 0.6261096863286645 0.84423828125 0.00424146774511738 0.0029296875
0 0.3319688301440126 0.843505859375 0.0022686920497139475 0.00244140625
0 0.4530972578417834 0.84375 0.004636022884198066 0.00390625
0 0.5795521799171435 0.8427734375 0.00542513316235944 0.0029296875
0 0.17552771749852042 0.84033203125 0.002071414480173604 0.001953125
0 0.4996547642533044 0.842041015625 0.006806076149141842 0.00732421875
0 0.32871375024659694 0.839111328125 0.003452357466956007 0.00244140625
0 0.168968238311304 0.839111328125 0.002170053264943776 0.00244140625
0 0.42468928782797394 0.838623046875 0.005030578023278753 0.00341796875
0 0.46118563819293745 0.837646484375 0.0036496350364963502 0.00244140625
0 0.30923259025448807 0.839111328125 0.003550996251726179 0.00537109375
0 0.3182580390609588 0.836669921875 0.001085026632471888 0.00244140625
0 0.41946143223515486 0.83740234375 0.004636022884198066 0.0048828125
0 0.16418425724995067 0.836181640625 0.0028605247583349774 0.00341796875
0 0.145393568751233 0.8359375 0.0025646084040244622 0.0029296875
0 0.1578220556322746 0.835205078125 0.003550996251726179 0.00341796875
0 0.6964884592621818 0.834716796875 0.003748273821266522 0.00341796875
0 0.3268396133359637 0.833984375 0.001085026632471888 0.001953125
0 0.5055730913395147 0.83447265625 0.006016965870980469 0.005859375
0 0.16107713552969027 0.831787109375 0.0027618859735648055 0.00244140625
0 0.16768593410929178 0.83203125 0.006707437364371671 0.00390625
0 0.4332708621029789 0.83056640625 0.0012823042020122311 0.001953125
0 0.3306372065496153 0.830810546875 0.0033537186821858355 0.00341796875
0 0.6010061156046558 0.830078125 0.004537384099427895 0.00390625
0 0.3586999408167291 0.826904296875 0.00542513316235944 0.00341796875
0 0.3159893470112448 0.826904296875 0.001874136910633261 0.00341796875
0 0.4857466956007102 0.826904296875 0.00483330045373841 0.00537109375
0 0.6164924048135727 0.82470703125 0.004931939238508582 0.0029296875
0 0.5291477608995857 0.82568359375 0.005227855592819097 0.0048828125
0 0.36525942000394557 0.823974609375 0.0011836654172420597 0.00244140625
0 0.18159400276188598 0.823486328125 0.002959163543105149 0.00244140625
0 0.46059380548431644 0.82373046875 0.004636022884198066 0.00390625
0 0.1686230025646084 0.823974609375 0.002663247188794634 0.00439453125
0 0.6110672716512132 0.82275390625 0.0023673308344841193 0.0029296875
0 0.44116196488459264 0.821533203125 0.0030578023278753207 0.00244140625
0 0.1728151509173407 0.81982421875 0.003748273821266522 0.0029296875
0 0.6319786940224896 0.8193359375 0.00907476819885579 0.005859375
0 0.18075557309133952 0.81689453125 0.0012823042020122311 0.001953125
0 0.4860919313474058 0.815185546875 0.0033537186821858355 0.00244140625
0 0.4585223910041428 0.814208984375 0.003452357466956007 0.00244140625
0 0.3173209706056421 0.814208984375 0.002959163543105149 0.00244140625
0 0.3221049516669955 0.813720703125 0.006214243440520813 0.00439453125
0 0.2055139080686526 0.811767578125 0.002465969619254291 0.00244140625
0 0.18484908265930164 0.8115234375 0.0019727756954034327 0.001953125
0 0.5713651607812191 0.810791015625 0.003452357466956007 0.00244140625
0 0.3010948905109489 0.810302734375 0.00424146774511738 0.00341796875
0 0.31233971197474847 0.809326171875 0.00424146774511738 0.00244140625
0 0.23594397317025054 0.809326171875 0.0013809429867824028 0.00244140625
0 0.7094101400670744 0.80908203125 0.0072992700729927005 0.00390625
0 0.541921483527323 0.807861328125 0.004537384099427895 0.00244140625
0 0.30617478792661273 0.808349609375 0.0033537186821858355 0.00341796875
0 0.1780430065101598 0.807861328125 0.004142828960347208 0.00244140625
0 0.1884493983034129 0.8076171875 0.005622410731899783 0.0029296875
0 0.16551588084434798 0.808349609375 0.004340106529887552 0.00439453125
0 0.21266521996449003 0.8056640625 0.0013809429867824028 0.001953125
0 0.20625369895442888 0.80615234375 0.004734661668968239 0.00390625
0 0.18238311304004734 0.805419921875 0.0027618859735648055 0.00244140625
0 0.6245807851647268 0.80615234375 0.009863878477017163 0.005859375
0 0.19944762280528705 0.803955078125 0.002170053264943776 0.00244140625
0 0.09824422963109095 0.80517578125 0.005523771947129611 0.0048828125
0 0.2020615506016966 0.803955078125 0.002465969619254291 0.00341796875
0 0.6713848885381732 0.80224609375 0.0036496350364963502 0.0029296875
0 0.3960840402446242 0.80224609375 0.00542513316235944 0.0029296875
0 0.6406589070822647 0.8017578125 0.002959163543105149 0.0029296875
0 0.4342572499506806 0.800048828125 0.001874136910633261 0.00244140625
0 0.5102584336160978 0.799072265625 0.0033537186821858355 0.00244140625
0 0.34952653383310317 0.798828125 0.004044190175577037 0.0029296875
0 0.1884493983034129 0.800537109375 0.005819688301440126 0.00634765625
0 0.2013217597159203 0.7978515625 0.003748273821266522 0.00390625
0 0.4540836456894851 0.7958984375 0.003452357466956007 0.001953125
0 0.6452949299664628 0.796630859375 0.004340106529887552 0.00537109375
0 0.4335174590649043 0.794677734375 0.001578220556322746 0.00244140625
0 0.63217597159203 0.79736328125 0.006904714933912014 0.0087890625
0 0.3114519629118169 0.794189453125 0.002465969619254291 0.00244140625
0 0.2142434405208128 0.7939453125 0.002170053264943776 0.001953125
0 0.2173505622410732 0.79296875 0.0028605247583349774 0.001953125
0 0.5700335371868218 0.79296875 0.003550996251726179 0.0029296875
0 0.404024462418623 0.7939453125 0.010455711185638194 0.0068359375
0 0.39711974748471096 0.791015625 0.0025646084040244622 0.001953125
0 0.35865062142434406 0.791015625 0.0023673308344841193 0.001953125
0 0.2214440718090353 0.791259765625 0.001578220556322746 0.00244140625
0 0.2102978891300059 0.79150390625 0.003156441112645492 0.0029296875
0 0.19638982047741171 0.792236328125 0.007101992503452358 0.00439453125
0 0.4311008088380351 0.790771484375 0.003255079897415664 0.00341796875
0 0.20408364568948512 0.791015625 0.005523771947129611 0.0048828125
0 0.3533241270467548 0.787353515625 0.0023673308344841193 0.00244140625
0 0.22884198066679817 0.78759765625 0.0051292168080489245 0.00390625
0 0.6159005721049516 0.786376953125 0.0033537186821858355 0.00341796875
0 0.22173998816334584 0.7861328125 0.0023673308344841193 0.0029296875
0 0.24383507595186427 0.78515625 0.001578220556322746 0.001953125
0 0.4304103373446439 0.78369140625 0.0016768593410929177 0.001953125
0 0.21656145196291182 0.784423828125 0.0022686920497139475 0.00341796875
0 0.6897317025054251 0.78369140625 0.0077924639968435586 0.0048828125
0 0.40244624186230027 0.782958984375 0.005721049516669955 0.00341796875
0 0.10199250345235747 0.782958984375 0.0039455513908068654 0.00341796875
0 0.30513908068652595 0.781982421875 0.004044190175577037 0.00244140625
0 0.6680804892483725 0.78076171875 0.0027618859735648055 0.001953125
0 0.5319589662655356 0.779296875 0.0023673308344841193 0.001953125
0 0.20536594989149734 0.7802734375 0.007496547642533044 0.00390625
0 0.22538962319984218 0.77880859375 0.003748273821266522 0.001953125
0 0.30716117577431445 0.778564453125 0.0023673308344841193 0.00244140625
0 0.11777470901558493 0.7783203125 0.004734661668968239 0.0048828125
0 0.5640658907082264 0.77734375 0.0077924639968435586 0.00390625
0 0.40732886170842375 0.775390625 0.003452357466956007 0.0029296875
0 0.09819491023870586 0.77490234375 0.001085026632471888 0.001953125
0 0.23387255869007695 0.774169921875 0.002170053264943776 0.00244140625
0 0.43277766817912805 0.7734375 0.002663247188794634 0.001953125
0 0.569540343262971 0.77197265625 0.001578220556322746 0.001953125
0 0.13414874728743342 0.772705078125 0.004340106529887552 0.00439453125
0 0.21858354705070032 0.772216796875 0.002170053264943776 0.00439453125
0 0.2430459656737029 0.771728515625 0.007496547642533044 0.00439453125
0 0.23377391990530677 0.7705078125 0.003748273821266522 0.001953125
0 0.4366739001775498 0.769775390625 0.002170053264943776 0.00244140625
0 0.3055829552179917 0.77001953125 0.0017754981258630894 0.00390625
0 0.2309133951469718 0.76806640625 0.001578220556322746 0.001953125
0 0.12063523377391991 0.7705078125 0.002959163543105149 0.0068359375
0 0.10874926020911423 0.7685546875 0.002465969619254291 0.0029296875
0 0.3004044190175577 0.768310546875 0.0044387453146577235 0.00341796875
0 0.4118169264154666 0.768798828125 0.005918327086210298 0.00634765625
0 0.0980469520615506 0.7666015625 0.0017754981258630894 0.001953125
0 0.5617478792661275 0.766357421875 0.005326494377589268 0.00341796875
0 0.409202998619057 0.7646484375 0.0022686920497139475 0.001953125
0 0.2974945748668376 0.764404296875 0.006707437364371671 0.00341796875
0 0.11205365949891498 0.765869140625 0.004734661668968239 0.00634765625
0 0.12162162162162163 0.76318359375 0.0017754981258630894 0.001953125
0 0.12408759124087591 0.76318359375 0.002170053264943776 0.0029296875
0 0.4276977707634642 0.7626953125 0.0019727756954034327 0.00390625
0 0.43228447425527716 0.761962890625 0.003255079897415664 0.00341796875
0 0.34015584927993686 0.7607421875 0.0012823042020122311 0.001953125
0 0.2815644111264549 0.760498046875 0.0016768593410929177 0.00244140625
0 0.40940027618859737 0.759765625 0.0028605247583349774 0.001953125
0 0.32516275399487077 0.75927734375 0.0038469126060366936 0.001953125
0 0.1431741960939041 0.759765625 0.0028605247583349774 0.0029296875
0 0.43563819293746303 0.758056640625 0.0028605247583349774 0.00244140625
0 0.24038271848490828 0.757080078125 0.0027618859735648055 0.00244140625
0 0.24847109883606233 0.757080078125 0.0039455513908068654 0.00341796875
0 0.5714637995659894 0.756591796875 0.002465969619254291 0.00341796875
0 0.5254488064707042 0.757080078125 0.002959163543105149 0.00439453125
0 0.18647662260800946 0.75732421875 0.00483330045373841 0.0048828125
0 0.1457388044979286 0.755859375 0.002663247188794634 0.001953125
0 0.2642533043992898 0.755126953125 0.0017754981258630894 0.00146484375
0 0.14973367528112053 0.75537109375 0.0027618859735648055 0.001953125
0 0.14159597553758138 0.75537109375 0.002071414480173604 0.001953125
0 0.21340501085026634 0.758544921875 0.0044387453146577235 0.00927734375
0 0.2579404221739988 0.75439453125 0.003748273821266522 0.001953125
0 0.13750246596961926 0.7548828125 0.0023673308344841193 0.0029296875
0 0.340797001380943 0.751953125 0.0019727756954034327 0.001953125
0 0.5693923850858157 0.751708984375 0.0044387453146577235 0.00244140625
0 0.1429275991319787 0.751220703125 0.0025646084040244622 0.00244140625
0 0.33487867429473267 0.751220703125 0.004931939238508582 0.00439453125
0 0.43583547050700333 0.7509765625 0.00424146774511738 0.0048828125
0 0.5544979285855198 0.74951171875 0.0038469126060366936 0.0029296875
0 0.3233872558690077 0.74853515625 0.0028605247583349774 0.001953125
0 0.5324028407970014 0.748291015625 0.0030578023278753207 0.00244140625
0 0.42483724600512923 0.74560546875 0.0025646084040244622 0.001953125
0 0.33088380351154073 0.745849609375 0.0028605247583349774 0.00244140625
0 0.5403925823633853 0.744873046875 0.0014795817715525744 0.00146484375
0 0.2955711185638193 0.746826171875 0.0028605247583349774 0.00537109375
0 0.24955612546853423 0.7470703125 0.0033537186821858355 0.005859375
0 0.32323929769185245 0.74462890625 0.0023673308344841193 0.001953125
0 0.5244624186230026 0.74267578125 0.0023673308344841193 0.001953125
0 0.15007891102781615 0.74169921875 0.0028605247583349774 0.001953125
0 0.3323140658907082 0.74169921875 0.0023673308344841193 0.0029296875
0 0.30060169658709807 0.74560546875 0.005622410731899783 0.0107421875
0 0.4186723219569935 0.7412109375 0.0030578023278753207 0.0029296875
0 0.1536792266719274 0.740478515625 0.003156441112645492 0.00244140625
0 0.16684750443874533 0.742431640625 0.005030578023278753 0.00732421875
0 0.16038666403629906 0.73974609375 0.001578220556322746 0.001953125
0 0.5420694417044782 0.739501953125 0.001874136910633261 0.00244140625
0 0.4249358847898994 0.73974609375 0.003156441112645492 0.00390625
0 0.5583448411915565 0.73828125 0.003255079897415664 0.001953125
0 0.2116788321167883 0.740234375 0.004142828960347208 0.005859375
0 0.2485697376208325 0.738037109375 0.004340106529887552 0.00244140625
0 0.5724995068060762 0.73779296875 0.004142828960347208 0.0029296875
0 0.32698757151311897 0.74072265625 0.004734661668968239 0.0087890625
0 0.22016176760702308 0.737548828125 0.002170053264943776 0.00244140625
0 0.45087788518445454 0.736572265625 0.0019727756954034327 0.00244140625
0 0.2308640757545867 0.73583984375 0.002663247188794634 0.001953125
0 0.29828368514499903 0.73681640625 0.005523771947129611 0.0048828125
0 0.19851055434997042 0.736083984375 0.0038469126060366936 0.00341796875
0 0.3301440126257644 0.735107421875 0.002959163543105149 0.00244140625
0 0.3209706056421385 0.738037109375 0.006707437364371671 0.00830078125
0 0.1658611165910436 0.735595703125 0.003255079897415664 0.00341796875
0 0.30306766620635234 0.73583984375 0.003255079897415664 0.0048828125
0 0.24003748273821265 0.73583984375 0.00483330045373841 0.0048828125
0 0.20240678634839218 0.7373046875 0.0039455513908068654 0.0078125
0 0.19456500295916354 0.73583984375 0.0036496350364963502 0.005859375
0 0.3140658907082265 0.7333984375 0.0011836654172420597 0.001953125
0 0.43479976326691655 0.733642578125 0.004931939238508582 0.00341796875
0 0.22721444071809035 0.732421875 0.001874136910633261 0.001953125
0 0.33813375419214836 0.732177734375 0.0011836654172420597 0.00244140625
0 0.20502071414480175 0.7314453125 0.0028605247583349774 0.001953125
0 0.23836062339711975 0.731201171875 0.0022686920497139475 0.00244140625
0 0.20220950877885185 0.730712890625 0.0017754981258630894 0.00244140625
0 0.1822351548628921 0.730712890625 0.003255079897415664 0.00244140625
0 0.14475241665022687 0.730712890625 0.001085026632471888 0.00244140625
0 0.3275300848293549 0.72998046875 0.002071414480173604 0.001953125
0 0.31589070822647464 0.73193359375 0.0038469126060366936 0.005859375
0 0.17898007496547644 0.73046875 0.002465969619254291 0.0029296875
0 0.531021897810219 0.72998046875 0.002465969619254291 0.0029296875
0 0.3003550996251726 0.73046875 0.005721049516669955 0.0048828125
0 0.19323337936476623 0.73095703125 0.002959163543105149 0.005859375
0 0.4390412310120339 0.7294921875 0.0051292168080489245 0.0048828125
0 0.19841191556520024 0.728759765625 0.004044190175577037 0.00341796875
0 0.5245117380153876 0.7275390625 0.0038469126060366936 0.001953125
0 0.24230617478792663 0.7275390625 0.002071414480173604 0.001953125
0 0.22519234563030183 0.727783203125 0.001578220556322746 0.00244140625
0 0.31352337739199054 0.72705078125 0.00424146774511738 0.005859375
0 0.2989741566383902 0.7255859375 0.002959163543105149 0.0029296875
0 0.2946340501085027 0.724853515625 0.002170053264943776 0.00244140625
0 0.2194219767212468 0.726318359375 0.0028605247583349774 0.00634765625
0 0.3168277766817913 0.723876953125 0.003156441112645492 0.00244140625
0 0.22183862694811599 0.72509765625 0.002959163543105149 0.0048828125
0 0.5329946735056225 0.723388671875 0.006806076149141842 0.00341796875
0 0.3252120733872559 0.7236328125 0.004734661668968239 0.00390625
0 0.30957782600118366 0.7236328125 0.00424146774511738 0.00390625
0 0.21399684355888735 0.72216796875 0.0012823042020122311 0.0029296875
0 0.4408660485302821 0.7197265625 0.002071414480173604 0.001953125
0 0.1992503452357467 0.720703125 0.0039455513908068654 0.0048828125
0 0.4429374630104557 0.718505859375 0.0012823042020122311 0.00244140625
0 0.4377589268100217 0.720703125 0.004537384099427895 0.0078125
0 0.24940816729137896 0.71923828125 0.0036496350364963502 0.0048828125
0 0.2242552771749852 0.718505859375 0.0022686920497139475 0.00341796875
0 0.2269678437561649 0.71728515625 0.0025646084040244622 0.001953125
0 0.1770566186624581 0.7177734375 0.001578220556322746 0.0029296875
0 0.23831130400473466 0.716796875 0.0033537186821858355 0.001953125
0 0.20936082067468928 0.719482421875 0.0066087985796014995 0.00830078125
0 0.2462024067863484 0.716552734375 0.0017754981258630894 0.00341796875
0 0.24265141053462222 0.7158203125 0.0025646084040244622 0.00390625
0 0.5318603274807654 0.71533203125 0.002170053264943776 0.00390625
0 0.19017557703689092 0.71484375 0.002959163543105149 0.00390625
0 0.4385480370881831 0.714111328125 0.004537384099427895 0.00341796875
0 0.44274018544091537 0.713134765625 0.0014795817715525744 0.00244140625
0 0.28319195107516276 0.714599609375 0.0023673308344841193 0.00537109375
0 0.27752022095087786 0.712646484375 0.001874136910633261 0.00244140625
0 0.22430459656737028 0.712890625 0.0027618859735648055 0.0048828125
0 0.43405997238114025 0.710693359375 0.002071414480173604 0.00244140625
0 0.5312684947721444 0.708984375 0.0017754981258630894 0.001953125
0 0.3107121720260406 0.710205078125 0.005523771947129611 0.00439453125
0 0.2715032550798974 0.708984375 0.0014795817715525744 0.001953125
0 0.23821266521996448 0.70947265625 0.0019727756954034327 0.0029296875
0 0.2297790491221148 0.70849609375 0.0012823042020122311 0.001953125
0 0.280479384493983 0.7080078125 0.002663247188794634 0.00390625
0 0.20176563424738608 0.70703125 0.001874136910633261 0.001953125
0 0.2909844150720063 0.70703125 0.0027618859735648055 0.0029296875
0 0.23490826593016373 0.70849609375 0.0044387453146577235 0.0068359375
0 0.21606825803906096 0.705810546875 0.0016768593410929177 0.00439453125
0 0.19540343262971 0.705078125 0.001578220556322746 0.0029296875
0 0.24521601893864667 0.704345703125 0.0013809429867824028 0.00244140625
0 0.29409153679226674 0.704833984375 0.00424146774511738 0.00439453125
0 0.24136910633261 0.705810546875 0.004931939238508582 0.00634765625
0 0.22346616689682383 0.7060546875 0.008581574275004932 0.0068359375
0 0.44101400670743734 0.703125 0.0013809429867824028 0.001953125
0 0.22726376011047544 0.701171875 0.003156441112645492 0.0029296875
0 0.21656145196291182 0.700927734375 0.0022686920497139475 0.00244140625
0 0.2141448017360426 0.70068359375 0.0019727756954034327 0.001953125
0 0.22055632274610376 0.700439453125 0.0019727756954034327 0.00244140625
0 0.29527520220950876 0.699462890625 0.0016768593410929177 0.00244140625
0 0.23880449792858552 0.7001953125 0.002959163543105149 0.0048828125
0 0.22450187413691064 0.699951171875 0.002170053264943776 0.00439453125
0 0.2075360031564411 0.699951171875 0.002170053264943776 0.00439453125
0 0.21858354705070032 0.697021484375 0.0039455513908068654 0.00439453125
0 0.21463799565989347 0.69580078125 0.0013809429867824028 0.00390625
0 0.27357466956007104 0.69287109375 0.002071414480173604 0.001953125
0 0.22800355099625172 0.69482421875 0.005622410731899783 0.009765625
0 0.43677253896232 0.688232421875 0.002959163543105149 0.00244140625
0 0.21542710593805484 0.689697265625 0.003550996251726179 0.00927734375
0 0.44550207141448017 0.6826171875 0.002071414480173604 0.0029296875
0 0.44007693825212074 0.6826171875 0.002071414480173604 0.0029296875
0 0.23446439139869796 0.67724609375 0.0009863878477017164 0.001953125
0 0.44367725389623197 0.67724609375 0.0023673308344841193 0.00390625
0 0.21996449003748275 0.676025390625 0.002170053264943776 0.00439453125
0 0.22183862694811599 0.67431640625 0.0017754981258630894 0.001953125
0 0.28353718682185836 0.6640625 0.005227855592819097 0.00390625
0 0.2905405405405405 0.665283203125 0.003255079897415664 0.00830078125
0 0.2270664825409351 0.651123046875 0.002170053264943776 0.00341796875
