0 0.3713257052673111 0.9638671875 0.0008877490629315447 0.0029296875
0 0.381584138883409 0.947509765625 0.0028605247583349774 0.00927734375
0 0.37527125665811795 0.9326171875 0.0016768593410929177 0.0048828125
0 0.3748767015190373 0.923828125 0.001874136910633261 0.00390625
0 0.1892385085815743 0.884765625 0.001085026632471888 0.0029296875
0 0.18938646675872953 0.876220703125 0.0009863878477017164 0.00244140625
0 0.29468336950088775 0.868896484375 0.0008877490629315447 0.00244140625
0 0.2943874531465772 0.862060546875 0.0008877490629315447 0.00244140625
0 0.1884000789110278 0.853759765625 0.002170053264943776 0.00537109375
0 0.1585618465180509 0.830810546875 0.0008877490629315447 0.00244140625
0 0.15949891497336752 0.8291015625 0.000789110278161373 0.0029296875
0 0.3101203393174196 0.824951171875 0.0011836654172420597 0.00244140625
0 0.15935095679621228 0.82177734375 0.002071414480173604 0.0048828125
0 0.18682185835470508 0.820556640625 0.0025646084040244622 0.00537109375
0 0.17340698362596174 0.8134765625 0.0017754981258630894 0.005859375
0 0.16014006707437364 0.813232421875 0.0028605247583349774 0.00732421875
0 0.3688597356480568 0.80712890625 0.0006904714933912014 0.001953125
0 0.159202998619057 0.802734375 0.0009863878477017164 0.00390625
0 0.37783586506214245 0.794189453125 0.0006904714933912014 0.00244140625
0 0.32314065890708227 0.794921875 0.0019727756954034327 0.0068359375
0 0.26997435391595975 0.78271484375 0.0025646084040244622 0.0078125
0 0.37250937068455314 0.768798828125 0.0014795817715525744 0.00244140625
0 0.36688695995265336 0.76904296875 0.0008877490629315447 0.0029296875
0 0.4214342079305583 0.760986328125 0.006411521010061156 0.00537109375
0 0.1376504241467745 0.654052734375 0.00483330045373841 0.00634765625
0 0.099427895048333 0.65185546875 0.001578220556322746 0.001953125
0 0.10771355296902742 0.6484375 0.002170053264943776 0.0029296875
0 0.112645492207536 0.644287109375 0.0033537186821858355 0.00244140625
0 0.19377589268100218 0.645751953125 0.00976523969224699 0.00634765625
