0 0.4217794436772539 0.997802734375 0.0013809429867824028 0.00244140625
0 0.26376011047543896 0.998291015625 0.0039455513908068654 0.00341796875
0 0.16467745117380153 0.998291015625 0.0016768593410929177 0.00341796875
0 0.3824225685539554 0.998046875 0.0013809429867824028 0.00390625
0 0.0949398303412902 0.997802734375 0.0012823042020122311 0.00439453125
0 0.6078615111461827 0.996337890625 0.00424146774511738 0.00341796875
0 0.225290984415072 0.997314453125 0.00907476819885579 0.00537109375
0 0.21153087393963307 0.99609375 0.0008877490629315447 0.0029296875
0 0.1467251923456303 0.997314453125 0.006016965870980469 0.00537109375
0 0.6307950286052476 0.99658203125 0.004537384099427895 0.0048828125
0 0.2194712961136319 0.9970703125 0.003156441112645492 0.005859375
0 0.5301341487472875 0.996337890625 0.007989741566383901 0.00537109375
0 0.3391201420398501 0.996826171875 0.0039455513908068654 0.00634765625
0 0.27248964292759914 0.99462890625 0.0016768593410929177 0.001953125
0 0.37650424146774514 0.994384765625 0.001578220556322746 0.00244140625
0 0.3255573091339515 0.994384765625 0.002465969619254291 0.00244140625
0 0.25700335371868216 0.99658203125 0.006016965870980469 0.0068359375
0 0.4228151509173407 0.993896484375 0.002071414480173604 0.00244140625
0 0.2850167685934109 0.9931640625 0.00542513316235944 0.00390625
0 0.23934701124482147 0.99365234375 0.005819688301440126 0.0048828125
0 0.27066482540935094 0.991943359375 0.0019727756954034327 0.00244140625
0 0.7240579996054448 0.99169921875 0.003452357466956007 0.0029296875
0 0.2607023081475636 0.9921875 0.002959163543105149 0.00390625
0 0.34168475044387453 0.990478515625 0.0033537186821858355 0.00341796875
0 0.251726178733478 0.990966796875 0.0017754981258630894 0.00439453125
0 0.3792168080489248 0.98974609375 0.003452357466956007 0.00390625
0 0.2659301637403827 0.989990234375 0.004340106529887552 0.00537109375
0 0.25739790885776287 0.9892578125 0.001874136910633261 0.00390625
0 0.594298678240284 0.989013671875 0.004734661668968239 0.00439453125
0 0.1251232984809627 0.9873046875 0.0012823042020122311 0.001953125
0 0.7001874136910633 0.987060546875 0.0044387453146577235 0.00244140625
0 0.24112250937068455 0.98876953125 0.009370684553166305 0.005859375
0 0.14282896034720852 0.99072265625 0.003748273821266522 0.009765625
0 0.42409745511935293 0.988037109375 0.004044190175577037 0.00634765625
0 0.21789307555730913 0.98583984375 0.0013809429867824028 0.0029296875
0 0.09104359834286842 0.98583984375 0.0009863878477017164 0.0029296875
0 0.6047050700335372 0.9873046875 0.013118958374432827 0.0068359375
0 0.1905701321759716 0.98828125 0.003156441112645492 0.0087890625
0 0.5852239100414283 0.985595703125 0.005326494377589268 0.00439453125
0 0.29660682580390607 0.98779296875 0.012231209311501283 0.0107421875
0 0.19495955809824422 0.983642578125 0.001085026632471888 0.00244140625
0 0.0952850660879858 0.984375 0.003550996251726179 0.00390625
0 0.4645393568751233 0.98291015625 0.00424146774511738 0.00390625
0 0.4213355691457881 0.982666015625 0.002465969619254291 0.00341796875
0 0.2236141250739791 0.98388671875 0.004931939238508582 0.005859375
0 0.6583645689485106 0.9814453125 0.004044190175577037 0.0029296875
0 0.1272440323535214 0.9814453125 0.0027618859735648055 0.0029296875
0 0.5957782600118366 0.98046875 0.002170053264943776 0.001953125
0 0.25942000394555137 0.980712890625 0.001578220556322746 0.00341796875
0 0.2521700532649438 0.986572265625 0.01213257052673111 0.01513671875
0 0.23619057013217598 0.98046875 0.002465969619254291 0.0029296875
0 0.23234365752613928 0.983154296875 0.005622410731899783 0.01025390625
0 0.7082264746498323 0.98095703125 0.009469323337936477 0.0068359375
0 0.2685934109291774 0.978515625 0.0013809429867824028 0.001953125
0 0.693134740579996 0.98095703125 0.008877490629315447 0.0078125
0 0.09918129808640758 0.97900390625 0.0036496350364963502 0.00390625
0 0.24432826987571513 0.980224609375 0.009272045768396133 0.00732421875
0 0.34158611165910435 0.9794921875 0.005326494377589268 0.0087890625
0 0.2291872164134938 0.976318359375 0.0028605247583349774 0.00244140625
0 0.7314559084632077 0.977294921875 0.004636022884198066 0.00537109375
0 0.5881337541921483 0.975830078125 0.0016768593410929177 0.00244140625
0 0.13153481949102386 0.97900390625 0.004636022884198066 0.0087890625
0 0.7134050108502663 0.9765625 0.00483330045373841 0.0048828125
0 0.6378970211087 0.97607421875 0.004734661668968239 0.00390625
0 0.25863089366739 0.9755859375 0.0011836654172420597 0.0029296875
0 0.21749852041822845 0.97607421875 0.005523771947129611 0.00390625
0 0.4801736042611955 0.97509765625 0.0027618859735648055 0.0029296875
0 0.28940619451568356 0.97509765625 0.0013809429867824028 0.0029296875
0 0.18603274807654369 0.974853515625 0.004537384099427895 0.00244140625
0 0.12334780035509962 0.974365234375 0.002465969619254291 0.00244140625
0 0.09927993687117774 0.97509765625 0.0036496350364963502 0.00390625
0 0.25537581376997437 0.975341796875 0.0013809429867824028 0.00537109375
0 0.25138094298678243 0.974609375 0.0014795817715525744 0.00390625
0 0.1300552377194713 0.975341796875 0.0028605247583349774 0.00537109375
0 0.19328269875715132 0.9736328125 0.0012823042020122311 0.0029296875
0 0.5202209508778852 0.974365234375 0.004340106529887552 0.00537109375
0 0.22297297297297297 0.974609375 0.004044190175577037 0.005859375
0 0.24250345235746695 0.974365234375 0.006016965870980469 0.00634765625
0 0.1487472874334188 0.974853515625 0.006707437364371671 0.00732421875
0 0.5891694614322351 0.971923828125 0.0013809429867824028 0.00244140625
0 0.1439139869796804 0.974365234375 0.0027618859735648055 0.00732421875
0 0.28629907279542316 0.97119140625 0.0016768593410929177 0.001953125
0 0.32032945354113235 0.9716796875 0.0012823042020122311 0.00390625
0 0.23865653975143025 0.970458984375 0.0008877490629315447 0.00244140625
0 0.6516078121917538 0.969970703125 0.0025646084040244622 0.00244140625
0 0.11747879266127441 0.969970703125 0.0025646084040244622 0.00341796875
0 0.10435983428684159 0.974853515625 0.004142828960347208 0.01318359375
0 0.3448905109489051 0.96923828125 0.0014795817715525744 0.0029296875
0 0.1303511540737818 0.9697265625 0.00483330045373841 0.00390625
0 0.6998421779443678 0.9716796875 0.00966660090747682 0.0087890625
0 0.1341980666798185 0.96826171875 0.0008877490629315447 0.001953125
0 0.5581475636220162 0.96875 0.0028605247583349774 0.00390625
0 0.2413197869402249 0.96875 0.0028605247583349774 0.0048828125
0 0.23688104162556717 0.969482421875 0.0030578023278753207 0.00634765625
0 0.5372854606431249 0.968994140625 0.006312882225290984 0.00732421875
0 0.4969915170645098 0.967041015625 0.002663247188794634 0.00341796875
0 0.2530084829354902 0.966064453125 0.000789110278161373 0.00244140625
0 0.2447228250147958 0.966552734375 0.001578220556322746 0.00341796875
0 0.22598145590846322 0.967529296875 0.0027618859735648055 0.00537109375
0 0.19214835273229433 0.96630859375 0.003748273821266522 0.0029296875
0 0.7114322351548629 0.9658203125 0.003255079897415664 0.0029296875
0 0.4371177747090156 0.966796875 0.006016965870980469 0.0048828125
0 0.22203590451765634 0.966552734375 0.004537384099427895 0.00439453125
0 0.2583842967054646 0.966064453125 0.0030578023278753207 0.00439453125
0 0.22760899585717104 0.96484375 0.0016768593410929177 0.001953125
0 0.544831327678043 0.966064453125 0.005030578023278753 0.00537109375
0 0.15062142434405207 0.964599609375 0.001578220556322746 0.00244140625
0 0.21720260406391792 0.963623046875 0.0023673308344841193 0.00244140625
0 0.7146379956598935 0.964111328125 0.004142828960347208 0.00439453125
0 0.15624383507595185 0.9638671875 0.002170053264943776 0.00390625
0 0.6145196291181693 0.964111328125 0.010652988755178536 0.00537109375
0 0.6606332609982245 0.964599609375 0.010751627539948707 0.00732421875
0 0.5553363582560663 0.962890625 0.005326494377589268 0.0048828125
0 0.2458571710396528 0.962158203125 0.002663247188794634 0.00341796875
0 0.1411521010061156 0.9638671875 0.002959163543105149 0.0068359375
0 0.28797593213651607 0.9619140625 0.005030578023278753 0.00390625
0 0.19002761885973565 0.961181640625 0.0008877490629315447 0.00244140625
0 0.11254685342276582 0.963134765625 0.006904714933912014 0.00732421875
0 0.6370092720457684 0.9638671875 0.010652988755178536 0.009765625
0 0.3433122903925824 0.962890625 0.005227855592819097 0.0078125
0 0.31939238508581574 0.9609375 0.0027618859735648055 0.00390625
0 0.11920497139475242 0.96044921875 0.0028605247583349774 0.0029296875
0 0.3078023278753206 0.960205078125 0.006806076149141842 0.00439453125
0 0.5895640165713159 0.96044921875 0.009863878477017163 0.0068359375
0 0.4899388439534425 0.95947265625 0.004340106529887552 0.0048828125
0 0.09582757940422174 0.959716796875 0.003255079897415664 0.00537109375
0 0.6956500295916355 0.9580078125 0.002071414480173604 0.0029296875
0 0.704576839613336 0.958740234375 0.004734661668968239 0.00537109375
0 0.26129414085618463 0.957275390625 0.001578220556322746 0.00244140625
0 0.24847109883606233 0.95751953125 0.004537384099427895 0.0029296875
0 0.13395146971789307 0.95703125 0.0009863878477017164 0.001953125
0 0.5941507200631289 0.95947265625 0.006806076149141842 0.0078125
0 0.2537975932136516 0.956298828125 0.0027618859735648055 0.00244140625
0 0.10505030578023279 0.95654296875 0.0017754981258630894 0.00390625
0 0.5256460840402446 0.956787109375 0.00907476819885579 0.00537109375
0 0.5001479581771553 0.955322265625 0.0044387453146577235 0.00439453125
0 0.14697178930755572 0.9541015625 0.0017754981258630894 0.001953125
0 0.6632965081870191 0.955322265625 0.008187019135924246 0.00537109375
0 0.6126948115999211 0.95654296875 0.009173406983625962 0.0078125
0 0.24151706450976523 0.958740234375 0.007397908857762872 0.01220703125
0 0.11121522982836851 0.955810546875 0.007200631288222529 0.00634765625
0 0.5632274610376801 0.9580078125 0.00966660090747682 0.01171875
0 0.4843164332215427 0.95361328125 0.005326494377589268 0.00390625
0 0.1015486289208917 0.95849609375 0.00483330045373841 0.0146484375
0 0.6556026829749457 0.952880859375 0.004044190175577037 0.00439453125
0 0.3067666206352338 0.95166015625 0.001578220556322746 0.001953125
0 0.5940027618859736 0.951171875 0.003156441112645492 0.0029296875
0 0.5315644111264549 0.951416015625 0.0033537186821858355 0.00341796875
0 0.3205267311106727 0.952392578125 0.00542513316235944 0.00537109375
0 0.11945156835667785 0.951904296875 0.0033537186821858355 0.00439453125
0 0.7067468928782797 0.950439453125 0.0027618859735648055 0.00244140625
0 0.5186427303215624 0.951416015625 0.007496547642533044 0.00439453125
0 0.2427007299270073 0.95263671875 0.0016768593410929177 0.0068359375
0 0.1926415466561452 0.950439453125 0.0039455513908068654 0.00244140625
0 0.6407082264746499 0.9501953125 0.0028605247583349774 0.0029296875
0 0.4205957782600118 0.951171875 0.001578220556322746 0.0048828125
0 0.3302919708029197 0.94970703125 0.001874136910633261 0.001953125
0 0.13503649635036497 0.95068359375 0.0039455513908068654 0.00390625
0 0.7133556914578812 0.9521484375 0.008877490629315447 0.0078125
0 0.6472183862694811 0.95166015625 0.007003353718682186 0.0068359375
0 0.2883704872755968 0.94873046875 0.002071414480173604 0.001953125
0 0.2766324718879463 0.94921875 0.0030578023278753207 0.0029296875
0 0.22415663839021505 0.952392578125 0.008384296705464589 0.00927734375
0 0.5667784572894062 0.948486328125 0.0017754981258630894 0.00244140625
0 0.11659104359834287 0.9501953125 0.0025646084040244622 0.005859375
0 0.41561451962911816 0.949951171875 0.005030578023278753 0.00634765625
0 0.1863779838232393 0.94873046875 0.006016965870980469 0.00390625
0 0.6958966265535609 0.948974609375 0.007693825212073387 0.00537109375
0 0.601154073781811 0.94970703125 0.0066087985796014995 0.0068359375
0 0.251726178733478 0.949462890625 0.007101992503452358 0.00634765625
0 0.667242059577826 0.9501953125 0.011146182679029394 0.0087890625
0 0.5905504044190175 0.94775390625 0.0033537186821858355 0.00390625
0 0.5719569934898402 0.948486328125 0.007200631288222529 0.00537109375
0 0.5568159400276188 0.948486328125 0.008877490629315447 0.00537109375
0 0.33966265535608603 0.947265625 0.0022686920497139475 0.0029296875
0 0.3361609784967449 0.949951171875 0.003748273821266522 0.00830078125
0 0.5808838035115408 0.94775390625 0.003156441112645492 0.0048828125
0 0.5322548826198461 0.947509765625 0.003748273821266522 0.00439453125
0 0.09814559084632077 0.9482421875 0.0027618859735648055 0.005859375
0 0.47450187413691064 0.947021484375 0.0044387453146577235 0.00439453125
0 0.6723712763858749 0.947021484375 0.007397908857762872 0.00537109375
0 0.6280824620240678 0.94580078125 0.005819688301440126 0.0029296875
0 0.414924048135727 0.9453125 0.004044190175577037 0.00390625
0 0.32318997829946733 0.946044921875 0.002071414480173604 0.00537109375
0 0.5027125665811797 0.94384765625 0.0012823042020122311 0.001953125
0 0.24630104557111857 0.945068359375 0.004931939238508582 0.00537109375
0 0.24097455119352928 0.944091796875 0.0017754981258630894 0.00341796875
0 0.19185243637798383 0.94384765625 0.0009863878477017164 0.0029296875
0 0.2263760110475439 0.9423828125 0.004931939238508582 0.0029296875
0 0.5771848490826593 0.942138671875 0.004044190175577037 0.00341796875
0 0.5662852633655553 0.94287109375 0.0033537186821858355 0.005859375
0 0.41393766028802526 0.94091796875 0.0012823042020122311 0.001953125
0 0.25991319786940226 0.94287109375 0.003550996251726179 0.005859375
0 0.5358551982639573 0.9423828125 0.008384296705464589 0.005859375
0 0.11116591043598342 0.9423828125 0.007101992503452358 0.005859375
0 0.7053659498914974 0.94091796875 0.007693825212073387 0.00390625
0 0.13937660288025253 0.941650390625 0.004734661668968239 0.00537109375
0 0.22159202998619057 0.940185546875 0.00424146774511738 0.00341796875
0 0.18889327283487867 0.939697265625 0.0009863878477017164 0.00244140625
0 0.0932136516078122 0.93994140625 0.0027618859735648055 0.0029296875
0 0.3194910238705859 0.939208984375 0.0023673308344841193 0.00341796875
0 0.29705070033537184 0.9384765625 0.0014795817715525744 0.001953125
0 0.6947129611363188 0.93896484375 0.007693825212073387 0.00390625
0 0.699398303412902 0.9384765625 0.002663247188794634 0.00390625
0 0.5943479976326692 0.937744140625 0.002071414480173604 0.00244140625
0 0.2698757151311896 0.9375 0.0011836654172420597 0.001953125
0 0.6847997632669166 0.939453125 0.010357072400868021 0.0078125
0 0.2715525744722825 0.936767578125 0.0017754981258630894 0.00244140625
0 0.10524758334977313 0.9375 0.0017754981258630894 0.00390625
0 0.5744722825014796 0.9375 0.004734661668968239 0.0048828125
0 0.21966857368317222 0.936279296875 0.0019727756954034327 0.00244140625
0 0.7041329650818702 0.93603515625 0.005622410731899783 0.0029296875
0 0.5406391793253107 0.93896484375 0.01085026632471888 0.009765625
0 0.24255277174985204 0.938232421875 0.003156441112645492 0.00927734375
0 0.6015486289208917 0.93603515625 0.007003353718682186 0.005859375
0 0.31446044584730715 0.934326171875 0.003550996251726179 0.00341796875
0 0.6732097060564214 0.93603515625 0.00907476819885579 0.0078125
0 0.5925724995068061 0.93359375 0.004044190175577037 0.0029296875
0 0.27826001183665416 0.93310546875 0.001578220556322746 0.001953125
0 0.6388834089564016 0.936767578125 0.012428486881041626 0.01025390625
0 0.302278555928191 0.932861328125 0.002071414480173604 0.00244140625
0 0.2531564411126455 0.933349609375 0.001085026632471888 0.00341796875
0 0.24684355888735451 0.935791015625 0.004636022884198066 0.00830078125
0 0.29123101203393176 0.93212890625 0.002071414480173604 0.001953125
0 0.2263266916551588 0.9326171875 0.0022686920497139475 0.0029296875
0 0.14608404024462418 0.934814453125 0.004537384099427895 0.00732421875
0 0.09927993687117774 0.935791015625 0.006214243440520813 0.00927734375
0 0.5845334385480371 0.93212890625 0.0019727756954034327 0.0029296875
0 0.7095580982442297 0.93310546875 0.006214243440520813 0.005859375
0 0.5814756362201617 0.933349609375 0.003550996251726179 0.00634765625
0 0.10352140461629512 0.931884765625 0.0012823042020122311 0.00341796875
0 0.6881534819491024 0.93212890625 0.006016965870980469 0.0048828125
0 0.501183665417242 0.931640625 0.003156441112645492 0.00390625
0 0.48071611757743143 0.931396484375 0.0038469126060366936 0.00341796875
0 0.5621917537975932 0.93017578125 0.0012823042020122311 0.001953125
0 0.2655849279936871 0.93017578125 0.0012823042020122311 0.001953125
0 0.22307161175774315 0.931884765625 0.00424146774511738 0.00537109375
0 0.6140264351943184 0.9306640625 0.002959163543105149 0.0048828125
0 0.42029986190570134 0.93359375 0.004931939238508582 0.0107421875
0 0.25271256658117974 0.929443359375 0.0019727756954034327 0.00244140625
0 0.25019727756954036 0.930419921875 0.0022686920497139475 0.00439453125
0 0.5716610771355297 0.929443359375 0.00483330045373841 0.00341796875
0 0.2283981061353324 0.930419921875 0.002663247188794634 0.00537109375
0 0.20329453541132372 0.928955078125 0.001578220556322746 0.00244140625
0 0.6981653186032748 0.929931640625 0.00848293549023476 0.00634765625
0 0.40836456894851053 0.9287109375 0.0023673308344841193 0.00390625
0 0.6400177549812587 0.927978515625 0.005227855592819097 0.00341796875
0 0.6697573485894653 0.927978515625 0.003550996251726179 0.00439453125
0 0.5060662852633655 0.927490234375 0.004636022884198066 0.00341796875
0 0.22336752811205365 0.92724609375 0.0014795817715525744 0.0029296875
0 0.21478595383704874 0.9267578125 0.0012823042020122311 0.001953125
0 0.24003748273821265 0.927734375 0.004044190175577037 0.0048828125
0 0.14031367133556916 0.927978515625 0.0036496350364963502 0.00537109375
0 0.3372953245216019 0.925537109375 0.001085026632471888 0.00244140625
0 0.3252120733872559 0.926025390625 0.0039455513908068654 0.00341796875
0 0.2563622016176761 0.925537109375 0.0013809429867824028 0.00244140625
0 0.21128427697770763 0.92529296875 0.0009863878477017164 0.001953125
0 0.09715920299861906 0.925537109375 0.003156441112645492 0.00244140625
0 0.5595778260011837 0.926025390625 0.0025646084040244622 0.00439453125
0 0.3061254685342277 0.92529296875 0.001874136910633261 0.0029296875
0 0.6164430854211876 0.924560546875 0.0030578023278753207 0.00244140625
0 0.5559775103570724 0.92626953125 0.004636022884198066 0.005859375
0 0.2778161373051884 0.924560546875 0.003255079897415664 0.00244140625
0 0.24383507595186427 0.927001953125 0.004340106529887552 0.00732421875
0 0.1912112842769777 0.924560546875 0.002465969619254291 0.00244140625
0 0.58621029788913 0.924072265625 0.0019727756954034327 0.00244140625
0 0.5392089169461433 0.92431640625 0.004636022884198066 0.0029296875
0 0.4955612546853423 0.926025390625 0.011047543894259222 0.00634765625
0 0.34242454132965083 0.92724609375 0.005622410731899783 0.0087890625
0 0.31312882225290983 0.926513671875 0.005030578023278753 0.00732421875
0 0.47484710988360623 0.924072265625 0.002959163543105149 0.00341796875
0 0.31209311501282305 0.92333984375 0.001578220556322746 0.001953125
0 0.18790688498717695 0.923583984375 0.0013809429867824028 0.00244140625
0 0.18346813967251924 0.925048828125 0.00848293549023476 0.00537109375
0 0.5685046360228841 0.923583984375 0.002663247188794634 0.00341796875
0 0.33404024462418624 0.923583984375 0.00424146774511738 0.00341796875
0 0.23525350167685935 0.922607421875 0.0009863878477017164 0.00244140625
0 0.6365653975143026 0.925048828125 0.013118958374432827 0.00830078125
0 0.3543105148944565 0.92431640625 0.0039455513908068654 0.0068359375
0 0.1463799565989347 0.921875 0.0009863878477017164 0.001953125
0 0.4551193529295719 0.92333984375 0.0033537186821858355 0.005859375
0 0.22026040639179326 0.92236328125 0.002959163543105149 0.00390625
0 0.30652002367330833 0.920654296875 0.003255079897415664 0.00244140625
0 0.7050207141448017 0.923095703125 0.014105346222134543 0.00830078125
0 0.34469323337936475 0.919677734375 0.001085026632471888 0.00341796875
0 0.3156441112645492 0.919921875 0.007496547642533044 0.00390625
0 0.25858157427500494 0.919189453125 0.0006904714933912014 0.00244140625
0 0.18746301045571118 0.918701171875 0.003255079897415664 0.00244140625
0 0.5648056815940028 0.91845703125 0.0017754981258630894 0.0029296875
0 0.2228250147958177 0.91796875 0.0011836654172420597 0.001953125
0 0.20225882817123694 0.918212890625 0.002071414480173604 0.00244140625
0 0.5824620240678635 0.917724609375 0.002170053264943776 0.00244140625
0 0.09449595580982442 0.917724609375 0.001578220556322746 0.00244140625
0 0.22657328861708423 0.91796875 0.002959163543105149 0.00390625
0 0.7248471098836062 0.917236328125 0.004636022884198066 0.00341796875
0 0.1982146379956599 0.91650390625 0.0014795817715525744 0.001953125
0 0.13794634050108504 0.917724609375 0.006016965870980469 0.00439453125
0 0.7110376800157822 0.917236328125 0.007595186427303216 0.00439453125
0 0.6703491812980864 0.917724609375 0.0061156046557506415 0.00537109375
0 0.6286249753403038 0.923583984375 0.011047543894259222 0.01708984375
0 0.33645689485105545 0.915771484375 0.003550996251726179 0.00341796875
0 0.24787926612744132 0.91552734375 0.004537384099427895 0.0029296875
0 0.2340205168672322 0.91552734375 0.002663247188794634 0.0029296875
0 0.4583744328269876 0.915283203125 0.003550996251726179 0.00341796875
0 0.3399585717103965 0.915283203125 0.0028605247583349774 0.00341796875
0 0.36313868613138683 0.914306640625 0.0016768593410929177 0.00244140625
0 0.18248175182481752 0.914794921875 0.003748273821266522 0.00341796875
0 0.24008680213059774 0.91748046875 0.004931939238508582 0.009765625
0 0.14297691852436378 0.91552734375 0.003452357466956007 0.005859375
0 0.6355790096666009 0.9150390625 0.00897612941408562 0.005859375
0 0.32407772736239887 0.9130859375 0.0012823042020122311 0.001953125
0 0.22903925823633853 0.9130859375 0.0011836654172420597 0.001953125
0 0.7044288814361807 0.9140625 0.00483330045373841 0.0048828125
0 0.5807358453343855 0.9130859375 0.002465969619254291 0.0029296875
0 0.5643124876701519 0.912841796875 0.0011836654172420597 0.00244140625
0 0.6604359834286841 0.919189453125 0.015486289208916947 0.01708984375
0 0.5963700927204577 0.912109375 0.0027618859735648055 0.0029296875
0 0.6809528506608798 0.911376953125 0.00424146774511738 0.00244140625
0 0.43761096863286647 0.91162109375 0.005030578023278753 0.00390625
0 0.22662260800946932 0.912109375 0.002663247188794634 0.0048828125
0 0.6113138686131386 0.912109375 0.010554349970408364 0.005859375
0 0.408611165910436 0.910400390625 0.0008877490629315447 0.00244140625
0 0.13261984612349575 0.9140625 0.005030578023278753 0.009765625
0 0.5697869402248964 0.910400390625 0.0016768593410929177 0.00341796875
0 0.18736437167094103 0.91015625 0.002663247188794634 0.00390625
0 0.5297395936082068 0.909912109375 0.005227855592819097 0.00439453125
0 0.7053659498914974 0.908203125 0.0023673308344841193 0.001953125
0 0.5527224304596567 0.909912109375 0.005622410731899783 0.00537109375
0 0.5101104754389426 0.908935546875 0.004636022884198066 0.00341796875
0 0.19209903333990924 0.90966796875 0.003452357466956007 0.005859375
0 0.7169066877096074 0.909912109375 0.014795817715525744 0.00732421875
0 0.574127046754784 0.908203125 0.00483330045373841 0.00390625
0 0.4642434405208128 0.9091796875 0.006016965870980469 0.005859375
0 0.42611955020714143 0.907470703125 0.004340106529887552 0.00439453125
0 0.2441803116985599 0.90625 0.0028605247583349774 0.001953125
0 0.5032057605050306 0.906494140625 0.005030578023278753 0.00341796875
0 0.4866837640560268 0.908447265625 0.005721049516669955 0.00732421875
0 0.40072006312882225 0.9052734375 0.001085026632471888 0.001953125
0 0.32851647267705664 0.90673828125 0.005227855592819097 0.0048828125
0 0.2549319392385086 0.90576171875 0.0030578023278753207 0.0029296875
0 0.13469126060366937 0.90478515625 0.002071414480173604 0.001953125
0 0.30859143815348195 0.904541015625 0.0022686920497139475 0.00244140625
0 0.5579996054448609 0.90478515625 0.0039455513908068654 0.00390625
0 0.30449792858551983 0.9033203125 0.0019727756954034327 0.001953125
0 0.18455316630499113 0.90478515625 0.005721049516669955 0.0048828125
0 0.12053659498914973 0.904541015625 0.004340106529887552 0.00439453125
0 0.5944959558098244 0.903076171875 0.0013809429867824028 0.00244140625
0 0.5817222331820872 0.9033203125 0.005622410731899783 0.0048828125
0 0.5209114223712764 0.902099609375 0.005918327086210298 0.00439453125
0 0.49718879463405014 0.905517578125 0.00897612941408562 0.01220703125
0 0.41704478200828565 0.900390625 0.0013809429867824028 0.001953125
0 0.24782994673505623 0.903076171875 0.0036496350364963502 0.00830078125
0 0.1982146379956599 0.900634765625 0.0028605247583349774 0.00341796875
0 0.664381534819491 0.902099609375 0.009962517261787335 0.00732421875
0 0.5947425527717498 0.899658203125 0.0014795817715525744 0.00244140625
0 0.43923850858157426 0.89990234375 0.004142828960347208 0.0029296875
0 0.4120142039850069 0.899658203125 0.001578220556322746 0.00341796875
0 0.20176563424738608 0.89892578125 0.0016768593410929177 0.001953125
0 0.09710988360623397 0.89892578125 0.0022686920497139475 0.001953125
0 0.31243835075951865 0.898681640625 0.0022686920497139475 0.00244140625
0 0.49570921286249753 0.900390625 0.012527125665811796 0.0068359375
0 0.3257052673111067 0.898193359375 0.003156441112645492 0.00244140625
0 0.20546458867626752 0.899658203125 0.004142828960347208 0.00537109375
0 0.17794436772538963 0.89892578125 0.0011836654172420597 0.00390625
0 0.10682580390609588 0.900146484375 0.00848293549023476 0.00634765625
0 0.5876405602682975 0.899169921875 0.004044190175577037 0.00537109375
0 0.2125172617873348 0.897705078125 0.002663247188794634 0.00244140625
0 0.30923259025448807 0.89697265625 0.002170053264943776 0.001953125
0 0.2385579009666601 0.898193359375 0.006411521010061156 0.00439453125
0 0.1404616295127244 0.898681640625 0.003748273821266522 0.00537109375
0 0.4085618465180509 0.898681640625 0.005523771947129611 0.00634765625
0 0.39933912014203987 0.896728515625 0.001085026632471888 0.00244140625
0 0.31544683369500887 0.896484375 0.0009863878477017164 0.001953125
0 0.2746103768001578 0.896728515625 0.0011836654172420597 0.00244140625
0 0.19826395738804498 0.896240234375 0.0013809429867824028 0.00244140625
0 0.5610080883803511 0.896728515625 0.0030578023278753207 0.00439453125
0 0.2263266916551588 0.896240234375 0.0028605247583349774 0.00341796875
0 0.13552969027421582 0.8974609375 0.004340106529887552 0.005859375
0 0.10071019925034523 0.895751953125 0.003550996251726179 0.00244140625
0 0.46301045571118565 0.901123046875 0.00966660090747682 0.01416015625
0 0.6031761688695996 0.894775390625 0.001578220556322746 0.00244140625
0 0.5692444269086605 0.894287109375 0.0013809429867824028 0.00244140625
0 0.5573091339514697 0.894287109375 0.0025646084040244622 0.00244140625
0 0.5534129019530479 0.894287109375 0.001874136910633261 0.00244140625
0 0.5125764450581969 0.895751953125 0.010159794831327678 0.00537109375
0 0.4377096074176366 0.89453125 0.0036496350364963502 0.00390625
0 0.5462615900572105 0.89306640625 0.0017754981258630894 0.001953125
0 0.4714933912014204 0.895751953125 0.006510159794831328 0.00732421875
0 0.30272243045965674 0.893310546875 0.001578220556322746 0.00244140625
0 0.2555730913395147 0.89306640625 0.0017754981258630894 0.001953125
0 0.5415269283882422 0.894287109375 0.004340106529887552 0.00537109375
0 0.4501874136910633 0.893310546875 0.0061156046557506415 0.00341796875
0 0.347701716314855 0.892822265625 0.002170053264943776 0.00244140625
0 0.12122706648254093 0.89453125 0.002959163543105149 0.005859375
0 0.2019629118169264 0.892333984375 0.0030578023278753207 0.00244140625
0 0.1881041625567173 0.89501953125 0.003550996251726179 0.0078125
0 0.0970112448214638 0.893310546875 0.007003353718682186 0.00439453125
0 0.2427007299270073 0.892578125 0.002071414480173604 0.00390625
0 0.6831722233182087 0.891357421875 0.0027618859735648055 0.00244140625
0 0.560909449595581 0.891357421875 0.0030578023278753207 0.00341796875
0 0.3304892483724601 0.890625 0.0014795817715525744 0.001953125
0 0.3278753205760505 0.890869140625 0.0023673308344841193 0.00244140625
0 0.3184553166304991 0.89208984375 0.002663247188794634 0.005859375
0 0.26050503057802327 0.8896484375 0.0009863878477017164 0.001953125
0 0.2242059577826001 0.89013671875 0.003550996251726179 0.0029296875
0 0.11234957585322548 0.89013671875 0.0033537186821858355 0.0029296875
0 0.3995857171039653 0.889404296875 0.001578220556322746 0.00244140625
0 0.3143124876701519 0.8896484375 0.0030578023278753207 0.0029296875
0 0.18450384691260605 0.88916015625 0.001085026632471888 0.001953125
0 0.6681298086407575 0.88916015625 0.002465969619254291 0.0029296875
0 0.32466956007101994 0.88916015625 0.0028605247583349774 0.0029296875
0 0.5828565792069442 0.890869140625 0.004931939238508582 0.00732421875
0 0.3369500887749063 0.889892578125 0.004734661668968239 0.00537109375
0 0.5728447425527717 0.888427734375 0.0022686920497139475 0.00341796875
0 0.43805484316433224 0.888916015625 0.006904714933912014 0.00537109375
0 0.1373051884000789 0.887451171875 0.0023673308344841193 0.00244140625
0 0.10539554152692839 0.8916015625 0.00542513316235944 0.0107421875
0 0.7260307753008483 0.890380859375 0.014105346222134543 0.00927734375
0 0.29458473071611757 0.88671875 0.0012823042020122311 0.001953125
0 0.26780430065101596 0.88623046875 0.0013809429867824028 0.001953125
0 0.6601893864667587 0.8876953125 0.00907476819885579 0.005859375
0 0.11121522982836851 0.88623046875 0.005030578023278753 0.0029296875
0 0.6237916748865654 0.88671875 0.009272045768396133 0.0048828125
0 0.579848096271454 0.88525390625 0.0008877490629315447 0.001953125
0 0.3182580390609588 0.885498046875 0.0012823042020122311 0.00244140625
0 0.2550305780232788 0.8857421875 0.0016768593410929177 0.0029296875
0 0.2023574669560071 0.8857421875 0.005030578023278753 0.0029296875
0 0.12911816926415468 0.887451171875 0.0025646084040244622 0.00634765625
0 0.32037877293351746 0.885009765625 0.002170053264943776 0.00244140625
0 0.3273821266521996 0.88427734375 0.003550996251726179 0.001953125
0 0.24230617478792663 0.88671875 0.0036496350364963502 0.0068359375
0 0.630449792858552 0.885498046875 0.008384296705464589 0.00537109375
0 0.5754093509567962 0.88427734375 0.001874136910633261 0.0029296875
0 0.19387453146577235 0.8837890625 0.003452357466956007 0.001953125
0 0.1974748471098836 0.883544921875 0.003156441112645492 0.00244140625
0 0.7074373643716709 0.88330078125 0.0025646084040244622 0.0029296875
0 0.55459656737029 0.88330078125 0.002071414480173604 0.0029296875
0 0.5447820082856579 0.883544921875 0.005523771947129611 0.00341796875
0 0.4207930558295522 0.88330078125 0.0039455513908068654 0.0029296875
0 0.31485500098638786 0.883056640625 0.0023673308344841193 0.00244140625
0 0.2656835667784573 0.8828125 0.0016768593410929177 0.001953125
0 0.21439139869796803 0.8828125 0.0014795817715525744 0.001953125
0 0.13464194121128428 0.884765625 0.005326494377589268 0.005859375
0 0.3323140658907082 0.88232421875 0.002959163543105149 0.001953125
0 0.21794239494969422 0.882568359375 0.002663247188794634 0.00244140625
0 0.46296113631880054 0.882568359375 0.004636022884198066 0.00341796875
0 0.31031761688695997 0.882080078125 0.003156441112645492 0.00244140625
0 0.2548826198461235 0.882080078125 0.001578220556322746 0.00244140625
0 0.10376800157822055 0.88232421875 0.002959163543105149 0.0029296875
0 0.09888538173209706 0.88427734375 0.006411521010061156 0.0068359375
0 0.4513710791083054 0.883544921875 0.00966660090747682 0.00634765625
0 0.2736239889524561 0.881103515625 0.0017754981258630894 0.00244140625
0 0.319540343262971 0.880615234375 0.002465969619254291 0.00244140625
0 0.30124284868810414 0.8798828125 0.000789110278161373 0.001953125
0 0.2266719274018544 0.88037109375 0.0019727756954034327 0.0029296875
0 0.30346222134543305 0.87890625 0.0016768593410929177 0.001953125
0 0.2395442888143618 0.87890625 0.0014795817715525744 0.001953125
0 0.6567863483921879 0.88037109375 0.0066087985796014995 0.005859375
0 0.20556322746103767 0.878662109375 0.0023673308344841193 0.00244140625
0 0.19047149339120142 0.879150390625 0.002170053264943776 0.00341796875
0 0.6759222726376011 0.87841796875 0.002071414480173604 0.0029296875
0 0.5559775103570724 0.87841796875 0.002465969619254291 0.0029296875
0 0.2474847109883606 0.87890625 0.0009863878477017164 0.00390625
0 0.24506806076149143 0.8779296875 0.0030578023278753207 0.0029296875
0 0.25221937265732886 0.877197265625 0.0033537186821858355 0.00244140625
0 0.2409252318011442 0.876953125 0.001085026632471888 0.001953125
0 0.20142039850069046 0.876953125 0.0017754981258630894 0.0029296875
0 0.31110672716512133 0.8759765625 0.0011836654172420597 0.001953125
0 0.42577431446044584 0.875732421875 0.0030578023278753207 0.00244140625
0 0.2173505622410732 0.87548828125 0.002071414480173604 0.001953125
0 0.13799565989347012 0.876953125 0.006707437364371671 0.005859375
0 0.7153284671532847 0.875732421875 0.004734661668968239 0.00439453125
0 0.3324127046754784 0.875732421875 0.003748273821266522 0.00439453125
0 0.5313178141645295 0.876220703125 0.006214243440520813 0.00634765625
0 0.2581376997435392 0.8740234375 0.0013809429867824028 0.001953125
0 0.20541526928388243 0.8740234375 0.0030578023278753207 0.001953125
0 0.552327875320576 0.8740234375 0.0030578023278753207 0.0029296875
0 0.2284474255277175 0.87353515625 0.001578220556322746 0.001953125
0 0.1964391398697968 0.8759765625 0.007595186427303216 0.0068359375
0 0.4456500295916354 0.874267578125 0.005326494377589268 0.00439453125
0 0.3151015979483133 0.873046875 0.0008877490629315447 0.001953125
0 0.22164134937857566 0.873779296875 0.0013809429867824028 0.00341796875
0 0.11945156835667785 0.874267578125 0.004142828960347208 0.00439453125
0 0.6635431051489445 0.874267578125 0.01144209903333991 0.00732421875
0 0.5404912211481555 0.873046875 0.0028605247583349774 0.0048828125
0 0.2934010652988755 0.87158203125 0.0014795817715525744 0.001953125
0 0.2131584138883409 0.8720703125 0.0017754981258630894 0.0029296875
0 0.5181495363977116 0.875244140625 0.011639376602880253 0.01025390625
0 0.22440323535214046 0.870849609375 0.002959163543105149 0.00244140625
0 0.4214342079305583 0.873291015625 0.003452357466956007 0.00830078125
0 0.2845235746695601 0.8701171875 0.003452357466956007 0.001953125
0 0.2497040836456895 0.87060546875 0.003452357466956007 0.0029296875
0 0.5093213651607812 0.869873046875 0.002071414480173604 0.00244140625
0 0.43790688498717695 0.871337890625 0.009567962122706648 0.00537109375
0 0.24186230025646083 0.87158203125 0.004340106529887552 0.005859375
0 0.18055829552179917 0.869384765625 0.001085026632471888 0.00244140625
0 0.12107910830538568 0.869384765625 0.0014795817715525744 0.00244140625
0 0.13942592227263761 0.870361328125 0.003452357466956007 0.00537109375
0 0.31870191359242456 0.868408203125 0.0033537186821858355 0.00244140625
0 0.3094298678240284 0.868408203125 0.001578220556322746 0.00244140625
0 0.1995462615900572 0.86962890625 0.0072992700729927005 0.0048828125
0 0.5894160583941606 0.869140625 0.007595186427303216 0.0048828125
0 0.5643124876701519 0.8681640625 0.0027618859735648055 0.0029296875
0 0.523032156243835 0.8681640625 0.0022686920497139475 0.0029296875
0 0.4157624778062734 0.87060546875 0.007891102781613731 0.0078125
0 0.3236831722233182 0.869384765625 0.00483330045373841 0.00537109375
0 0.3157427500493194 0.8671875 0.0017754981258630894 0.001953125
0 0.7104951666995463 0.86865234375 0.005721049516669955 0.005859375
0 0.23860722035904516 0.8671875 0.0011836654172420597 0.0029296875
0 0.30370881830735846 0.86669921875 0.003550996251726179 0.0029296875
0 0.2145393568751233 0.866943359375 0.0033537186821858355 0.00341796875
0 0.2058098244229631 0.86669921875 0.002663247188794634 0.0029296875
0 0.1898796606825804 0.8671875 0.004537384099427895 0.00390625
0 0.6543696981653186 0.866943359375 0.0039455513908068654 0.00537109375
0 0.5835963700927205 0.864990234375 0.001874136910633261 0.00244140625
0 0.2211481554547248 0.865234375 0.004931939238508582 0.0029296875
0 0.6883014401262576 0.864990234375 0.0039455513908068654 0.00341796875
0 0.510357072400868 0.864501953125 0.0039455513908068654 0.00244140625
0 0.4195107516275399 0.8642578125 0.0051292168080489245 0.0029296875
0 0.2648944565002959 0.8642578125 0.0030578023278753207 0.0029296875
0 0.5343262971000198 0.86328125 0.0033537186821858355 0.0029296875
0 0.49709015584927996 0.863525390625 0.001874136910633261 0.00341796875
0 0.4152199644900375 0.863525390625 0.002663247188794634 0.00341796875
0 0.23480962714539358 0.863037109375 0.003452357466956007 0.00244140625
0 0.626997435391596 0.86376953125 0.006214243440520813 0.0048828125
0 0.2558690076938252 0.862548828125 0.002959163543105149 0.00244140625
0 0.1842572499506806 0.863525390625 0.0061156046557506415 0.00439453125
0 0.43312290392582364 0.86328125 0.005523771947129611 0.0048828125
0 0.49284868810416255 0.86279296875 0.0028605247583349774 0.0048828125
0 0.2764845137107911 0.861572265625 0.003550996251726179 0.00244140625
0 0.31219175379759323 0.861328125 0.003550996251726179 0.0029296875
0 0.19717893075557308 0.861572265625 0.004537384099427895 0.00341796875
0 0.4290787137502466 0.860595703125 0.002170053264943776 0.00244140625
0 0.3080982442296311 0.86181640625 0.0022686920497139475 0.0048828125
0 0.6934306569343066 0.860595703125 0.0027618859735648055 0.00341796875
0 0.520122312093115 0.864013671875 0.005918327086210298 0.01025390625
0 0.14371670941014006 0.8603515625 0.002170053264943776 0.0029296875
0 0.13395146971789307 0.85986328125 0.0011836654172420597 0.001953125
0 0.517804300651016 0.85986328125 0.001874136910633261 0.0029296875
0 0.6711876109686329 0.860107421875 0.0077924639968435586 0.00537109375
0 0.540836456894851 0.858642578125 0.0039455513908068654 0.00244140625
0 0.22455119352929573 0.85888671875 0.003452357466956007 0.0029296875
0 0.28531268494772144 0.85791015625 0.002071414480173604 0.001953125
0 0.23411915565200236 0.8583984375 0.0022686920497139475 0.0029296875
0 0.20817715525744723 0.858154296875 0.0030578023278753207 0.00244140625
0 0.6456401657131584 0.8583984375 0.006016965870980469 0.00390625
0 0.5694910238705859 0.857177734375 0.001874136910633261 0.00244140625
0 0.5610080883803511 0.857177734375 0.0022686920497139475 0.00244140625
0 0.26094890510948904 0.856689453125 0.002663247188794634 0.00244140625
0 0.6282797395936082 0.85693359375 0.005622410731899783 0.00390625
0 0.32205563227461037 0.856689453125 0.005918327086210298 0.00341796875
0 0.3002564608404025 0.85595703125 0.001578220556322746 0.001953125
0 0.2517754981258631 0.85693359375 0.001874136910633261 0.00390625
0 0.2430459656737029 0.855712890625 0.0027618859735648055 0.00244140625
0 0.7013710791083054 0.856689453125 0.006214243440520813 0.00537109375
0 0.3070132175971592 0.85546875 0.003255079897415664 0.0029296875
0 0.6866739001775498 0.855712890625 0.00483330045373841 0.00439453125
0 0.6344939830341291 0.85595703125 0.006214243440520813 0.0048828125
0 0.5880351154073782 0.854736328125 0.001874136910633261 0.00244140625
0 0.5645590846320774 0.854248046875 0.0030578023278753207 0.00244140625
0 0.2127638587492602 0.85400390625 0.0017754981258630894 0.001953125
0 0.24674492010258434 0.853759765625 0.0030578023278753207 0.00244140625
0 0.23377391990530677 0.854736328125 0.004537384099427895 0.00439453125
0 0.22307161175774315 0.853271484375 0.002663247188794634 0.00244140625
0 0.6197968041033735 0.854736328125 0.007989741566383901 0.00634765625
0 0.6121522982836851 0.855712890625 0.007496547642533044 0.00830078125
0 0.6628526336555534 0.853515625 0.0039455513908068654 0.0048828125
0 0.552327875320576 0.851318359375 0.002071414480173604 0.00244140625
0 0.48628920891694616 0.853515625 0.0051292168080489245 0.0068359375
0 0.4267113829157625 0.85107421875 0.0033537186821858355 0.001953125
0 0.21577234168475046 0.8515625 0.002071414480173604 0.0029296875
0 0.5073979088577629 0.851806640625 0.003550996251726179 0.00439453125
0 0.4460445847307161 0.8505859375 0.000789110278161373 0.001953125
0 0.26341487472874336 0.85107421875 0.002465969619254291 0.0029296875
0 0.6958966265535609 0.850341796875 0.005326494377589268 0.00341796875
0 0.5166206352337739 0.8525390625 0.00483330045373841 0.0078125
0 0.29409153679226674 0.849609375 0.0008877490629315447 0.001953125
0 0.657476819885579 0.849365234375 0.004044190175577037 0.00341796875
0 0.5127244032353522 0.849365234375 0.005326494377589268 0.00341796875
0 0.21360228841980666 0.848388671875 0.0008877490629315447 0.00146484375
0 0.19796804103373447 0.84912109375 0.005326494377589268 0.0029296875
0 0.30400473466166894 0.848876953125 0.0039455513908068654 0.00341796875
0 0.5318603274807654 0.848876953125 0.007496547642533044 0.00439453125
0 0.22820082856579207 0.84765625 0.0014795817715525744 0.001953125
0 0.4346518050897613 0.8486328125 0.006016965870980469 0.0048828125
0 0.21182679029394358 0.84716796875 0.0008877490629315447 0.001953125
0 0.1828763069638982 0.84912109375 0.002170053264943776 0.005859375
0 0.47331820871966857 0.84765625 0.007200631288222529 0.00390625
0 0.4665614519629118 0.84716796875 0.004142828960347208 0.0029296875
0 0.4238508581574275 0.84765625 0.003156441112645492 0.00390625
0 0.45590846320773326 0.84765625 0.004931939238508582 0.0048828125
0 0.6401657131584139 0.8466796875 0.0072992700729927005 0.00390625
0 0.5657920694417045 0.845947265625 0.0025646084040244622 0.00244140625
0 0.4499408167291379 0.847412109375 0.006214243440520813 0.00537109375
0 0.17878279739593608 0.846435546875 0.0022686920497139475 0.00341796875
0 0.6521996449003749 0.84619140625 0.004142828960347208 0.0048828125
0 0.23268889327283487 0.845947265625 0.0027618859735648055 0.00439453125
0 0.1999408167291379 0.8447265625 0.0013809429867824028 0.001953125
0 0.6476129414085618 0.845703125 0.00542513316235944 0.0048828125
0 0.2090155849279937 0.845703125 0.004142828960347208 0.0048828125
0 0.20225882817123694 0.84521484375 0.002663247188794634 0.00390625
0 0.2684947721444072 0.843017578125 0.0017754981258630894 0.00244140625
0 0.20428092325902544 0.8427734375 0.0019727756954034327 0.001953125
0 0.6458374432826988 0.842529296875 0.002071414480173604 0.00244140625
0 0.696537778654567 0.843017578125 0.007003353718682186 0.00537109375
0 0.6842079305582955 0.842041015625 0.0028605247583349774 0.00341796875
0 0.6756263562832906 0.843505859375 0.011146182679029394 0.00634765625
0 0.4787926612744131 0.841796875 0.003550996251726179 0.0029296875
0 0.24531465772341685 0.841796875 0.0033537186821858355 0.0029296875
0 0.5601203393174196 0.841552734375 0.00424146774511738 0.00341796875
0 0.5100611560465576 0.841552734375 0.004734661668968239 0.00341796875
0 0.706303018346814 0.841796875 0.00483330045373841 0.0048828125
0 0.6588577628723614 0.8408203125 0.0036496350364963502 0.0029296875
0 0.42893075557309135 0.840576171875 0.003452357466956007 0.00244140625
0 0.5261885973564806 0.8408203125 0.0028605247583349774 0.00390625
0 0.2399881633458276 0.841064453125 0.005326494377589268 0.00439453125
0 0.3035115407378181 0.839599609375 0.0025646084040244622 0.00244140625
0 0.2113829157624778 0.83984375 0.003748273821266522 0.0029296875
0 0.20659893470112448 0.83935546875 0.001874136910633261 0.001953125
0 0.5134641941211284 0.8388671875 0.001874136910633261 0.001953125
0 0.6347898993884395 0.8388671875 0.004636022884198066 0.0029296875
0 0.4481653186032748 0.839111328125 0.002071414480173604 0.00341796875
0 0.29877687906884987 0.838623046875 0.001578220556322746 0.00244140625
0 0.1999408167291379 0.8388671875 0.001578220556322746 0.0029296875
0 0.4413099230617479 0.84033203125 0.00848293549023476 0.0068359375
0 0.3059775103570724 0.838134765625 0.0019727756954034327 0.00244140625
0 0.43277766817912805 0.83740234375 0.001085026632471888 0.001953125
0 0.29640954823436577 0.837646484375 0.0025646084040244622 0.00244140625
0 0.2525152890116394 0.837890625 0.002959163543105149 0.0029296875
0 0.5169165515880845 0.837646484375 0.0038469126060366936 0.00341796875
0 0.436180706253699 0.837158203125 0.0013809429867824028 0.00244140625
0 0.5595778260011837 0.836669921875 0.0019727756954034327 0.00244140625
0 0.45714144801736045 0.837646484375 0.008384296705464589 0.00439453125
0 0.4311501282304202 0.836669921875 0.001578220556322746 0.00244140625
0 0.2653383310317617 0.8369140625 0.0025646084040244622 0.0029296875
0 0.4257249950680608 0.836181640625 0.0023673308344841193 0.00244140625
0 0.301736042611955 0.835693359375 0.0025646084040244622 0.00244140625
0 0.22410731899782996 0.83544921875 0.0013809429867824028 0.001953125
0 0.6449990136121523 0.8359375 0.007891102781613731 0.00390625
0 0.575853225488262 0.836181640625 0.001578220556322746 0.00439453125
0 0.4200039455513908 0.83642578125 0.006707437364371671 0.0048828125
0 0.23027224304596566 0.835693359375 0.0036496350364963502 0.00341796875
0 0.48490826593016373 0.836181640625 0.007891102781613731 0.00537109375
0 0.535016768593411 0.8349609375 0.004734661668968239 0.00390625
0 0.25675675675675674 0.833984375 0.003748273821266522 0.001953125
0 0.3139179325310712 0.8349609375 0.007989741566383901 0.0048828125
0 0.44727756954034326 0.834716796875 0.007989741566383901 0.00537109375
0 0.24901361215229828 0.833251953125 0.002663247188794634 0.00244140625
0 0.24452554744525548 0.833251953125 0.0017754981258630894 0.00244140625
0 0.20990333399092523 0.833984375 0.007693825212073387 0.00390625
0 0.47233182087196685 0.835205078125 0.005819688301440126 0.00830078125
0 0.7146873150522786 0.83349609375 0.00542513316235944 0.005859375
0 0.6414973367528112 0.831787109375 0.0036496350364963502 0.00244140625
0 0.7052673111067271 0.834716796875 0.004340106529887552 0.01025390625
0 0.6794732688893272 0.833251953125 0.00483330045373841 0.00732421875
0 0.6536792266719273 0.8310546875 0.002959163543105149 0.0029296875
0 0.5301834681396725 0.830810546875 0.003156441112645492 0.00244140625
0 0.523032156243835 0.830810546875 0.002465969619254291 0.00244140625
0 0.4569441704478201 0.8310546875 0.002465969619254291 0.0029296875
0 0.30346222134543305 0.8310546875 0.0044387453146577235 0.0029296875
0 0.6178733478003551 0.8310546875 0.004931939238508582 0.00390625
0 0.5759025448806471 0.830322265625 0.0038469126060366936 0.00244140625
0 0.2090155849279937 0.830322265625 0.0025646084040244622 0.00244140625
0 0.241960939041231 0.829833984375 0.0027618859735648055 0.00244140625
0 0.7220359045176563 0.830078125 0.0072992700729927005 0.00390625
0 0.6485500098638785 0.82958984375 0.005918327086210298 0.0029296875
0 0.6258137699743539 0.829833984375 0.0038469126060366936 0.00341796875
0 0.5607121720260406 0.82861328125 0.0022686920497139475 0.001953125
0 0.24886565397514301 0.828857421875 0.003156441112645492 0.00244140625
0 0.6134839218780824 0.828369140625 0.001874136910633261 0.00244140625
0 0.5165219964490038 0.82861328125 0.00542513316235944 0.0029296875
0 0.29458473071611757 0.828369140625 0.001874136910633261 0.00244140625
0 0.5863582560662852 0.828125 0.005227855592819097 0.0029296875
0 0.5691951075162754 0.828125 0.00424146774511738 0.0029296875
0 0.6073189978299467 0.8291015625 0.007891102781613731 0.005859375
0 0.19698165318603275 0.8271484375 0.0025646084040244622 0.001953125
0 0.630992306174788 0.826904296875 0.0025646084040244622 0.00244140625
0 0.48303412901953047 0.82958984375 0.003748273821266522 0.0078125
0 0.23628920891694613 0.82763671875 0.007595186427303216 0.00390625
0 0.5542513316235944 0.82666015625 0.002959163543105149 0.0029296875
0 0.5054744525547445 0.826904296875 0.006214243440520813 0.00341796875
0 0.47065496153087394 0.82666015625 0.003255079897415664 0.00390625
0 0.25848293549023477 0.828125 0.00542513316235944 0.0068359375
0 0.7128131781416452 0.826416015625 0.0044387453146577235 0.00439453125
0 0.6956993489840205 0.825439453125 0.003550996251726179 0.00341796875
0 0.4295719076740975 0.824951171875 0.004340106529887552 0.00244140625
0 0.719569934898402 0.82470703125 0.0027618859735648055 0.0029296875
0 0.5646577234168475 0.824951171875 0.003452357466956007 0.00341796875
0 0.5574077727362399 0.825439453125 0.003156441112645492 0.00439453125
0 0.29927007299270075 0.82666015625 0.0051292168080489245 0.0078125
0 0.7263266916551588 0.82373046875 0.004044190175577037 0.0029296875
0 0.6463306372065496 0.82373046875 0.003452357466956007 0.0029296875
0 0.5384691260603669 0.8232421875 0.0017754981258630894 0.001953125
0 0.24565989347011244 0.823974609375 0.003452357466956007 0.00341796875
0 0.4855000986387848 0.823486328125 0.0033537186821858355 0.00341796875
0 0.44451568356677845 0.823486328125 0.00483330045373841 0.00341796875
0 0.5252022095087788 0.8232421875 0.0028605247583349774 0.00390625
0 0.2607023081475636 0.82275390625 0.0011836654172420597 0.0029296875
0 0.4508285657920694 0.822021484375 0.003452357466956007 0.00244140625
0 0.22405799960544487 0.822509765625 0.0038469126060366936 0.00341796875
0 0.6912112842769778 0.822265625 0.006411521010061156 0.00390625
0 0.569589662655356 0.822021484375 0.0038469126060366936 0.00341796875
0 0.2590747681988558 0.8212890625 0.0022686920497139475 0.001953125
0 0.3056322746103768 0.821044921875 0.002071414480173604 0.00244140625
0 0.5621917537975932 0.82080078125 0.00424146774511738 0.0029296875
0 0.24176366147169068 0.82080078125 0.003748273821266522 0.0029296875
0 0.7307654369698166 0.81982421875 0.002663247188794634 0.001953125
0 0.5449792858551983 0.82080078125 0.003156441112645492 0.00390625
0 0.21079108305385677 0.820068359375 0.0023673308344841193 0.00244140625
0 0.65234760307753 0.8232421875 0.008384296705464589 0.009765625
0 0.43085421187610967 0.81982421875 0.0051292168080489245 0.0029296875
0 0.24778062734267114 0.819580078125 0.002170053264943776 0.00244140625
0 0.667242059577826 0.8193359375 0.003255079897415664 0.0029296875
0 0.2639573880449793 0.819091796875 0.0023673308344841193 0.00244140625
0 0.22874334188202802 0.81884765625 0.001578220556322746 0.001953125
0 0.6423357664233577 0.819580078125 0.003550996251726179 0.00439453125
0 0.5883803511540738 0.82080078125 0.004537384099427895 0.0068359375
0 0.25054251331623595 0.819091796875 0.0027618859735648055 0.00341796875
0 0.6928388242256855 0.818603515625 0.004537384099427895 0.00341796875
0 0.6208818307358454 0.820068359375 0.003452357466956007 0.00634765625
0 0.297149339120142 0.81884765625 0.00483330045373841 0.00390625
0 0.24526533833103176 0.818115234375 0.0012823042020122311 0.00244140625
0 0.7277569540343263 0.818115234375 0.0019727756954034327 0.00341796875
0 0.6167883211678832 0.818359375 0.0017754981258630894 0.00390625
0 0.6297100019727757 0.8193359375 0.0061156046557506415 0.0068359375
0 0.5260406391793253 0.818359375 0.004340106529887552 0.0048828125
0 0.7160682580390609 0.819091796875 0.0066087985796014995 0.00732421875
0 0.44535411323732493 0.816650390625 0.003550996251726179 0.00244140625
0 0.48480962714539355 0.81884765625 0.006904714933912014 0.0078125
0 0.6059380548431643 0.817626953125 0.008680213059775104 0.00732421875
0 0.5194318405997238 0.81494140625 0.0011836654172420597 0.001953125
0 0.5108009469323338 0.8154296875 0.005227855592819097 0.0029296875
0 0.6429275991319787 0.814697265625 0.001578220556322746 0.00244140625
0 0.6125468534227658 0.81494140625 0.005918327086210298 0.0029296875
0 0.2934503846912606 0.814453125 0.0023673308344841193 0.001953125
0 0.21345433024265142 0.814697265625 0.002959163543105149 0.00244140625
0 0.6468238311304004 0.814697265625 0.0038469126060366936 0.00341796875
0 0.4318899191161965 0.81494140625 0.003255079897415664 0.00390625
0 0.2667192740185441 0.81396484375 0.0013809429867824028 0.001953125
0 0.25818701913592423 0.8154296875 0.0030578023278753207 0.0048828125
0 0.2519234563030183 0.814697265625 0.003748273821266522 0.00341796875
0 0.623594397317025 0.813720703125 0.0025646084040244622 0.00244140625
0 0.6198954428881436 0.81396484375 0.0028605247583349774 0.0029296875
0 0.6376011047543895 0.814453125 0.0025646084040244622 0.0048828125
0 0.2983330045373841 0.81298828125 0.0022686920497139475 0.001953125
0 0.6342967054645887 0.81298828125 0.002663247188794634 0.0029296875
0 0.49738607220359043 0.814208984375 0.007989741566383901 0.00634765625
0 0.2795423160386664 0.8134765625 0.004537384099427895 0.0048828125
0 0.6409548234365753 0.812255859375 0.0019727756954034327 0.00341796875
0 0.7224797790491221 0.811279296875 0.001874136910633261 0.00244140625
0 0.6526435194318406 0.812255859375 0.006806076149141842 0.00439453125
0 0.6153087393963307 0.811279296875 0.0033537186821858355 0.00244140625
0 0.48244229631090946 0.811279296875 0.004142828960347208 0.00244140625
0 0.6641349378575656 0.810791015625 0.0019727756954034327 0.00244140625
0 0.6933320181495364 0.810791015625 0.0023673308344841193 0.00341796875
0 0.6882521207338725 0.81103515625 0.005030578023278753 0.00390625
0 0.644209903333991 0.810546875 0.0027618859735648055 0.0029296875
0 0.5703787729335175 0.81005859375 0.002663247188794634 0.001953125
0 0.47499506806076147 0.81103515625 0.005030578023278753 0.00390625
0 0.43613138686131386 0.811279296875 0.005227855592819097 0.00439453125
0 0.7026040639179325 0.8095703125 0.001578220556322746 0.001953125
0 0.5611560465575064 0.81103515625 0.006312882225290984 0.0048828125
0 0.5109489051094891 0.810302734375 0.003550996251726179 0.00341796875
0 0.506312882225291 0.81005859375 0.0051292168080489245 0.0029296875
0 0.22341684750443874 0.811279296875 0.005918327086210298 0.00537109375
0 0.5866048530282106 0.810302734375 0.004537384099427895 0.00439453125
0 0.27584336160978495 0.810546875 0.0044387453146577235 0.0048828125
0 0.6571809035312685 0.808837890625 0.0030578023278753207 0.00244140625
0 0.5468534227658315 0.808837890625 0.0025646084040244622 0.00244140625
0 0.2537975932136516 0.808837890625 0.002959163543105149 0.00244140625
0 0.24738607220359046 0.809326171875 0.005523771947129611 0.00439453125
0 0.23623988952456107 0.80859375 0.002170053264943776 0.0029296875
0 0.6846024856973763 0.811279296875 0.005030578023278753 0.00927734375
0 0.29325310712172026 0.807861328125 0.004537384099427895 0.00244140625
0 0.6963405010850267 0.810302734375 0.010159794831327678 0.00927734375
0 0.6404123101203393 0.806884765625 0.0016768593410929177 0.00244140625
0 0.4996054448609193 0.806884765625 0.0017754981258630894 0.00244140625
0 0.4454527520220951 0.807373046875 0.003550996251726179 0.00341796875
0 0.6123495758532255 0.8076171875 0.004142828960347208 0.0048828125
0 0.7286940224896429 0.805908203125 0.0028605247583349774 0.00244140625
0 0.7110376800157822 0.806884765625 0.002071414480173604 0.00439453125
0 0.7039356875123298 0.805908203125 0.0016768593410929177 0.00244140625
0 0.6765634247386072 0.80810546875 0.009469323337936477 0.0068359375
0 0.6470211086999408 0.80615234375 0.003255079897415664 0.0029296875
0 0.47208522391004143 0.8056640625 0.002170053264943776 0.001953125
0 0.6271947129611363 0.806640625 0.0044387453146577235 0.0048828125
0 0.5434997040836457 0.8056640625 0.004734661668968239 0.0029296875
0 0.49176366147169065 0.80615234375 0.003255079897415664 0.00390625
0 0.24008680213059774 0.805908203125 0.003156441112645492 0.00341796875
0 0.5709706056421385 0.8046875 0.003452357466956007 0.001953125
0 0.690224896429276 0.804443359375 0.0022686920497139475 0.00244140625
0 0.5515880844347998 0.804931640625 0.0025646084040244622 0.00341796875
0 0.47410731899782993 0.80419921875 0.0016768593410929177 0.001953125
0 0.43455316630499113 0.806884765625 0.009370684553166305 0.00732421875
0 0.4294732688893273 0.805908203125 0.002170053264943776 0.00537109375
0 0.2514302623791675 0.80419921875 0.0023673308344841193 0.001953125
0 0.6322746103768001 0.80517578125 0.003550996251726179 0.0048828125
0 0.6077135529690274 0.80517578125 0.0033537186821858355 0.0048828125
0 0.5837443282698758 0.8037109375 0.002170053264943776 0.001953125
0 0.49575853225488264 0.803955078125 0.002170053264943776 0.00244140625
0 0.26854409153679226 0.803955078125 0.002663247188794634 0.00244140625
0 0.7186328664430854 0.80322265625 0.0016768593410929177 0.001953125
0 0.687364371670941 0.803466796875 0.002663247188794634 0.00244140625
0 0.5882323929769185 0.80322265625 0.003452357466956007 0.001953125
0 0.2870881830735845 0.80322265625 0.002071414480173604 0.001953125
0 0.6244821463799566 0.802978515625 0.0019727756954034327 0.00244140625
0 0.5079404221739988 0.80322265625 0.002071414480173604 0.0029296875
0 0.5053758137699743 0.803466796875 0.002465969619254291 0.00341796875
0 0.2591240875912409 0.803955078125 0.006312882225290984 0.00537109375
0 0.6503255079897415 0.802001953125 0.0019727756954034327 0.00244140625
0 0.6380449792858552 0.8017578125 0.002465969619254291 0.001953125
0 0.2763858749260209 0.802001953125 0.0019727756954034327 0.00244140625
0 0.7279542316038666 0.802001953125 0.003748273821266522 0.00341796875
0 0.2837344643913987 0.80126953125 0.0016768593410929177 0.001953125
0 0.7012231209311501 0.80126953125 0.002959163543105149 0.0029296875
0 0.2346616689682383 0.80078125 0.0013809429867824028 0.001953125
0 0.6267015190372854 0.80078125 0.003255079897415664 0.0029296875
0 0.5914874728743342 0.80029296875 0.001085026632471888 0.001953125
0 0.42843756164924046 0.80029296875 0.002465969619254291 0.0029296875
0 0.6759222726376011 0.800048828125 0.0036496350364963502 0.00341796875
0 0.6295620437956204 0.79931640625 0.0012823042020122311 0.001953125
0 0.5707240086802131 0.7998046875 0.005326494377589268 0.0029296875
0 0.5037482738212665 0.799560546875 0.003550996251726179 0.00244140625
0 0.4850069047149339 0.802001953125 0.006312882225290984 0.00732421875
0 0.6429769185243638 0.799072265625 0.0016768593410929177 0.00244140625
0 0.5943479976326692 0.798828125 0.002663247188794634 0.001953125
0 0.6344446636417439 0.798583984375 0.0023673308344841193 0.00244140625
0 0.7221838626948116 0.798095703125 0.0022686920497139475 0.00244140625
0 0.4323337936476623 0.799072265625 0.004537384099427895 0.00439453125
0 0.44584730716117577 0.798828125 0.002959163543105149 0.0048828125
0 0.286792266719274 0.7978515625 0.002663247188794634 0.0029296875
0 0.49575853225488264 0.796875 0.0019727756954034327 0.001953125
0 0.3482442296310909 0.797607421875 0.007397908857762872 0.00439453125
0 0.7088183073584533 0.795654296875 0.002170053264943776 0.00244140625
0 0.6678832116788321 0.796142578125 0.0033537186821858355 0.00341796875
0 0.5159794831327678 0.796630859375 0.0027618859735648055 0.00439453125
0 0.6572795423160387 0.794921875 0.002071414480173604 0.001953125
0 0.4246399684355889 0.794921875 0.0009863878477017164 0.001953125
0 0.6412014203985007 0.794677734375 0.0014795817715525744 0.00244140625
0 0.5924738607220359 0.794921875 0.0038469126060366936 0.0029296875
0 0.5882323929769185 0.79541015625 0.0036496350364963502 0.00390625
0 0.5075458670349181 0.794921875 0.0030578023278753207 0.0029296875
0 0.22233182087196685 0.79345703125 0.0025646084040244622 0.001953125
0 0.26065298875517856 0.792724609375 0.004044190175577037 0.00244140625
0 0.5747681988557901 0.792724609375 0.006312882225290984 0.00341796875
0 0.5518840007891103 0.792724609375 0.0072992700729927005 0.00439453125
0 0.25389623199842176 0.794677734375 0.004142828960347208 0.00927734375
0 0.6792266719274018 0.79052734375 0.0027618859735648055 0.001953125
0 0.2840303807457092 0.791015625 0.00542513316235944 0.0029296875
0 0.2762872361412507 0.790771484375 0.0039455513908068654 0.00244140625
0 0.2339711974748471 0.792236328125 0.0072992700729927005 0.00537109375
0 0.6952061550601697 0.79052734375 0.004142828960347208 0.0029296875
0 0.5024166502268692 0.79052734375 0.003255079897415664 0.0029296875
0 0.43647662260800946 0.790283203125 0.002170053264943776 0.00244140625
0 0.6320773328072599 0.789794921875 0.002959163543105149 0.00244140625
0 0.7004833300453739 0.789306640625 0.0016768593410929177 0.00244140625
0 0.48564805681594003 0.7900390625 0.004044190175577037 0.00390625
0 0.22923653580587888 0.78857421875 0.0019727756954034327 0.001953125
0 0.6606332609982245 0.7880859375 0.002663247188794634 0.001953125
0 0.6215229828368515 0.788330078125 0.003156441112645492 0.00244140625
0 0.5406884987176958 0.787841796875 0.002663247188794634 0.00244140625
0 0.6428289603472085 0.787841796875 0.0039455513908068654 0.00341796875
0 0.4420497139475242 0.791259765625 0.008384296705464589 0.01025390625
0 0.2718978102189781 0.78857421875 0.0038469126060366936 0.0048828125
0 0.6739988163345828 0.786865234375 0.0019727756954034327 0.00244140625
0 0.7176464785953837 0.784912109375 0.001874136910633261 0.00244140625
0 0.5779246399684356 0.78564453125 0.002170053264943776 0.00390625
0 0.5477904912211482 0.786376953125 0.0038469126060366936 0.00537109375
0 0.5306273426711383 0.784912109375 0.002663247188794634 0.00244140625
0 0.4590155849279937 0.785888671875 0.002663247188794634 0.00439453125
0 0.6848490826593017 0.7841796875 0.002170053264943776 0.001953125
0 0.5717103965279148 0.786865234375 0.005523771947129611 0.00732421875
0 0.44619254290787136 0.784912109375 0.003452357466956007 0.00439453125
0 0.5935588873545078 0.783447265625 0.004044190175577037 0.00244140625
0 0.5536101795225883 0.78515625 0.007397908857762872 0.005859375
0 0.43968238311304003 0.783447265625 0.0016768593410929177 0.00244140625
0 0.28052870388636814 0.782470703125 0.0023673308344841193 0.00244140625
0 0.27056618662458076 0.78369140625 0.004537384099427895 0.005859375
0 0.5484316433221542 0.7822265625 0.0023673308344841193 0.00390625
0 0.5907970013809429 0.780029296875 0.0008877490629315447 0.00146484375
0 0.5027125665811797 0.780517578125 0.002465969619254291 0.00244140625
0 0.3740875912408759 0.77978515625 0.001874136910633261 0.001953125
0 0.4492503452357467 0.78173828125 0.0036496350364963502 0.0068359375
0 0.21769579798776878 0.780029296875 0.004931939238508582 0.00341796875
0 0.6327184849082659 0.7783203125 0.0016768593410929177 0.001953125
0 0.3646675872953245 0.7783203125 0.003156441112645492 0.001953125
0 0.26267508384296706 0.778564453125 0.0027618859735648055 0.00244140625
0 0.5999704083645689 0.7783203125 0.0028605247583349774 0.0029296875
0 0.5845827579404221 0.77978515625 0.005819688301440126 0.0078125
0 0.7048727559676464 0.7763671875 0.0019727756954034327 0.001953125
0 0.35475438942592225 0.7763671875 0.002071414480173604 0.001953125
0 0.22583349773130795 0.77880859375 0.005227855592819097 0.0068359375
0 0.728200828565792 0.776123046875 0.003255079897415664 0.00341796875
0 0.5422667192740186 0.77685546875 0.0036496350364963502 0.0048828125
0 0.5463109094495956 0.777099609375 0.003452357466956007 0.00634765625
0 0.3770467547839811 0.7744140625 0.0016768593410929177 0.001953125
0 0.37472874334188205 0.7744140625 0.0025646084040244622 0.001953125
0 0.3623002564608404 0.7734375 0.002170053264943776 0.001953125
0 0.35840402446241865 0.772705078125 0.002071414480173604 0.00341796875
0 0.2670645097652397 0.772216796875 0.003452357466956007 0.00244140625
0 0.5909449595580982 0.7724609375 0.002959163543105149 0.00390625
0 0.37112842769777077 0.771728515625 0.0022686920497139475 0.00244140625
0 0.35490234760307754 0.77099609375 0.002959163543105149 0.001953125
0 0.6268987966068258 0.770263671875 0.0016768593410929177 0.00244140625
0 0.5777766817912803 0.770751953125 0.005030578023278753 0.00341796875
0 0.3661471690668771 0.7724609375 0.005721049516669955 0.0078125
0 0.34449595580982445 0.76953125 0.0014795817715525744 0.001953125
0 0.2633162359439732 0.76953125 0.001085026632471888 0.001953125
0 0.593115012823042 0.769287109375 0.0033537186821858355 0.00244140625
0 0.4464884592621819 0.7685546875 0.0008877490629315447 0.001953125
0 0.4391891891891892 0.77001953125 0.002071414480173604 0.0048828125
0 0.3601302031958966 0.7685546875 0.0009863878477017164 0.001953125
0 0.2835865062142434 0.76953125 0.004931939238508582 0.00390625
0 0.7018149536397712 0.76904296875 0.0039455513908068654 0.00390625
0 0.27589268100217007 0.7685546875 0.002959163543105149 0.00390625
0 0.45783191951075164 0.76708984375 0.0008877490629315447 0.001953125
0 0.2900473466166897 0.769287109375 0.007595186427303216 0.00634765625
0 0.27899980272243047 0.76708984375 0.0028605247583349774 0.001953125
0 0.248273821266522 0.767333984375 0.0027618859735648055 0.00244140625
0 0.23875517853620043 0.768310546875 0.0030578023278753207 0.00439453125
0 0.5881337541921483 0.767578125 0.005227855592819097 0.00390625
0 0.45206155060169656 0.7666015625 0.0023673308344841193 0.001953125
0 0.3869599526533833 0.77001953125 0.00907476819885579 0.0087890625
0 0.37684947721444073 0.7666015625 0.001085026632471888 0.001953125
0 0.5319096468731506 0.76513671875 0.001874136910633261 0.001953125
0 0.2698263957388045 0.76513671875 0.0014795817715525744 0.001953125
0 0.37995659893470113 0.765869140625 0.0025646084040244622 0.00439453125
0 0.5349674492010258 0.764404296875 0.002465969619254291 0.00244140625
0 0.36279345038469124 0.76416015625 0.001578220556322746 0.001953125
0 0.2608009469323338 0.765869140625 0.00907476819885579 0.00537109375
0 0.36008088380351155 0.763671875 0.002071414480173604 0.001953125
0 0.44476228052870387 0.763916015625 0.0013809429867824028 0.00341796875
0 0.38873545077924637 0.763427734375 0.003550996251726179 0.00244140625
0 0.37458078516472676 0.7626953125 0.001085026632471888 0.001953125
0 0.3727066482540935 0.7626953125 0.002071414480173604 0.001953125
0 0.35154862892089167 0.763671875 0.005326494377589268 0.00390625
0 0.2552278555928191 0.76220703125 0.001085026632471888 0.001953125
0 0.41428289603472085 0.76171875 0.0027618859735648055 0.001953125
0 0.382767804300651 0.762451171875 0.0022686920497139475 0.00341796875
0 0.2510850266324719 0.762451171875 0.002663247188794634 0.00341796875
0 0.5291477608995857 0.761474609375 0.0038469126060366936 0.00244140625
0 0.38577628723614127 0.762451171875 0.0023673308344841193 0.00439453125
0 0.36807062536989543 0.7607421875 0.0016768593410929177 0.001953125
0 0.29182284474255277 0.76318359375 0.005622410731899783 0.0068359375
0 0.25739790885776287 0.760986328125 0.0022686920497139475 0.00244140625
0 0.3471592029986191 0.76025390625 0.001874136910633261 0.001953125
0 0.6812980864075755 0.760009765625 0.0023673308344841193 0.00244140625
0 0.3770467547839811 0.760009765625 0.0016768593410929177 0.00244140625
0 0.5530183468139672 0.76025390625 0.0030578023278753207 0.00390625
0 0.27515289011639377 0.76025390625 0.0030578023278753207 0.00390625
0 0.5584434799763267 0.759521484375 0.0036496350364963502 0.00341796875
0 0.2711086999408167 0.75927734375 0.0036496350364963502 0.0029296875
0 0.5342769777076346 0.7587890625 0.0012823042020122311 0.00390625
0 0.35726967843756163 0.7578125 0.0025646084040244622 0.001953125
0 0.3451371079108305 0.758056640625 0.0017754981258630894 0.00244140625
0 0.12536989544288815 0.758056640625 0.0025646084040244622 0.00244140625
0 0.10544486091931347 0.75830078125 0.0025646084040244622 0.0029296875
0 0.5899092523180114 0.7587890625 0.006016965870980469 0.0048828125
0 0.26696587098046953 0.75927734375 0.002663247188794634 0.005859375
0 0.3810909449595581 0.75830078125 0.005227855592819097 0.005859375
0 0.10825606628526337 0.757080078125 0.0022686920497139475 0.00341796875
0 0.6289208916946143 0.755859375 0.0017754981258630894 0.001953125
0 0.5727954231603867 0.7568359375 0.0033537186821858355 0.00390625
0 0.3701913592424541 0.756591796875 0.0025646084040244622 0.00341796875
0 0.5571118563819294 0.75634765625 0.003156441112645492 0.00390625
0 0.3852337739199053 0.756103515625 0.004044190175577037 0.00341796875
0 0.3645689485105543 0.75537109375 0.0011836654172420597 0.001953125
0 0.12196685736831722 0.755859375 0.002071414480173604 0.0029296875
0 0.5842375221937266 0.76025390625 0.005326494377589268 0.0126953125
0 0.35130203195896625 0.754638671875 0.0014795817715525744 0.00146484375
0 0.2834878674294733 0.7548828125 0.0019727756954034327 0.001953125
0 0.2621818899191162 0.755615234375 0.0033537186821858355 0.00341796875
0 0.24945748668376405 0.755615234375 0.0023673308344841193 0.00341796875
0 0.4468830144012626 0.75439453125 0.001874136910633261 0.001953125
0 0.3623988952456106 0.755126953125 0.0011836654172420597 0.00341796875
0 0.2573485894653778 0.754638671875 0.001578220556322746 0.00244140625
0 0.5334878674294733 0.754150390625 0.002071414480173604 0.00244140625
0 0.387354507792464 0.75341796875 0.0023673308344841193 0.001953125
0 0.2862497534030381 0.75341796875 0.0013809429867824028 0.001953125
0 0.233330045373841 0.75390625 0.0030578023278753207 0.0029296875
0 0.41709410140067077 0.753173828125 0.0012823042020122311 0.00244140625
0 0.2781120536594989 0.7529296875 0.0028605247583349774 0.001953125
0 0.12714539356875124 0.75390625 0.0025646084040244622 0.00390625
0 0.24625172617873348 0.75244140625 0.003255079897415664 0.001953125
0 0.10835470507003354 0.75244140625 0.002071414480173604 0.0029296875
0 0.5757052673111067 0.751708984375 0.004636022884198066 0.00244140625
0 0.34365752613927797 0.75146484375 0.0011836654172420597 0.001953125
0 0.28772933517459065 0.75146484375 0.0017754981258630894 0.001953125
0 0.556914578812389 0.751220703125 0.003550996251726179 0.00244140625
0 0.36762675083842966 0.751708984375 0.003748273821266522 0.00439453125
0 0.3622509370684553 0.75048828125 0.0008877490629315447 0.001953125
0 0.36042611955020715 0.750244140625 0.0011836654172420597 0.00146484375
0 0.3566285263365555 0.751220703125 0.0022686920497139475 0.00341796875
0 0.2532057605050306 0.75146484375 0.0039455513908068654 0.0048828125
0 0.2297790491221148 0.752685546875 0.003255079897415664 0.00732421875
0 0.3925823633852831 0.75 0.003748273821266522 0.0029296875
0 0.2941901755770369 0.751953125 0.0044387453146577235 0.0068359375
0 0.3845926218188992 0.750244140625 0.003550996251726179 0.00439453125
0 0.5965673702899981 0.74853515625 0.0023673308344841193 0.001953125
0 0.5411323732491615 0.749267578125 0.0039455513908068654 0.00341796875
0 0.42099033339909253 0.7490234375 0.0013809429867824028 0.0029296875
0 0.1320773328072598 0.751708984375 0.0061156046557506415 0.00830078125
0 0.37541921483527324 0.748046875 0.000789110278161373 0.001953125
0 0.5907970013809429 0.747802734375 0.001085026632471888 0.00244140625
0 0.5799467350562241 0.74755859375 0.0028605247583349774 0.001953125
0 0.5310712172026041 0.74853515625 0.002959163543105149 0.00390625
0 0.4124087591240876 0.74755859375 0.0017754981258630894 0.001953125
0 0.3463207733280726 0.748046875 0.0017754981258630894 0.0029296875
0 0.21483527322943383 0.747802734375 0.001578220556322746 0.00244140625
0 0.1220654961530874 0.75 0.0038469126060366936 0.0068359375
0 0.5866541724205958 0.747314453125 0.00424146774511738 0.00244140625
0 0.5343262971000198 0.74658203125 0.0011836654172420597 0.001953125
0 0.44175379759321365 0.750244140625 0.0028605247583349774 0.01025390625
0 0.38548037088183074 0.745849609375 0.0013809429867824028 0.00146484375
0 0.29118169264154664 0.74755859375 0.0027618859735648055 0.0048828125
0 0.2753994870783192 0.74609375 0.0013809429867824028 0.001953125
0 0.5701814953639771 0.747314453125 0.004044190175577037 0.00537109375
0 0.5572104951666995 0.745849609375 0.0033537186821858355 0.00244140625
0 0.548234365752614 0.745849609375 0.0033537186821858355 0.00244140625
0 0.13814361807062536 0.746337890625 0.005819688301440126 0.00341796875
0 0.12640560268297493 0.745361328125 0.001874136910633261 0.00146484375
0 0.29537384099427894 0.74560546875 0.0014795817715525744 0.0029296875
0 0.288518445452752 0.74658203125 0.002959163543105149 0.0048828125
0 0.42173012428486883 0.744873046875 0.002071414480173604 0.00244140625
0 0.39149733675281123 0.74462890625 0.002170053264943776 0.001953125
0 0.2807259814559085 0.745849609375 0.0025646084040244622 0.00439453125
0 0.5312191753797593 0.744384765625 0.002465969619254291 0.00244140625
0 0.2645492207536003 0.74609375 0.005721049516669955 0.005859375
0 0.10549418031169856 0.7470703125 0.006214243440520813 0.0078125
0 0.3887847701716315 0.74658203125 0.0030578023278753207 0.0078125
0 0.37882225290984417 0.74365234375 0.0012823042020122311 0.001953125
0 0.11308936673900177 0.746826171875 0.00424146774511738 0.00830078125
0 0.44969421976721247 0.743896484375 0.003156441112645492 0.00341796875
0 0.37502465969619253 0.742919921875 0.0017754981258630894 0.00146484375
0 0.2835865062142434 0.743408203125 0.002170053264943776 0.00244140625
0 0.2433912014203985 0.743896484375 0.004044190175577037 0.00341796875
0 0.22154271059380548 0.742431640625 0.0011836654172420597 0.00146484375
0 0.5740284079700138 0.743408203125 0.0028605247583349774 0.00537109375
0 0.5270763464194121 0.741943359375 0.0022686920497139475 0.00244140625
0 0.44555139080686523 0.7451171875 0.004340106529887552 0.0087890625
0 0.13922864470309726 0.741943359375 0.0012823042020122311 0.00244140625
0 0.5823633852830933 0.742431640625 0.004142828960347208 0.00439453125
0 0.5691457881238903 0.7431640625 0.003550996251726179 0.005859375
0 0.23209706056421384 0.7421875 0.0033537186821858355 0.00390625
0 0.5933616097849674 0.742431640625 0.003452357466956007 0.00634765625
0 0.23456303018346814 0.74072265625 0.0013809429867824028 0.0029296875
0 0.13365555336358256 0.740966796875 0.001578220556322746 0.00341796875
0 0.423554941803117 0.742919921875 0.0033537186821858355 0.00830078125
0 0.28698954428881435 0.740966796875 0.0028605247583349774 0.00439453125
0 0.22573485894653778 0.741943359375 0.005819688301440126 0.00634765625
0 0.12250937068455317 0.73974609375 0.0017754981258630894 0.001953125
0 0.10105543499704084 0.740234375 0.0028605247583349774 0.0029296875
0 0.5473959360820675 0.739990234375 0.0036496350364963502 0.00341796875
0 0.36797198658512525 0.7392578125 0.0012823042020122311 0.001953125
0 0.29877687906884987 0.7421875 0.0051292168080489245 0.0087890625
0 0.27895048333004535 0.739501953125 0.0033537186821858355 0.00341796875
0 0.24250345235746695 0.739013671875 0.0008877490629315447 0.00244140625
0 0.559725784178339 0.739501953125 0.004044190175577037 0.00439453125
0 0.38848885381732096 0.738525390625 0.0012823042020122311 0.00244140625
0 0.0921286249753403 0.739990234375 0.003550996251726179 0.00537109375
0 0.563769974353916 0.73779296875 0.002071414480173604 0.001953125
0 0.1814953639771158 0.73876953125 0.0025646084040244622 0.005859375
0 0.38715723022292364 0.736328125 0.0009863878477017164 0.001953125
0 0.36377983823239296 0.737548828125 0.0017754981258630894 0.00439453125
0 0.5313671335569146 0.738037109375 0.003550996251726179 0.00634765625
0 0.09661668968238311 0.7392578125 0.005819688301440126 0.0087890625
0 0.22677056618662458 0.73583984375 0.002170053264943776 0.0029296875
0 0.5665811797198659 0.73583984375 0.002959163543105149 0.00390625
0 0.3590451765634247 0.73486328125 0.0009863878477017164 0.001953125
0 0.21463799565989347 0.735595703125 0.003156441112645492 0.00341796875
0 0.1262083251134346 0.73779296875 0.004636022884198066 0.0078125
0 0.5495659893470113 0.73486328125 0.002465969619254291 0.0029296875
0 0.2922173998816335 0.736328125 0.0030578023278753207 0.005859375
0 0.10312684947721444 0.735595703125 0.0030578023278753207 0.00439453125
0 0.4413099230617479 0.737060546875 0.0039455513908068654 0.00830078125
0 0.2875320576050503 0.73388671875 0.0017754981258630894 0.001953125
0 0.135628329058986 0.734619140625 0.0013809429867824028 0.00341796875
0 0.5749654764253305 0.734619140625 0.005326494377589268 0.00439453125
0 0.5400966660090748 0.7333984375 0.0014795817715525744 0.001953125
0 0.40244624186230027 0.73779296875 0.0039455513908068654 0.0107421875
0 0.5887255869007694 0.736083984375 0.006411521010061156 0.00830078125
0 0.5584434799763267 0.734130859375 0.00542513316235944 0.00439453125
0 0.4469816531860327 0.734619140625 0.005030578023278753 0.00537109375
0 0.25029591635431053 0.7333984375 0.00542513316235944 0.0029296875
0 0.3699940816729138 0.732421875 0.000789110278161373 0.001953125
0 0.1415466561451963 0.73388671875 0.0033537186821858355 0.0048828125
0 0.594791872164135 0.732177734375 0.0017754981258630894 0.00244140625
0 0.5850759518642731 0.733154296875 0.002663247188794634 0.00439453125
0 0.39090550404419017 0.733154296875 0.003156441112645492 0.00439453125
0 0.21744920102584336 0.736572265625 0.006806076149141842 0.01123046875
0 0.43938646675872955 0.73193359375 0.001874136910633261 0.0029296875
0 0.426464785953837 0.7333984375 0.0022686920497139475 0.005859375
0 0.23032156243835075 0.7314453125 0.0011836654172420597 0.001953125
0 0.4036792266719274 0.732177734375 0.0036496350364963502 0.00439453125
0 0.2375221937265733 0.73095703125 0.0019727756954034327 0.001953125
0 0.45447820082856577 0.730712890625 0.002071414480173604 0.00244140625
0 0.2901953047938449 0.731689453125 0.002170053264943776 0.00439453125
0 0.28112053659498915 0.730224609375 0.0017754981258630894 0.00439453125
0 0.2444269086604853 0.73291015625 0.004734661668968239 0.0107421875
0 0.18558887354507791 0.72998046875 0.005622410731899783 0.0048828125
0 0.5602189781021898 0.72900390625 0.002465969619254291 0.00390625
0 0.26997435391595975 0.728759765625 0.0011836654172420597 0.00341796875
0 0.22016176760702308 0.7294921875 0.002959163543105149 0.0048828125
0 0.4447129611363188 0.727783203125 0.001874136910633261 0.00244140625
0 0.20659893470112448 0.729248046875 0.0030578023278753207 0.00537109375
0 0.5861609784967449 0.727783203125 0.002465969619254291 0.00341796875
0 0.42424541329650817 0.7275390625 0.0013809429867824028 0.0029296875
0 0.10174590649043204 0.728759765625 0.005030578023278753 0.00537109375
0 0.2927105938054843 0.727294921875 0.0022686920497139475 0.00341796875
0 0.43095285066087985 0.7265625 0.001578220556322746 0.0029296875
0 0.26504241467745115 0.726318359375 0.001578220556322746 0.00244140625
0 0.14928980074965476 0.7275390625 0.0030578023278753207 0.0048828125
0 0.1384395344249359 0.7265625 0.001874136910633261 0.0029296875
0 0.3025744722825015 0.7255859375 0.002071414480173604 0.0029296875
0 0.5832511343460248 0.725341796875 0.0025646084040244622 0.00341796875
0 0.4290787137502466 0.724853515625 0.0023673308344841193 0.00244140625
0 0.3960347208522391 0.725830078125 0.001578220556322746 0.00537109375
0 0.29922075360031564 0.728271484375 0.005622410731899783 0.01025390625
0 0.18376405602682974 0.7255859375 0.0027618859735648055 0.0048828125
0 0.1147662260800947 0.72412109375 0.0016768593410929177 0.001953125
0 0.21340501085026634 0.7236328125 0.0014795817715525744 0.001953125
0 0.1412014203985007 0.724609375 0.001874136910633261 0.00390625
0 0.09858946537778654 0.7236328125 0.001085026632471888 0.001953125
0 0.2322943381337542 0.727783203125 0.0039455513908068654 0.01123046875
0 0.19520615506016967 0.72509765625 0.002170053264943776 0.005859375
0 0.10347208522391003 0.722900390625 0.003156441112645492 0.00244140625
0 0.2893075557309134 0.722900390625 0.0023673308344841193 0.00341796875
0 0.29601499309528506 0.72314453125 0.0027618859735648055 0.0048828125
0 0.25088774906293154 0.723388671875 0.008581574275004932 0.00537109375
0 0.18366541724205956 0.7216796875 0.0013809429867824028 0.001953125
0 0.26228052870388635 0.720947265625 0.0011836654172420597 0.00146484375
0 0.22026040639179326 0.721923828125 0.004340106529887552 0.00439453125
0 0.1426316827776682 0.721923828125 0.0017754981258630894 0.00439453125
0 0.4028407970013809 0.72119140625 0.0039455513908068654 0.0048828125
0 0.3937167094101401 0.7197265625 0.001085026632471888 0.001953125
0 0.33127835865062144 0.7197265625 0.0012823042020122311 0.001953125
0 0.2116788321167883 0.72021484375 0.002959163543105149 0.0029296875
0 0.43144604458473074 0.718994140625 0.0013809429867824028 0.00244140625
0 0.29828368514499903 0.719482421875 0.0009863878477017164 0.00341796875
0 0.21636417439337147 0.721435546875 0.0030578023278753207 0.00732421875
0 0.40555336358256067 0.717529296875 0.0014795817715525744 0.00146484375
0 0.29290787137502466 0.718017578125 0.0008877490629315447 0.00244140625
0 0.2391990530676662 0.718505859375 0.0017754981258630894 0.00341796875
0 0.22908857762872362 0.719482421875 0.0030578023278753207 0.00537109375
0 0.4450581968830144 0.718017578125 0.0017754981258630894 0.00341796875
0 0.2735253501676859 0.7177734375 0.0019727756954034327 0.0029296875
0 0.1874136910633261 0.718994140625 0.004734661668968239 0.00732421875
0 0.12680015782205564 0.71826171875 0.004044190175577037 0.005859375
0 0.12117774709015584 0.716796875 0.0012823042020122311 0.0029296875
0 0.33147563622016174 0.716064453125 0.001874136910633261 0.00244140625
0 0.19298678240284078 0.71875 0.00542513316235944 0.0078125
0 0.29986190570132176 0.7158203125 0.0013809429867824028 0.0029296875
0 0.10307753008482935 0.717041015625 0.002959163543105149 0.00537109375
0 0.33463207733280725 0.71533203125 0.0014795817715525744 0.0029296875
0 0.318405997238114 0.71484375 0.001578220556322746 0.0029296875
0 0.2075853225488262 0.71435546875 0.0014795817715525744 0.00390625
0 0.24358847898993885 0.71435546875 0.0036496350364963502 0.0048828125
0 0.1411521010061156 0.71484375 0.0025646084040244622 0.005859375
0 0.30573091339514696 0.71240234375 0.0016768593410929177 0.001953125
0 0.23895245610574078 0.712890625 0.0012823042020122311 0.0029296875
0 0.4439731702505425 0.712890625 0.0019727756954034327 0.00390625
0 0.23688104162556717 0.7119140625 0.001085026632471888 0.001953125
0 0.2180903531268495 0.712646484375 0.0027618859735648055 0.00341796875
0 0.43085421187610967 0.711669921875 0.0019727756954034327 0.00244140625
0 0.23313276780430064 0.712158203125 0.002071414480173604 0.00341796875
0 0.30341290195304793 0.71142578125 0.0017754981258630894 0.0029296875
0 0.44767212467942397 0.7109375 0.0014795817715525744 0.0048828125
0 0.2945354113237325 0.710205078125 0.0019727756954034327 0.00439453125
0 0.09750443874531466 0.708984375 0.0012823042020122311 0.001953125
0 0.22026040639179326 0.708740234375 0.0019727756954034327 0.00341796875
0 0.428733478003551 0.7080078125 0.0008877490629315447 0.0029296875
0 0.4336654172420596 0.70849609375 0.003255079897415664 0.0048828125
0 0.3018346813967252 0.70849609375 0.0025646084040244622 0.0048828125
0 0.22154271059380548 0.70654296875 0.0009863878477017164 0.001953125
0 0.2141448017360426 0.709228515625 0.008680213059775104 0.00732421875
0 0.11220161767607023 0.70654296875 0.0008877490629315447 0.001953125
0 0.4386959952653383 0.70703125 0.0012823042020122311 0.00390625
0 0.2486190570132176 0.7060546875 0.0016768593410929177 0.0029296875
0 0.1018445452752022 0.705810546875 0.002465969619254291 0.00244140625
0 0.3939633063720655 0.705322265625 0.0013809429867824028 0.00244140625
0 0.29571907674097453 0.7060546875 0.0013809429867824028 0.0048828125
0 0.206894851055435 0.705322265625 0.0012823042020122311 0.00341796875
0 0.4480666798185046 0.70361328125 0.001085026632471888 0.001953125
0 0.3310810810810811 0.70361328125 0.002071414480173604 0.0029296875
0 0.2312093115012823 0.70361328125 0.000789110278161373 0.0029296875
0 0.2447721444071809 0.703369140625 0.0012823042020122311 0.00341796875
0 0.23318208719668573 0.702880859375 0.000789110278161373 0.00244140625
0 0.28077530084829355 0.705322265625 0.0028605247583349774 0.00830078125
0 0.24260209114223713 0.7041015625 0.002071414480173604 0.005859375
0 0.23801538765042415 0.702392578125 0.0009863878477017164 0.00244140625
0 0.2239593608206747 0.702880859375 0.0016768593410929177 0.00341796875
0 0.2145393568751233 0.70361328125 0.002170053264943776 0.0048828125
0 0.3136713355691458 0.705078125 0.003156441112645492 0.0087890625
0 0.3119944762280529 0.702880859375 0.0023673308344841193 0.00439453125
0 0.12561649240481357 0.70361328125 0.002071414480173604 0.005859375
0 0.2934503846912606 0.701904296875 0.0023673308344841193 0.00341796875
0 0.2980864075754587 0.704345703125 0.003156441112645492 0.00927734375
0 0.2645985401459854 0.700927734375 0.001874136910633261 0.00341796875
0 0.09972381140264353 0.700927734375 0.0023673308344841193 0.00341796875
0 0.4415565200236733 0.698974609375 0.0008877490629315447 0.00244140625
0 0.22898993884395344 0.696533203125 0.0016768593410929177 0.00341796875
0 0.22228250147958178 0.69580078125 0.0012823042020122311 0.0029296875
0 0.2322450187413691 0.695556640625 0.001874136910633261 0.00341796875
0 0.12270664825409351 0.69482421875 0.0009863878477017164 0.001953125
0 0.2361412507397909 0.69580078125 0.0025646084040244622 0.0048828125
0 0.32540935095679624 0.697021484375 0.0051292168080489245 0.00927734375
0 0.2266719274018544 0.6943359375 0.002170053264943776 0.0048828125
0 0.3186032748076544 0.69482421875 0.004537384099427895 0.0068359375
0 0.3029197080291971 0.69873046875 0.005918327086210298 0.0146484375
0 0.19653777865456698 0.693115234375 0.0014795817715525744 0.00341796875
0 0.2825014795817716 0.69287109375 0.0011836654172420597 0.00390625
0 0.3216610771355297 0.692626953125 0.0013809429867824028 0.00439453125
0 0.23860722035904516 0.692626953125 0.001578220556322746 0.00439453125
0 0.14583744328269876 0.694091796875 0.0036496350364963502 0.00732421875
0 0.29912211481554546 0.6923828125 0.003255079897415664 0.0048828125
0 0.24319392385085817 0.692138671875 0.004636022884198066 0.00537109375
0 0.4469816531860327 0.689697265625 0.0016768593410929177 0.00244140625
0 0.3146577234168475 0.694091796875 0.0033537186821858355 0.01123046875
0 0.14110278161373052 0.69091796875 0.0044387453146577235 0.0048828125
0 0.32935490234760306 0.689208984375 0.000789110278161373 0.00244140625
0 0.19495955809824422 0.6904296875 0.0044387453146577235 0.005859375
0 0.2291872164134938 0.690185546875 0.002071414480173604 0.00634765625
0 0.23840994278950484 0.68798828125 0.0009863878477017164 0.0029296875
0 0.233330045373841 0.68701171875 0.0008877490629315447 0.001953125
0 0.30859143815348195 0.688720703125 0.0028605247583349774 0.00634765625
0 0.29705070033537184 0.68896484375 0.002071414480173604 0.0068359375
0 0.24635036496350365 0.6865234375 0.0012823042020122311 0.0029296875
0 0.3108108108108108 0.6865234375 0.002170053264943776 0.00390625
0 0.19841191556520024 0.685791015625 0.0008877490629315447 0.00244140625
0 0.15111461826790293 0.6884765625 0.004537384099427895 0.0087890625
0 0.1398204774117183 0.685791015625 0.0022686920497139475 0.00341796875
0 0.12971000197277568 0.685302734375 0.0013809429867824028 0.00244140625
0 0.2447721444071809 0.685546875 0.001085026632471888 0.00390625
0 0.20137107910830537 0.68603515625 0.003255079897415664 0.0048828125
0 0.14721838626948117 0.686279296875 0.002071414480173604 0.00537109375
0 0.44367725389623197 0.687744140625 0.004142828960347208 0.00927734375
0 0.32501479581771553 0.683837890625 0.000789110278161373 0.00244140625
0 0.2923653580587887 0.68359375 0.0011836654172420597 0.0029296875
0 0.22302229236535806 0.683837890625 0.0009863878477017164 0.00341796875
0 0.14440718090353127 0.684326171875 0.003550996251726179 0.00537109375
0 0.30222923653580586 0.684326171875 0.0019727756954034327 0.00634765625
0 0.2142434405208128 0.682861328125 0.0011836654172420597 0.00341796875
0 0.4380055237719471 0.681884765625 0.0016768593410929177 0.00244140625
0 0.19737620832511343 0.682373046875 0.002170053264943776 0.00341796875
0 0.15604655750641153 0.6826171875 0.0011836654172420597 0.00390625
0 0.23323140658907082 0.6806640625 0.0008877490629315447 0.001953125
0 0.3082955217991714 0.680419921875 0.0014795817715525744 0.00341796875
0 0.43933714736634444 0.679931640625 0.0017754981258630894 0.00341796875
0 0.20995265338331032 0.679931640625 0.002071414480173604 0.00341796875
0 0.145985401459854 0.67919921875 0.0027618859735648055 0.0048828125
0 0.19796804103373447 0.677490234375 0.0009863878477017164 0.00244140625
0 0.18553955415269283 0.67822265625 0.0017754981258630894 0.00390625
0 0.3043006510159795 0.67724609375 0.000789110278161373 0.0029296875
0 0.30306766620635234 0.676025390625 0.0008877490629315447 0.00244140625
0 0.1481061353324127 0.677734375 0.0030578023278753207 0.005859375
0 0.1561451962911817 0.677734375 0.0025646084040244622 0.0068359375
0 0.32466956007101994 0.675048828125 0.0008877490629315447 0.00341796875
0 0.21133359637009272 0.6748046875 0.0016768593410929177 0.0029296875
0 0.2041329650818702 0.6787109375 0.006806076149141842 0.01171875
0 0.17434405208127837 0.6728515625 0.0038469126060366936 0.005859375
0 0.16877096074176365 0.673583984375 0.0019727756954034327 0.00732421875
0 0.20240678634839218 0.670654296875 0.0013809429867824028 0.00341796875
0 0.1891891891891892 0.6728515625 0.0027618859735648055 0.0078125
