0 0.4363779838232393 0.999267578125 0.002959163543105149 0.00146484375
0 0.3887847701716315 0.999267578125 0.002071414480173604 0.00146484375
0 0.11062339711974749 0.998779296875 0.001874136910633261 0.00244140625
0 0.7121227066482541 0.99853515625 0.0014795817715525744 0.0029296875
0 0.6406589070822647 0.99853515625 0.0017754981258630894 0.0029296875
0 0.6152594200039455 0.998291015625 0.0030578023278753207 0.00341796875
0 0.5745216018938647 0.998291015625 0.001874136910633261 0.00341796875
0 0.5709212862497534 0.99755859375 0.0013809429867824028 0.001953125
0 0.36698559873742354 0.998291015625 0.0012823042020122311 0.00341796875
0 0.24916157032945355 0.998291015625 0.0011836654172420597 0.00341796875
0 0.12852633655553364 0.998291015625 0.004340106529887552 0.00341796875
0 0.4306569343065693 0.998046875 0.004537384099427895 0.00390625
0 0.3363582560662853 0.998046875 0.001578220556322746 0.00390625
0 0.41329650818701913 0.997802734375 0.0051292168080489245 0.00439453125
0 0.2901953047938449 0.9970703125 0.004142828960347208 0.0029296875
0 0.4537877293351746 0.996337890625 0.0014795817715525744 0.00244140625
0 0.36525942000394557 0.99755859375 0.001578220556322746 0.0048828125
0 0.5960741763661471 0.997314453125 0.004340106529887552 0.00537109375
0 0.5651015979483133 0.997314453125 0.0061156046557506415 0.00537109375
0 0.560909449595581 0.997314453125 0.0028605247583349774 0.00537109375
0 0.4090550404419018 0.997314453125 0.004931939238508582 0.00537109375
0 0.10628329058985993 0.997314453125 0.006016965870980469 0.00537109375
0 0.5108995857171039 0.99560546875 0.001874136910633261 0.0029296875
0 0.44081672913789705 0.99658203125 0.005326494377589268 0.0048828125
0 0.4499408167291379 0.9951171875 0.003255079897415664 0.0029296875
0 0.34267113829157625 0.996826171875 0.009469323337936477 0.00634765625
0 0.2835865062142434 0.994873046875 0.004340106529887552 0.00439453125
0 0.23697968041033735 0.994384765625 0.002465969619254291 0.00439453125
0 0.4127046754783981 0.994384765625 0.0027618859735648055 0.00537109375
0 0.31386861313868614 0.995849609375 0.0039455513908068654 0.00830078125
0 0.41526928388242257 0.992919921875 0.0019727756954034327 0.00537109375
0 0.09622213454330243 0.994873046875 0.005819688301440126 0.01025390625
0 0.09918129808640758 0.990478515625 0.0012823042020122311 0.00341796875
0 0.28846912606036695 0.990234375 0.001874136910633261 0.00390625
0 0.1373051884000789 0.98974609375 0.0013809429867824028 0.0029296875
0 0.33704872755967646 0.99072265625 0.003550996251726179 0.005859375
0 0.35297889130005916 0.9912109375 0.00424146774511738 0.0078125
0 0.7037877293351746 0.99072265625 0.008285657920694417 0.0078125
0 0.4609883606233971 0.988525390625 0.001874136910633261 0.00341796875
0 0.3477510357072401 0.988525390625 0.002071414480173604 0.00341796875
0 0.25 0.989501953125 0.005622410731899783 0.00537109375
0 0.1536792266719274 0.988037109375 0.0009863878477017164 0.00244140625
0 0.09715920299861906 0.98876953125 0.001578220556322746 0.00390625
0 0.34198066679818506 0.98876953125 0.0027618859735648055 0.0048828125
0 0.43973170250542515 0.98876953125 0.004340106529887552 0.005859375
0 0.6794732688893272 0.987060546875 0.0016768593410929177 0.00341796875
0 0.29996054448609194 0.9892578125 0.0033537186821858355 0.009765625
0 0.5201716314855 0.985595703125 0.0030578023278753207 0.00341796875
0 0.26514105346222133 0.985595703125 0.004537384099427895 0.00341796875
0 0.6905701321759716 0.986083984375 0.005918327086210298 0.00634765625
0 0.7263266916551588 0.98291015625 0.0022686920497139475 0.001953125
0 0.45146971789307555 0.983642578125 0.001578220556322746 0.00341796875
0 0.35416255671730124 0.984130859375 0.002071414480173604 0.00439453125
0 0.24191161964884592 0.982421875 0.0008877490629315447 0.001953125
0 0.13888340895640167 0.984619140625 0.002170053264943776 0.00634765625
0 0.4432826987571513 0.982177734375 0.0019727756954034327 0.00244140625
0 0.10174590649043204 0.9853515625 0.0038469126060366936 0.0087890625
0 0.09903333990925232 0.984375 0.004931939238508582 0.0068359375
0 0.33773919905306765 0.983154296875 0.0017754981258630894 0.00537109375
0 0.311501282304202 0.981689453125 0.002959163543105149 0.00732421875
0 0.7028506608798579 0.979736328125 0.003452357466956007 0.00439453125
0 0.3232886170842375 0.9794921875 0.0016768593410929177 0.005859375
0 0.29024462418623004 0.978759765625 0.00897612941408562 0.00537109375
0 0.7138488853817321 0.976318359375 0.002170053264943776 0.00341796875
0 0.3169264154665615 0.977783203125 0.0027618859735648055 0.00634765625
0 0.3096271453935687 0.976318359375 0.0019727756954034327 0.00341796875
0 0.2403333990925232 0.9765625 0.0028605247583349774 0.00390625
0 0.2519234563030183 0.979248046875 0.014993095285066088 0.01025390625
0 0.2750542513316236 0.97119140625 0.0014795817715525744 0.001953125
0 0.2657328861708424 0.972412109375 0.0051292168080489245 0.00439453125
0 0.10297889130005919 0.970703125 0.0023673308344841193 0.0029296875
0 0.29458473071611757 0.97119140625 0.0066087985796014995 0.0068359375
0 0.3357664233576642 0.967529296875 0.0019727756954034327 0.00244140625
0 0.31041625567173015 0.9697265625 0.003550996251726179 0.0068359375
0 0.3658019333201815 0.970458984375 0.0044387453146577235 0.00927734375
0 0.6963898204774117 0.97021484375 0.006904714933912014 0.009765625
0 0.09173406983625962 0.966552734375 0.0009863878477017164 0.00244140625
0 0.28866640362990725 0.96630859375 0.0016768593410929177 0.0029296875
0 0.2980864075754587 0.96435546875 0.0011836654172420597 0.0029296875
0 0.241960939041231 0.966796875 0.00907476819885579 0.0087890625
0 0.36249753403038076 0.96337890625 0.0019727756954034327 0.0029296875
0 0.09454527520220951 0.965087890625 0.0016768593410929177 0.00634765625
0 0.30632274610376803 0.967041015625 0.006214243440520813 0.01220703125
0 0.23125863089366738 0.9619140625 0.001085026632471888 0.001953125
0 0.28289603472085223 0.961669921875 0.002170053264943776 0.00341796875
0 0.23288617084237523 0.96142578125 0.0011836654172420597 0.00390625
0 0.27174985204182284 0.961181640625 0.007693825212073387 0.00634765625
0 0.263809429867824 0.960205078125 0.005819688301440126 0.00537109375
0 0.10071019925034523 0.960205078125 0.0025646084040244622 0.00537109375
0 0.10549418031169856 0.95654296875 0.001085026632471888 0.0029296875
0 0.7066975734858947 0.95556640625 0.0030578023278753207 0.005859375
0 0.6991023870585914 0.955322265625 0.0077924639968435586 0.00634765625
0 0.31100808838035116 0.953125 0.001578220556322746 0.00390625
0 0.33887354507792466 0.9521484375 0.0028605247583349774 0.0029296875
0 0.25187413691063326 0.95361328125 0.005030578023278753 0.005859375
0 0.23860722035904516 0.95361328125 0.004734661668968239 0.005859375
0 0.30573091339514696 0.952392578125 0.0038469126060366936 0.00537109375
0 0.3379857960149931 0.947265625 0.002663247188794634 0.0048828125
0 0.307457092128625 0.94677734375 0.0039455513908068654 0.0048828125
0 0.25784178338922864 0.94677734375 0.004734661668968239 0.005859375
0 0.24378575655947918 0.945556640625 0.0022686920497139475 0.00341796875
0 0.7004340106529887 0.9443359375 0.0011836654172420597 0.0029296875
0 0.30508976129414084 0.9443359375 0.0009863878477017164 0.00390625
0 0.7047247977904912 0.94140625 0.001874136910633261 0.001953125
0 0.6945156835667785 0.941162109375 0.0019727756954034327 0.00244140625
0 0.26405602682974944 0.94189453125 0.0025646084040244622 0.00390625
0 0.7182383113040047 0.939453125 0.0016768593410929177 0.0029296875
0 0.2725389623199842 0.940185546875 0.004340106529887552 0.00439453125
0 0.708029197080292 0.938720703125 0.004734661668968239 0.00341796875
0 0.21897810218978103 0.939453125 0.0023673308344841193 0.0048828125
0 0.3017853620043401 0.937744140625 0.0008877490629315447 0.00244140625
0 0.25498125863089366 0.938720703125 0.0023673308344841193 0.00439453125
0 0.33428684158611166 0.937744140625 0.0023673308344841193 0.00439453125
0 0.6837640560268298 0.933837890625 0.003550996251726179 0.00244140625
0 0.3133260998224502 0.934814453125 0.0014795817715525744 0.00537109375
0 0.2329848096271454 0.933837890625 0.002170053264943776 0.00341796875
0 0.2684947721444072 0.932373046875 0.002170053264943776 0.00341796875
0 0.31209311501282305 0.930908203125 0.0017754981258630894 0.00439453125
0 0.32491615703294535 0.929443359375 0.0013809429867824028 0.00244140625
0 0.3081475636220162 0.935791015625 0.006510159794831328 0.01513671875
0 0.2667685934109292 0.928466796875 0.0066087985796014995 0.00634765625
0 0.2343657526139278 0.927978515625 0.003156441112645492 0.00537109375
0 0.25305780232787534 0.92529296875 0.001874136910633261 0.0029296875
0 0.24639968435588874 0.92529296875 0.002170053264943776 0.0029296875
0 0.27658315249556126 0.928466796875 0.01085026632471888 0.01025390625
0 0.3233872558690077 0.924560546875 0.0012823042020122311 0.00439453125
0 0.22963109094495956 0.925048828125 0.0061156046557506415 0.00537109375
0 0.6971789307555731 0.924072265625 0.0027618859735648055 0.00439453125
0 0.7176957979877688 0.92333984375 0.0017754981258630894 0.00390625
0 0.7016669954626159 0.926025390625 0.00483330045373841 0.00927734375
0 0.34360820674689285 0.92431640625 0.008778851844545275 0.0068359375
0 0.32526139277964095 0.923095703125 0.0016768593410929177 0.00439453125
0 0.35214046162951274 0.922119140625 0.008285657920694417 0.00537109375
0 0.2763858749260209 0.92041015625 0.00907476819885579 0.0048828125
0 0.2350069047149339 0.92041015625 0.0036496350364963502 0.0078125
0 0.3443973170250543 0.917236328125 0.0038469126060366936 0.00439453125
0 0.22538962319984218 0.91748046875 0.0039455513908068654 0.0048828125
0 0.31036693627934503 0.916259765625 0.002465969619254291 0.00341796875
0 0.6963405010850267 0.915283203125 0.002071414480173604 0.00341796875
0 0.3223022292365358 0.91796875 0.00424146774511738 0.009765625
0 0.7001380942986782 0.91455078125 0.004931939238508582 0.0048828125
0 0.28038074570921284 0.912841796875 0.003255079897415664 0.00341796875
0 0.3085421187610969 0.913330078125 0.002170053264943776 0.00634765625
0 0.3224501874136911 0.9111328125 0.0013809429867824028 0.00390625
0 0.30370881830735846 0.915283203125 0.005326494377589268 0.01220703125
0 0.24403235352140462 0.9111328125 0.005721049516669955 0.00390625
0 0.2319984217794437 0.910400390625 0.003156441112645492 0.00341796875
0 0.33394160583941607 0.91064453125 0.006411521010061156 0.0068359375
0 0.2583842967054646 0.9111328125 0.00424146774511738 0.0078125
0 0.30933122903925825 0.906494140625 0.0011836654172420597 0.00244140625
0 0.32318997829946733 0.90625 0.0016768593410929177 0.0029296875
0 0.3060268297494575 0.9072265625 0.001874136910633261 0.0048828125
0 0.26696587098046953 0.906982421875 0.0077924639968435586 0.00439453125
0 0.2267212467942395 0.90625 0.0014795817715525744 0.0029296875
0 0.28003550996251725 0.903076171875 0.0072992700729927005 0.00439453125
0 0.3122903925823634 0.90283203125 0.0013809429867824028 0.0048828125
0 0.32550798974156636 0.903564453125 0.002170053264943776 0.00732421875
0 0.31544683369500887 0.905517578125 0.0027618859735648055 0.01123046875
0 0.6895837443282699 0.904052734375 0.005918327086210298 0.00927734375
0 0.32836851449990134 0.902587890625 0.0027618859735648055 0.00830078125
0 0.23106135332412706 0.900634765625 0.00483330045373841 0.00439453125
0 0.21917537975932136 0.898681640625 0.0011836654172420597 0.00244140625
0 0.2433912014203985 0.900634765625 0.0022686920497139475 0.00732421875
0 0.2657328861708424 0.8994140625 0.012231209311501283 0.0068359375
0 0.3198362596172815 0.897216796875 0.0014795817715525744 0.00341796875
0 0.3063720654961531 0.896728515625 0.0017754981258630894 0.00341796875
0 0.3156934306569343 0.89697265625 0.004636022884198066 0.005859375
0 0.21749852041822845 0.8955078125 0.0011836654172420597 0.0029296875
0 0.6934306569343066 0.895263671875 0.004734661668968239 0.00341796875
0 0.24733675281120537 0.89697265625 0.004044190175577037 0.0068359375
0 0.22415663839021505 0.89453125 0.001085026632471888 0.001953125
0 0.2750542513316236 0.8955078125 0.00483330045373841 0.005859375
0 0.3043499704083646 0.894287109375 0.0016768593410929177 0.00439453125
0 0.26242848688104164 0.89306640625 0.002465969619254291 0.0029296875
0 0.562093115012823 0.89404296875 0.003255079897415664 0.0068359375
0 0.30020714144801736 0.891357421875 0.0022686920497139475 0.00244140625
0 0.6867725389623199 0.890625 0.0022686920497139475 0.0029296875
0 0.21582166107713552 0.889892578125 0.0009863878477017164 0.00244140625
0 0.6850956796212271 0.8935546875 0.00897612941408562 0.0107421875
0 0.24664628131781416 0.889404296875 0.004636022884198066 0.00341796875
0 0.31076149141842574 0.889892578125 0.0028605247583349774 0.00537109375
0 0.3024265141053462 0.88720703125 0.0019727756954034327 0.0029296875
0 0.3242750049319392 0.88671875 0.001085026632471888 0.0029296875
0 0.563769974353916 0.885498046875 0.002663247188794634 0.00244140625
0 0.5354113237324916 0.88525390625 0.0027618859735648055 0.0029296875
0 0.30898599329256266 0.885498046875 0.001874136910633261 0.00341796875
0 0.6892385085815743 0.884765625 0.001874136910633261 0.0029296875
0 0.29394357861511144 0.885498046875 0.007891102781613731 0.00439453125
0 0.2559183270862103 0.886962890625 0.005622410731899783 0.00732421875
0 0.22100019727756953 0.889404296875 0.003452357466956007 0.01220703125
0 0.42113829157624777 0.8837890625 0.0012823042020122311 0.0029296875
0 0.6592029986190571 0.882568359375 0.005326494377589268 0.00341796875
0 0.21878082462024068 0.882080078125 0.0023673308344841193 0.00244140625
0 0.2723416847504439 0.886474609375 0.017163148550009864 0.01220703125
0 0.24817518248175183 0.885009765625 0.007693825212073387 0.00927734375
0 0.30237719471296115 0.881591796875 0.003452357466956007 0.00537109375
0 0.6797198658512527 0.87939453125 0.003550996251726179 0.0029296875
0 0.2417143420793056 0.8798828125 0.002071414480173604 0.00390625
0 0.5625863089366739 0.879150390625 0.002071414480173604 0.00341796875
0 0.23934701124482147 0.87890625 0.002071414480173604 0.0029296875
0 0.317814164529493 0.87939453125 0.006312882225290984 0.0048828125
0 0.30923259025448807 0.878173828125 0.0009863878477017164 0.00244140625
0 0.2949792858551983 0.880126953125 0.0066087985796014995 0.00634765625
0 0.30370881830735846 0.87646484375 0.003156441112645492 0.0029296875
0 0.2297790491221148 0.8779296875 0.002071414480173604 0.005859375
0 0.26035707240086803 0.8759765625 0.0036496350364963502 0.0029296875
0 0.23446439139869796 0.877197265625 0.003550996251726179 0.00634765625
0 0.2194219767212468 0.875732421875 0.0014795817715525744 0.00341796875
0 0.25473466166896824 0.8740234375 0.003452357466956007 0.0029296875
0 0.6865259420003945 0.87548828125 0.004340106529887552 0.0068359375
0 0.29912211481554546 0.873779296875 0.007003353718682186 0.00439453125
0 0.32624778062734267 0.876220703125 0.006411521010061156 0.01025390625
0 0.23870585914381534 0.87109375 0.0033537186821858355 0.00390625
0 0.3119944762280529 0.8701171875 0.003748273821266522 0.00390625
0 0.3020812783586506 0.870361328125 0.004044190175577037 0.00439453125
0 0.28112053659498915 0.87109375 0.0061156046557506415 0.005859375
0 0.2604557111856382 0.869384765625 0.0014795817715525744 0.00244140625
0 0.255770368909055 0.870361328125 0.0027618859735648055 0.00439453125
0 0.23283685144999014 0.870849609375 0.0030578023278753207 0.00537109375
0 0.6922469915170645 0.8701171875 0.009469323337936477 0.005859375
0 0.5496646281317814 0.868408203125 0.002465969619254291 0.00341796875
0 0.7228250147958177 0.866943359375 0.0017754981258630894 0.00244140625
0 0.5299368711777471 0.866943359375 0.001874136910633261 0.00244140625
0 0.2846715328467153 0.8662109375 0.0027618859735648055 0.0029296875
0 0.316679818504636 0.866943359375 0.004636022884198066 0.00732421875
0 0.2197178930755573 0.865478515625 0.002071414480173604 0.00537109375
0 0.31110672716512133 0.86474609375 0.001578220556322746 0.0048828125
0 0.2537975932136516 0.863037109375 0.0011836654172420597 0.00244140625
0 0.2989741566383902 0.86328125 0.004142828960347208 0.00390625
0 0.2735253501676859 0.865478515625 0.008285657920694417 0.00927734375
0 0.6962911816926416 0.862548828125 0.0033537186821858355 0.00439453125
0 0.42123693036101795 0.861328125 0.0014795817715525744 0.00390625
0 0.5122312093115012 0.86376953125 0.007496547642533044 0.009765625
0 0.30750641152101005 0.85986328125 0.0038469126060366936 0.0048828125
0 0.6691655158808444 0.85888671875 0.002959163543105149 0.0048828125
0 0.2732787532057605 0.857421875 0.0008877490629315447 0.001953125
0 0.2636614716906688 0.856689453125 0.001578220556322746 0.00244140625
0 0.2427500493193924 0.855712890625 0.006707437364371671 0.00439453125
0 0.23387255869007695 0.8564453125 0.004142828960347208 0.005859375
0 0.6673406983625961 0.8525390625 0.003255079897415664 0.0029296875
0 0.3093805484316433 0.85205078125 0.0016768593410929177 0.00390625
0 0.27322943381337544 0.85107421875 0.0039455513908068654 0.0029296875
0 0.3001578220556323 0.850830078125 0.002170053264943776 0.00439453125
0 0.30346222134543305 0.850341796875 0.002663247188794634 0.00439453125
0 0.6831229039258236 0.848388671875 0.002465969619254291 0.00244140625
0 0.3062734267113829 0.84765625 0.0013809429867824028 0.0029296875
0 0.6676859341092918 0.847900390625 0.008088380351154074 0.00732421875
0 0.636220161767607 0.845458984375 0.0025646084040244622 0.00244140625
0 0.6739988163345828 0.845947265625 0.004142828960347208 0.00439453125
0 0.2318997829946735 0.843994140625 0.0025646084040244622 0.00244140625
0 0.6789307555730913 0.845947265625 0.0051292168080489245 0.00732421875
0 0.554004734661669 0.848876953125 0.009962517261787335 0.01318359375
0 0.2447721444071809 0.84375 0.003255079897415664 0.00390625
0 0.5483823239297692 0.842529296875 0.002071414480173604 0.00341796875
0 0.42577431446044584 0.844482421875 0.0030578023278753207 0.00732421875
0 0.2675083842967055 0.841796875 0.005918327086210298 0.0029296875
0 0.3062734267113829 0.840576171875 0.0023673308344841193 0.00341796875
0 0.41847504438745314 0.84033203125 0.0012823042020122311 0.0048828125
0 0.24117182876306964 0.838623046875 0.004340106529887552 0.00244140625
0 0.5460149930952851 0.838134765625 0.006016965870980469 0.00341796875
0 0.2287926612744131 0.839111328125 0.006411521010061156 0.00732421875
0 0.5213552969027422 0.836669921875 0.004636022884198066 0.00634765625
0 0.2354014598540146 0.8359375 0.0030578023278753207 0.0048828125
0 0.6510159794831327 0.833984375 0.0011836654172420597 0.001953125
0 0.6530380745709213 0.83642578125 0.002465969619254291 0.0078125
0 0.2614420990333399 0.834228515625 0.0012823042020122311 0.00341796875
0 0.4266620635233774 0.835693359375 0.0028605247583349774 0.00830078125
0 0.2502465969619254 0.833251953125 0.0051292168080489245 0.00439453125
0 0.24383507595186427 0.832275390625 0.0027618859735648055 0.00244140625
0 0.5485796014993095 0.8330078125 0.0028605247583349774 0.0048828125
0 0.6928881436180706 0.831298828125 0.0036496350364963502 0.00244140625
0 0.5070033537186822 0.832275390625 0.004931939238508582 0.00439453125
0 0.293105148944565 0.83154296875 0.002663247188794634 0.0029296875
0 0.2294831327678043 0.831298828125 0.004636022884198066 0.00341796875
0 0.26745906490432036 0.83203125 0.005227855592819097 0.005859375
0 0.6832215427105938 0.830810546875 0.006411521010061156 0.00439453125
0 0.5610080883803511 0.83056640625 0.006806076149141842 0.0048828125
0 0.5164726770566187 0.830322265625 0.002959163543105149 0.00439453125
0 0.5461629512724403 0.83154296875 0.002170053264943776 0.0078125
0 0.521256658117972 0.82958984375 0.0030578023278753207 0.00390625
0 0.2707634641941211 0.827880859375 0.004931939238508582 0.00341796875
0 0.5555336358256067 0.827392578125 0.0023673308344841193 0.00439453125
0 0.6788814361807063 0.82470703125 0.002663247188794634 0.001953125
0 0.6492404813572696 0.824951171875 0.001578220556322746 0.00244140625
0 0.5807851647267706 0.824951171875 0.004537384099427895 0.00341796875
0 0.5224403235352141 0.825439453125 0.002071414480173604 0.00439453125
0 0.2224797790491221 0.82421875 0.0044387453146577235 0.0029296875
0 0.2364371670941014 0.8251953125 0.007693825212073387 0.005859375
0 0.29601499309528506 0.823974609375 0.003748273821266522 0.00439453125
0 0.28146577234168474 0.8232421875 0.005622410731899783 0.00390625
0 0.682777668179128 0.821044921875 0.0039455513908068654 0.00244140625
0 0.28388242256855395 0.820556640625 0.0019727756954034327 0.00244140625
0 0.6739494969421976 0.8203125 0.0038469126060366936 0.0029296875
0 0.5217005326494377 0.8193359375 0.0027618859735648055 0.001953125
0 0.5364963503649635 0.81982421875 0.008285657920694417 0.0048828125
0 0.24363779838232394 0.81884765625 0.005918327086210298 0.00390625
0 0.550601696587098 0.818603515625 0.0019727756954034327 0.00439453125
0 0.5661373051884001 0.818603515625 0.005030578023278753 0.00537109375
0 0.4856973762083251 0.81689453125 0.002170053264943776 0.0029296875
0 0.5305780232787533 0.816162109375 0.0023673308344841193 0.00244140625
0 0.576987571513119 0.81689453125 0.002465969619254291 0.005859375
0 0.6727658315249556 0.8154296875 0.00542513316235944 0.00390625
0 0.5709212862497534 0.818115234375 0.003550996251726179 0.00927734375
0 0.2798382323929769 0.81689453125 0.004537384099427895 0.0068359375
0 0.24773130795028606 0.81494140625 0.0014795817715525744 0.0029296875
0 0.22711580193332018 0.813720703125 0.0022686920497139475 0.00244140625
0 0.5660386664036299 0.814453125 0.002465969619254291 0.0048828125
0 0.4301637403827185 0.814697265625 0.003550996251726179 0.00537109375
0 0.6672913789702111 0.812744140625 0.0025646084040244622 0.00244140625
0 0.6610278161373052 0.81201171875 0.0008877490629315447 0.001953125
0 0.6399191161964884 0.8134765625 0.0044387453146577235 0.0048828125
0 0.5565200236733083 0.8134765625 0.003748273821266522 0.005859375
0 0.5388636811994476 0.81298828125 0.003748273821266522 0.0048828125
0 0.5078417833892287 0.8115234375 0.001874136910633261 0.001953125
0 0.48204774117182875 0.812255859375 0.006904714933912014 0.00341796875
0 0.41739001775498125 0.81201171875 0.0022686920497139475 0.0029296875
0 0.5459163543105149 0.8115234375 0.0014795817715525744 0.0029296875
0 0.575310712172026 0.81103515625 0.00424146774511738 0.0029296875
0 0.6571809035312685 0.813232421875 0.0044387453146577235 0.00927734375
0 0.5327973959360821 0.809326171875 0.001874136910633261 0.00244140625
0 0.5279640954823437 0.81201171875 0.010159794831327678 0.0078125
0 0.4318405997238114 0.809326171875 0.0009863878477017164 0.00244140625
0 0.5209607417636615 0.809814453125 0.0030578023278753207 0.00439453125
0 0.6662063523377392 0.808349609375 0.0033537186821858355 0.00244140625
0 0.5884296705464589 0.808837890625 0.002071414480173604 0.00341796875
0 0.5429571907674098 0.81005859375 0.0036496350364963502 0.005859375
0 0.6690668770960742 0.8076171875 0.0019727756954034327 0.001953125
0 0.4824916157032945 0.807861328125 0.002465969619254291 0.00244140625
0 0.42685934109291773 0.80810546875 0.0022686920497139475 0.0029296875
0 0.5807358453343855 0.811767578125 0.007989741566383901 0.01123046875
0 0.5357565594791872 0.80712890625 0.0016768593410929177 0.001953125
0 0.23732491615703294 0.808349609375 0.0033537186821858355 0.00537109375
0 0.2914282896034721 0.806640625 0.004044190175577037 0.0029296875
0 0.4200039455513908 0.806884765625 0.004340106529887552 0.00537109375
0 0.3025251528901164 0.8056640625 0.0009863878477017164 0.0029296875
0 0.5634247386072203 0.804443359375 0.0011836654172420597 0.00244140625
0 0.43095285066087985 0.804931640625 0.001578220556322746 0.00341796875
0 0.664381534819491 0.803955078125 0.0028605247583349774 0.00244140625
0 0.48244229631090946 0.8037109375 0.001578220556322746 0.0029296875
0 0.6695107516275399 0.80419921875 0.005227855592819097 0.0048828125
0 0.42439337147366346 0.802978515625 0.001874136910633261 0.00244140625
0 0.6749358847898994 0.802734375 0.0038469126060366936 0.0029296875
0 0.6504241467745118 0.80517578125 0.0061156046557506415 0.0087890625
0 0.2826494377589268 0.802734375 0.003255079897415664 0.00390625
0 0.4619747484710988 0.801513671875 0.002071414480173604 0.00244140625
0 0.26168869599526534 0.801513671875 0.005326494377589268 0.00341796875
0 0.23278753205760505 0.8017578125 0.006312882225290984 0.0048828125
0 0.6850956796212271 0.800048828125 0.001874136910633261 0.00244140625
0 0.5371375024659696 0.800048828125 0.002071414480173604 0.00244140625
0 0.6828269875715132 0.79931640625 0.0022686920497139475 0.001953125
0 0.6663049911225094 0.799560546875 0.003748273821266522 0.00244140625
0 0.6514598540145985 0.79931640625 0.002071414480173604 0.001953125
0 0.638488853817321 0.799560546875 0.002959163543105149 0.00244140625
0 0.6715328467153284 0.79931640625 0.002170053264943776 0.0029296875
0 0.24950680607614914 0.79931640625 0.001874136910633261 0.0029296875
0 0.5509469323337937 0.80029296875 0.0077924639968435586 0.005859375
0 0.5176563424738607 0.798583984375 0.0019727756954034327 0.00244140625
0 0.677549812586309 0.7978515625 0.0013809429867824028 0.001953125
0 0.5219471296113631 0.799072265625 0.0066087985796014995 0.00439453125
0 0.2655849279936871 0.798828125 0.002071414480173604 0.00390625
0 0.6751331623594398 0.79736328125 0.001874136910633261 0.001953125
0 0.6452456105740777 0.797607421875 0.0028605247583349774 0.00244140625
0 0.5667784572894062 0.7998046875 0.005523771947129611 0.0087890625
0 0.5417242059577826 0.796630859375 0.0013809429867824028 0.00244140625
0 0.5954823436575262 0.79736328125 0.004537384099427895 0.0048828125
0 0.579897415663839 0.796630859375 0.0023673308344841193 0.00341796875
0 0.23293549023476032 0.79638671875 0.005227855592819097 0.0029296875
0 0.5012329848096272 0.795654296875 0.002663247188794634 0.00244140625
0 0.2839810613533241 0.796630859375 0.0019727756954034327 0.00439453125
0 0.6383408956401657 0.794921875 0.002071414480173604 0.001953125
0 0.3165811797198658 0.796142578125 0.006214243440520813 0.00439453125
0 0.2413197869402249 0.7958984375 0.006016965870980469 0.00390625
0 0.6623594397317025 0.794189453125 0.0019727756954034327 0.00244140625
0 0.6588084434799764 0.794189453125 0.004142828960347208 0.00244140625
0 0.6207831919510751 0.79541015625 0.009173406983625962 0.0048828125
0 0.5412310120339318 0.7939453125 0.002959163543105149 0.0029296875
0 0.3125369895442888 0.794189453125 0.0014795817715525744 0.00341796875
0 0.2997632669165516 0.794189453125 0.0019727756954034327 0.00439453125
0 0.3575162753994871 0.794189453125 0.005030578023278753 0.00537109375
0 0.650572104951667 0.791748046875 0.002465969619254291 0.00244140625
0 0.47376208325113434 0.792724609375 0.003156441112645492 0.00439453125
0 0.5216018938646676 0.791015625 0.0011836654172420597 0.001953125
0 0.5065594791872164 0.791015625 0.0016768593410929177 0.001953125
0 0.6659104359834287 0.79296875 0.0051292168080489245 0.0068359375
0 0.6426316827776681 0.793212890625 0.0023673308344841193 0.00732421875
0 0.5620437956204379 0.791748046875 0.002170053264943776 0.00439453125
0 0.5314164529492996 0.791015625 0.002465969619254291 0.0029296875
0 0.24516669954626158 0.791259765625 0.002465969619254291 0.00341796875
0 0.5589366739001775 0.791015625 0.0028605247583349774 0.00390625
0 0.5116886959952653 0.791259765625 0.007595186427303216 0.00439453125
0 0.3133260998224502 0.790283203125 0.001085026632471888 0.00244140625
0 0.6842079305582955 0.7890625 0.001085026632471888 0.001953125
0 0.5997238114026435 0.79150390625 0.004142828960347208 0.0068359375
0 0.5961234957585323 0.790283203125 0.0036496350364963502 0.00439453125
0 0.2795916354310515 0.78955078125 0.003452357466956007 0.0029296875
0 0.6354310514894457 0.789306640625 0.0019727756954034327 0.00439453125
0 0.5866048530282106 0.789794921875 0.0025646084040244622 0.00537109375
0 0.655750641152101 0.78759765625 0.0013809429867824028 0.001953125
0 0.6506707437364372 0.7880859375 0.00483330045373841 0.0029296875
0 0.6450483330045373 0.787841796875 0.002465969619254291 0.00244140625
0 0.6381436180706254 0.7890625 0.003452357466956007 0.0048828125
0 0.3563819293746301 0.78857421875 0.002959163543105149 0.00390625
0 0.25567173012428485 0.7880859375 0.0019727756954034327 0.0029296875
0 0.6739494969421976 0.787353515625 0.002465969619254291 0.00244140625
0 0.5641152101006116 0.788330078125 0.0025646084040244622 0.00439453125
0 0.6654665614519629 0.786865234375 0.003255079897415664 0.00244140625
0 0.5015782205563227 0.786865234375 0.0023673308344841193 0.00244140625
0 0.3114519629118169 0.78759765625 0.0014795817715525744 0.00390625
0 0.5445847307161176 0.786376953125 0.003550996251726179 0.00244140625
0 0.28698954428881435 0.786865234375 0.002465969619254291 0.00341796875
0 0.2502465969619254 0.78662109375 0.001578220556322746 0.0029296875
0 0.6595482343657526 0.78857421875 0.005622410731899783 0.0078125
0 0.6112645492207536 0.787353515625 0.002959163543105149 0.00537109375
0 0.47366344446636416 0.787109375 0.005721049516669955 0.0048828125
0 0.5961234957585323 0.785400390625 0.001874136910633261 0.00244140625
0 0.4843164332215427 0.79052734375 0.009863878477017163 0.0126953125
0 0.582757940422174 0.7861328125 0.002959163543105149 0.0048828125
0 0.46513118958374433 0.785400390625 0.0022686920497139475 0.00341796875
0 0.27465969619254293 0.784912109375 0.0014795817715525744 0.00244140625
0 0.5717103965279148 0.785400390625 0.002959163543105149 0.00439453125
0 0.6826297100019728 0.78369140625 0.002663247188794634 0.001953125
0 0.6449496942197672 0.783935546875 0.0022686920497139475 0.00244140625
0 0.5639179325310713 0.78369140625 0.0019727756954034327 0.001953125
0 0.2633162359439732 0.7841796875 0.0030578023278753207 0.0029296875
0 0.5859637009272046 0.783935546875 0.004636022884198066 0.00341796875
0 0.48914973367528114 0.78369140625 0.004142828960347208 0.0029296875
0 0.2819096468731505 0.783935546875 0.0033537186821858355 0.00341796875
0 0.6234464391398697 0.784912109375 0.002071414480173604 0.00634765625
0 0.46828763069638984 0.7841796875 0.003255079897415664 0.0048828125
0 0.5251035707240087 0.782958984375 0.0012823042020122311 0.00341796875
0 0.4786447030972578 0.783935546875 0.007003353718682186 0.00537109375
0 0.3067173012428487 0.782470703125 0.0014795817715525744 0.00244140625
0 0.6628526336555534 0.78173828125 0.0027618859735648055 0.001953125
0 0.6027322943381338 0.782958984375 0.0016768593410929177 0.00439453125
0 0.5402939435786152 0.78173828125 0.0016768593410929177 0.001953125
0 0.3501183665417242 0.78173828125 0.0022686920497139475 0.0029296875
0 0.5052278555928191 0.781982421875 0.004734661668968239 0.00439453125
0 0.48485894653777867 0.78076171875 0.001085026632471888 0.001953125
0 0.3156934306569343 0.781005859375 0.0022686920497139475 0.00244140625
0 0.671828763069639 0.7802734375 0.002170053264943776 0.001953125
0 0.6144209903333991 0.78076171875 0.0019727756954034327 0.0029296875
0 0.675872953245216 0.7802734375 0.0017754981258630894 0.0029296875
0 0.6105740777273624 0.780517578125 0.003156441112645492 0.00341796875
0 0.4416058394160584 0.780517578125 0.0025646084040244622 0.00341796875
0 0.3261984612349576 0.78173828125 0.004340106529887552 0.005859375
0 0.2875813769974354 0.78076171875 0.002465969619254291 0.00390625
0 0.6558492799368711 0.779541015625 0.0033537186821858355 0.00244140625
0 0.5018248175182481 0.779052734375 0.002071414480173604 0.00244140625
0 0.6429275991319787 0.7783203125 0.0011836654172420597 0.001953125
0 0.5297395936082068 0.778564453125 0.003255079897415664 0.00244140625
0 0.48796606825803907 0.7783203125 0.0023673308344841193 0.001953125
0 0.45314657723416846 0.778564453125 0.002170053264943776 0.00244140625
0 0.3056815940027619 0.77880859375 0.0025646084040244622 0.0029296875
0 0.4554645886762675 0.77783203125 0.0016768593410929177 0.001953125
0 0.3185046360228842 0.777587890625 0.0025646084040244622 0.00341796875
0 0.23293549023476032 0.779296875 0.009370684553166305 0.0068359375
0 0.5065594791872164 0.776611328125 0.004044190175577037 0.00341796875
0 0.486190570132176 0.77587890625 0.001578220556322746 0.001953125
0 0.4332215427105938 0.77685546875 0.003748273821266522 0.00390625
0 0.42434405208127834 0.77587890625 0.0017754981258630894 0.001953125
0 0.6068751232984809 0.775634765625 0.001085026632471888 0.00244140625
0 0.5346222134543303 0.77587890625 0.004142828960347208 0.0029296875
0 0.30331426316827775 0.775390625 0.0013809429867824028 0.001953125
0 0.2687906884987177 0.77587890625 0.0017754981258630894 0.0029296875
0 0.2541921483527323 0.775634765625 0.0013809429867824028 0.00244140625
0 0.47593213651607813 0.775634765625 0.004142828960347208 0.00341796875
0 0.46887946340501085 0.7763671875 0.00424146774511738 0.0048828125
0 0.3107121720260406 0.775634765625 0.004142828960347208 0.00341796875
0 0.6164924048135727 0.775390625 0.004537384099427895 0.00390625
0 0.5881830735845335 0.77392578125 0.001578220556322746 0.0029296875
0 0.4888538173209706 0.774169921875 0.0027618859735648055 0.00341796875
0 0.4304103373446439 0.77392578125 0.00483330045373841 0.0029296875
0 0.2423554941803117 0.774169921875 0.003748273821266522 0.00341796875
0 0.5926218188991912 0.775634765625 0.004340106529887552 0.00732421875
0 0.6335569145788124 0.772705078125 0.002959163543105149 0.00244140625
0 0.2890116393766029 0.773193359375 0.0033537186821858355 0.00341796875
0 0.2521700532649438 0.7724609375 0.0012823042020122311 0.001953125
0 0.24664628131781416 0.7744140625 0.0028605247583349774 0.005859375
0 0.23821266521996448 0.77294921875 0.003748273821266522 0.0029296875
0 0.5397514302623792 0.77294921875 0.004734661668968239 0.00390625
0 0.5110475438942592 0.775146484375 0.003748273821266522 0.00830078125
0 0.6064805681594003 0.771728515625 0.0022686920497139475 0.00244140625
0 0.4788419806667982 0.771728515625 0.0036496350364963502 0.00244140625
0 0.45891694614322354 0.771484375 0.0014795817715525744 0.001953125
0 0.26302031958966265 0.771484375 0.002465969619254291 0.001953125
0 0.23263957388044978 0.772216796875 0.0044387453146577235 0.00341796875
0 0.6387847701716315 0.7724609375 0.003748273821266522 0.0048828125
0 0.6294634050108503 0.773681640625 0.0030578023278753207 0.00732421875
0 0.309775103570724 0.771484375 0.0030578023278753207 0.0029296875
0 0.6178733478003551 0.7705078125 0.0017754981258630894 0.001953125
0 0.6009074768198855 0.77490234375 0.0039455513908068654 0.0107421875
0 0.6205859143815348 0.770263671875 0.0028605247583349774 0.00341796875
0 0.666058394160584 0.76904296875 0.001874136910633261 0.001953125
0 0.6616196488459262 0.76904296875 0.0022686920497139475 0.001953125
0 0.6035214046162951 0.770263671875 0.002465969619254291 0.00439453125
0 0.5809331229039258 0.769287109375 0.001085026632471888 0.00244140625
0 0.5262379167488657 0.769287109375 0.003156441112645492 0.00244140625
0 0.49659696192542907 0.77001953125 0.0022686920497139475 0.00390625
0 0.47450187413691064 0.77001953125 0.002071414480173604 0.00390625
0 0.47114815545472477 0.768798828125 0.002663247188794634 0.00244140625
0 0.4294239494969422 0.76904296875 0.001874136910633261 0.0029296875
0 0.45255474452554745 0.771240234375 0.005523771947129611 0.00830078125
0 0.6272440323535214 0.76904296875 0.004340106529887552 0.0048828125
0 0.5043894259222726 0.769775390625 0.0038469126060366936 0.00634765625
0 0.4548727559676465 0.767822265625 0.002465969619254291 0.00244140625
0 0.6438646675872953 0.76708984375 0.0028605247583349774 0.0029296875
0 0.6203393174196093 0.7666015625 0.0013809429867824028 0.001953125
0 0.5850759518642731 0.7666015625 0.002071414480173604 0.001953125
0 0.3053363582560663 0.76708984375 0.0014795817715525744 0.0029296875
0 0.5315150917340699 0.7666015625 0.0014795817715525744 0.0029296875
0 0.4362793450384691 0.766357421875 0.001578220556322746 0.00244140625
0 0.50863089366739 0.765625 0.0012823042020122311 0.001953125
0 0.3151015979483133 0.7685546875 0.0044387453146577235 0.0078125
0 0.49467350562241075 0.765380859375 0.003156441112645492 0.00244140625
0 0.461481554547248 0.765625 0.002465969619254291 0.0029296875
0 0.2350069047149339 0.765625 0.004044190175577037 0.0029296875
0 0.22864470309725785 0.765380859375 0.0033537186821858355 0.00244140625
0 0.6617676070230815 0.76416015625 0.001578220556322746 0.001953125
0 0.592523180114421 0.765380859375 0.003156441112645492 0.00439453125
0 0.4868317222331821 0.765625 0.0028605247583349774 0.0048828125
0 0.30928190964687313 0.76416015625 0.002663247188794634 0.0029296875
0 0.4194121128427698 0.763916015625 0.004734661668968239 0.00341796875
0 0.6682777668179128 0.762939453125 0.0019727756954034327 0.00244140625
0 0.4516176760702308 0.76318359375 0.0016768593410929177 0.0029296875
0 0.6030282106924443 0.76513671875 0.006214243440520813 0.0078125
0 0.5246596961925429 0.761962890625 0.0013809429867824028 0.00244140625
0 0.4577826001183665 0.76416015625 0.004734661668968239 0.0068359375
0 0.3143124876701519 0.76220703125 0.002465969619254291 0.0029296875
0 0.6530873939633064 0.761474609375 0.002170053264943776 0.00244140625
0 0.26361215229828366 0.76171875 0.0008877490629315447 0.0029296875
0 0.4759814559084632 0.76025390625 0.0008877490629315447 0.001953125
0 0.4683369500887749 0.7607421875 0.001578220556322746 0.0029296875
0 0.4613829157624778 0.7607421875 0.0022686920497139475 0.0029296875
0 0.5414776089958572 0.760009765625 0.0030578023278753207 0.00341796875
0 0.45363977115801934 0.7607421875 0.0017754981258630894 0.0048828125
0 0.6684750443874532 0.759033203125 0.0019727756954034327 0.00244140625
0 0.6130400473466167 0.761962890625 0.005326494377589268 0.00830078125
0 0.41561451962911816 0.75927734375 0.0044387453146577235 0.0029296875
0 0.4736141250739791 0.75830078125 0.0014795817715525744 0.001953125
0 0.5113927796409549 0.758056640625 0.002465969619254291 0.00244140625
0 0.5013316235943973 0.7578125 0.002071414480173604 0.001953125
0 0.23111067271651214 0.759521484375 0.0033537186821858355 0.00537109375
0 0.6006608798579601 0.7568359375 0.0014795817715525744 0.001953125
0 0.5933122903925824 0.757568359375 0.0023673308344841193 0.00341796875
0 0.5853718682185836 0.759033203125 0.002071414480173604 0.00634765625
0 0.581574275004932 0.757080078125 0.002170053264943776 0.00244140625
0 0.4969915170645098 0.75927734375 0.00542513316235944 0.0068359375
0 0.4195107516275399 0.756591796875 0.0027618859735648055 0.00244140625
0 0.30459656737029 0.75634765625 0.0009863878477017164 0.001953125
0 0.6492404813572696 0.757568359375 0.0023673308344841193 0.00537109375
0 0.6194515683566778 0.7578125 0.008088380351154074 0.005859375
0 0.4756362201617676 0.755859375 0.0013809429867824028 0.001953125
0 0.2841783389228645 0.756103515625 0.0017754981258630894 0.00244140625
0 0.630992306174788 0.758544921875 0.006312882225290984 0.00830078125
0 0.5993292562635628 0.755859375 0.000789110278161373 0.0029296875
0 0.49275004931939237 0.75732421875 0.0030578023278753207 0.005859375
0 0.4664134937857566 0.755859375 0.004636022884198066 0.0029296875
0 0.5968139672519235 0.7568359375 0.0028605247583349774 0.005859375
0 0.23406983625961728 0.754638671875 0.0023673308344841193 0.00244140625
0 0.6416946143223515 0.754150390625 0.002071414480173604 0.00244140625
0 0.6388834089564016 0.754150390625 0.002959163543105149 0.00244140625
0 0.6026829749457486 0.75439453125 0.002959163543105149 0.00390625
0 0.47894061945156835 0.753662109375 0.002465969619254291 0.00244140625
0 0.45674689287827974 0.753173828125 0.0012823042020122311 0.00146484375
0 0.43963306372065497 0.755126953125 0.004734661668968239 0.00537109375
0 0.5908956401657132 0.755615234375 0.0038469126060366936 0.00732421875
0 0.6129907279542316 0.752685546875 0.003255079897415664 0.00244140625
0 0.30992306174787926 0.75537109375 0.003156441112645492 0.0078125
0 0.6665515880844348 0.752197265625 0.001874136910633261 0.00244140625
0 0.5039948707831919 0.752197265625 0.002663247188794634 0.00244140625
0 0.4815545472479779 0.75146484375 0.002170053264943776 0.001953125
0 0.5869007693825212 0.751953125 0.006510159794831328 0.0048828125
0 0.49353915959755373 0.750732421875 0.002071414480173604 0.00244140625
0 0.4468336950088775 0.750732421875 0.002170053264943776 0.00244140625
0 0.25616492404813573 0.750244140625 0.0019727756954034327 0.00244140625
0 0.625863089366739 0.749755859375 0.0011836654172420597 0.00244140625
0 0.43840007891102784 0.749755859375 0.0016768593410929177 0.00244140625
0 0.5615506016965871 0.7490234375 0.0051292168080489245 0.0029296875
0 0.47026040639179323 0.748779296875 0.0022686920497139475 0.00244140625
0 0.4619747484710988 0.74951171875 0.002465969619254291 0.00390625
0 0.22598145590846322 0.75 0.004931939238508582 0.0048828125
0 0.458621029788913 0.748291015625 0.0038469126060366936 0.00244140625
0 0.34710988360623396 0.749755859375 0.003748273821266522 0.00537109375
0 0.3168277766817913 0.747802734375 0.0011836654172420597 0.00244140625
0 0.31520023673308345 0.751708984375 0.004636022884198066 0.01025390625
0 0.6652199644900375 0.747314453125 0.0013809429867824028 0.00341796875
0 0.5005425133162359 0.746826171875 0.003255079897415664 0.00244140625
0 0.6566383902150326 0.74609375 0.002959163543105149 0.001953125
0 0.3932728348786743 0.745849609375 0.0023673308344841193 0.00244140625
0 0.3595383704872756 0.746337890625 0.0013809429867824028 0.00341796875
0 0.4502367330834484 0.746826171875 0.007397908857762872 0.00634765625
0 0.4432826987571513 0.7470703125 0.004142828960347208 0.0068359375
0 0.4025942000394555 0.74462890625 0.001874136910633261 0.001953125
0 0.23929769185243638 0.744873046875 0.003550996251726179 0.00244140625
0 0.31480568159400274 0.744384765625 0.0038469126060366936 0.00439453125
0 0.3031169855987374 0.743408203125 0.0013809429867824028 0.00244140625
0 0.4183270862102979 0.742919921875 0.0013809429867824028 0.00341796875
0 0.3619057013217597 0.742431640625 0.0013809429867824028 0.00244140625
0 0.3299467350562241 0.7421875 0.001578220556322746 0.001953125
0 0.35450779246399683 0.742919921875 0.008877490629315447 0.00439453125
0 0.34651805089761295 0.7431640625 0.0033537186821858355 0.0048828125
0 0.46153087393963305 0.741455078125 0.0017754981258630894 0.00244140625
0 0.44905306766620634 0.740966796875 0.002663247188794634 0.00244140625
0 0.2309133951469718 0.743896484375 0.003156441112645492 0.00830078125
0 0.4587196685736832 0.740478515625 0.0036496350364963502 0.00244140625
0 0.39559084632077335 0.740234375 0.0014795817715525744 0.001953125
0 0.2402840797001381 0.74072265625 0.0017754981258630894 0.0029296875
0 0.23530282106924444 0.7412109375 0.002071414480173604 0.00390625
0 0.45220950877885185 0.740966796875 0.0028605247583349774 0.00439453125
0 0.6474649832314066 0.73974609375 0.0013809429867824028 0.0029296875
0 0.6210297889130006 0.739501953125 0.0023673308344841193 0.00244140625
0 0.44540343262971 0.740966796875 0.00424146774511738 0.00537109375
0 0.5050305780232788 0.73876953125 0.0019727756954034327 0.001953125
0 0.6434701124482146 0.738525390625 0.003452357466956007 0.00244140625
0 0.6595482343657526 0.7392578125 0.002071414480173604 0.0048828125
0 0.3913000591832709 0.73974609375 0.003748273821266522 0.005859375
0 0.39968435588873547 0.7373046875 0.0023673308344841193 0.001953125
0 0.4782994673505622 0.737060546875 0.0017754981258630894 0.00244140625
0 0.39401262576445056 0.736572265625 0.002663247188794634 0.00244140625
0 0.3523377391990531 0.736083984375 0.002959163543105149 0.00244140625
0 0.22016176760702308 0.736083984375 0.0017754981258630894 0.00244140625
0 0.44540343262971 0.73486328125 0.0016768593410929177 0.001953125
0 0.6278358650621424 0.734619140625 0.002959163543105149 0.00341796875
0 0.447129611363188 0.73388671875 0.0011836654172420597 0.001953125
0 0.33823239297691854 0.734619140625 0.001578220556322746 0.00439453125
0 0.2329848096271454 0.733154296875 0.0033537186821858355 0.00244140625
0 0.46310909449595583 0.734130859375 0.002170053264943776 0.00634765625
0 0.395393568751233 0.733154296875 0.0028605247583349774 0.00439453125
0 0.3644703097257842 0.73291015625 0.0027618859735648055 0.00390625
0 0.3554448609193135 0.732177734375 0.00483330045373841 0.00244140625
0 0.6704478200828565 0.73095703125 0.0017754981258630894 0.001953125
0 0.40555336358256067 0.73095703125 0.002663247188794634 0.001953125
0 0.3921878082462024 0.731201171875 0.003156441112645492 0.00244140625
0 0.38656539751430263 0.734619140625 0.005523771947129611 0.00927734375
0 0.6181199447622805 0.73046875 0.001085026632471888 0.001953125
0 0.6297100019727757 0.72998046875 0.0025646084040244622 0.001953125
0 0.3208719668573683 0.731201171875 0.003156441112645492 0.00439453125
0 0.22716512132570527 0.73046875 0.0017754981258630894 0.0029296875
0 0.6272440323535214 0.729736328125 0.001578220556322746 0.00244140625
0 0.6325212073387256 0.72900390625 0.0012823042020122311 0.001953125
0 0.5020714144801736 0.72802734375 0.0013809429867824028 0.001953125
0 0.4715920299861906 0.728271484375 0.0011836654172420597 0.00244140625
0 0.41452949299664626 0.727294921875 0.001874136910633261 0.00244140625
0 0.403432629710002 0.7265625 0.0013809429867824028 0.001953125
0 0.39282896034720854 0.7265625 0.002465969619254291 0.001953125
0 0.3842473860722036 0.7265625 0.001085026632471888 0.001953125
0 0.6301538765042415 0.7255859375 0.001085026632471888 0.001953125
0 0.6145196291181693 0.72509765625 0.002959163543105149 0.0029296875
0 0.332166107713553 0.724609375 0.002465969619254291 0.001953125
0 0.6638883408956402 0.72412109375 0.0016768593410929177 0.001953125
0 0.3345827579404222 0.730224609375 0.005721049516669955 0.01416015625
0 0.2242552771749852 0.724365234375 0.0022686920497139475 0.00439453125
0 0.397711580193332 0.72412109375 0.0061156046557506415 0.0048828125
0 0.2530084829354902 0.723876953125 0.003156441112645492 0.00439453125
0 0.5048826198461235 0.721923828125 0.003452357466956007 0.00244140625
0 0.45507003353718684 0.72265625 0.0014795817715525744 0.00390625
0 0.548283685144999 0.720947265625 0.003452357466956007 0.00341796875
0 0.3905109489051095 0.7216796875 0.0033537186821858355 0.0048828125
0 0.34602485697376206 0.7216796875 0.0033537186821858355 0.0048828125
0 0.21907674097455118 0.720458984375 0.0027618859735648055 0.00244140625
0 0.22987768790688498 0.7216796875 0.002071414480173604 0.005859375
0 0.32491615703294535 0.72216796875 0.0051292168080489245 0.0078125
0 0.22657328861708423 0.722412109375 0.0039455513908068654 0.00927734375
0 0.6583152495561254 0.718994140625 0.0023673308344841193 0.00341796875
0 0.34755375813769973 0.718994140625 0.0030578023278753207 0.00341796875
0 0.3386762675083843 0.72021484375 0.003452357466956007 0.0068359375
0 0.4519135924245413 0.71875 0.002071414480173604 0.0048828125
0 0.4416058394160584 0.716552734375 0.003156441112645492 0.00341796875
0 0.3891300059183271 0.716796875 0.002959163543105149 0.00390625
0 0.22188794634050107 0.7177734375 0.002071414480173604 0.005859375
0 0.335075951864273 0.716064453125 0.0023673308344841193 0.00341796875
0 0.3396133359637009 0.71435546875 0.0017754981258630894 0.0029296875
0 0.3305878871572302 0.713623046875 0.002663247188794634 0.00341796875
0 0.22834878674294734 0.71533203125 0.0023673308344841193 0.0068359375
0 0.6221148155454724 0.712158203125 0.000789110278161373 0.00244140625
0 0.19550207141448017 0.71240234375 0.0023673308344841193 0.0048828125
0 0.3951469717893076 0.7138671875 0.004340106529887552 0.0087890625
0 0.21952061550601695 0.712646484375 0.003255079897415664 0.00634765625
0 0.21187610968632867 0.70947265625 0.0013809429867824028 0.001953125
0 0.5933122903925824 0.709716796875 0.0017754981258630894 0.00341796875
0 0.33404024462418624 0.709228515625 0.002663247188794634 0.00244140625
0 0.3650128230420201 0.70751953125 0.002663247188794634 0.0029296875
0 0.3433122903925824 0.707763671875 0.0014795817715525744 0.00439453125
0 0.18440520812783587 0.708740234375 0.00542513316235944 0.00732421875
0 0.4602978891300059 0.70556640625 0.0008877490629315447 0.001953125
0 0.38705859143815347 0.705810546875 0.004734661668968239 0.00244140625
0 0.18958374432826988 0.70751953125 0.004142828960347208 0.005859375
0 0.20842375221937265 0.70556640625 0.0009863878477017164 0.0029296875
0 0.3836062339711975 0.7041015625 0.0019727756954034327 0.001953125
0 0.18075557309133952 0.7021484375 0.0016768593410929177 0.005859375
0 0.44910238705859146 0.700927734375 0.0013809429867824028 0.00439453125
0 0.2002860524758335 0.699462890625 0.001085026632471888 0.00244140625
0 0.34084632077332805 0.6982421875 0.003255079897415664 0.00390625
0 0.2125172617873348 0.701416015625 0.005819688301440126 0.01025390625
0 0.16916551588084436 0.69873046875 0.0017754981258630894 0.005859375
0 0.3375419214835273 0.6962890625 0.0011836654172420597 0.001953125
0 0.17133556914578812 0.697509765625 0.0017754981258630894 0.00537109375
0 0.18272834878674293 0.696533203125 0.003452357466956007 0.00439453125
0 0.2156243835075952 0.694091796875 0.0017754981258630894 0.00244140625
0 0.19688301440126257 0.693603515625 0.002170053264943776 0.00634765625
0 0.38286644308542117 0.69091796875 0.0012823042020122311 0.001953125
0 0.25157822055632273 0.691650390625 0.0014795817715525744 0.00341796875
0 0.21192542907871376 0.692626953125 0.0038469126060366936 0.00537109375
0 0.20541526928388243 0.69384765625 0.007397908857762872 0.009765625
0 0.2075360031564411 0.6884765625 0.001578220556322746 0.0029296875
0 0.24817518248175183 0.687255859375 0.0013809429867824028 0.00244140625
0 0.6581179719865852 0.6845703125 0.0025646084040244622 0.001953125
0 0.39435786151114616 0.685302734375 0.0019727756954034327 0.00341796875
0 0.19865851252712566 0.68603515625 0.0017754981258630894 0.0048828125
0 0.16472677056618662 0.6865234375 0.0019727756954034327 0.005859375
0 0.36910633260998227 0.685302734375 0.001578220556322746 0.00439453125
0 0.36733083448411913 0.68408203125 0.001578220556322746 0.0029296875
0 0.38311304004734664 0.682861328125 0.0011836654172420597 0.00439453125
0 0.2322450187413691 0.681396484375 0.0008877490629315447 0.00244140625
0 0.2065496153087394 0.683349609375 0.0017754981258630894 0.00634765625
0 0.24985204182284473 0.6806640625 0.0011836654172420597 0.0029296875
0 0.5650522785559282 0.679931640625 0.0008877490629315447 0.00244140625
0 0.3306372065496153 0.68017578125 0.0023673308344841193 0.00390625
0 0.3082955217991714 0.679931640625 0.0008877490629315447 0.00341796875
0 0.21892878279739594 0.677490234375 0.0008877490629315447 0.00244140625
0 0.6104754389425923 0.6767578125 0.0009863878477017164 0.0029296875
0 0.3118958374432827 0.67822265625 0.0017754981258630894 0.005859375
0 0.206894851055435 0.675048828125 0.001085026632471888 0.00244140625
0 0.18677253896232 0.679443359375 0.005819688301440126 0.01123046875
0 0.4123101203393174 0.67529296875 0.004931939238508582 0.00390625
0 0.416650226869205 0.674072265625 0.0011836654172420597 0.00341796875
0 0.33043992898007496 0.674072265625 0.0013809429867824028 0.00341796875
0 0.09400276188597356 0.67529296875 0.0033537186821858355 0.005859375
0 0.40362990727954234 0.6748046875 0.0025646084040244622 0.005859375
0 0.3693529295719077 0.67333984375 0.0016768593410929177 0.0029296875
0 0.19875715131189584 0.676513671875 0.002959163543105149 0.01123046875
0 0.19693233379364766 0.671630859375 0.0016768593410929177 0.00341796875
0 0.33857762872361413 0.67236328125 0.004044190175577037 0.0078125
0 0.21937265732886171 0.670166015625 0.0023673308344841193 0.00341796875
0 0.24112250937068455 0.67041015625 0.0012823042020122311 0.0048828125
0 0.17898007496547644 0.669189453125 0.0016768593410929177 0.00341796875
0 0.1631485500098639 0.668701171875 0.0011836654172420597 0.00244140625
0 0.416650226869205 0.6689453125 0.003156441112645492 0.00390625
0 0.3347800355099625 0.671142578125 0.002959163543105149 0.00830078125
0 0.32851647267705664 0.6708984375 0.003452357466956007 0.0087890625
0 0.21360228841980666 0.671630859375 0.0044387453146577235 0.01025390625
0 0.1864273032156244 0.669189453125 0.004142828960347208 0.00537109375
0 0.41018938646675873 0.667236328125 0.0014795817715525744 0.00341796875
0 0.31066285263365556 0.667236328125 0.001085026632471888 0.00341796875
0 0.13893272834878675 0.669189453125 0.002663247188794634 0.00830078125
0 0.09395344249358847 0.669189453125 0.00424146774511738 0.01025390625
0 0.18904123101203393 0.66650390625 0.002465969619254291 0.0078125
0 0.3813868613138686 0.66455078125 0.002663247188794634 0.0048828125
0 0.20936082067468928 0.667724609375 0.0038469126060366936 0.01123046875
0 0.0980962714539357 0.66455078125 0.0014795817715525744 0.0048828125
0 0.3709311501282304 0.66748046875 0.003255079897415664 0.01171875
0 0.19451568356677845 0.66259765625 0.001578220556322746 0.001953125
0 0.15935095679621228 0.662841796875 0.0008877490629315447 0.00244140625
0 0.1551094890510949 0.6640625 0.0012823042020122311 0.0048828125
0 0.18356677845728941 0.664306640625 0.0017754981258630894 0.00634765625
0 0.1526435194318406 0.662353515625 0.0006904714933912014 0.00244140625
0 0.41610771355296905 0.6630859375 0.0014795817715525744 0.0048828125
0 0.30898599329256266 0.664306640625 0.0030578023278753207 0.00732421875
0 0.17651410534622214 0.663818359375 0.001874136910633261 0.00732421875
0 0.16300059183270862 0.6630859375 0.0016768593410929177 0.0068359375
0 0.17794436772538963 0.661376953125 0.0013809429867824028 0.00439453125
0 0.1314361807062537 0.662353515625 0.001874136910633261 0.00732421875
0 0.18415861116591042 0.659912109375 0.0009863878477017164 0.00341796875
0 0.1714342079305583 0.6591796875 0.0013809429867824028 0.0029296875
0 0.1975241665022687 0.6591796875 0.0012823042020122311 0.0048828125
0 0.16443085421187612 0.65771484375 0.0013809429867824028 0.0029296875
0 0.31140264351943187 0.658447265625 0.002170053264943776 0.00537109375
0 0.11920497139475242 0.659423828125 0.002465969619254291 0.00732421875
0 0.11639376602880253 0.657470703125 0.0013809429867824028 0.00341796875
0 0.3817814164529493 0.656494140625 0.001085026632471888 0.00341796875
0 0.203442493588479 0.66162109375 0.00424146774511738 0.013671875
0 0.16936279345038469 0.656982421875 0.0019727756954034327 0.00439453125
0 0.10993292562635629 0.6552734375 0.0012823042020122311 0.00390625
0 0.17893075557309135 0.6552734375 0.001578220556322746 0.0048828125
0 0.1178733478003551 0.653564453125 0.0009863878477017164 0.00341796875
0 0.16561451962911816 0.65234375 0.000789110278161373 0.0029296875
0 0.1964884592621819 0.652587890625 0.0017754981258630894 0.00537109375
0 0.3859242454132965 0.649169921875 0.0012823042020122311 0.00244140625
0 0.17498520418228447 0.646240234375 0.004537384099427895 0.00537109375
0 0.14085618465180508 0.64501953125 0.004931939238508582 0.0029296875
0 0.1686723219569935 0.645751953125 0.004142828960347208 0.00537109375
0 0.185638192937463 0.64453125 0.0009863878477017164 0.00390625
