0 0.09913197869402249 0.993896484375 0.0011836654172420597 0.00341796875
0 0.10485302821069245 0.980224609375 0.0011836654172420597 0.00341796875
0 0.09888538173209706 0.976806640625 0.0008877490629315447 0.00244140625
0 0.09454527520220951 0.97314453125 0.0012823042020122311 0.0029296875
0 0.09449595580982442 0.953857421875 0.0005918327086210298 0.00244140625
0 0.09572894061945157 0.952880859375 0.0006904714933912014 0.00244140625
0 0.09296705464588677 0.940673828125 0.001085026632471888 0.00244140625
0 0.10554349970408365 0.93798828125 0.0017754981258630894 0.00390625
0 0.09257249950680607 0.925537109375 0.0008877490629315447 0.00341796875
0 0.09819491023870586 0.917236328125 0.0006904714933912014 0.00244140625
0 0.09055040441901756 0.89599609375 0.000789110278161373 0.0029296875
0 0.10549418031169856 0.88623046875 0.0008877490629315447 0.001953125
0 0.1098836062339712 0.852294921875 0.000789110278161373 0.00244140625
0 0.0987374235549418 0.850341796875 0.000789110278161373 0.00244140625
0 0.09937857565594792 0.8427734375 0.0022686920497139475 0.0029296875
0 0.09720852239100414 0.841064453125 0.001085026632471888 0.00341796875
0 0.10869994081672914 0.830810546875 0.001578220556322746 0.00244140625
0 0.11027816137305188 0.822021484375 0.000789110278161373 0.00244140625
0 0.10056224107318998 0.805908203125 0.0016768593410929177 0.00244140625
0 0.10297889130005919 0.798095703125 0.0019727756954034327 0.00439453125
0 0.09217794436772539 0.788818359375 0.0016768593410929177 0.00439453125
0 0.10998224501874138 0.779052734375 0.0013809429867824028 0.00439453125
0 0.09681396725192346 0.7451171875 0.002663247188794634 0.00390625
0 0.10421187610968632 0.727783203125 0.0006904714933912014 0.00244140625
0 0.11116591043598342 0.72509765625 0.003748273821266522 0.0087890625
0 0.1001676859341093 0.718505859375 0.0008877490629315447 0.00244140625
0 0.10800946932333794 0.697021484375 0.007496547642533044 0.01513671875
0 0.10283093312290392 0.65283203125 0.0030578023278753207 0.0068359375
