0 0.12566581179719866 0.98291015625 0.004734661668968239 0.0107421875
0 0.09523574669560071 0.9775390625 0.0030578023278753207 0.00390625
0 0.1195995265338331 0.973876953125 0.0022686920497139475 0.00244140625
0 0.10322548826198462 0.9736328125 0.008187019135924246 0.01171875
0 0.3727559676464786 0.969482421875 0.007693825212073387 0.00537109375
0 0.09577826001183666 0.96484375 0.0033537186821858355 0.0048828125
0 0.37196685736831725 0.94677734375 0.000789110278161373 0.001953125
0 0.10021700532649437 0.947998046875 0.0019727756954034327 0.00439453125
0 0.36318800552377195 0.94140625 0.0011836654172420597 0.001953125
0 0.10662852633655553 0.943115234375 0.004931939238508582 0.01220703125
0 0.09607417636614717 0.94091796875 0.0027618859735648055 0.0078125
0 0.3616097849674492 0.93798828125 0.0017754981258630894 0.0029296875
0 0.09474255277174985 0.938720703125 0.0016768593410929177 0.00439453125
0 0.38286644308542117 0.935791015625 0.001085026632471888 0.00244140625
0 0.10001972775695403 0.9365234375 0.0033537186821858355 0.0078125
0 0.35722035904517657 0.93017578125 0.0028605247583349774 0.00390625
0 0.3538666403629907 0.9287109375 0.003255079897415664 0.00390625
0 0.37852633655553364 0.927001953125 0.012724403235352141 0.01025390625
0 0.3588478989938844 0.923583984375 0.004340106529887552 0.00341796875
0 0.35588873545077926 0.923095703125 0.0011836654172420597 0.00244140625
0 0.36698559873742354 0.923095703125 0.002465969619254291 0.00341796875
0 0.36353324127046754 0.916015625 0.0008877490629315447 0.001953125
0 0.3812389031367134 0.9130859375 0.004142828960347208 0.0048828125
0 0.40491221148155454 0.90869140625 0.003156441112645492 0.0029296875
0 0.38271848490826593 0.90869140625 0.0027618859735648055 0.0029296875
0 0.35001972775695406 0.908203125 0.0008877490629315447 0.001953125
0 0.35144999013612155 0.90625 0.0011836654172420597 0.001953125
0 0.3962319984217794 0.901123046875 0.002170053264943776 0.00244140625
0 0.40136121522982837 0.899658203125 0.0039455513908068654 0.00341796875
0 0.34794831327678044 0.89306640625 0.001874136910633261 0.0029296875
0 0.18036101795225884 0.894287109375 0.005030578023278753 0.00537109375
0 0.3852830933122904 0.895751953125 0.006510159794831328 0.00927734375
0 0.340205168672322 0.888916015625 0.001578220556322746 0.00244140625
0 0.3980568159400276 0.88916015625 0.003255079897415664 0.00390625
0 0.378723614125074 0.88525390625 0.0030578023278753207 0.0029296875
0 0.0994772144407181 0.880859375 0.0012823042020122311 0.00390625
0 0.35840402446241865 0.88232421875 0.011343460248569737 0.0087890625
0 0.4046656145196291 0.87841796875 0.001085026632471888 0.001953125
0 0.09696192542907871 0.87744140625 0.0011836654172420597 0.001953125
0 0.11629512724403235 0.87744140625 0.0023673308344841193 0.00390625
0 0.335618465180509 0.8759765625 0.0008877490629315447 0.001953125
0 0.3526829749457487 0.876953125 0.006016965870980469 0.0048828125
0 0.36427303215624385 0.874267578125 0.0027618859735648055 0.00244140625
0 0.10934109291773525 0.87451171875 0.0028605247583349774 0.0048828125
0 0.3592917735253502 0.873779296875 0.005030578023278753 0.00439453125
0 0.10376800157822055 0.873291015625 0.0023673308344841193 0.00439453125
0 0.11895837443282699 0.871337890625 0.003156441112645492 0.00537109375
0 0.10588873545077924 0.869384765625 0.0028605247583349774 0.00341796875
0 0.3453343854803709 0.86962890625 0.0039455513908068654 0.0048828125
0 0.10973564805681595 0.8681640625 0.0014795817715525744 0.001953125
0 0.09370684553166304 0.869384765625 0.0025646084040244622 0.00439453125
0 0.3699447622805287 0.86767578125 0.0012823042020122311 0.001953125
0 0.11225093706845532 0.8681640625 0.0027618859735648055 0.00390625
0 0.35199250345235744 0.869140625 0.008778851844545275 0.0068359375
0 0.41334582757940425 0.867431640625 0.00424146774511738 0.00439453125
0 0.130449792858552 0.86669921875 0.003452357466956007 0.00390625
0 0.4263661471690669 0.864990234375 0.001085026632471888 0.00146484375
0 0.3519431840599724 0.864990234375 0.0023673308344841193 0.00341796875
0 0.4181791280331426 0.863525390625 0.002663247188794634 0.00244140625
0 0.33389228644703095 0.863525390625 0.003550996251726179 0.00244140625
0 0.11521010061156046 0.864990234375 0.004537384099427895 0.00537109375
0 0.32900966660090747 0.8603515625 0.0012823042020122311 0.001953125
0 0.3817814164529493 0.859619140625 0.004636022884198066 0.00439453125
0 0.3362596172815151 0.857421875 0.002959163543105149 0.0029296875
0 0.13237324916157034 0.857177734375 0.0033537186821858355 0.00341796875
0 0.4131485500098639 0.856689453125 0.004636022884198066 0.00341796875
0 0.3414381534819491 0.85546875 0.00542513316235944 0.0029296875
0 0.1401657131584139 0.854736328125 0.0033537186821858355 0.00244140625
0 0.13760110475438941 0.854736328125 0.0011836654172420597 0.00244140625
0 0.3234365752613928 0.854248046875 0.002959163543105149 0.00341796875
0 0.33127835865062144 0.853759765625 0.0044387453146577235 0.00341796875
0 0.1515584927993687 0.853759765625 0.0030578023278753207 0.00439453125
0 0.11210297889130005 0.853271484375 0.001874136910633261 0.00439453125
0 0.11590057210495167 0.8525390625 0.004931939238508582 0.00390625
0 0.33778851844545277 0.851806640625 0.00542513316235944 0.00341796875
0 0.1348885381732097 0.8515625 0.0028605247583349774 0.0029296875
0 0.4066877096074176 0.852294921875 0.0027618859735648055 0.00537109375
0 0.409794831327678 0.850341796875 0.003255079897415664 0.00244140625
0 0.3751726178733478 0.850341796875 0.0038469126060366936 0.00244140625
0 0.41669954626159006 0.849609375 0.001085026632471888 0.001953125
0 0.36328664430854213 0.849609375 0.005721049516669955 0.0048828125
0 0.12670151903728546 0.84765625 0.0016768593410929177 0.001953125
0 0.3323140658907082 0.8466796875 0.0011836654172420597 0.001953125
0 0.16418425724995067 0.845947265625 0.0022686920497139475 0.00244140625
0 0.11244821463799566 0.846923828125 0.003550996251726179 0.00634765625
0 0.10258433616097849 0.844970703125 0.001578220556322746 0.00244140625
0 0.3695995265338331 0.84521484375 0.005523771947129611 0.00390625
0 0.33473071611757743 0.84375 0.0016768593410929177 0.001953125
0 0.1171828763069639 0.843994140625 0.0023673308344841193 0.00244140625
0 0.1456401657131584 0.843994140625 0.0028605247583349774 0.00341796875
0 0.14869796804103375 0.843017578125 0.002465969619254291 0.00341796875
0 0.10756559479187217 0.8447265625 0.006806076149141842 0.0087890625
0 0.428733478003551 0.83984375 0.0012823042020122311 0.001953125
0 0.13400078911027816 0.84033203125 0.005030578023278753 0.005859375
0 0.3178634839218781 0.83740234375 0.002663247188794634 0.0029296875
0 0.1445551390806865 0.83837890625 0.005227855592819097 0.0048828125
0 0.11160978496744921 0.83935546875 0.00483330045373841 0.0068359375
0 0.17962122706648254 0.83642578125 0.004931939238508582 0.0029296875
0 0.1630499112250937 0.8349609375 0.0027618859735648055 0.001953125
0 0.13153481949102386 0.83544921875 0.002465969619254291 0.0029296875
0 0.3345827579404222 0.8359375 0.004931939238508582 0.005859375
0 0.10455711185638193 0.836669921875 0.010258433616097849 0.00732421875
0 0.09863878477017163 0.836669921875 0.002170053264943776 0.00830078125
0 0.13538173209706056 0.833251953125 0.0028605247583349774 0.00244140625
0 0.31307950286052477 0.83203125 0.0009863878477017164 0.001953125
0 0.4196093904123101 0.831787109375 0.006510159794831328 0.00439453125
0 0.15106529887551787 0.831787109375 0.0038469126060366936 0.00439453125
0 0.39134937857565594 0.8310546875 0.0028605247583349774 0.00390625
0 0.09503846912606037 0.834716796875 0.005030578023278753 0.01123046875
0 0.3215131189583744 0.830322265625 0.005622410731899783 0.00341796875
0 0.36555533635825604 0.829345703125 0.0027618859735648055 0.00244140625
0 0.10209114223712763 0.83056640625 0.004734661668968239 0.005859375
0 0.12285460643124876 0.828369140625 0.004044190175577037 0.00439453125
0 0.14785953837048726 0.825927734375 0.0051292168080489245 0.00341796875
0 0.42700729927007297 0.82470703125 0.0017754981258630894 0.001953125
0 0.39317419609390414 0.82470703125 0.003156441112645492 0.001953125
0 0.563819293746301 0.82373046875 0.003156441112645492 0.001953125
0 0.1345433024265141 0.825439453125 0.005523771947129611 0.00537109375
0 0.3142631682777668 0.82373046875 0.0023673308344841193 0.0029296875
0 0.10998224501874138 0.822998046875 0.0023673308344841193 0.00244140625
0 0.3207733280725981 0.822021484375 0.0017754981258630894 0.00244140625
0 0.17291378970211088 0.820556640625 0.004142828960347208 0.00341796875
0 0.39065890708226475 0.81982421875 0.003255079897415664 0.0029296875
0 0.10021700532649437 0.82177734375 0.005326494377589268 0.0068359375
0 0.351745906490432 0.81787109375 0.003156441112645492 0.001953125
0 0.30721049516669957 0.81787109375 0.0016768593410929177 0.001953125
0 0.1713848885381732 0.81689453125 0.0022686920497139475 0.0029296875
0 0.3987966068258039 0.816162109375 0.0017754981258630894 0.00244140625
0 0.43376405602682977 0.81494140625 0.0012823042020122311 0.001953125
0 0.5259420003945552 0.810546875 0.0009863878477017164 0.001953125
0 0.39016571315841386 0.81005859375 0.0038469126060366936 0.001953125
0 0.10756559479187217 0.81005859375 0.0022686920497139475 0.0029296875
0 0.12675083842967055 0.810302734375 0.0039455513908068654 0.00439453125
0 0.31303018346813966 0.80859375 0.001874136910633261 0.001953125
0 0.30499112250937066 0.80712890625 0.002170053264943776 0.001953125
0 0.4061451962911817 0.807861328125 0.007200631288222529 0.00537109375
0 0.13326099822450188 0.80859375 0.007891102781613731 0.0068359375
0 0.4103866640362991 0.805908203125 0.0044387453146577235 0.00244140625
0 0.20191359242454132 0.805908203125 0.002170053264943776 0.00244140625
0 0.19579798776879068 0.80517578125 0.0017754981258630894 0.001953125
0 0.10943973170250543 0.805908203125 0.0036496350364963502 0.00341796875
0 0.1892385085815743 0.80419921875 0.002071414480173604 0.001953125
0 0.17725389623199841 0.803955078125 0.0023673308344841193 0.00244140625
0 0.3158413888340896 0.804443359375 0.003748273821266522 0.00439453125
0 0.5213059775103571 0.802734375 0.0025646084040244622 0.001953125
0 0.40432037877293353 0.802490234375 0.0039455513908068654 0.00244140625
0 0.23111067271651214 0.802490234375 0.0019727756954034327 0.00244140625
0 0.19565002959163544 0.802001953125 0.001874136910633261 0.00244140625
0 0.11659104359834287 0.803955078125 0.006904714933912014 0.00634765625
0 0.3018346813967252 0.7998046875 0.0023673308344841193 0.001953125
0 0.35445847307161177 0.796630859375 0.0014795817715525744 0.00146484375
0 0.40372854606431247 0.796630859375 0.0027618859735648055 0.00244140625
0 0.17967054645886762 0.798828125 0.005819688301440126 0.0068359375
0 0.19910238705859143 0.794677734375 0.0028605247583349774 0.00244140625
0 0.5184947721444072 0.7939453125 0.0030578023278753207 0.0029296875
0 0.4298185046360229 0.792724609375 0.0014795817715525744 0.00244140625
0 0.10490234760307753 0.791015625 0.002071414480173604 0.001953125
0 0.34612349575853224 0.79150390625 0.004340106529887552 0.00390625
0 0.30124284868810414 0.790283203125 0.0033537186821858355 0.00244140625
0 0.5431544683369501 0.78955078125 0.002071414480173604 0.001953125
0 0.1975734858946538 0.78857421875 0.004142828960347208 0.00390625
0 0.40219964490037485 0.786376953125 0.004636022884198066 0.00244140625
0 0.09641941211284277 0.7861328125 0.0008877490629315447 0.001953125
0 0.13153481949102386 0.787109375 0.00542513316235944 0.0048828125
0 0.10919313474058 0.785888671875 0.0033537186821858355 0.00244140625
0 0.10490234760307753 0.78564453125 0.002071414480173604 0.001953125
0 0.11915565200236733 0.784423828125 0.002170053264943776 0.00341796875
0 0.24792858551982638 0.783203125 0.0014795817715525744 0.001953125
0 0.10549418031169856 0.781982421875 0.0012823042020122311 0.00244140625
0 0.2385579009666601 0.78125 0.0022686920497139475 0.001953125
0 0.24457486683764057 0.781005859375 0.00483330045373841 0.00244140625
0 0.09750443874531466 0.78125 0.004044190175577037 0.0029296875
0 0.5338331031761688 0.781982421875 0.005523771947129611 0.00537109375
0 0.40496153087393966 0.7802734375 0.001874136910633261 0.001953125
0 0.21404616295127243 0.78271484375 0.006707437364371671 0.0068359375
0 0.2872361412507398 0.77978515625 0.000789110278161373 0.001953125
0 0.19742552771749852 0.78076171875 0.004044190175577037 0.0048828125
0 0.14652791477608995 0.77880859375 0.00542513316235944 0.0029296875
0 0.23495758532254882 0.779296875 0.004340106529887552 0.0048828125
0 0.3470112448214638 0.77685546875 0.003156441112645492 0.001953125
0 0.21064312487670153 0.77685546875 0.006806076149141842 0.00390625
0 0.22612941408561846 0.774658203125 0.0036496350364963502 0.00244140625
0 0.5584434799763267 0.77392578125 0.0016768593410929177 0.001953125
0 0.23416847504438745 0.771240234375 0.0027618859735648055 0.00244140625
0 0.2454626159005721 0.770263671875 0.003255079897415664 0.00244140625
0 0.5328960347208522 0.768798828125 0.0038469126060366936 0.00244140625
0 0.438498717695798 0.7685546875 0.002663247188794634 0.001953125
0 0.27875320576050505 0.767822265625 0.0023673308344841193 0.00244140625
0 0.5401459854014599 0.76708984375 0.003748273821266522 0.001953125
0 0.3427697770763464 0.767822265625 0.003748273821266522 0.00341796875
0 0.11244821463799566 0.767333984375 0.0025646084040244622 0.00244140625
0 0.41847504438745314 0.76708984375 0.00424146774511738 0.0029296875
0 0.4133951469717893 0.766357421875 0.001578220556322746 0.00146484375
0 0.13819293746301045 0.768310546875 0.007101992503452358 0.00537109375
0 0.2281021897810219 0.765869140625 0.001874136910633261 0.00244140625
0 0.2256362201617676 0.766845703125 0.0038469126060366936 0.00439453125
0 0.3375912408759124 0.76416015625 0.002663247188794634 0.001953125
0 0.26336555533635825 0.763427734375 0.002170053264943776 0.00146484375
0 0.2684454527520221 0.76220703125 0.002465969619254291 0.001953125
0 0.1439633063720655 0.764892578125 0.0030578023278753207 0.00732421875
0 0.3264943775892681 0.7607421875 0.005721049516669955 0.0068359375
0 0.25019727756954036 0.758544921875 0.002071414480173604 0.00244140625
0 0.4228151509173407 0.7578125 0.003452357466956007 0.005859375
0 0.10352140461629512 0.755859375 0.0038469126060366936 0.0029296875
0 0.3328072598145591 0.758056640625 0.005523771947129611 0.00927734375
0 0.5785657920694417 0.753662109375 0.0030578023278753207 0.00244140625
0 0.5732392976918524 0.754150390625 0.006806076149141842 0.00439453125
0 0.3383310317616887 0.752685546875 0.0025646084040244622 0.00244140625
0 0.4228644703097258 0.752197265625 0.003748273821266522 0.00244140625
0 0.3305878871572302 0.7509765625 0.002071414480173604 0.001953125
0 0.26622608009469323 0.75048828125 0.0025646084040244622 0.001953125
0 0.581031761688696 0.749755859375 0.0036496350364963502 0.00244140625
0 0.3328072598145591 0.74755859375 0.0019727756954034327 0.001953125
0 0.5647563622016176 0.748291015625 0.00424146774511738 0.00537109375
0 0.5131189583744328 0.74560546875 0.0023673308344841193 0.001953125
0 0.14835273229433812 0.745849609375 0.0013809429867824028 0.00244140625
0 0.5722529098441507 0.74658203125 0.008384296705464589 0.0048828125
0 0.17089169461432235 0.742919921875 0.0022686920497139475 0.00244140625
0 0.159202998619057 0.743896484375 0.0039455513908068654 0.00439453125
0 0.5878378378378378 0.742431640625 0.0036496350364963502 0.00244140625
0 0.31460840402446244 0.7421875 0.003452357466956007 0.001953125
0 0.24265141053462222 0.740966796875 0.005721049516669955 0.00537109375
0 0.2517754981258631 0.738037109375 0.0038469126060366936 0.00341796875
0 0.17656342473860723 0.736328125 0.0013809429867824028 0.001953125
0 0.1662556717301243 0.736328125 0.003255079897415664 0.001953125
0 0.160929177352535 0.736572265625 0.002663247188794634 0.00244140625
0 0.5272243045965673 0.736083984375 0.0039455513908068654 0.00244140625
0 0.44954626159005723 0.7373046875 0.004636022884198066 0.005859375
0 0.5336851449990136 0.734619140625 0.003452357466956007 0.00244140625
0 0.3136220161767607 0.736572265625 0.0066087985796014995 0.00634765625
0 0.5622410731899783 0.73388671875 0.0027618859735648055 0.0029296875
0 0.5190866048530283 0.733642578125 0.002071414480173604 0.00244140625
0 0.17434405208127837 0.73388671875 0.0016768593410929177 0.0029296875
0 0.29754389425922273 0.734375 0.0044387453146577235 0.0048828125
0 0.2716018938646676 0.732666015625 0.0044387453146577235 0.00244140625
0 0.18129808640757547 0.732666015625 0.0027618859735648055 0.00341796875
0 0.5745216018938647 0.731689453125 0.0044387453146577235 0.00439453125
0 0.3115506016965871 0.73046875 0.005030578023278753 0.0029296875
0 0.5791083053856777 0.73046875 0.002959163543105149 0.00390625
0 0.5515880844347998 0.72998046875 0.0033537186821858355 0.0029296875
0 0.3059281909646873 0.73095703125 0.004044190175577037 0.0048828125
0 0.16808048924837246 0.728759765625 0.001578220556322746 0.00146484375
0 0.6022391004142829 0.72998046875 0.0044387453146577235 0.005859375
0 0.4578812389031367 0.726806640625 0.0023673308344841193 0.00146484375
0 0.4456993489840205 0.728759765625 0.006411521010061156 0.00537109375
0 0.6090451765634247 0.72705078125 0.0038469126060366936 0.00390625
0 0.44767212467942397 0.7265625 0.0030578023278753207 0.0029296875
0 0.17814164529492996 0.726806640625 0.0017754981258630894 0.00439453125
0 0.5202209508778852 0.728271484375 0.0051292168080489245 0.00830078125
0 0.43874531465772343 0.72607421875 0.006312882225290984 0.00390625
0 0.2809232590254488 0.726318359375 0.004537384099427895 0.00537109375
0 0.5573091339514697 0.723388671875 0.0019727756954034327 0.00244140625
0 0.5969126060366936 0.723388671875 0.004044190175577037 0.00341796875
0 0.4297198658512527 0.72265625 0.0022686920497139475 0.001953125
0 0.31233971197474847 0.72216796875 0.002663247188794634 0.001953125
0 0.5804892483724601 0.72216796875 0.004931939238508582 0.0029296875
0 0.45664825409350956 0.721435546875 0.003255079897415664 0.00244140625
0 0.6031268494772144 0.72119140625 0.004636022884198066 0.0029296875
0 0.5148451371079108 0.720947265625 0.002663247188794634 0.00244140625
0 0.288518445452752 0.7197265625 0.0027618859735648055 0.001953125
0 0.5421680804892484 0.7197265625 0.00483330045373841 0.0029296875
0 0.17799368711777472 0.72021484375 0.008384296705464589 0.0048828125
0 0.4329256263562833 0.716796875 0.002959163543105149 0.001953125
0 0.5267804300651016 0.7138671875 0.0044387453146577235 0.0029296875
0 0.1975734858946538 0.713134765625 0.004340106529887552 0.00439453125
0 0.5589366739001775 0.712646484375 0.007397908857762872 0.00537109375
0 0.1908660485302821 0.710693359375 0.0027618859735648055 0.00244140625
0 0.5504537384099428 0.7099609375 0.001874136910633261 0.001953125
0 0.5361017952258829 0.712158203125 0.010258433616097849 0.00634765625
0 0.2519234563030183 0.709716796875 0.0033537186821858355 0.00439453125
0 0.24654764253304398 0.7080078125 0.0012823042020122311 0.001953125
0 0.5253994870783192 0.707275390625 0.003452357466956007 0.00244140625
0 0.5405898599329256 0.706787109375 0.003255079897415664 0.00244140625
0 0.2723416847504439 0.706787109375 0.004734661668968239 0.00341796875
0 0.5471493391201421 0.704833984375 0.002170053264943776 0.00146484375
0 0.20324521601893863 0.704833984375 0.0038469126060366936 0.00341796875
0 0.5836456894851055 0.702880859375 0.0013809429867824028 0.00146484375
0 0.302870388636812 0.70166015625 0.0012823042020122311 0.0029296875
0 0.3111560465575064 0.699951171875 0.001085026632471888 0.00146484375
0 0.2748076543696982 0.7001953125 0.0025646084040244622 0.0029296875
0 0.507447228250148 0.698486328125 0.003255079897415664 0.00244140625
0 0.5109489051094891 0.69775390625 0.0013809429867824028 0.0029296875
0 0.5441408561846518 0.697265625 0.005227855592819097 0.00390625
0 0.4636516078121918 0.69677734375 0.00542513316235944 0.0029296875
0 0.27199644900374825 0.698486328125 0.002663247188794634 0.00634765625
0 0.5780725981455909 0.696044921875 0.003255079897415664 0.00244140625
0 0.27668179128033143 0.69580078125 0.0039455513908068654 0.001953125
0 0.26972775695403434 0.69384765625 0.0012823042020122311 0.0029296875
0 0.598293549023476 0.693603515625 0.0028605247583349774 0.00537109375
0 0.5823140658907082 0.693115234375 0.006411521010061156 0.00537109375
0 0.2618366541724206 0.694091796875 0.0139080686525942 0.00927734375
0 0.27826001183665416 0.689697265625 0.0013809429867824028 0.00244140625
0 0.2730321562438351 0.690673828125 0.001578220556322746 0.00439453125
0 0.27031958966265535 0.689697265625 0.004044190175577037 0.00341796875
0 0.5279147760899586 0.68896484375 0.002959163543105149 0.00390625
0 0.4824916157032945 0.688720703125 0.0038469126060366936 0.00537109375
0 0.25863089366739 0.68505859375 0.0023673308344841193 0.001953125
0 0.5036496350364964 0.684814453125 0.004537384099427895 0.00439453125
0 0.5970605642138489 0.68310546875 0.0025646084040244622 0.001953125
0 0.58330045373841 0.680908203125 0.003255079897415664 0.00244140625
0 0.4568455316630499 0.680908203125 0.0016768593410929177 0.00341796875
0 0.543696981653186 0.67822265625 0.001578220556322746 0.001953125
0 0.45773328072598146 0.675537109375 0.0038469126060366936 0.00244140625
0 0.4421976721246794 0.6748046875 0.0033537186821858355 0.001953125
0 0.4780528703886368 0.674072265625 0.0036496350364963502 0.00244140625
0 0.4388439534424936 0.67138671875 0.0023673308344841193 0.001953125
0 0.559725784178339 0.67041015625 0.0022686920497139475 0.001953125
0 0.4622213454330243 0.668701171875 0.002959163543105149 0.00244140625
0 0.4559577826001184 0.670166015625 0.004044190175577037 0.00634765625
0 0.4582757940422174 0.65966796875 0.004142828960347208 0.0048828125
0 0.4541329650818702 0.658203125 0.0017754981258630894 0.00390625
0 0.48870585914381537 0.647705078125 0.007003353718682186 0.00830078125
