0 0.44703097257841784 0.999267578125 0.0019727756954034327 0.00146484375
0 0.5628822252909844 0.99853515625 0.0014795817715525744 0.0029296875
0 0.7058098244229631 0.998046875 0.0036496350364963502 0.00390625
0 0.20003945551390806 0.9970703125 0.000789110278161373 0.001953125
0 0.7101006115604656 0.99755859375 0.003550996251726179 0.0048828125
0 0.5509962517261787 0.996337890625 0.0013809429867824028 0.00244140625
0 0.6716314855000987 0.995849609375 0.0009863878477017164 0.00244140625
0 0.6531367133556915 0.995849609375 0.002663247188794634 0.00341796875
0 0.4367232195699349 0.9951171875 0.0008877490629315447 0.001953125
0 0.10312684947721444 0.99658203125 0.005819688301440126 0.0048828125
0 0.4912704675478398 0.9951171875 0.0012823042020122311 0.0029296875
0 0.6443085421187611 0.9951171875 0.005918327086210298 0.00390625
0 0.3710297889130006 0.99462890625 0.00483330045373841 0.00390625
0 0.4685835470507003 0.993408203125 0.004044190175577037 0.00439453125
0 0.1892385085815743 0.993408203125 0.0022686920497139475 0.00439453125
0 0.7144900374827382 0.9921875 0.002071414480173604 0.0029296875
0 0.0994772144407181 0.99267578125 0.00542513316235944 0.00390625
0 0.6468731505227856 0.990966796875 0.001578220556322746 0.00244140625
0 0.21148155454724799 0.99072265625 0.000789110278161373 0.001953125
0 0.6136811994476228 0.990966796875 0.0012823042020122311 0.00341796875
0 0.723614125073979 0.990478515625 0.004734661668968239 0.00341796875
0 0.7187808246202407 0.990234375 0.003748273821266522 0.0048828125
0 0.23106135332412706 0.98876953125 0.0008877490629315447 0.001953125
0 0.2036890905504044 0.989013671875 0.000789110278161373 0.00244140625
0 0.17651410534622214 0.989501953125 0.002465969619254291 0.00341796875
0 0.09592621818899191 0.9892578125 0.0038469126060366936 0.0029296875
0 0.5471493391201421 0.989013671875 0.001578220556322746 0.00341796875
0 0.47543894259222724 0.98828125 0.0025646084040244622 0.00390625
0 0.10066087985796016 0.988037109375 0.002465969619254291 0.00341796875
0 0.6000690471493392 0.987060546875 0.0014795817715525744 0.00341796875
0 0.21350364963503649 0.988525390625 0.002071414480173604 0.00634765625
0 0.7137009272045768 0.98681640625 0.0028605247583349774 0.00390625
0 0.6176267508384297 0.986328125 0.0030578023278753207 0.0029296875
0 0.3740382718484908 0.9873046875 0.004340106529887552 0.0048828125
0 0.21784375616492405 0.986328125 0.0036496350364963502 0.0029296875
0 0.18800552377194713 0.98779296875 0.0051292168080489245 0.005859375
0 0.6889425922272637 0.986572265625 0.003452357466956007 0.00439453125
0 0.6050996251726178 0.986328125 0.0028605247583349774 0.00390625
0 0.18405997238114027 0.9873046875 0.004537384099427895 0.005859375
0 0.7255375813769974 0.98779296875 0.005030578023278753 0.0078125
0 0.6658117971986585 0.987060546875 0.006904714933912014 0.00732421875
0 0.22598145590846322 0.984375 0.0013809429867824028 0.001953125
0 0.22208522391004143 0.985107421875 0.003255079897415664 0.00439453125
0 0.42163148550009866 0.983642578125 0.0022686920497139475 0.00244140625
0 0.23480962714539358 0.984375 0.0022686920497139475 0.00390625
0 0.6994969421976721 0.984375 0.003255079897415664 0.0048828125
0 0.6534326297100019 0.98388671875 0.0012823042020122311 0.00390625
0 0.09725784178338923 0.983642578125 0.0033537186821858355 0.00341796875
0 0.5508482935490234 0.982666015625 0.0012823042020122311 0.00244140625
0 0.6244328269875715 0.984130859375 0.0044387453146577235 0.00634765625
0 0.48865653975143025 0.9833984375 0.003748273821266522 0.0048828125
0 0.4411126454922075 0.982421875 0.0017754981258630894 0.0029296875
0 0.09178338922864471 0.9833984375 0.0044387453146577235 0.0048828125
0 0.6122509370684553 0.982666015625 0.005326494377589268 0.00439453125
0 0.7091142237127639 0.982421875 0.0019727756954034327 0.0048828125
0 0.5616492404813572 0.983154296875 0.0027618859735648055 0.00634765625
0 0.5552377194712961 0.983154296875 0.004340106529887552 0.01025390625
0 0.17759913197869404 0.9794921875 0.0012823042020122311 0.00390625
0 0.7252416650226869 0.98046875 0.007397908857762872 0.0068359375
0 0.5523771947129611 0.978759765625 0.0013809429867824028 0.00341796875
0 0.14273032156243834 0.97802734375 0.0019727756954034327 0.0029296875
0 0.7028506608798579 0.978271484375 0.0022686920497139475 0.00439453125
0 0.6181692641546657 0.9775390625 0.002170053264943776 0.00390625
0 0.4721345433024265 0.978515625 0.008778851844545275 0.0078125
0 0.2210988360623397 0.97900390625 0.00542513316235944 0.0087890625
0 0.46360228841980666 0.978515625 0.007101992503452358 0.0087890625
0 0.22884198066679817 0.975341796875 0.0013809429867824028 0.00244140625
0 0.10263365555336358 0.97509765625 0.0008877490629315447 0.0029296875
0 0.13607220359045177 0.974609375 0.0014795817715525744 0.0029296875
0 0.6477608995857171 0.97509765625 0.0023673308344841193 0.0048828125
0 0.5572104951666995 0.974609375 0.0023673308344841193 0.00390625
0 0.21769579798776878 0.97607421875 0.004340106529887552 0.0078125
0 0.6768593410929178 0.974365234375 0.004537384099427895 0.00634765625
0 0.1884493983034129 0.97265625 0.005030578023278753 0.0029296875
0 0.7089662655356086 0.97412109375 0.0066087985796014995 0.0068359375
0 0.6937758926810021 0.97412109375 0.005622410731899783 0.0068359375
0 0.2141448017360426 0.97314453125 0.003748273821266522 0.0048828125
0 0.6825310712172026 0.9736328125 0.00542513316235944 0.009765625
0 0.35860130203195895 0.970458984375 0.0022686920497139475 0.00341796875
0 0.6136811994476228 0.972412109375 0.009173406983625962 0.00830078125
0 0.11831722233182088 0.96875 0.001085026632471888 0.001953125
0 0.6762181889919117 0.96875 0.0066087985796014995 0.00390625
0 0.46266521996449006 0.968505859375 0.006411521010061156 0.00341796875
0 0.43647662260800946 0.968505859375 0.002170053264943776 0.00341796875
0 0.21256658117971985 0.9677734375 0.000789110278161373 0.001953125
0 0.1209804695206155 0.9677734375 0.002465969619254291 0.0029296875
0 0.14697178930755572 0.9677734375 0.0017754981258630894 0.00390625
0 0.13641743933714737 0.970458984375 0.004142828960347208 0.00927734375
0 0.10564213848885382 0.9677734375 0.0027618859735648055 0.00390625
0 0.46636417439337147 0.966064453125 0.0013809429867824028 0.00244140625
0 0.43228447425527716 0.966552734375 0.0028605247583349774 0.00439453125
0 0.6044584730716117 0.965087890625 0.0023673308344841193 0.00244140625
0 0.3573683172223318 0.96533203125 0.003748273821266522 0.0029296875
0 0.5540540540540541 0.96875 0.0051292168080489245 0.0107421875
0 0.5586407575458671 0.965576171875 0.0028605247583349774 0.00634765625
0 0.3689090550404419 0.966796875 0.008285657920694417 0.0087890625
0 0.1829256263562833 0.96435546875 0.0014795817715525744 0.00390625
0 0.14238508581574275 0.965576171875 0.004636022884198066 0.00634765625
0 0.37783586506214245 0.9677734375 0.005227855592819097 0.01171875
0 0.36279345038469124 0.9638671875 0.0013809429867824028 0.00390625
0 0.7233182087196686 0.96484375 0.005326494377589268 0.0068359375
0 0.6821365160781219 0.96337890625 0.002663247188794634 0.00390625
0 0.4263661471690669 0.96240234375 0.0012823042020122311 0.001953125
0 0.2600611560465575 0.962646484375 0.001085026632471888 0.00244140625
0 0.1797691852436378 0.962646484375 0.002465969619254291 0.00341796875
0 0.2298283685144999 0.96142578125 0.0009863878477017164 0.001953125
0 0.21996449003748275 0.96142578125 0.000789110278161373 0.001953125
0 0.18494772144407182 0.9619140625 0.0023673308344841193 0.0029296875
0 0.6177253896231999 0.962158203125 0.006214243440520813 0.00537109375
0 0.4417044782008286 0.9609375 0.0023673308344841193 0.0029296875
0 0.10214046162951272 0.96142578125 0.002071414480173604 0.0048828125
0 0.7303708818307358 0.9599609375 0.0014795817715525744 0.0029296875
0 0.5881830735845335 0.9609375 0.002959163543105149 0.005859375
0 0.5557802327875321 0.96044921875 0.001874136910633261 0.0048828125
0 0.6110672716512132 0.961181640625 0.004931939238508582 0.00732421875
0 0.5608108108108109 0.959716796875 0.0044387453146577235 0.00537109375
0 0.3220063128822253 0.9580078125 0.0014795817715525744 0.00390625
0 0.21542710593805484 0.957275390625 0.002170053264943776 0.00341796875
0 0.44274018544091537 0.956298828125 0.002071414480173604 0.00244140625
0 0.1314361807062537 0.957763671875 0.00424146774511738 0.00537109375
0 0.47341684750443874 0.96044921875 0.008581574275004932 0.01171875
0 0.43756164924048135 0.95703125 0.003156441112645492 0.0048828125
0 0.3741862300256461 0.9580078125 0.002071414480173604 0.0068359375
0 0.17671138291576247 0.955322265625 0.0016768593410929177 0.00244140625
0 0.6136318800552377 0.9560546875 0.0033537186821858355 0.0048828125
0 0.3575162753994871 0.955078125 0.001874136910633261 0.0029296875
0 0.08995857171039653 0.955078125 0.001578220556322746 0.0029296875
0 0.5487768790688499 0.95458984375 0.001874136910633261 0.0029296875
0 0.7081771552574472 0.956298828125 0.002663247188794634 0.00732421875
0 0.4352436377983823 0.9541015625 0.0028605247583349774 0.0029296875
0 0.6159498914973367 0.953125 0.0022686920497139475 0.00390625
0 0.12201617676070231 0.9521484375 0.000789110278161373 0.001953125
0 0.5514401262576445 0.9521484375 0.001085026632471888 0.0029296875
0 0.7008285657920694 0.954833984375 0.007496547642533044 0.00927734375
0 0.11950088774906294 0.951171875 0.0006904714933912014 0.001953125
0 0.474699151706451 0.951171875 0.0014795817715525744 0.0029296875
0 0.1797691852436378 0.95166015625 0.001085026632471888 0.00390625
0 0.5554349970408364 0.951416015625 0.003748273821266522 0.00439453125
0 0.2214440718090353 0.95068359375 0.0017754981258630894 0.0029296875
0 0.37887157230222923 0.95166015625 0.004142828960347208 0.005859375
0 0.43997829946735056 0.950927734375 0.00483330045373841 0.00537109375
0 0.42375221937265733 0.950439453125 0.0061156046557506415 0.00537109375
0 0.1071217202604064 0.951416015625 0.007891102781613731 0.00732421875
0 0.5875419214835274 0.949462890625 0.0012823042020122311 0.00439453125
0 0.4471789307555731 0.951171875 0.007595186427303216 0.0078125
0 0.6067764845137108 0.95458984375 0.0044387453146577235 0.015625
0 0.6031268494772144 0.94775390625 0.0014795817715525744 0.001953125
0 0.37887157230222923 0.94775390625 0.0009863878477017164 0.0029296875
0 0.3546557506411521 0.94921875 0.00542513316235944 0.005859375
0 0.22267705661866247 0.947021484375 0.001874136910633261 0.00244140625
0 0.1843065693430657 0.947265625 0.0022686920497139475 0.0029296875
0 0.2577924639968436 0.946533203125 0.0008877490629315447 0.00244140625
0 0.22479779049122114 0.946533203125 0.0013809429867824028 0.00244140625
0 0.5851252712566581 0.9482421875 0.0019727756954034327 0.0068359375
0 0.20817715525744723 0.94677734375 0.002465969619254291 0.00390625
0 0.6071217202604063 0.9462890625 0.002170053264943776 0.00390625
0 0.41669954626159006 0.94482421875 0.0008877490629315447 0.001953125
0 0.12832905898599328 0.9453125 0.0033537186821858355 0.0029296875
0 0.340797001380943 0.94482421875 0.0017754981258630894 0.0029296875
0 0.18134740579996053 0.944580078125 0.0006904714933912014 0.00244140625
0 0.6209804695206155 0.950439453125 0.008581574275004932 0.01513671875
0 0.5492207536003156 0.945068359375 0.002170053264943776 0.00439453125
0 0.4885579009666601 0.944091796875 0.0011836654172420597 0.00244140625
0 0.18267902939435787 0.9443359375 0.0013809429867824028 0.0029296875
0 0.41526928388242257 0.943115234375 0.0013809429867824028 0.00244140625
0 0.6411027816137305 0.942626953125 0.0016768593410929177 0.00341796875
0 0.6222134543302427 0.944091796875 0.0051292168080489245 0.00634765625
0 0.4648352732294338 0.945068359375 0.010948905109489052 0.00927734375
0 0.11831722233182088 0.941650390625 0.0022686920497139475 0.00244140625
0 0.7014697178930756 0.9423828125 0.0038469126060366936 0.0048828125
0 0.5614026435194318 0.94140625 0.0014795817715525744 0.0029296875
0 0.5576543696981653 0.94140625 0.003255079897415664 0.0029296875
0 0.21370092720457684 0.941162109375 0.0014795817715525744 0.00244140625
0 0.1259124087591241 0.94189453125 0.007003353718682186 0.0048828125
0 0.44693233379364766 0.9423828125 0.004142828960347208 0.0068359375
0 0.19274018544091537 0.939453125 0.0013809429867824028 0.0029296875
0 0.7100512921680805 0.940673828125 0.0066087985796014995 0.00634765625
0 0.6197968041033735 0.9384765625 0.0016768593410929177 0.0029296875
0 0.44520615506016964 0.93798828125 0.0030578023278753207 0.001953125
0 0.1418425724995068 0.93994140625 0.005721049516669955 0.005859375
0 0.6038666403629908 0.9404296875 0.0033537186821858355 0.0078125
0 0.35071019925034524 0.93701171875 0.0008877490629315447 0.001953125
0 0.41571315841388834 0.938232421875 0.005819688301440126 0.00537109375
0 0.36151114618267904 0.938232421875 0.0013809429867824028 0.00537109375
0 0.2778654566975735 0.9375 0.0017754981258630894 0.0048828125
0 0.33783783783783783 0.935302734375 0.0017754981258630894 0.00244140625
0 0.33981061353324127 0.934326171875 0.002170053264943776 0.00244140625
0 0.35860130203195895 0.9345703125 0.0038469126060366936 0.00390625
0 0.14332215427105938 0.933837890625 0.004142828960347208 0.00439453125
0 0.5824127046754783 0.93359375 0.003452357466956007 0.0048828125
0 0.46301045571118565 0.93212890625 0.001578220556322746 0.001953125
0 0.560909449595581 0.93310546875 0.003255079897415664 0.0048828125
0 0.6929374630104557 0.931396484375 0.002170053264943776 0.00244140625
0 0.4311008088380351 0.9326171875 0.0036496350364963502 0.0048828125
0 0.21739988163345828 0.931396484375 0.0019727756954034327 0.00244140625
0 0.5866048530282106 0.93359375 0.0023673308344841193 0.0087890625
0 0.5681100808838035 0.9296875 0.0014795817715525744 0.001953125
0 0.6693627934503847 0.9287109375 0.0033537186821858355 0.0029296875
0 0.2423554941803117 0.927978515625 0.0019727756954034327 0.00244140625
0 0.10865062142434405 0.927978515625 0.002663247188794634 0.00244140625
0 0.35899585717103966 0.92822265625 0.007397908857762872 0.005859375
0 0.1446537778654567 0.927734375 0.002465969619254291 0.0048828125
0 0.5573091339514697 0.92578125 0.0009863878477017164 0.001953125
0 0.13153481949102386 0.927490234375 0.001874136910633261 0.00537109375
0 0.12744130992306174 0.92724609375 0.004142828960347208 0.0078125
0 0.13380351154073783 0.924072265625 0.001085026632471888 0.00244140625
0 0.6042611955020715 0.92431640625 0.002959163543105149 0.00390625
0 0.12181889919116197 0.92333984375 0.0027618859735648055 0.001953125
0 0.7106431248767016 0.92529296875 0.006411521010061156 0.0068359375
0 0.5485796014993095 0.923095703125 0.0012823042020122311 0.00244140625
0 0.42996646281317813 0.924560546875 0.004734661668968239 0.00537109375
0 0.6210297889130006 0.9248046875 0.005326494377589268 0.0068359375
0 0.2006312882225291 0.923828125 0.001578220556322746 0.0048828125
0 0.1404123101203393 0.924560546875 0.0044387453146577235 0.00634765625
0 0.11895837443282699 0.922607421875 0.0025646084040244622 0.00341796875
0 0.7317025054251332 0.9228515625 0.004537384099427895 0.0048828125
0 0.18134740579996053 0.921142578125 0.0012823042020122311 0.00341796875
0 0.3442000394555139 0.920654296875 0.003255079897415664 0.00341796875
0 0.19066877096074175 0.920166015625 0.0025646084040244622 0.00341796875
0 0.1431741960939041 0.920654296875 0.0038469126060366936 0.00439453125
0 0.5795028605247583 0.919189453125 0.0013809429867824028 0.00244140625
0 0.386762675083843 0.920654296875 0.003550996251726179 0.00634765625
0 0.22134543302426515 0.920166015625 0.0027618859735648055 0.00537109375
0 0.4500887749062932 0.9208984375 0.003748273821266522 0.0078125
0 0.7043302426514105 0.919189453125 0.008187019135924246 0.00634765625
0 0.6949595580982443 0.919921875 0.007397908857762872 0.0078125
0 0.1828269875715131 0.916748046875 0.002071414480173604 0.00244140625
0 0.6671434207930558 0.9189453125 0.01745906490432038 0.0087890625
0 0.5604162556717301 0.9169921875 0.006016965870980469 0.0048828125
0 0.6490432037877293 0.916259765625 0.003550996251726179 0.00439453125
0 0.3625468534227658 0.91552734375 0.002663247188794634 0.0029296875
0 0.2618366541724206 0.917236328125 0.002071414480173604 0.00634765625
0 0.19944762280528705 0.916015625 0.0013809429867824028 0.00390625
0 0.7107417636614717 0.9150390625 0.0022686920497139475 0.00390625
0 0.351745906490432 0.91455078125 0.003156441112645492 0.00390625
0 0.14445650029591636 0.915771484375 0.004044190175577037 0.00634765625
0 0.10682580390609588 0.916015625 0.0017754981258630894 0.0068359375
0 0.4078220556322746 0.9140625 0.0014795817715525744 0.00390625
0 0.10889721838626948 0.913818359375 0.0019727756954034327 0.00341796875
0 0.30790096666009076 0.912841796875 0.0030578023278753207 0.00244140625
0 0.7078812389031367 0.915283203125 0.004044190175577037 0.00927734375
0 0.30370881830735846 0.911865234375 0.0027618859735648055 0.00244140625
0 0.6141250739790886 0.9130859375 0.005326494377589268 0.005859375
0 0.23668376405602684 0.91162109375 0.0036496350364963502 0.0029296875
0 0.6768100217005326 0.910888671875 0.0014795817715525744 0.00341796875
0 0.5898106135332413 0.910888671875 0.002663247188794634 0.00341796875
0 0.5519826395738805 0.91259765625 0.002959163543105149 0.0068359375
0 0.64371670941014 0.911376953125 0.003156441112645492 0.00537109375
0 0.19481159992108898 0.91259765625 0.0023673308344841193 0.0078125
0 0.7072894061945156 0.909912109375 0.0022686920497139475 0.00341796875
0 0.6387354507792464 0.909423828125 0.002071414480173604 0.00244140625
0 0.6348885381732097 0.90771484375 0.0030578023278753207 0.001953125
0 0.3566778457289406 0.90869140625 0.0025646084040244622 0.00390625
0 0.32624778062734267 0.908203125 0.003255079897415664 0.0029296875
0 0.20107516275399487 0.909912109375 0.0030578023278753207 0.00634765625
0 0.5503550996251726 0.906982421875 0.001085026632471888 0.00146484375
0 0.46552574472282504 0.908935546875 0.0038469126060366936 0.00537109375
0 0.3403531268494772 0.90771484375 0.0038469126060366936 0.0029296875
0 0.33571710396527915 0.908203125 0.0038469126060366936 0.0048828125
0 0.14238508581574275 0.91064453125 0.008187019135924246 0.009765625
0 0.1494870783191951 0.906494140625 0.0038469126060366936 0.00244140625
0 0.6509173406983626 0.9072265625 0.004142828960347208 0.0048828125
0 0.6036693627934504 0.906005859375 0.0019727756954034327 0.00244140625
0 0.20250542513316236 0.906005859375 0.0011836654172420597 0.00244140625
0 0.21305977510357071 0.90380859375 0.0013809429867824028 0.001953125
0 0.7145393568751233 0.906005859375 0.0072992700729927005 0.00732421875
0 0.5865062142434405 0.904541015625 0.0025646084040244622 0.00439453125
0 0.16349378575655948 0.90380859375 0.003452357466956007 0.0029296875
0 0.3407476819885579 0.903076171875 0.001085026632471888 0.00244140625
0 0.2100512921680805 0.903076171875 0.0022686920497139475 0.00244140625
0 0.09646873150522786 0.90283203125 0.004734661668968239 0.0029296875
0 0.6632471887946341 0.90283203125 0.006707437364371671 0.00390625
0 0.5598737423554941 0.90380859375 0.0017754981258630894 0.005859375
0 0.13444466364174393 0.902587890625 0.006904714933912014 0.00341796875
0 0.5499605444860919 0.901123046875 0.001085026632471888 0.00244140625
0 0.40515880844347996 0.901123046875 0.0014795817715525744 0.00244140625
0 0.3428684158611166 0.902099609375 0.0025646084040244622 0.00439453125
0 0.33399092523180113 0.90185546875 0.0023673308344841193 0.00390625
0 0.21458867626750838 0.901123046875 0.0014795817715525744 0.00244140625
0 0.5573584533438548 0.9033203125 0.002663247188794634 0.0078125
0 0.722972972972973 0.904052734375 0.014302623791674886 0.01025390625
0 0.5542513316235944 0.9013671875 0.0025646084040244622 0.0048828125
0 0.24151706450976523 0.900634765625 0.003255079897415664 0.00341796875
0 0.1317320970605642 0.900146484375 0.0012823042020122311 0.00244140625
0 0.6038666403629908 0.900390625 0.002170053264943776 0.00390625
0 0.5894653777865456 0.899658203125 0.002170053264943776 0.00341796875
0 0.35337344643913987 0.900146484375 0.0028605247583349774 0.00439453125
0 0.33921878082462026 0.900146484375 0.004340106529887552 0.00439453125
0 0.6910140067074374 0.900146484375 0.005622410731899783 0.00537109375
0 0.10939041231012034 0.900146484375 0.001578220556322746 0.00537109375
0 0.14633063720654962 0.8984375 0.0008877490629315447 0.0029296875
0 0.12887157230222923 0.89794921875 0.002663247188794634 0.00390625
0 0.607466956007102 0.89697265625 0.0016768593410929177 0.0029296875
0 0.5854705070033537 0.89697265625 0.005227855592819097 0.00390625
0 0.14894456500295916 0.896240234375 0.001578220556322746 0.00244140625
0 0.3271848490826593 0.896484375 0.006904714933912014 0.00390625
0 0.7081771552574472 0.89697265625 0.004636022884198066 0.0068359375
0 0.6892878279739594 0.894775390625 0.001578220556322746 0.00244140625
0 0.5523771947129611 0.8955078125 0.0013809429867824028 0.00390625
0 0.7186821858354705 0.89599609375 0.0051292168080489245 0.005859375
0 0.1412507397908858 0.897705078125 0.006904714933912014 0.00927734375
0 0.686230025646084 0.895751953125 0.004142828960347208 0.00634765625
0 0.5877885184454528 0.89306640625 0.002170053264943776 0.001953125
0 0.1248273821266522 0.893310546875 0.0028605247583349774 0.00244140625
0 0.6226080094693234 0.89208984375 0.0011836654172420597 0.001953125
0 0.451173801538765 0.894287109375 0.002170053264943776 0.00732421875
0 0.1852929571907674 0.891845703125 0.0014795817715525744 0.00244140625
0 0.13395146971789307 0.8935546875 0.003156441112645492 0.005859375
0 0.14248372460051292 0.892333984375 0.003452357466956007 0.00439453125
0 0.6583645689485106 0.89111328125 0.001874136910633261 0.0029296875
0 0.559775103570724 0.89453125 0.007693825212073387 0.009765625
0 0.382767804300651 0.892578125 0.005030578023278753 0.005859375
0 0.20107516275399487 0.891845703125 0.004044190175577037 0.00439453125
0 0.47203590451765637 0.89111328125 0.0022686920497139475 0.00390625
0 0.33019333201814954 0.890625 0.0014795817715525744 0.0029296875
0 0.11747879266127441 0.892333984375 0.006510159794831328 0.00634765625
0 0.16541724205957783 0.89208984375 0.0072992700729927005 0.0068359375
0 0.10899585717103966 0.890625 0.004537384099427895 0.00390625
0 0.5539060958768988 0.8896484375 0.0030578023278753207 0.00390625
0 0.4636516078121918 0.889892578125 0.002663247188794634 0.00439453125
0 0.11358256066285263 0.890380859375 0.002465969619254291 0.00634765625
0 0.1282797395936082 0.8896484375 0.005819688301440126 0.005859375
0 0.7223318208719669 0.889404296875 0.006312882225290984 0.00634765625
0 0.6638883408956402 0.88916015625 0.0044387453146577235 0.005859375
0 0.6113138686131386 0.88818359375 0.001874136910633261 0.0048828125
0 0.560958768987966 0.889404296875 0.004537384099427895 0.00830078125
0 0.10731899782994674 0.885986328125 0.001578220556322746 0.00244140625
0 0.19111264549220752 0.88525390625 0.001085026632471888 0.001953125
0 0.20605642138488853 0.884765625 0.0023673308344841193 0.001953125
0 0.6315348194910239 0.885498046875 0.003255079897415664 0.00439453125
0 0.6216709410140067 0.884765625 0.0016768593410929177 0.0029296875
0 0.4031860327480765 0.884521484375 0.001085026632471888 0.00244140625
0 0.11096863286644308 0.88427734375 0.002170053264943776 0.001953125
0 0.6364667587295324 0.884521484375 0.004636022884198066 0.00341796875
0 0.5878378378378378 0.884765625 0.0022686920497139475 0.00390625
0 0.6070724008680213 0.884765625 0.0036496350364963502 0.005859375
0 0.6253698954428881 0.88427734375 0.005523771947129611 0.005859375
0 0.5524758334977313 0.8828125 0.0011836654172420597 0.0029296875
0 0.608650621424344 0.8818359375 0.001874136910633261 0.0029296875
0 0.6035707240086802 0.88232421875 0.002170053264943776 0.00390625
0 0.632225290984415 0.881103515625 0.002465969619254291 0.00244140625
0 0.10278161373051883 0.880859375 0.0023673308344841193 0.0029296875
0 0.5554843164332215 0.88037109375 0.001085026632471888 0.0029296875
0 0.5109489051094891 0.8798828125 0.000789110278161373 0.001953125
0 0.3000591832708621 0.88037109375 0.002959163543105149 0.0029296875
0 0.5736831722233182 0.879638671875 0.0027618859735648055 0.00341796875
0 0.5525744722825014 0.87890625 0.000789110278161373 0.001953125
0 0.670694417044782 0.87890625 0.002663247188794634 0.0029296875
0 0.6173308344841192 0.880126953125 0.006214243440520813 0.00537109375
0 0.23663444466364175 0.878662109375 0.0023673308344841193 0.00244140625
0 0.16610771355296902 0.87841796875 0.0013809429867824028 0.001953125
0 0.561451962911817 0.8779296875 0.004340106529887552 0.0029296875
0 0.33581574275004933 0.8779296875 0.0016768593410929177 0.0029296875
0 0.32960149930952853 0.879150390625 0.005227855592819097 0.00537109375
0 0.14031367133556916 0.87841796875 0.0022686920497139475 0.0048828125
0 0.10741763661471691 0.88037109375 0.0061156046557506415 0.0087890625
0 0.19698165318603275 0.8779296875 0.0023673308344841193 0.0048828125
0 0.6644308542118761 0.876708984375 0.004340106529887552 0.00341796875
0 0.19308542118761096 0.876220703125 0.00483330045373841 0.00439453125
0 0.6893864667587295 0.875732421875 0.006904714933912014 0.00439453125
0 0.6296113631880055 0.875244140625 0.003748273821266522 0.00341796875
0 0.42819096468731505 0.87451171875 0.0009863878477017164 0.001953125
0 0.6246301045571119 0.875732421875 0.00542513316235944 0.00537109375
0 0.4322351548628921 0.876220703125 0.0025646084040244622 0.00634765625
0 0.37566581179719866 0.874755859375 0.005622410731899783 0.00341796875
0 0.25246596961925427 0.874267578125 0.002071414480173604 0.00244140625
0 0.16472677056618662 0.874267578125 0.0017754981258630894 0.00244140625
0 0.16152101006115605 0.876220703125 0.004636022884198066 0.00634765625
0 0.14697178930755572 0.87353515625 0.0017754981258630894 0.001953125
0 0.5864568948510555 0.876953125 0.007200631288222529 0.009765625
0 0.31727165121325707 0.873291015625 0.002071414480173604 0.00244140625
0 0.5598737423554941 0.873291015625 0.001578220556322746 0.00341796875
0 0.5499605444860919 0.87353515625 0.006806076149141842 0.0048828125
0 0.556865259420004 0.871826171875 0.0008877490629315447 0.00244140625
0 0.6693627934503847 0.8720703125 0.0025646084040244622 0.00390625
0 0.5335371868218584 0.87158203125 0.004734661668968239 0.0029296875
0 0.5411323732491615 0.870849609375 0.001578220556322746 0.00244140625
0 0.1202899980272243 0.871826171875 0.00483330045373841 0.00439453125
0 0.6044091536792267 0.870361328125 0.001085026632471888 0.00244140625
0 0.725290984415072 0.870849609375 0.0051292168080489245 0.00439453125
0 0.433320181495364 0.869384765625 0.0023673308344841193 0.00341796875
0 0.3345334385480371 0.86962890625 0.005622410731899783 0.00390625
0 0.6896823831130401 0.86865234375 0.004734661668968239 0.00390625
0 0.5219964490037483 0.867431640625 0.0013809429867824028 0.00146484375
0 0.2440816729137897 0.867919921875 0.001874136910633261 0.00244140625
0 0.1745906490432038 0.86865234375 0.005918327086210298 0.00390625
0 0.4691753797593214 0.867431640625 0.0016768593410929177 0.00244140625
0 0.6940718090353127 0.867919921875 0.005622410731899783 0.00439453125
0 0.6253698954428881 0.867919921875 0.004340106529887552 0.00439453125
0 0.38271848490826593 0.86865234375 0.005918327086210298 0.005859375
0 0.20566186624580785 0.868896484375 0.0051292168080489245 0.00634765625
0 0.1920003945551391 0.865234375 0.001085026632471888 0.001953125
0 0.16743933714736634 0.866943359375 0.005622410731899783 0.00537109375
0 0.43514499901361214 0.866455078125 0.0030578023278753207 0.00634765625
0 0.19382521207338727 0.86572265625 0.0023673308344841193 0.0048828125
0 0.1376997435391596 0.864501953125 0.0017754981258630894 0.00244140625
0 0.6488952456105741 0.864990234375 0.002465969619254291 0.00439453125
0 0.4394851055434997 0.864013671875 0.002071414480173604 0.00244140625
0 0.16221148155454726 0.86474609375 0.006016965870980469 0.00390625
0 0.5898599329256263 0.864990234375 0.005523771947129611 0.00537109375
0 0.4494969421976721 0.863525390625 0.0009863878477017164 0.00244140625
0 0.3314263168277767 0.864501953125 0.008680213059775104 0.00439453125
0 0.3248175182481752 0.864013671875 0.003550996251726179 0.00341796875
0 0.6133852830933123 0.8623046875 0.0012823042020122311 0.001953125
0 0.5503550996251726 0.862548828125 0.0028605247583349774 0.00244140625
0 0.4375123298480963 0.862060546875 0.004044190175577037 0.00244140625
0 0.2249457486683764 0.861572265625 0.002663247188794634 0.00244140625
0 0.1961925429078714 0.86328125 0.0023673308344841193 0.005859375
0 0.6066778457289406 0.862548828125 0.003452357466956007 0.00537109375
0 0.41763661471690666 0.862060546875 0.002170053264943776 0.00439453125
0 0.240234760307753 0.86181640625 0.004044190175577037 0.0048828125
0 0.1498323140658907 0.862060546875 0.007496547642533044 0.00537109375
0 0.22030972578417835 0.860595703125 0.006214243440520813 0.00341796875
0 0.2155750641152101 0.85986328125 0.0016768593410929177 0.001953125
0 0.5590353126849478 0.860107421875 0.0036496350364963502 0.00341796875
0 0.332166107713553 0.85986328125 0.0028605247583349774 0.0029296875
0 0.545373840994279 0.860107421875 0.004142828960347208 0.00439453125
0 0.4489051094890511 0.859375 0.002170053264943776 0.0029296875
0 0.30331426316827775 0.85888671875 0.0027618859735648055 0.0029296875
0 0.43889327283487867 0.858154296875 0.002071414480173604 0.00244140625
0 0.3363582560662853 0.85888671875 0.002959163543105149 0.00390625
0 0.6731110672716513 0.85888671875 0.006904714933912014 0.0048828125
0 0.25162753994870785 0.85888671875 0.004537384099427895 0.0048828125
0 0.1384395344249359 0.859130859375 0.006016965870980469 0.00634765625
0 0.6613730518840008 0.859375 0.007891102781613731 0.0078125
0 0.6569836259617281 0.85791015625 0.004044190175577037 0.0048828125
0 0.5627835865062143 0.8564453125 0.0014795817715525744 0.001953125
0 0.36545669757348587 0.8583984375 0.003748273821266522 0.005859375
0 0.6903728546064313 0.856201171875 0.0025646084040244622 0.00244140625
0 0.5218978102189781 0.855224609375 0.0011836654172420597 0.00146484375
0 0.16433221542710594 0.855712890625 0.0019727756954034327 0.00244140625
0 0.3237818110080884 0.856201171875 0.0038469126060366936 0.00439453125
0 0.22972972972972974 0.8544921875 0.0023673308344841193 0.001953125
0 0.24422963109094495 0.855712890625 0.005523771947129611 0.00537109375
0 0.2020615506016966 0.85498046875 0.005030578023278753 0.00390625
0 0.19624186230025645 0.85498046875 0.0022686920497139475 0.00390625
0 0.6835667784572894 0.853759765625 0.001578220556322746 0.00244140625
0 0.16221148155454726 0.85400390625 0.0016768593410929177 0.0029296875
0 0.7176957979877688 0.853759765625 0.0033537186821858355 0.00341796875
0 0.3275300848293549 0.853515625 0.002465969619254291 0.0029296875
0 0.2086703491812981 0.856201171875 0.003452357466956007 0.00830078125
0 0.15935095679621228 0.853515625 0.003255079897415664 0.0029296875
0 0.1467251923456303 0.854248046875 0.001874136910633261 0.00439453125
0 0.6695107516275399 0.8525390625 0.001085026632471888 0.001953125
0 0.6669461432235155 0.853515625 0.002663247188794634 0.00390625
0 0.6512625764450582 0.8505859375 0.001085026632471888 0.001953125
0 0.30859143815348195 0.850830078125 0.0008877490629315447 0.00244140625
0 0.23564805681594003 0.850830078125 0.0019727756954034327 0.00244140625
0 0.2267212467942395 0.8505859375 0.004044190175577037 0.00390625
0 0.5756559479187217 0.84912109375 0.001578220556322746 0.0029296875
0 0.20679621227066483 0.848388671875 0.00483330045373841 0.00244140625
0 0.7185835470507004 0.8486328125 0.0023673308344841193 0.00390625
0 0.5561747879266128 0.848876953125 0.00542513316235944 0.00439453125
0 0.5425626356283291 0.848876953125 0.00424146774511738 0.00439453125
0 0.285608601302032 0.848876953125 0.007003353718682186 0.00439453125
0 0.33103176168869597 0.847900390625 0.002170053264943776 0.00341796875
0 0.22785559281909648 0.847412109375 0.002170053264943776 0.00244140625
0 0.16383902150325508 0.84765625 0.004142828960347208 0.0029296875
0 0.5647563622016176 0.84716796875 0.002663247188794634 0.0029296875
0 0.44456500295916357 0.84716796875 0.0017754981258630894 0.0029296875
0 0.7113335963700927 0.84716796875 0.0028605247583349774 0.00390625
0 0.6657131584138883 0.8466796875 0.0017754981258630894 0.0029296875
0 0.24728743341882028 0.8466796875 0.0025646084040244622 0.0029296875
0 0.6740974551193529 0.845703125 0.004734661668968239 0.0029296875
0 0.19836259617281515 0.8466796875 0.007891102781613731 0.0048828125
0 0.5605642138488853 0.844970703125 0.003550996251726179 0.00341796875
0 0.5595285066087986 0.8466796875 0.005622410731899783 0.0068359375
0 0.24156638390215032 0.845458984375 0.0051292168080489245 0.00439453125
0 0.3219569934898402 0.84521484375 0.006904714933912014 0.0068359375
0 0.4402742158216611 0.84423828125 0.002071414480173604 0.0068359375
0 0.21952061550601695 0.841796875 0.0022686920497139475 0.001953125
0 0.15584927993687117 0.843017578125 0.004931939238508582 0.00439453125
0 0.5509469323337937 0.84326171875 0.00976523969224699 0.005859375
0 0.301144209903334 0.842041015625 0.0033537186821858355 0.00341796875
0 0.3681692641546656 0.845458984375 0.006016965870980469 0.01123046875
0 0.25434010652988753 0.841064453125 0.002663247188794634 0.00244140625
0 0.43696981653186034 0.83984375 0.002170053264943776 0.001953125
0 0.3110574077727362 0.83984375 0.001085026632471888 0.001953125
0 0.23845926218188992 0.8408203125 0.007200631288222529 0.00390625
0 0.21345433024265142 0.84033203125 0.0027618859735648055 0.0029296875
0 0.3566285263365555 0.839111328125 0.0028605247583349774 0.00244140625
0 0.31628526336555535 0.8388671875 0.0014795817715525744 0.001953125
0 0.16581179719865852 0.840576171875 0.003550996251726179 0.00537109375
0 0.5440422173998817 0.838623046875 0.0016768593410929177 0.00244140625
0 0.5271256658117972 0.83837890625 0.0013809429867824028 0.001953125
0 0.31278358650621424 0.838623046875 0.0017754981258630894 0.00244140625
0 0.28605247583349774 0.83837890625 0.0019727756954034327 0.001953125
0 0.2883704872755968 0.837646484375 0.002071414480173604 0.00244140625
0 0.15219964490037483 0.837890625 0.0025646084040244622 0.0029296875
0 0.57757940422174 0.837158203125 0.0012823042020122311 0.00244140625
0 0.24787926612744132 0.837158203125 0.0013809429867824028 0.00244140625
0 0.5532649437758926 0.836669921875 0.004537384099427895 0.00244140625
0 0.5584434799763267 0.83740234375 0.00483330045373841 0.005859375
0 0.5159794831327678 0.83544921875 0.0013809429867824028 0.001953125
0 0.2236634444663642 0.835693359375 0.0022686920497139475 0.00244140625
0 0.6385874926020911 0.835205078125 0.0023673308344841193 0.00244140625
0 0.3510061156046558 0.836669921875 0.006214243440520813 0.00537109375
0 0.25330439928980075 0.838134765625 0.007101992503452358 0.00830078125
0 0.4467350562241073 0.83447265625 0.0011836654172420597 0.001953125
0 0.3665910435983429 0.834716796875 0.001874136910633261 0.00244140625
0 0.30642138488853815 0.834716796875 0.002071414480173604 0.00244140625
0 0.21606825803906096 0.83447265625 0.002071414480173604 0.001953125
0 0.6854902347603078 0.833984375 0.00542513316235944 0.0029296875
0 0.43766028802525153 0.834228515625 0.004142828960347208 0.00341796875
0 0.35657920694417045 0.83447265625 0.0033537186821858355 0.00390625
0 0.5700335371868218 0.832763671875 0.008680213059775104 0.00537109375
0 0.15002959163543106 0.8330078125 0.005918327086210298 0.005859375
0 0.6604853028210692 0.830810546875 0.0019727756954034327 0.00244140625
0 0.5399487078319195 0.8310546875 0.0027618859735648055 0.0029296875
0 0.5796014993095285 0.828369140625 0.0013809429867824028 0.00244140625
0 0.5352633655553364 0.828857421875 0.00424146774511738 0.00341796875
0 0.15944959558098246 0.827880859375 0.001874136910633261 0.00244140625
0 0.2318997829946735 0.827880859375 0.004734661668968239 0.00341796875
0 0.35416255671730124 0.826904296875 0.002663247188794634 0.00341796875
0 0.2413197869402249 0.82666015625 0.007397908857762872 0.00390625
0 0.15693430656934307 0.826171875 0.0023673308344841193 0.0029296875
0 0.5773328072598145 0.825439453125 0.0019727756954034327 0.00244140625
0 0.20817715525744723 0.825439453125 0.0030578023278753207 0.00244140625
0 0.5624383507595186 0.826171875 0.006707437364371671 0.0048828125
0 0.10056224107318998 0.824951171875 0.004636022884198066 0.00439453125
0 0.5898106135332413 0.82373046875 0.0016768593410929177 0.0029296875
0 0.688548037088183 0.8232421875 0.0030578023278753207 0.0029296875
0 0.22312093115012824 0.822998046875 0.0019727756954034327 0.00244140625
0 0.22045768396133358 0.822998046875 0.0025646084040244622 0.00244140625
0 0.6926908660485303 0.822998046875 0.002071414480173604 0.00341796875
0 0.3613138686131387 0.8251953125 0.006904714933912014 0.0078125
0 0.1884000789110278 0.82275390625 0.0027618859735648055 0.0029296875
0 0.34878674294732687 0.8232421875 0.006312882225290984 0.0048828125
0 0.23584533438548036 0.822021484375 0.0017754981258630894 0.00244140625
0 0.21478595383704874 0.82275390625 0.006214243440520813 0.00390625
0 0.5720063128822253 0.821533203125 0.0019727756954034327 0.00244140625
0 0.5679128033142632 0.82177734375 0.005227855592819097 0.0029296875
0 0.5543992898007497 0.8212890625 0.003452357466956007 0.001953125
0 0.23071611757743143 0.821533203125 0.001578220556322746 0.00244140625
0 0.3025744722825015 0.8203125 0.0012823042020122311 0.001953125
0 0.25784178338922864 0.821044921875 0.0019727756954034327 0.00341796875
0 0.26686723219569936 0.820556640625 0.0016768593410929177 0.00341796875
0 0.20635233773919906 0.819091796875 0.003156441112645492 0.00439453125
0 0.1939731702505425 0.818359375 0.0036496350364963502 0.0029296875
0 0.23382323929769186 0.8173828125 0.005622410731899783 0.0029296875
0 0.1675379759321365 0.818603515625 0.005819688301440126 0.00634765625
0 0.5294929966462814 0.81640625 0.003550996251726179 0.0029296875
0 0.22455119352929573 0.814697265625 0.0012823042020122311 0.00244140625
0 0.2144900374827382 0.814697265625 0.001085026632471888 0.00244140625
0 0.11027816137305188 0.81494140625 0.0027618859735648055 0.0029296875
0 0.6728151509173407 0.814208984375 0.0017754981258630894 0.00244140625
0 0.5390116393766029 0.818115234375 0.009962517261787335 0.01025390625
0 0.6547149339120142 0.814208984375 0.0030578023278753207 0.00341796875
0 0.5203195896626553 0.812744140625 0.0023673308344841193 0.00244140625
0 0.24980272243045964 0.812744140625 0.002071414480173604 0.00244140625
0 0.21148155454724799 0.8134765625 0.004340106529887552 0.00390625
0 0.160337344643914 0.8134765625 0.0012823042020122311 0.00390625
0 0.5599230617478793 0.8125 0.0036496350364963502 0.00390625
0 0.6767113829157625 0.8115234375 0.0022686920497139475 0.0029296875
0 0.5160288025251529 0.811279296875 0.0030578023278753207 0.00244140625
0 0.5432037877293352 0.811279296875 0.0013809429867824028 0.00439453125
0 0.25882817123693036 0.810302734375 0.003550996251726179 0.00439453125
0 0.14549220753600314 0.811279296875 0.0039455513908068654 0.00634765625
0 0.5474945748668376 0.809814453125 0.005819688301440126 0.00439453125
0 0.15501085026632472 0.809326171875 0.003255079897415664 0.00341796875
0 0.551094890510949 0.808349609375 0.0019727756954034327 0.00244140625
0 0.16837640560268297 0.810791015625 0.0051292168080489245 0.00927734375
0 0.2210988360623397 0.807373046875 0.003255079897415664 0.00341796875
0 0.5753600315644112 0.8076171875 0.003748273821266522 0.0048828125
0 0.5309232590254488 0.806884765625 0.003452357466956007 0.00341796875
0 0.24802722430459656 0.806640625 0.002465969619254291 0.0029296875
0 0.22578417833892286 0.8056640625 0.0011836654172420597 0.001953125
0 0.1967350562241073 0.806396484375 0.002071414480173604 0.00341796875
0 0.10391595975537582 0.808349609375 0.006806076149141842 0.00830078125
0 0.17828960347208522 0.806396484375 0.005030578023278753 0.00537109375
0 0.5240678634839219 0.8046875 0.0033537186821858355 0.0029296875
0 0.2882718484908266 0.80419921875 0.0014795817715525744 0.001953125
0 0.2200631288222529 0.80224609375 0.0025646084040244622 0.001953125
0 0.16354310514894457 0.807373046875 0.004537384099427895 0.01318359375
0 0.1950088774906293 0.801025390625 0.0011836654172420597 0.00244140625
0 0.5723022292365358 0.799072265625 0.0017754981258630894 0.00244140625
0 0.10628329058985993 0.80029296875 0.007595186427303216 0.0048828125
0 0.2912803314263168 0.798583984375 0.0019727756954034327 0.00244140625
0 0.19032353521404616 0.798583984375 0.0044387453146577235 0.00439453125
0 0.5503057802327875 0.797119140625 0.0019727756954034327 0.00244140625
0 0.18366541724205956 0.797119140625 0.0023673308344841193 0.00244140625
0 0.5207634641941211 0.79736328125 0.006411521010061156 0.00390625
0 0.5095679621227066 0.79638671875 0.0011836654172420597 0.001953125
0 0.3468139672519235 0.7958984375 0.0011836654172420597 0.001953125
0 0.2391990530676662 0.7958984375 0.003156441112645492 0.0029296875
0 0.2281021897810219 0.795654296875 0.003255079897415664 0.00244140625
0 0.5261392779640954 0.797607421875 0.004537384099427895 0.00830078125
0 0.5864075754586704 0.794677734375 0.005523771947129611 0.00341796875
0 0.36220161767607023 0.794677734375 0.002959163543105149 0.00341796875
0 0.2763858749260209 0.794189453125 0.004734661668968239 0.00244140625
0 0.17168080489248372 0.79345703125 0.002663247188794634 0.0029296875
0 0.5321069244426909 0.792236328125 0.004636022884198066 0.00341796875
0 0.33714736634444664 0.79150390625 0.007693825212073387 0.00390625
0 0.3198362596172815 0.791748046875 0.008384296705464589 0.00439453125
0 0.22603077530084828 0.791259765625 0.005819688301440126 0.00341796875
0 0.21986585125271257 0.791015625 0.005523771947129611 0.0029296875
0 0.5187906884987177 0.791015625 0.006016965870980469 0.00390625
0 0.5136121522982837 0.790283203125 0.003550996251726179 0.00244140625
0 0.18770960741763662 0.791015625 0.004734661668968239 0.0068359375
0 0.5824620240678635 0.7880859375 0.0033537186821858355 0.0029296875
0 0.3496744920102584 0.787841796875 0.003156441112645492 0.00244140625
0 0.17636614716906687 0.789306640625 0.003550996251726179 0.00537109375
0 0.23303412901953047 0.78759765625 0.005227855592819097 0.0029296875
0 0.17168080489248372 0.787353515625 0.0038469126060366936 0.00341796875
0 0.34612349575853224 0.786865234375 0.003156441112645492 0.00341796875
0 0.5253994870783192 0.78564453125 0.0022686920497139475 0.001953125
0 0.1898796606825804 0.788330078125 0.0033537186821858355 0.00732421875
0 0.18366541724205956 0.785888671875 0.002959163543105149 0.00244140625
0 0.6088478989938844 0.785888671875 0.006411521010061156 0.00341796875
0 0.19165515880844347 0.78515625 0.0013809429867824028 0.001953125
0 0.6033241270467548 0.784423828125 0.002465969619254291 0.00244140625
0 0.2993193923850858 0.784423828125 0.0014795817715525744 0.00244140625
0 0.4593115012823042 0.783203125 0.001085026632471888 0.001953125
0 0.4692740185440915 0.7841796875 0.007595186427303216 0.0048828125
0 0.45457683961333595 0.783203125 0.0036496350364963502 0.0029296875
0 0.5155849279936872 0.781494140625 0.004734661668968239 0.00341796875
0 0.26913592424541327 0.780517578125 0.0038469126060366936 0.00244140625
0 0.1762181889919116 0.782470703125 0.010948905109489052 0.00634765625
0 0.1004636022884198 0.78076171875 0.002465969619254291 0.0029296875
0 0.24709015584927993 0.78076171875 0.003550996251726179 0.00390625
0 0.45171631485500097 0.779541015625 0.00483330045373841 0.00244140625
0 0.23604261195502071 0.779296875 0.0017754981258630894 0.001953125
0 0.10889721838626948 0.78076171875 0.003550996251726179 0.0048828125
0 0.44540343262971 0.779541015625 0.0030578023278753207 0.00341796875
0 0.17602091142237128 0.7783203125 0.0016768593410929177 0.001953125
0 0.5249062931544684 0.777587890625 0.0036496350364963502 0.00244140625
0 0.16709410140067074 0.777099609375 0.001578220556322746 0.00244140625
0 0.10973564805681595 0.77734375 0.002071414480173604 0.0029296875
0 0.5784178338922864 0.7763671875 0.004537384099427895 0.0029296875
0 0.10445847307161175 0.77685546875 0.0061156046557506415 0.00390625
0 0.6251726178733478 0.77685546875 0.005721049516669955 0.0048828125
0 0.5910435983428685 0.77490234375 0.0039455513908068654 0.005859375
0 0.5199743539159598 0.775634765625 0.0077924639968435586 0.00732421875
0 0.19096468731505228 0.775390625 0.005721049516669955 0.0068359375
0 0.27801341487472875 0.7744140625 0.007003353718682186 0.005859375
0 0.2575458670349181 0.7724609375 0.003156441112645492 0.001953125
0 0.3658512527125666 0.77197265625 0.002959163543105149 0.001953125
0 0.160337344643914 0.772705078125 0.0038469126060366936 0.00341796875
0 0.21532846715328466 0.772216796875 0.0017754981258630894 0.00341796875
0 0.3585519826395739 0.77099609375 0.0011836654172420597 0.001953125
0 0.29394357861511144 0.77392578125 0.006707437364371671 0.009765625
0 0.3404024462418623 0.76953125 0.0017754981258630894 0.001953125
0 0.2880252515289012 0.769287109375 0.002170053264943776 0.00244140625
0 0.23559873742355494 0.770263671875 0.00542513316235944 0.00439453125
0 0.19426908660485304 0.769287109375 0.002663247188794634 0.00244140625
0 0.17602091142237128 0.77001953125 0.004636022884198066 0.00390625
0 0.10199250345235747 0.769287109375 0.004142828960347208 0.00244140625
0 0.3443973170250543 0.76904296875 0.005227855592819097 0.0029296875
0 0.4384493983034129 0.76953125 0.003156441112645492 0.0048828125
0 0.20068060761491419 0.767822265625 0.00483330045373841 0.00341796875
0 0.27969027421582165 0.76611328125 0.0012823042020122311 0.001953125
0 0.28210692444269087 0.765625 0.0009863878477017164 0.001953125
0 0.4100414282896035 0.765625 0.0025646084040244622 0.0029296875
0 0.45492207536003154 0.764892578125 0.0019727756954034327 0.00244140625
0 0.4131485500098639 0.764404296875 0.002465969619254291 0.00244140625
0 0.19732688893272834 0.763916015625 0.0016768593410929177 0.00244140625
0 0.3066679818504636 0.76318359375 0.0009863878477017164 0.001953125
0 0.20605642138488853 0.76416015625 0.003550996251726179 0.00390625
0 0.4440718090353127 0.762451171875 0.003550996251726179 0.00244140625
0 0.4394851055434997 0.763916015625 0.002465969619254291 0.00537109375
0 0.2486683764056027 0.764892578125 0.006707437364371671 0.00830078125
0 0.5081376997435392 0.76123046875 0.001874136910633261 0.001953125
0 0.33990925231801145 0.761962890625 0.005918327086210298 0.00439453125
0 0.32945354113237324 0.761962890625 0.008088380351154074 0.00439453125
0 0.28388242256855395 0.760986328125 0.003550996251726179 0.00244140625
0 0.23688104162556717 0.7607421875 0.0016768593410929177 0.001953125
0 0.448263957388045 0.7607421875 0.003255079897415664 0.0029296875
0 0.5909449595580982 0.759765625 0.0039455513908068654 0.001953125
0 0.18164332215427106 0.764892578125 0.00976523969224699 0.01220703125
0 0.3629907279542316 0.75927734375 0.002170053264943776 0.001953125
0 0.241960939041231 0.760498046875 0.007496547642533044 0.00439453125
0 0.3483428684158611 0.759521484375 0.0030578023278753207 0.00439453125
0 0.2544880647070428 0.760009765625 0.007101992503452358 0.00537109375
0 0.1509173406983626 0.76025390625 0.004142828960347208 0.005859375
0 0.6035707240086802 0.758056640625 0.0017754981258630894 0.00244140625
0 0.4124087591240876 0.7578125 0.0019727756954034327 0.001953125
0 0.41043598342868415 0.758056640625 0.0011836654172420597 0.00244140625
0 0.27559676464785954 0.7578125 0.0017754981258630894 0.001953125
0 0.35179522588281714 0.757568359375 0.0016768593410929177 0.00244140625
0 0.15772341684750443 0.758056640625 0.0033537186821858355 0.00341796875
0 0.18692049713947523 0.7568359375 0.002959163543105149 0.001953125
0 0.5313671335569146 0.7548828125 0.002959163543105149 0.001953125
0 0.33152495561254686 0.755615234375 0.0061156046557506415 0.00341796875
0 0.4408660485302821 0.756103515625 0.0028605247583349774 0.00537109375
0 0.24097455119352928 0.755126953125 0.006510159794831328 0.00341796875
0 0.22169066877096075 0.75634765625 0.0028605247583349774 0.005859375
0 0.18332018149536397 0.754150390625 0.003452357466956007 0.00244140625
0 0.5889721838626948 0.75390625 0.0061156046557506415 0.00390625
0 0.3352732294338134 0.7529296875 0.0013809429867824028 0.001953125
0 0.25951864273032155 0.7529296875 0.0011836654172420597 0.001953125
0 0.180459656737029 0.75439453125 0.0016768593410929177 0.0048828125
0 0.5797001380942987 0.752685546875 0.004537384099427895 0.00537109375
0 0.28698954428881435 0.751708984375 0.007200631288222529 0.00439453125
0 0.2645985401459854 0.750244140625 0.0012823042020122311 0.00244140625
0 0.2527618859735648 0.75146484375 0.0022686920497139475 0.0048828125
0 0.6156539751430262 0.749755859375 0.0028605247583349774 0.00244140625
0 0.21231998421779444 0.75048828125 0.001874136910633261 0.00390625
0 0.17636614716906687 0.75 0.004931939238508582 0.0029296875
0 0.20857171039652792 0.74951171875 0.0022686920497139475 0.0029296875
0 0.2389031367133557 0.749755859375 0.0051292168080489245 0.00439453125
0 0.23515486289208917 0.7470703125 0.003748273821266522 0.0029296875
0 0.1171828763069639 0.746826171875 0.0013809429867824028 0.00244140625
0 0.17355494180311698 0.74658203125 0.0028605247583349774 0.00390625
0 0.10968632866443086 0.7470703125 0.0061156046557506415 0.0048828125
0 0.1863779838232393 0.7490234375 0.004636022884198066 0.009765625
0 0.274709015584928 0.744384765625 0.001578220556322746 0.00146484375
0 0.19382521207338727 0.74462890625 0.0013809429867824028 0.001953125
0 0.2809725784178339 0.7451171875 0.0038469126060366936 0.0048828125
0 0.2617873347800355 0.7431640625 0.0023673308344841193 0.001953125
0 0.6072203590451766 0.742919921875 0.005523771947129611 0.00341796875
0 0.24709015584927993 0.744384765625 0.006312882225290984 0.00634765625
0 0.2082757940422174 0.7431640625 0.0016768593410929177 0.00390625
0 0.12324916157032946 0.742919921875 0.0016768593410929177 0.00341796875
0 0.41571315841388834 0.74169921875 0.0008877490629315447 0.001953125
0 0.34577826001183665 0.741455078125 0.0016768593410929177 0.00244140625
0 0.5966166896823831 0.741943359375 0.00542513316235944 0.00439453125
0 0.45733872558690075 0.740966796875 0.003255079897415664 0.00244140625
0 0.17365358058788716 0.741455078125 0.006016965870980469 0.00439453125
0 0.5435490234760307 0.740478515625 0.0066087985796014995 0.00439453125
0 0.41911619648845927 0.740234375 0.0025646084040244622 0.00390625
0 0.2858551982639574 0.739501953125 0.0013809429867824028 0.00244140625
0 0.12497534030380746 0.74072265625 0.001578220556322746 0.0048828125
0 0.18031169855987375 0.741455078125 0.005326494377589268 0.00732421875
0 0.5499605444860919 0.73828125 0.0044387453146577235 0.0029296875
0 0.33152495561254686 0.739501953125 0.0051292168080489245 0.00634765625
0 0.46848490826593014 0.73876953125 0.007200631288222529 0.005859375
0 0.2336752811205366 0.736572265625 0.0017754981258630894 0.00146484375
0 0.10662852633655553 0.73681640625 0.001578220556322746 0.001953125
0 0.5838429670546459 0.736328125 0.0023673308344841193 0.001953125
0 0.3221049516669955 0.73583984375 0.0022686920497139475 0.001953125
0 0.5929177352535017 0.73681640625 0.00848293549023476 0.0048828125
0 0.2555730913395147 0.73583984375 0.0025646084040244622 0.0029296875
0 0.18356677845728941 0.736083984375 0.0033537186821858355 0.00341796875
0 0.1178733478003551 0.739013671875 0.0027618859735648055 0.01025390625
0 0.2497040836456895 0.734375 0.0030578023278753207 0.001953125
0 0.12083251134346025 0.73486328125 0.0025646084040244622 0.0029296875
0 0.11570329453541132 0.736083984375 0.0019727756954034327 0.00537109375
0 0.23707831919510752 0.7353515625 0.0036496350364963502 0.0048828125
0 0.16078121917537977 0.73388671875 0.0017754981258630894 0.001953125
0 0.13094298678240285 0.737060546875 0.0030578023278753207 0.00927734375
0 0.4746005129216808 0.734375 0.004636022884198066 0.0048828125
0 0.2851647267705662 0.733154296875 0.0033537186821858355 0.00244140625
0 0.12675083842967055 0.733642578125 0.0017754981258630894 0.00439453125
0 0.5796014993095285 0.734619140625 0.006904714933912014 0.00830078125
0 0.5036989544288815 0.734619140625 0.005030578023278753 0.00830078125
0 0.34602485697376206 0.7314453125 0.0011836654172420597 0.001953125
0 0.24482146379956599 0.732666015625 0.0039455513908068654 0.00439453125
0 0.17094101400670744 0.7314453125 0.0009863878477017164 0.001953125
0 0.4840698362596173 0.73095703125 0.0014795817715525744 0.001953125
0 0.41990530676662063 0.731689453125 0.0025646084040244622 0.00341796875
0 0.11318800552377195 0.731201171875 0.0014795817715525744 0.00244140625
0 0.4142335766423358 0.73046875 0.0014795817715525744 0.001953125
0 0.11160978496744921 0.73095703125 0.0012823042020122311 0.0029296875
0 0.1690175577036891 0.72998046875 0.0016768593410929177 0.0029296875
0 0.24043203787729336 0.7294921875 0.00424146774511738 0.0029296875
0 0.25221937265732886 0.7294921875 0.007693825212073387 0.00390625
0 0.22154271059380548 0.733154296875 0.007891102781613731 0.01123046875
0 0.17784572894061945 0.732666015625 0.007891102781613731 0.01025390625
0 0.4228151509173407 0.72900390625 0.0022686920497139475 0.00390625
0 0.26790293943578614 0.728515625 0.004340106529887552 0.0029296875
0 0.48145590846320774 0.727783203125 0.002959163543105149 0.00244140625
0 0.11876109686328665 0.7275390625 0.001578220556322746 0.001953125
0 0.5804892483724601 0.72802734375 0.0023673308344841193 0.00390625
0 0.12680015782205564 0.728271484375 0.00483330045373841 0.00439453125
0 0.11530873939633064 0.72900390625 0.0025646084040244622 0.005859375
0 0.17306174787926612 0.72900390625 0.0030578023278753207 0.0078125
0 0.14223712763858748 0.73046875 0.005523771947129611 0.0107421875
0 0.180459656737029 0.7265625 0.0022686920497139475 0.00390625
0 0.27283487867429473 0.726318359375 0.0039455513908068654 0.00439453125
0 0.5888242256855396 0.725830078125 0.00424146774511738 0.00439453125
0 0.285066087985796 0.726318359375 0.006707437364371671 0.00537109375
0 0.1832215427105938 0.724365234375 0.005622410731899783 0.00341796875
0 0.14524561057407773 0.723876953125 0.0022686920497139475 0.00244140625
0 0.16837640560268297 0.723388671875 0.003748273821266522 0.00341796875
0 0.22726376011047544 0.720947265625 0.0023673308344841193 0.00244140625
0 0.3278753205760505 0.719482421875 0.002170053264943776 0.00244140625
0 0.13883408956401658 0.72216796875 0.003255079897415664 0.0078125
0 0.2951765634247386 0.718994140625 0.0006904714933912014 0.00244140625
0 0.27022095087788517 0.7197265625 0.0036496350364963502 0.005859375
0 0.1675872953245216 0.71826171875 0.004931939238508582 0.00390625
0 0.4470802919708029 0.716552734375 0.002071414480173604 0.00244140625
0 0.3209212862497534 0.7158203125 0.0022686920497139475 0.001953125
0 0.17824028407970013 0.717529296875 0.004931939238508582 0.00537109375
0 0.5374827382126652 0.7177734375 0.006707437364371671 0.0068359375
0 0.556372065496153 0.716552734375 0.00483330045373841 0.00537109375
0 0.27549812586308936 0.71484375 0.0013809429867824028 0.001953125
0 0.23125863089366738 0.715087890625 0.0028605247583349774 0.00341796875
0 0.28052870388636814 0.71484375 0.005523771947129611 0.00390625
0 0.2350069047149339 0.71484375 0.003452357466956007 0.00390625
0 0.22677056618662458 0.71533203125 0.004931939238508582 0.0068359375
0 0.5347208522391004 0.711181640625 0.0025646084040244622 0.00146484375
0 0.3135726967843756 0.710205078125 0.002170053264943776 0.00244140625
0 0.2793943578615111 0.710205078125 0.002071414480173604 0.00244140625
0 0.22677056618662458 0.708984375 0.0009863878477017164 0.001953125
0 0.5658413888340895 0.708740234375 0.0028605247583349774 0.00244140625
0 0.22479779049122114 0.709228515625 0.002170053264943776 0.00341796875
0 0.5507989741566384 0.7099609375 0.009272045768396133 0.005859375
0 0.555730913395147 0.7080078125 0.001578220556322746 0.0029296875
0 0.4858453343854804 0.7099609375 0.006214243440520813 0.0068359375
0 0.30060169658709807 0.7099609375 0.0036496350364963502 0.0068359375
0 0.2751035707240087 0.70849609375 0.004142828960347208 0.00390625
0 0.27130597751035707 0.70947265625 0.004044190175577037 0.0068359375
0 0.18869599526533834 0.7109375 0.0051292168080489245 0.009765625
0 0.5630795028605248 0.705322265625 0.0028605247583349774 0.00146484375
0 0.5366936279345038 0.7060546875 0.002959163543105149 0.0029296875
0 0.29779049122114815 0.705810546875 0.0039455513908068654 0.00537109375
0 0.5066087985796015 0.706298828125 0.010455711185638194 0.00732421875
0 0.5873939633063721 0.703369140625 0.0017754981258630894 0.00244140625
0 0.27377194712961134 0.703857421875 0.002465969619254291 0.00341796875
0 0.22691852436377985 0.704833984375 0.0038469126060366936 0.00537109375
0 0.19629118169264154 0.70361328125 0.0009863878477017164 0.0029296875
0 0.307457092128625 0.70263671875 0.0027618859735648055 0.001953125
0 0.27031958966265535 0.703125 0.001874136910633261 0.0029296875
0 0.2904419017557704 0.7041015625 0.005622410731899783 0.005859375
0 0.26829749457486685 0.702392578125 0.0013809429867824028 0.00244140625
0 0.5513414874728744 0.703125 0.005819688301440126 0.0048828125
0 0.302870388636812 0.703125 0.0030578023278753207 0.0048828125
0 0.2927105938054843 0.701904296875 0.003255079897415664 0.00244140625
0 0.27199644900374825 0.70263671875 0.0014795817715525744 0.00390625
0 0.2993193923850858 0.701416015625 0.003452357466956007 0.00244140625
0 0.5904024462418623 0.701416015625 0.00424146774511738 0.00341796875
0 0.43371473663444465 0.703369140625 0.004142828960347208 0.00830078125
0 0.19140856184651805 0.703369140625 0.007003353718682186 0.00927734375
0 0.5847800355099625 0.69873046875 0.002465969619254291 0.001953125
0 0.22509370684553165 0.701416015625 0.004340106529887552 0.00732421875
0 0.579848096271454 0.698974609375 0.006411521010061156 0.00341796875
0 0.4360820674689288 0.699951171875 0.001578220556322746 0.00537109375
0 0.20107516275399487 0.698486328125 0.0044387453146577235 0.00341796875
0 0.42996646281317813 0.69677734375 0.001578220556322746 0.001953125
0 0.5739297691852436 0.6962890625 0.0016768593410929177 0.001953125
0 0.5284079700138095 0.697021484375 0.001578220556322746 0.00341796875
0 0.26479581771552574 0.6953125 0.0012823042020122311 0.001953125
0 0.5237719471296114 0.69580078125 0.002959163543105149 0.00390625
0 0.5567666206352337 0.6943359375 0.0022686920497139475 0.001953125
0 0.5341290195304794 0.6943359375 0.0011836654172420597 0.0029296875
0 0.5133655553363583 0.695556640625 0.005819688301440126 0.00634765625
0 0.5463109094495956 0.69287109375 0.001874136910633261 0.001953125
0 0.5077924639968435 0.69677734375 0.006312882225290984 0.0107421875
0 0.5670743736437167 0.69189453125 0.002170053264943776 0.001953125
0 0.5312191753797593 0.69140625 0.002663247188794634 0.001953125
0 0.4654764253304399 0.691162109375 0.0017754981258630894 0.00244140625
0 0.16882028013414874 0.69091796875 0.0008877490629315447 0.001953125
0 0.43346813967251924 0.692138671875 0.005030578023278753 0.00634765625
0 0.20526731110672716 0.690185546875 0.001578220556322746 0.00244140625
0 0.44939830341290193 0.69140625 0.004340106529887552 0.0087890625
0 0.475290984415072 0.6875 0.001874136910633261 0.001953125
0 0.45087788518445454 0.687255859375 0.003550996251726179 0.00341796875
0 0.5101597948313277 0.68603515625 0.003550996251726179 0.0048828125
0 0.28555928190964686 0.6845703125 0.0023673308344841193 0.0029296875
0 0.288518445452752 0.683837890625 0.0011836654172420597 0.00341796875
0 0.4352929571907674 0.6826171875 0.0025646084040244622 0.0029296875
0 0.4441211284276978 0.681884765625 0.001085026632471888 0.00244140625
0 0.3061254685342277 0.681884765625 0.001874136910633261 0.00244140625
0 0.2941901755770369 0.682861328125 0.0038469126060366936 0.00439453125
0 0.27165121325705266 0.681396484375 0.0019727756954034327 0.00341796875
0 0.4405208127835865 0.676025390625 0.001578220556322746 0.00439453125
0 0.4444663641743934 0.67529296875 0.0013809429867824028 0.0048828125
0 0.47021108699940817 0.6611328125 0.0027618859735648055 0.005859375
