0 0.6962911816926416 0.998779296875 0.0009863878477017164 0.00244140625
0 0.7006806076149141 0.998291015625 0.0012823042020122311 0.00341796875
0 0.3897218386269481 0.998291015625 0.0019727756954034327 0.00341796875
0 0.3804004734661669 0.997802734375 0.0016768593410929177 0.00439453125
0 0.3953442493588479 0.9970703125 0.003550996251726179 0.005859375
0 0.6941211284276978 0.996826171875 0.0023673308344841193 0.00634765625
0 0.4030873939633064 0.994384765625 0.0016768593410929177 0.00439453125
0 0.155750641152101 0.9921875 0.001578220556322746 0.0029296875
0 0.09582757940422174 0.990966796875 0.002071414480173604 0.00341796875
0 0.6976228052870389 0.99072265625 0.0016768593410929177 0.00390625
0 0.3981554547247978 0.98974609375 0.001085026632471888 0.001953125
0 0.40219964490037485 0.98876953125 0.002465969619254291 0.0029296875
0 0.3921384888538173 0.985595703125 0.001874136910633261 0.00439453125
0 0.41048530282106926 0.984130859375 0.002071414480173604 0.00244140625
0 0.12665219964490038 0.984619140625 0.002170053264943776 0.00537109375
0 0.3998323140658907 0.982666015625 0.001874136910633261 0.00341796875
0 0.4061945156835668 0.9833984375 0.003748273821266522 0.0068359375
0 0.38922864470309726 0.98193359375 0.0013809429867824028 0.00390625
0 0.26647267705661865 0.982177734375 0.00483330045373841 0.00830078125
0 0.39677451173801537 0.980224609375 0.003452357466956007 0.00634765625
0 0.40866048530282106 0.976806640625 0.0023673308344841193 0.00341796875
0 0.10958768987966068 0.978271484375 0.002959163543105149 0.00634765625
0 0.37112842769777077 0.97509765625 0.001085026632471888 0.00390625
0 0.3918425724995068 0.973876953125 0.0012823042020122311 0.00341796875
0 0.2889130005918327 0.97705078125 0.005523771947129611 0.009765625
0 0.2990727954231604 0.974365234375 0.0023673308344841193 0.00537109375
0 0.09972381140264353 0.971435546875 0.0033537186821858355 0.00439453125
0 0.15555336358256067 0.970458984375 0.0011836654172420597 0.00341796875
0 0.09464391398697967 0.968994140625 0.0022686920497139475 0.00244140625
0 0.29290787137502466 0.968994140625 0.002465969619254291 0.00341796875
0 0.39460445847307163 0.969482421875 0.0016768593410929177 0.00537109375
0 0.3205267311106727 0.966552734375 0.001874136910633261 0.00244140625
0 0.17153284671532848 0.969970703125 0.006510159794831328 0.00927734375
0 0.2870881830735845 0.965576171875 0.0014795817715525744 0.00341796875
0 0.39544288814361805 0.9658203125 0.003550996251726179 0.0068359375
0 0.14588676267508385 0.96435546875 0.0019727756954034327 0.0048828125
0 0.1665022686920497 0.961669921875 0.002170053264943776 0.00244140625
0 0.40382718484908264 0.964111328125 0.0039455513908068654 0.00830078125
0 0.39998027224304594 0.960693359375 0.0019727756954034327 0.00244140625
0 0.27608995857171037 0.9609375 0.0023673308344841193 0.00390625
0 0.3856776484513711 0.960205078125 0.0017754981258630894 0.00341796875
0 0.2819589662655356 0.9599609375 0.0012823042020122311 0.0048828125
0 0.40422173998816335 0.95849609375 0.002170053264943776 0.0029296875
0 0.12117774709015584 0.956787109375 0.0022686920497139475 0.00341796875
0 0.39583744328269876 0.9580078125 0.0025646084040244622 0.0087890625
0 0.6951075162753995 0.954345703125 0.0011836654172420597 0.00341796875
0 0.4008680213059775 0.955810546875 0.0033537186821858355 0.00732421875
0 0.18736437167094103 0.955810546875 0.0036496350364963502 0.00927734375
0 0.09306569343065693 0.95263671875 0.001874136910633261 0.0029296875
0 0.39938843953442493 0.951904296875 0.000789110278161373 0.00244140625
0 0.39090550404419017 0.951904296875 0.001578220556322746 0.00244140625
0 0.2820576050503058 0.953369140625 0.002663247188794634 0.00537109375
0 0.23668376405602684 0.952392578125 0.002465969619254291 0.00439453125
0 0.25014795817715524 0.952880859375 0.005721049516669955 0.00634765625
0 0.2621325705267311 0.95068359375 0.0028605247583349774 0.00390625
0 0.40491221148155454 0.9521484375 0.004537384099427895 0.0078125
0 0.4015091734069836 0.94921875 0.001085026632471888 0.00390625
0 0.37911816926415465 0.948486328125 0.0008877490629315447 0.00244140625
0 0.18001578220556322 0.949462890625 0.004734661668968239 0.00439453125
0 0.10662852633655553 0.950927734375 0.0033537186821858355 0.00830078125
0 0.09755375813769974 0.951171875 0.006510159794831328 0.0087890625
0 0.26711382915762477 0.94775390625 0.004537384099427895 0.00390625
0 0.16078121917537977 0.9482421875 0.005326494377589268 0.0048828125
0 0.17468928782797397 0.947998046875 0.004340106529887552 0.00634765625
0 0.11382915762477806 0.94580078125 0.0011836654172420597 0.001953125
0 0.7028506608798579 0.9453125 0.0012823042020122311 0.001953125
0 0.40348194910238705 0.948974609375 0.002663247188794634 0.00927734375
0 0.2927105938054843 0.9453125 0.0014795817715525744 0.00390625
0 0.3755178536200434 0.944580078125 0.0019727756954034327 0.00341796875
0 0.3960347208522391 0.9453125 0.0023673308344841193 0.005859375
0 0.3918918918918919 0.9443359375 0.0023673308344841193 0.00390625
0 0.3014894456500296 0.94384765625 0.0014795817715525744 0.0029296875
0 0.2631682777668179 0.94384765625 0.0017754981258630894 0.0029296875
0 0.1714342079305583 0.94384765625 0.0023673308344841193 0.0029296875
0 0.3442000394555139 0.942626953125 0.001085026632471888 0.00244140625
0 0.3112053659498915 0.94287109375 0.002170053264943776 0.0029296875
0 0.27391990530676663 0.942138671875 0.0019727756954034327 0.00244140625
0 0.32383113040047345 0.94140625 0.0011836654172420597 0.0029296875
0 0.2857565594791872 0.941650390625 0.0027618859735648055 0.00341796875
0 0.2546853422765831 0.94091796875 0.001578220556322746 0.00390625
0 0.7033438548037089 0.93994140625 0.0012823042020122311 0.00390625
0 0.24773130795028606 0.939208984375 0.0022686920497139475 0.00244140625
0 0.2773722627737226 0.940185546875 0.004340106529887552 0.00537109375
0 0.26228052870388635 0.93896484375 0.001578220556322746 0.0029296875
0 0.10381732097060564 0.93896484375 0.002663247188794634 0.00390625
0 0.29754389425922273 0.9404296875 0.006214243440520813 0.0078125
0 0.16255671730124285 0.93896484375 0.0039455513908068654 0.0048828125
0 0.4116196488459262 0.939453125 0.0019727756954034327 0.0078125
0 0.38755178536200435 0.9404296875 0.002959163543105149 0.0107421875
0 0.28210692444269087 0.937744140625 0.0027618859735648055 0.00634765625
0 0.16891891891891891 0.9384765625 0.007397908857762872 0.0078125
0 0.25715131189583745 0.9375 0.0023673308344841193 0.0078125
0 0.1579206944170448 0.935546875 0.0039455513908068654 0.00390625
0 0.18450384691260605 0.934814453125 0.002071414480173604 0.00439453125
0 0.1234464391398698 0.933837890625 0.0008877490629315447 0.00244140625
0 0.2527618859735648 0.93505859375 0.0038469126060366936 0.005859375
0 0.38222529098441504 0.93310546875 0.0019727756954034327 0.0029296875
0 0.3244229631090945 0.93359375 0.0023673308344841193 0.00390625
0 0.28738409942789506 0.933349609375 0.003452357466956007 0.00537109375
0 0.17745117380153877 0.931640625 0.0013809429867824028 0.001953125
0 0.09962517261787335 0.933349609375 0.004537384099427895 0.00537109375
0 0.23742355494180312 0.931884765625 0.0023673308344841193 0.00341796875
0 0.15076938252120733 0.931396484375 0.002071414480173604 0.00341796875
0 0.12127638587492602 0.931640625 0.002071414480173604 0.00390625
0 0.2686920497139475 0.93017578125 0.000789110278161373 0.001953125
0 0.37946340501085024 0.929931640625 0.002170053264943776 0.00341796875
0 0.2837344643913987 0.931396484375 0.0036496350364963502 0.00634765625
0 0.15767409745511934 0.93017578125 0.0028605247583349774 0.00390625
0 0.342523180114421 0.92919921875 0.001874136910633261 0.0029296875
0 0.1745413296508187 0.930908203125 0.00424146774511738 0.00634765625
0 0.3837541921483527 0.929443359375 0.0014795817715525744 0.00439453125
0 0.16265535608601303 0.930908203125 0.005918327086210298 0.00732421875
0 0.2469421976721247 0.9287109375 0.0028605247583349774 0.00390625
0 0.15427105938054844 0.928466796875 0.0023673308344841193 0.00341796875
0 0.3773919905306767 0.927734375 0.0009863878477017164 0.00390625
0 0.2333793647662261 0.928955078125 0.003550996251726179 0.00732421875
0 0.19589662655356085 0.928466796875 0.004931939238508582 0.00732421875
0 0.09257249950680607 0.926513671875 0.0014795817715525744 0.00341796875
0 0.6881534819491024 0.92529296875 0.0008877490629315447 0.001953125
0 0.3935687512329848 0.92578125 0.002959163543105149 0.00390625
0 0.2711086999408167 0.926513671875 0.0016768593410929177 0.00537109375
0 0.2969520615506017 0.923583984375 0.0008877490629315447 0.00244140625
0 0.32047741171828764 0.925537109375 0.007891102781613731 0.00732421875
0 0.25922272637601107 0.925537109375 0.0051292168080489245 0.00732421875
0 0.7014203985006905 0.9228515625 0.0009863878477017164 0.0029296875
0 0.30716117577431445 0.92724609375 0.007693825212073387 0.01171875
0 0.2826001183665417 0.923583984375 0.0027618859735648055 0.00439453125
0 0.12541921483527324 0.923095703125 0.001085026632471888 0.00341796875
0 0.1790787137502466 0.923583984375 0.005227855592819097 0.00537109375
0 0.2555237719471296 0.921630859375 0.001085026632471888 0.00244140625
0 0.25152890116393767 0.922607421875 0.005326494377589268 0.00439453125
0 0.2208522391004143 0.922607421875 0.0019727756954034327 0.00439453125
0 0.15313671335569146 0.92431640625 0.005030578023278753 0.0078125
0 0.2878772933517459 0.924072265625 0.005819688301440126 0.00927734375
0 0.11244821463799566 0.922119140625 0.004537384099427895 0.00537109375
0 0.1463799565989347 0.920654296875 0.001578220556322746 0.00341796875
0 0.18800552377194713 0.92138671875 0.007101992503452358 0.0078125
0 0.30607614914184256 0.9189453125 0.0027618859735648055 0.00390625
0 0.24531465772341685 0.91796875 0.0033537186821858355 0.0029296875
0 0.29443677253896233 0.92041015625 0.0025646084040244622 0.0087890625
0 0.29848096271453933 0.91796875 0.004931939238508582 0.0048828125
0 0.40170645097652397 0.919189453125 0.005622410731899783 0.00830078125
0 0.19900374827382128 0.916748046875 0.002071414480173604 0.00341796875
0 0.19155652002367332 0.916015625 0.0039455513908068654 0.0029296875
0 0.17256855395541526 0.916259765625 0.0014795817715525744 0.00341796875
0 0.16472677056618662 0.919677734375 0.00848293549023476 0.01025390625
0 0.3252120733872559 0.916748046875 0.0039455513908068654 0.00537109375
0 0.22770763464194121 0.91748046875 0.003255079897415664 0.0068359375
0 0.3150029591635431 0.9150390625 0.0014795817715525744 0.0029296875
0 0.2738705859143815 0.916015625 0.004044190175577037 0.0048828125
0 0.6937265732886171 0.9140625 0.000789110278161373 0.001953125
0 0.31820871966857367 0.9150390625 0.0013809429867824028 0.00390625
0 0.6895344249358848 0.91748046875 0.005030578023278753 0.009765625
0 0.17607023081475637 0.91455078125 0.002170053264943776 0.0048828125
0 0.6812487670151903 0.91259765625 0.0006904714933912014 0.001953125
0 0.30967646478595384 0.913330078125 0.0014795817715525744 0.00341796875
0 0.09829354902347603 0.913330078125 0.0030578023278753207 0.00439453125
0 0.3007496547642533 0.91162109375 0.0011836654172420597 0.001953125
0 0.27589268100217007 0.912353515625 0.0025646084040244622 0.00341796875
0 0.09188202801341487 0.91259765625 0.002465969619254291 0.00390625
0 0.4067863483921878 0.910888671875 0.002170053264943776 0.00341796875
0 0.22820082856579207 0.91015625 0.002465969619254291 0.0029296875
0 0.334484119155652 0.909912109375 0.0019727756954034327 0.00341796875
0 0.2906391793253107 0.91357421875 0.005622410731899783 0.01171875
0 0.30405405405405406 0.909912109375 0.003255079897415664 0.00537109375
0 0.29359834286841585 0.908447265625 0.002071414480173604 0.00244140625
0 0.23949496942197673 0.90966796875 0.006707437364371671 0.0048828125
0 0.16951075162753995 0.91064453125 0.00424146774511738 0.0068359375
0 0.15861116591043598 0.909423828125 0.003748273821266522 0.00439453125
0 0.09932925626356283 0.908935546875 0.0013809429867824028 0.00341796875
0 0.40249556125468533 0.912109375 0.005622410731899783 0.0107421875
0 0.22346616689682383 0.907958984375 0.0016768593410929177 0.00244140625
0 0.09760307753008483 0.90771484375 0.001874136910633261 0.00390625
0 0.3077036890905504 0.908935546875 0.0022686920497139475 0.00830078125
0 0.250591832708621 0.911865234375 0.005819688301440126 0.01416015625
0 0.3829157624778063 0.905029296875 0.0009863878477017164 0.00244140625
0 0.1446044584730716 0.906005859375 0.003156441112645492 0.00439453125
0 0.2549319392385086 0.904541015625 0.0006904714933912014 0.00244140625
0 0.1650720063128822 0.9052734375 0.0036496350364963502 0.00390625
0 0.19466364174393372 0.9052734375 0.001874136910633261 0.0048828125
0 0.28146577234168474 0.904052734375 0.002663247188794634 0.00439453125
0 0.38503649635036497 0.90380859375 0.0016768593410929177 0.0048828125
0 0.3468139672519235 0.90283203125 0.0013809429867824028 0.0029296875
0 0.16004142828960347 0.9033203125 0.002465969619254291 0.00390625
0 0.6897810218978102 0.902587890625 0.001578220556322746 0.00341796875
0 0.17774709015584927 0.90283203125 0.002170053264943776 0.00390625
0 0.6980173604261195 0.9013671875 0.0008877490629315447 0.001953125
0 0.2611461826790294 0.905517578125 0.005227855592819097 0.01025390625
0 0.40205168672321956 0.903076171875 0.004340106529887552 0.00634765625
0 0.4096468731505228 0.905029296875 0.002959163543105149 0.01123046875
0 0.4085125271256658 0.900634765625 0.001085026632471888 0.00244140625
0 0.23826198461234957 0.9013671875 0.002663247188794634 0.00390625
0 0.17306174787926612 0.902099609375 0.0028605247583349774 0.00537109375
0 0.13158413888340895 0.900390625 0.0013809429867824028 0.001953125
0 0.3216610771355297 0.900390625 0.0013809429867824028 0.0029296875
0 0.38932728348786744 0.902099609375 0.002959163543105149 0.00732421875
0 0.324718879463405 0.899169921875 0.0009863878477017164 0.00244140625
0 0.4064411126454922 0.900390625 0.0028605247583349774 0.005859375
0 0.16635431051489447 0.8994140625 0.002663247188794634 0.00390625
0 0.300009863878477 0.900634765625 0.0022686920497139475 0.00732421875
0 0.09844150720063129 0.8984375 0.002170053264943776 0.0029296875
0 0.393124876701519 0.903076171875 0.0038469126060366936 0.01318359375
0 0.266078121917538 0.898193359375 0.002663247188794634 0.00341796875
0 0.6944170447820083 0.897216796875 0.003748273821266522 0.00244140625
0 0.2767804300651016 0.8984375 0.004537384099427895 0.0048828125
0 0.18351745906490433 0.896728515625 0.002663247188794634 0.00439453125
0 0.3194910238705859 0.895263671875 0.0009863878477017164 0.00244140625
0 0.37433418820280134 0.89453125 0.0009863878477017164 0.0029296875
0 0.32348589465377786 0.89404296875 0.0012823042020122311 0.001953125
0 0.1647760899585717 0.89453125 0.001874136910633261 0.00390625
0 0.4031860327480765 0.89794921875 0.0044387453146577235 0.01171875
0 0.30656934306569344 0.89599609375 0.004340106529887552 0.0087890625
0 0.23416847504438745 0.893798828125 0.002959163543105149 0.00439453125
0 0.2756954034326297 0.893310546875 0.002959163543105149 0.00439453125
0 0.7004340106529887 0.8916015625 0.000789110278161373 0.001953125
0 0.32950286052475836 0.89208984375 0.0012823042020122311 0.0029296875
0 0.4003255079897416 0.892333984375 0.001874136910633261 0.00439453125
0 0.30139080686525943 0.89306640625 0.00483330045373841 0.005859375
0 0.2593213651607812 0.891357421875 0.0011836654172420597 0.00244140625
0 0.1703491812980864 0.895263671875 0.007496547642533044 0.01025390625
0 0.318405997238114 0.891357421875 0.0019727756954034327 0.00341796875
0 0.2604557111856382 0.893798828125 0.005819688301440126 0.00927734375
0 0.2659301637403827 0.890380859375 0.002959163543105149 0.00439453125
0 0.4020023673308345 0.88916015625 0.001085026632471888 0.0029296875
0 0.3403531268494772 0.8896484375 0.002465969619254291 0.00390625
0 0.1951075162753995 0.890380859375 0.0027618859735648055 0.00537109375
0 0.39677451173801537 0.89013671875 0.001874136910633261 0.005859375
0 0.12162162162162163 0.888671875 0.0009863878477017164 0.0029296875
0 0.2799861905701322 0.889892578125 0.005227855592819097 0.00634765625
0 0.16798185046360228 0.88720703125 0.001578220556322746 0.0029296875
0 0.28876504241467743 0.89306640625 0.01449990136121523 0.0166015625
0 0.08995857171039653 0.886474609375 0.001578220556322746 0.00341796875
0 0.40831524955612547 0.88623046875 0.0028605247583349774 0.00390625
0 0.3073584533438548 0.8857421875 0.0023673308344841193 0.0029296875
0 0.27608995857171037 0.88623046875 0.0023673308344841193 0.00390625
0 0.6967350562241074 0.887939453125 0.005622410731899783 0.00830078125
0 0.6931840599723812 0.8857421875 0.001874136910633261 0.00390625
0 0.30444860919313477 0.8876953125 0.003255079897415664 0.0078125
0 0.23180114420990333 0.886962890625 0.0072992700729927005 0.00634765625
0 0.17463996843558888 0.8876953125 0.0077924639968435586 0.0078125
0 0.16492404813572697 0.887939453125 0.004340106529887552 0.00830078125
0 0.31376997435391596 0.8857421875 0.0061156046557506415 0.0048828125
0 0.39411126454922074 0.886962890625 0.0028605247583349774 0.00830078125
0 0.7050207141448017 0.884521484375 0.002071414480173604 0.00439453125
0 0.27347603077530086 0.8837890625 0.0012823042020122311 0.0029296875
0 0.18188991911619648 0.884521484375 0.003748273821266522 0.00439453125
0 0.1456894851055435 0.883544921875 0.0011836654172420597 0.00341796875
0 0.40219964490037485 0.88232421875 0.0028605247583349774 0.0029296875
0 0.2968041033734464 0.88427734375 0.0039455513908068654 0.0068359375
0 0.12172026040639179 0.88232421875 0.001578220556322746 0.0029296875
0 0.17059577826001185 0.881591796875 0.00424146774511738 0.00341796875
0 0.38296508187019135 0.880615234375 0.001085026632471888 0.00244140625
0 0.1978200828565792 0.8818359375 0.0038469126060366936 0.0048828125
0 0.2751035707240087 0.87939453125 0.0025646084040244622 0.0029296875
0 0.26134346024856975 0.87939453125 0.001874136910633261 0.0029296875
0 0.6946636417439337 0.87890625 0.002663247188794634 0.0029296875
0 0.24950680607614914 0.87890625 0.0030578023278753207 0.00390625
0 0.09129019530479385 0.87841796875 0.003452357466956007 0.0029296875
0 0.6980666798185047 0.878662109375 0.003156441112645492 0.00439453125
0 0.6841092917735253 0.88134765625 0.0030578023278753207 0.009765625
0 0.3030183468139673 0.876953125 0.0009863878477017164 0.0029296875
0 0.19234563030183469 0.878662109375 0.0051292168080489245 0.00634765625
0 0.31589070822647464 0.87646484375 0.0016768593410929177 0.0029296875
0 0.39662655356086013 0.878173828125 0.0017754981258630894 0.00732421875
0 0.15076938252120733 0.87646484375 0.003452357466956007 0.00390625
0 0.318405997238114 0.875732421875 0.0027618859735648055 0.00341796875
0 0.2618366541724206 0.875732421875 0.003255079897415664 0.00341796875
0 0.2117281515091734 0.875732421875 0.001874136910633261 0.00341796875
0 0.26795225882817125 0.8779296875 0.005819688301440126 0.0087890625
0 0.29384493983034127 0.875244140625 0.0023673308344841193 0.00439453125
0 0.291378970211087 0.874267578125 0.0019727756954034327 0.00244140625
0 0.2364371670941014 0.87451171875 0.0023673308344841193 0.0029296875
0 0.11373051884000789 0.874755859375 0.0027618859735648055 0.00341796875
0 0.3814361807062537 0.8740234375 0.0009863878477017164 0.0029296875
0 0.2958177155257447 0.87353515625 0.0013809429867824028 0.001953125
0 0.27752022095087786 0.87548828125 0.005030578023278753 0.005859375
0 0.17513316235943974 0.87451171875 0.0014795817715525744 0.0048828125
0 0.401163937660288 0.87451171875 0.003748273821266522 0.0068359375
0 0.2485697376208325 0.872314453125 0.0027618859735648055 0.00341796875
0 0.2298283685144999 0.8720703125 0.0019727756954034327 0.0029296875
0 0.2020122312093115 0.8720703125 0.0025646084040244622 0.00390625
0 0.16995462615900572 0.871337890625 0.0023673308344841193 0.00244140625
0 0.25848293549023477 0.872314453125 0.0036496350364963502 0.00537109375
0 0.30464588676267507 0.87109375 0.00424146774511738 0.00390625
0 0.270122312093115 0.87255859375 0.004636022884198066 0.0078125
0 0.20684553166304992 0.871337890625 0.003156441112645492 0.00537109375
0 0.3296508187019136 0.870361328125 0.003156441112645492 0.00439453125
0 0.238508581574275 0.8701171875 0.0025646084040244622 0.00390625
0 0.16196488459262182 0.869873046875 0.0019727756954034327 0.00341796875
0 0.39006707437364374 0.871826171875 0.00483330045373841 0.00830078125
0 0.2826494377589268 0.86865234375 0.001085026632471888 0.001953125
0 0.17256855395541526 0.86962890625 0.002663247188794634 0.00390625
0 0.40693430656934304 0.868408203125 0.001085026632471888 0.00341796875
0 0.28146577234168474 0.86669921875 0.0012823042020122311 0.001953125
0 0.18174196093904124 0.868896484375 0.004636022884198066 0.00634765625
0 0.1961432235154863 0.8681640625 0.0022686920497139475 0.005859375
0 0.16014006707437364 0.866943359375 0.002663247188794634 0.00439453125
0 0.0994772144407181 0.866455078125 0.0030578023278753207 0.00341796875
0 0.32841783389228646 0.865234375 0.0008877490629315447 0.001953125
0 0.16502268692049715 0.866455078125 0.0017754981258630894 0.00439453125
0 0.144259222726376 0.864501953125 0.0022686920497139475 0.00244140625
0 0.6867725389623199 0.864013671875 0.0006904714933912014 0.00244140625
0 0.41428289603472085 0.864013671875 0.001578220556322746 0.00244140625
0 0.39721838626948114 0.86474609375 0.002170053264943776 0.00390625
0 0.25917340698362595 0.865478515625 0.001874136910633261 0.00537109375
0 0.24363779838232394 0.865966796875 0.004931939238508582 0.00634765625
0 0.18933714736634444 0.86474609375 0.002663247188794634 0.00390625
0 0.17582363385283092 0.8642578125 0.0036496350364963502 0.0029296875
0 0.3813375419214835 0.864013671875 0.0017754981258630894 0.00341796875
0 0.12783586506214242 0.863525390625 0.000789110278161373 0.00244140625
0 0.7079798776879069 0.863525390625 0.001085026632471888 0.00341796875
0 0.40397514302623794 0.865966796875 0.003452357466956007 0.00830078125
0 0.2757447228250148 0.86572265625 0.009962517261787335 0.0078125
0 0.30089761294140854 0.8623046875 0.002071414480173604 0.0029296875
0 0.17222331820871967 0.863525390625 0.0025646084040244622 0.00537109375
0 0.16334582757940422 0.863525390625 0.002170053264943776 0.00537109375
0 0.7003353718682186 0.8623046875 0.0019727756954034327 0.00390625
0 0.3841487472874334 0.862060546875 0.0012823042020122311 0.00341796875
0 0.33226474649832316 0.861328125 0.0008877490629315447 0.001953125
0 0.31204379562043794 0.862548828125 0.001874136910633261 0.00439453125
0 0.25399487078319194 0.862060546875 0.002959163543105149 0.00341796875
0 0.39268100217005325 0.862060546875 0.0023673308344841193 0.00439453125
0 0.33547050700335374 0.86279296875 0.004734661668968239 0.005859375
0 0.1853422765831525 0.8603515625 0.0019727756954034327 0.001953125
0 0.7023574669560071 0.85986328125 0.0008877490629315447 0.001953125
0 0.23130795028605247 0.86083984375 0.0013809429867824028 0.00390625
0 0.17537975932136515 0.860107421875 0.0011836654172420597 0.00244140625
0 0.6895837443282699 0.859375 0.000789110278161373 0.001953125
0 0.3150522785559282 0.859375 0.003550996251726179 0.0029296875
0 0.16610771355296902 0.859619140625 0.004142828960347208 0.00439453125
0 0.18992898007496548 0.85986328125 0.003452357466956007 0.005859375
0 0.18174196093904124 0.858154296875 0.001874136910633261 0.00244140625
0 0.6978200828565793 0.857666015625 0.003452357466956007 0.00244140625
0 0.4021010061156047 0.857666015625 0.001085026632471888 0.00244140625
0 0.3999309528506609 0.85791015625 0.0016768593410929177 0.00390625
0 0.3862694811599921 0.857666015625 0.0011836654172420597 0.00341796875
0 0.30740777273623987 0.85791015625 0.0014795817715525744 0.00390625
0 0.2506411521010061 0.857421875 0.0023673308344841193 0.0029296875
0 0.41600907476819887 0.858154296875 0.0022686920497139475 0.00537109375
0 0.32452160189386464 0.860107421875 0.0025646084040244622 0.00927734375
0 0.28486881041625567 0.861083984375 0.0072992700729927005 0.01123046875
0 0.16812980864075755 0.856689453125 0.001085026632471888 0.00244140625
0 0.6939731702505425 0.85693359375 0.002663247188794634 0.00390625
0 0.3194417044782008 0.85546875 0.001085026632471888 0.001953125
0 0.1634444663641744 0.855712890625 0.0025646084040244622 0.00244140625
0 0.393124876701519 0.854736328125 0.0014795817715525744 0.00244140625
0 0.2582856579206944 0.85498046875 0.0014795817715525744 0.0029296875
0 0.19688301440126257 0.856689453125 0.0027618859735648055 0.00634765625
0 0.37916748865653976 0.85400390625 0.0009863878477017164 0.001953125
0 0.2997632669165516 0.85546875 0.0019727756954034327 0.0048828125
0 0.18869599526533834 0.85400390625 0.0013809429867824028 0.001953125
0 0.6913592424541329 0.85400390625 0.0009863878477017164 0.0029296875
0 0.38261984612349575 0.853759765625 0.001578220556322746 0.00244140625
0 0.29813572696784374 0.853515625 0.0008877490629315447 0.001953125
0 0.1714342079305583 0.85400390625 0.004142828960347208 0.0029296875
0 0.289652791477609 0.85595703125 0.005622410731899783 0.0078125
0 0.11086999408167292 0.853515625 0.0023673308344841193 0.0029296875
0 0.34745511935292955 0.853271484375 0.002071414480173604 0.00341796875
0 0.19209903333990924 0.853515625 0.00483330045373841 0.005859375
0 0.402298283685145 0.8515625 0.001874136910633261 0.0029296875
0 0.14366739001775497 0.8505859375 0.0008877490629315447 0.001953125
0 0.1412507397908858 0.85009765625 0.0011836654172420597 0.001953125
0 0.6986585125271256 0.8515625 0.005326494377589268 0.005859375
0 0.38863681199447625 0.849609375 0.005523771947129611 0.00390625
0 0.30523771947129613 0.848876953125 0.0014795817715525744 0.00244140625
0 0.341388834089564 0.848388671875 0.0011836654172420597 0.00244140625
0 0.2659794831327678 0.85107421875 0.008384296705464589 0.0078125
0 0.23525350167685935 0.848388671875 0.001578220556322746 0.00244140625
0 0.294831327678043 0.85400390625 0.004340106529887552 0.015625
0 0.16734069836259619 0.847412109375 0.001874136910633261 0.00244140625
0 0.22040836456894852 0.849609375 0.00542513316235944 0.0078125
0 0.15811797198658512 0.847900390625 0.003156441112645492 0.00439453125
0 0.09207930558295521 0.8466796875 0.0008877490629315447 0.001953125
0 0.2061550601696587 0.85595703125 0.006510159794831328 0.021484375
0 0.2949792858551983 0.84619140625 0.001085026632471888 0.0029296875
0 0.29216808048924836 0.84619140625 0.0033537186821858355 0.0029296875
0 0.24605444860919312 0.845703125 0.0028605247583349774 0.001953125
0 0.39859932925626357 0.8466796875 0.0025646084040244622 0.0048828125
0 0.34336160978496744 0.84521484375 0.0013809429867824028 0.001953125
0 0.299418031169856 0.845947265625 0.0028605247583349774 0.00341796875
0 0.09429867824028408 0.845703125 0.001578220556322746 0.0029296875
0 0.19076740974551193 0.844970703125 0.0009863878477017164 0.00244140625
0 0.400572104951667 0.84423828125 0.000789110278161373 0.001953125
0 0.38370487275596765 0.844482421875 0.0011836654172420597 0.00244140625
0 0.31342473860722037 0.847900390625 0.005030578023278753 0.00927734375
0 0.2819096468731505 0.845458984375 0.0027618859735648055 0.00439453125
0 0.22908857762872362 0.8486328125 0.008581574275004932 0.0107421875
0 0.20497139475241666 0.8447265625 0.0025646084040244622 0.0029296875
0 0.3030183468139673 0.84423828125 0.0023673308344841193 0.0029296875
0 0.3372953245216019 0.844970703125 0.0038469126060366936 0.00537109375
0 0.19584730716117577 0.844970703125 0.006411521010061156 0.00537109375
0 0.24048135726967843 0.843017578125 0.0025646084040244622 0.00244140625
0 0.09114223712763858 0.8427734375 0.0009863878477017164 0.001953125
0 0.2711086999408167 0.84228515625 0.002071414480173604 0.0029296875
0 0.26612744130992305 0.842529296875 0.004142828960347208 0.00341796875
0 0.1585618465180509 0.842529296875 0.002465969619254291 0.00341796875
0 0.3938646675872953 0.842041015625 0.0017754981258630894 0.00341796875
0 0.32013217597159205 0.841796875 0.0022686920497139475 0.0029296875
0 0.6900769382521207 0.8408203125 0.0011836654172420597 0.001953125
0 0.28985006904714933 0.8408203125 0.0014795817715525744 0.0029296875
0 0.2792463996843559 0.84033203125 0.0013809429867824028 0.001953125
0 0.2618366541724206 0.84130859375 0.002663247188794634 0.00390625
0 0.40372854606431247 0.841064453125 0.002170053264943776 0.00439453125
0 0.3414381534819491 0.84033203125 0.0014795817715525744 0.0029296875
0 0.24782994673505623 0.843017578125 0.005819688301440126 0.00830078125
0 0.6848984020516867 0.84033203125 0.0012823042020122311 0.00390625
0 0.386762675083843 0.840576171875 0.002170053264943776 0.00439453125
0 0.6991023870585914 0.839111328125 0.002465969619254291 0.00244140625
0 0.39721838626948114 0.839111328125 0.0017754981258630894 0.00244140625
0 0.3804004734661669 0.84130859375 0.001874136910633261 0.0068359375
0 0.19525547445255476 0.83935546875 0.0014795817715525744 0.0029296875
0 0.693134740579996 0.838623046875 0.001578220556322746 0.00244140625
0 0.36412507397908855 0.839111328125 0.0016768593410929177 0.00341796875
0 0.18188991911619648 0.839111328125 0.0019727756954034327 0.00341796875
0 0.2987275596764648 0.838623046875 0.002071414480173604 0.00341796875
0 0.25690471493391204 0.83935546875 0.002663247188794634 0.0048828125
0 0.23688104162556717 0.84033203125 0.00542513316235944 0.0068359375
0 0.1415466561451963 0.838623046875 0.0017754981258630894 0.00341796875
0 0.24072795423160387 0.837646484375 0.0012823042020122311 0.00244140625
0 0.23431643322154272 0.837890625 0.003452357466956007 0.00390625
0 0.14859932925626357 0.83740234375 0.001874136910633261 0.0029296875
0 0.14356875123298482 0.837158203125 0.002071414480173604 0.00244140625
0 0.39199053067666206 0.841064453125 0.005326494377589268 0.01123046875
0 0.31978694022489645 0.836669921875 0.0019727756954034327 0.00244140625
0 0.22677056618662458 0.8388671875 0.0039455513908068654 0.0068359375
0 0.18608206746892877 0.836181640625 0.0012823042020122311 0.00244140625
0 0.3237818110080884 0.839111328125 0.00483330045373841 0.00927734375
0 0.25429078713750247 0.84033203125 0.005918327086210298 0.01171875
0 0.1936279345038469 0.83642578125 0.0025646084040244622 0.00390625
0 0.11008088380351154 0.83740234375 0.0027618859735648055 0.005859375
0 0.6920003945551391 0.8349609375 0.002071414480173604 0.001953125
0 0.29266127441309925 0.835693359375 0.002170053264943776 0.00341796875
0 0.28595383704872757 0.83544921875 0.0025646084040244622 0.0029296875
0 0.7022095087788518 0.83447265625 0.000789110278161373 0.001953125
0 0.16319786940224895 0.840576171875 0.0044387453146577235 0.01416015625
0 0.1265535608601302 0.83447265625 0.000789110278161373 0.001953125
0 0.38967251923456303 0.835205078125 0.002663247188794634 0.00439453125
0 0.2616393766028802 0.835205078125 0.001874136910633261 0.00439453125
0 0.24674492010258434 0.8349609375 0.007003353718682186 0.00390625
0 0.697721444071809 0.834228515625 0.0022686920497139475 0.00341796875
0 0.31855395541526926 0.833251953125 0.001085026632471888 0.00244140625
0 0.40244624186230027 0.832763671875 0.0011836654172420597 0.00244140625
0 0.3904616295127244 0.83251953125 0.001085026632471888 0.001953125
0 0.251726178733478 0.833251953125 0.001578220556322746 0.00341796875
0 0.15362990727954232 0.83349609375 0.0038469126060366936 0.00390625
0 0.21932333793647663 0.83544921875 0.0036496350364963502 0.0087890625
0 0.3999309528506609 0.8330078125 0.001874136910633261 0.0048828125
0 0.29779049122114815 0.832275390625 0.002170053264943776 0.00341796875
0 0.2935490234760308 0.831787109375 0.0009863878477017164 0.00244140625
0 0.31485500098638786 0.83154296875 0.0013809429867824028 0.0029296875
0 0.1989051094890511 0.83251953125 0.002465969619254291 0.0078125
0 0.28841980666798184 0.8310546875 0.0023673308344841193 0.005859375
0 0.24319392385085817 0.829345703125 0.0016768593410929177 0.00244140625
0 0.3288123890313671 0.830810546875 0.0044387453146577235 0.00634765625
0 0.30380745709212864 0.834716796875 0.0072992700729927005 0.01416015625
0 0.10904517656342474 0.82861328125 0.001085026632471888 0.001953125
0 0.6979187216413494 0.82958984375 0.002071414480173604 0.0048828125
0 0.2138982047741172 0.8291015625 0.0022686920497139475 0.00390625
0 0.21148155454724799 0.8291015625 0.0023673308344841193 0.0048828125
0 0.29502860524758334 0.827880859375 0.001578220556322746 0.00341796875
0 0.6881041625567172 0.82666015625 0.000789110278161373 0.001953125
0 0.2865949891497337 0.826904296875 0.0016768593410929177 0.00244140625
0 0.3733971197474847 0.82666015625 0.001874136910633261 0.0029296875
0 0.23880449792858552 0.829833984375 0.004537384099427895 0.01123046875
0 0.18909055040441902 0.826171875 0.001578220556322746 0.00390625
0 0.17661274413099232 0.825927734375 0.0016768593410929177 0.00341796875
0 0.09079700138094299 0.82568359375 0.001874136910633261 0.0029296875
0 0.3181100808838035 0.82666015625 0.0039455513908068654 0.005859375
0 0.3084434799763267 0.825439453125 0.003156441112645492 0.00341796875
0 0.22489642927599132 0.82568359375 0.002959163543105149 0.00390625
0 0.18475044387453146 0.828125 0.007496547642533044 0.0087890625
0 0.3351745906490432 0.82568359375 0.0033537186821858355 0.0048828125
0 0.24773130795028606 0.828369140625 0.006411521010061156 0.01025390625
0 0.22829946735056225 0.828857421875 0.00542513316235944 0.01123046875
0 0.19076740974551193 0.824951171875 0.001578220556322746 0.00341796875
0 0.6900276188597356 0.824951171875 0.002663247188794634 0.00439453125
0 0.1846024856973762 0.823974609375 0.0036496350364963502 0.00439453125
0 0.3922371276385875 0.825927734375 0.007397908857762872 0.00927734375
0 0.21340501085026634 0.82275390625 0.0022686920497139475 0.0029296875
0 0.4016078121917538 0.82275390625 0.0036496350364963502 0.005859375
0 0.147119747484711 0.821044921875 0.001874136910633261 0.00244140625
0 0.21631485500098638 0.820068359375 0.003748273821266522 0.00439453125
0 0.6942197672124679 0.818603515625 0.001578220556322746 0.00244140625
0 0.24506806076149143 0.822021484375 0.002663247188794634 0.00927734375
0 0.3923850858157428 0.81787109375 0.0009863878477017164 0.001953125
0 0.3217103965279148 0.818603515625 0.001085026632471888 0.00341796875
0 0.2622312093115013 0.818115234375 0.0028605247583349774 0.00244140625
0 0.3153975143026238 0.819091796875 0.00542513316235944 0.00537109375
0 0.10110475438942593 0.81787109375 0.0011836654172420597 0.0029296875
0 0.28472085223910043 0.81884765625 0.00483330045373841 0.005859375
0 0.16186624580785164 0.8212890625 0.005918327086210298 0.0107421875
0 0.309775103570724 0.81884765625 0.004044190175577037 0.0068359375
0 0.20738804497928587 0.818115234375 0.002663247188794634 0.00634765625
0 0.19441704478200827 0.81689453125 0.004142828960347208 0.00390625
0 0.1540737818110081 0.81640625 0.0023673308344841193 0.0029296875
0 0.15141053462221346 0.815673828125 0.0023673308344841193 0.00244140625
0 0.2798382323929769 0.81640625 0.002170053264943776 0.0048828125
0 0.1798185046360229 0.81591796875 0.005326494377589268 0.00390625
0 0.17602091142237128 0.815185546875 0.001085026632471888 0.00244140625
0 0.3230420201223121 0.814697265625 0.0011836654172420597 0.00244140625
0 0.31771552574472284 0.814697265625 0.0013809429867824028 0.00244140625
0 0.21320773328072598 0.814453125 0.0014795817715525744 0.001953125
0 0.2664233576642336 0.81591796875 0.002170053264943776 0.005859375
0 0.19130992306174788 0.8154296875 0.002071414480173604 0.0048828125
0 0.39425922272637604 0.815673828125 0.0027618859735648055 0.00634765625
0 0.1974748471098836 0.814453125 0.004340106529887552 0.0048828125
0 0.6909153679226672 0.81298828125 0.001874136910633261 0.0029296875
0 0.38261984612349575 0.81298828125 0.0017754981258630894 0.0029296875
0 0.6980666798185047 0.812255859375 0.0017754981258630894 0.00244140625
0 0.39751430262379167 0.814697265625 0.0027618859735648055 0.00830078125
0 0.16768593410929178 0.81103515625 0.002170053264943776 0.001953125
0 0.2575458670349181 0.81396484375 0.004340106529887552 0.009765625
0 0.2100019727756954 0.810302734375 0.000789110278161373 0.00244140625
0 0.10440915367922667 0.811279296875 0.002663247188794634 0.00439453125
0 0.7062043795620438 0.8095703125 0.001085026632471888 0.001953125
0 0.7033438548037089 0.810546875 0.0044387453146577235 0.00390625
0 0.2991714342079306 0.809814453125 0.0013809429867824028 0.00244140625
0 0.1825310712172026 0.809814453125 0.0014795817715525744 0.00244140625
0 0.17883211678832117 0.810791015625 0.003156441112645492 0.00439453125
0 0.15639179325310712 0.809814453125 0.002071414480173604 0.00244140625
0 0.17523180114420991 0.8095703125 0.002465969619254291 0.00390625
0 0.16300059183270862 0.80859375 0.001085026632471888 0.001953125
0 0.6894357861511147 0.80859375 0.00483330045373841 0.0029296875
0 0.40254488064707045 0.80908203125 0.0011836654172420597 0.00390625
0 0.2030972578417834 0.80908203125 0.0011836654172420597 0.00390625
0 0.21133359637009272 0.80810546875 0.0012823042020122311 0.0029296875
0 0.20669757348589465 0.80859375 0.005622410731899783 0.00390625
0 0.32156243835075954 0.80810546875 0.005523771947129611 0.0048828125
0 0.30622410731899785 0.806884765625 0.0008877490629315447 0.00244140625
0 0.2142434405208128 0.80859375 0.003550996251726179 0.005859375
0 0.3296508187019136 0.808349609375 0.004142828960347208 0.00634765625
0 0.25162753994870785 0.807373046875 0.0019727756954034327 0.00439453125
0 0.1720753600315644 0.809326171875 0.0028605247583349774 0.00830078125
0 0.13691063326099823 0.805908203125 0.001578220556322746 0.00244140625
0 0.16107713552969027 0.80615234375 0.001578220556322746 0.00390625
0 0.3079502860524758 0.80517578125 0.0009863878477017164 0.0029296875
0 0.1978200828565792 0.804931640625 0.002071414480173604 0.00244140625
0 0.2970013809429868 0.807861328125 0.002959163543105149 0.00927734375
0 0.2962615900572105 0.8046875 0.0012823042020122311 0.0029296875
0 0.31184651805089764 0.80419921875 0.0016768593410929177 0.0029296875
0 0.1651213257052673 0.802978515625 0.001578220556322746 0.00244140625
0 0.12398895245610574 0.802978515625 0.001578220556322746 0.00244140625
0 0.6929374630104557 0.80419921875 0.0027618859735648055 0.005859375
0 0.31559479187216416 0.8037109375 0.0028605247583349774 0.0048828125
0 0.29922075360031564 0.802734375 0.001874136910633261 0.0029296875
0 0.25581968830144014 0.8046875 0.007989741566383901 0.0068359375
0 0.3841980666798185 0.802490234375 0.003748273821266522 0.00341796875
0 0.18992898007496548 0.80126953125 0.0008877490629315447 0.001953125
0 0.40205168672321956 0.802978515625 0.0025646084040244622 0.00634765625
0 0.6876602880252515 0.801025390625 0.0012823042020122311 0.00341796875
0 0.39376602880252515 0.803466796875 0.0039455513908068654 0.00927734375
0 0.18751232984809627 0.802734375 0.003156441112645492 0.0078125
0 0.3046952061550602 0.802001953125 0.0025646084040244622 0.00732421875
0 0.2763858749260209 0.800048828125 0.002170053264943776 0.00341796875
0 0.19732688893272834 0.80029296875 0.002465969619254291 0.00390625
0 0.17715525744722824 0.8017578125 0.006707437364371671 0.0068359375
0 0.13607220359045177 0.800537109375 0.002465969619254291 0.00439453125
0 0.3186032748076544 0.798828125 0.0011836654172420597 0.0029296875
0 0.2208522391004143 0.80224609375 0.005326494377589268 0.009765625
0 0.4061451962911817 0.80224609375 0.0036496350364963502 0.0107421875
0 0.3602781613730519 0.79833984375 0.002071414480173604 0.0029296875
0 0.3086900769382521 0.7978515625 0.0028605247583349774 0.0048828125
0 0.2058098244229631 0.796875 0.002465969619254291 0.0029296875
0 0.3384296705464589 0.79638671875 0.0017754981258630894 0.0029296875
0 0.29364766226080097 0.796142578125 0.000789110278161373 0.00244140625
0 0.23175182481751824 0.79638671875 0.001874136910633261 0.0029296875
0 0.20270270270270271 0.800048828125 0.0033537186821858355 0.01025390625
0 0.3111560465575064 0.80126953125 0.004044190175577037 0.013671875
0 0.16018938646675873 0.7958984375 0.0027618859735648055 0.00390625
0 0.29088577628723616 0.795654296875 0.003748273821266522 0.00537109375
0 0.2880252515289012 0.79736328125 0.004142828960347208 0.0087890625
0 0.7007792463996844 0.793701171875 0.001085026632471888 0.00244140625
0 0.21088972183862695 0.7939453125 0.0019727756954034327 0.0029296875
0 0.21794239494969422 0.793212890625 0.003452357466956007 0.00537109375
0 0.16679818504636024 0.7919921875 0.0025646084040244622 0.0029296875
0 0.2909844150720063 0.79150390625 0.0009863878477017164 0.0029296875
0 0.1686723219569935 0.79736328125 0.003550996251726179 0.0146484375
0 0.3992404813572697 0.79052734375 0.0008877490629315447 0.001953125
0 0.3150522785559282 0.794189453125 0.005523771947129611 0.00927734375
0 0.1623101203393174 0.790771484375 0.0030578023278753207 0.00341796875
0 0.19347997632669164 0.791015625 0.0014795817715525744 0.0048828125
0 0.4152199644900375 0.792724609375 0.0028605247583349774 0.00927734375
0 0.14194121128427697 0.789794921875 0.0023673308344841193 0.00341796875
0 0.3980568159400276 0.788330078125 0.0008877490629315447 0.00244140625
0 0.3962319984217794 0.794921875 0.004734661668968239 0.015625
0 0.32595186427303213 0.789306640625 0.0028605247583349774 0.00537109375
0 0.2993193923850858 0.7890625 0.002071414480173604 0.0048828125
0 0.2937956204379562 0.787353515625 0.001085026632471888 0.00244140625
0 0.24837246005129215 0.787841796875 0.0027618859735648055 0.00341796875
0 0.23520418228447426 0.787353515625 0.001085026632471888 0.00244140625
0 0.19244426908660486 0.787109375 0.001578220556322746 0.001953125
0 0.1756263562832906 0.78759765625 0.0008877490629315447 0.0029296875
0 0.17025054251331623 0.787353515625 0.0023673308344841193 0.00244140625
0 0.18435588873545078 0.787109375 0.002959163543105149 0.0029296875
0 0.16438153481949103 0.78515625 0.002465969619254291 0.0029296875
0 0.6853915959755376 0.78564453125 0.002071414480173604 0.0048828125
0 0.2451173801538765 0.784423828125 0.0017754981258630894 0.00244140625
0 0.1978694022489643 0.785888671875 0.0039455513908068654 0.00537109375
0 0.3005030578023279 0.784423828125 0.001874136910633261 0.00341796875
0 0.3548530282106924 0.78369140625 0.0030578023278753207 0.0029296875
0 0.19426908660485304 0.78369140625 0.0016768593410929177 0.0029296875
0 0.1867232195699349 0.783935546875 0.0009863878477017164 0.00341796875
0 0.39998027224304594 0.783447265625 0.001578220556322746 0.00341796875
0 0.21892878279739594 0.783447265625 0.001874136910633261 0.00341796875
0 0.17163148550009863 0.782470703125 0.0019727756954034327 0.00244140625
0 0.2634641941211284 0.78369140625 0.005721049516669955 0.005859375
0 0.22573485894653778 0.78173828125 0.0012823042020122311 0.001953125
0 0.159202998619057 0.78173828125 0.0009863878477017164 0.001953125
0 0.41354310514894455 0.782470703125 0.0028605247583349774 0.00439453125
0 0.1678832116788321 0.7841796875 0.0039455513908068654 0.0078125
0 0.27101006115604653 0.783447265625 0.005030578023278753 0.00830078125
0 0.3233872558690077 0.78173828125 0.00483330045373841 0.005859375
0 0.1964391398697968 0.77978515625 0.001085026632471888 0.0029296875
0 0.7044782008285658 0.77880859375 0.000789110278161373 0.001953125
0 0.3030183468139673 0.781982421875 0.002959163543105149 0.00927734375
0 0.16936279345038469 0.779296875 0.0019727756954034327 0.00390625
0 0.1554547247977905 0.778564453125 0.0013809429867824028 0.00244140625
0 0.17710593805484318 0.77734375 0.002465969619254291 0.001953125
0 0.4002268692049714 0.77783203125 0.001874136910633261 0.00390625
0 0.19772144407180903 0.777099609375 0.001085026632471888 0.00244140625
0 0.6864766226080095 0.777587890625 0.006411521010061156 0.00439453125
0 0.4018544091536792 0.77685546875 0.001578220556322746 0.00390625
0 0.287926612744131 0.778076171875 0.0027618859735648055 0.00634765625
0 0.26543696981653186 0.77734375 0.0072992700729927005 0.0048828125
0 0.20319589662655357 0.778076171875 0.004931939238508582 0.00634765625
0 0.1801144209903334 0.778076171875 0.0023673308344841193 0.00634765625
0 0.23254093509567964 0.77587890625 0.0012823042020122311 0.0029296875
0 0.2531564411126455 0.77490234375 0.0016768593410929177 0.0029296875
0 0.2194712961136319 0.77490234375 0.001578220556322746 0.0029296875
0 0.18267902939435787 0.776123046875 0.0033537186821858355 0.00732421875
0 0.2600611560465575 0.77294921875 0.0036496350364963502 0.0029296875
0 0.19495955809824422 0.775146484375 0.003452357466956007 0.00830078125
0 0.1439633063720655 0.772216796875 0.0008877490629315447 0.00244140625
0 0.18909055040441902 0.77490234375 0.0027618859735648055 0.009765625
0 0.17547839810613533 0.771728515625 0.002170053264943776 0.00341796875
0 0.26543696981653186 0.770751953125 0.001578220556322746 0.00244140625
0 0.2819589662655356 0.771484375 0.0030578023278753207 0.0048828125
0 0.2972972972972973 0.77294921875 0.006510159794831328 0.0087890625
0 0.26957979877687904 0.77294921875 0.0061156046557506415 0.0087890625
0 0.393124876701519 0.77001953125 0.00483330045373841 0.00390625
0 0.7018149536397712 0.7705078125 0.0025646084040244622 0.005859375
0 0.21966857368317222 0.76904296875 0.0023673308344841193 0.0029296875
0 0.23175182481751824 0.769775390625 0.0038469126060366936 0.00537109375
0 0.20497139475241666 0.77001953125 0.0039455513908068654 0.0068359375
0 0.40274215821661075 0.77001953125 0.007693825212073387 0.0078125
0 0.3940619451568357 0.767333984375 0.001578220556322746 0.00244140625
0 0.4072795423160387 0.76611328125 0.0009863878477017164 0.001953125
0 0.32417636614716905 0.770263671875 0.0036496350364963502 0.01025390625
0 0.22731307950286053 0.76953125 0.0028605247583349774 0.0087890625
0 0.38848885381732096 0.765869140625 0.0016768593410929177 0.00244140625
0 0.1617676070230815 0.765380859375 0.001578220556322746 0.00244140625
0 0.26588084434799764 0.765380859375 0.0038469126060366936 0.00341796875
0 0.4102880252515289 0.764892578125 0.002071414480173604 0.00341796875
0 0.28629907279542316 0.764892578125 0.001874136910633261 0.00341796875
0 0.2705168672321957 0.764404296875 0.002465969619254291 0.00244140625
0 0.2924146774511738 0.763916015625 0.003255079897415664 0.00244140625
0 0.19204971394752415 0.763427734375 0.0019727756954034327 0.00244140625
0 0.2225290984415072 0.76318359375 0.001578220556322746 0.0029296875
0 0.18613138686131386 0.763671875 0.0011836654172420597 0.00390625
0 0.1756263562832906 0.763427734375 0.0028605247583349774 0.00439453125
0 0.40806865259420005 0.76220703125 0.001578220556322746 0.0029296875
0 0.3909548234365753 0.7626953125 0.002663247188794634 0.00390625
0 0.2622312093115013 0.762451171875 0.0028605247583349774 0.00341796875
0 0.2590254488064707 0.761962890625 0.0011836654172420597 0.00244140625
0 0.2113829157624778 0.763427734375 0.003748273821266522 0.00537109375
0 0.19831327678043006 0.76220703125 0.002071414480173604 0.0029296875
0 0.15150917340698364 0.761962890625 0.002170053264943776 0.00244140625
0 0.37684947721444073 0.760986328125 0.0022686920497139475 0.00244140625
0 0.18376405602682974 0.762451171875 0.0023673308344841193 0.00537109375
0 0.3968238311304005 0.76123046875 0.002170053264943776 0.00390625
0 0.22657328861708423 0.76220703125 0.003156441112645492 0.005859375
0 0.21715328467153286 0.759765625 0.0012823042020122311 0.001953125
0 0.7009765239692247 0.760009765625 0.0008877490629315447 0.00341796875
0 0.4088577628723614 0.759765625 0.0011836654172420597 0.00390625
0 0.1370092720457684 0.758544921875 0.0011836654172420597 0.00244140625
0 0.22124679423949498 0.758544921875 0.001578220556322746 0.00341796875
0 0.6884493983034129 0.7578125 0.004044190175577037 0.00390625
0 0.18036101795225884 0.758544921875 0.0016768593410929177 0.00537109375
0 0.3080982442296311 0.75732421875 0.0012823042020122311 0.00390625
0 0.192542907871375 0.75732421875 0.0023673308344841193 0.00390625
0 0.18603274807654369 0.756591796875 0.0009863878477017164 0.00244140625
0 0.29132965081870194 0.75634765625 0.0016768593410929177 0.0029296875
0 0.3504142828960347 0.7548828125 0.002663247188794634 0.001953125
0 0.21518050897612942 0.755126953125 0.0022686920497139475 0.00244140625
0 0.17222331820871967 0.7578125 0.007101992503452358 0.0087890625
0 0.39460445847307163 0.75537109375 0.004636022884198066 0.0048828125
0 0.22331820871966857 0.754150390625 0.0019727756954034327 0.00537109375
0 0.20507003353718684 0.752197265625 0.0019727756954034327 0.00244140625
0 0.18188991911619648 0.752685546875 0.0017754981258630894 0.00341796875
0 0.38740382718484906 0.752685546875 0.002071414480173604 0.00439453125
0 0.293105148944565 0.7529296875 0.002663247188794634 0.0048828125
0 0.255178536200434 0.751708984375 0.0013809429867824028 0.00244140625
0 0.2131584138883409 0.74951171875 0.001578220556322746 0.001953125
0 0.16058394160583941 0.75 0.0023673308344841193 0.0029296875
0 0.23372460051292168 0.74951171875 0.001085026632471888 0.0029296875
0 0.18746301045571118 0.74951171875 0.001085026632471888 0.0029296875
0 0.26025843361609785 0.753662109375 0.00542513316235944 0.01220703125
0 0.225290984415072 0.750244140625 0.0033537186821858355 0.00634765625
0 0.39199053067666206 0.747802734375 0.0013809429867824028 0.00244140625
0 0.19037285460643125 0.750244140625 0.0023673308344841193 0.00732421875
0 0.28989938843953444 0.747314453125 0.0023673308344841193 0.00244140625
0 0.686230025646084 0.74658203125 0.0009863878477017164 0.001953125
0 0.21084040244624186 0.748046875 0.0028605247583349774 0.0048828125
0 0.7085717103965279 0.746337890625 0.001085026632471888 0.00244140625
0 0.2277569540343263 0.74609375 0.000789110278161373 0.001953125
0 0.32708621029788915 0.745849609375 0.0019727756954034327 0.00244140625
0 0.2826494377589268 0.74560546875 0.0016768593410929177 0.0029296875
0 0.17325902544880648 0.744873046875 0.0030578023278753207 0.00244140625
0 0.3468139672519235 0.744873046875 0.0017754981258630894 0.00341796875
0 0.2593213651607812 0.745849609375 0.0017754981258630894 0.00634765625
0 0.25152890116393767 0.743408203125 0.0009863878477017164 0.00244140625
0 0.21577234168475046 0.745849609375 0.00424146774511738 0.00830078125
0 0.16556520023673307 0.7431640625 0.0012823042020122311 0.0029296875
0 0.30538567764845137 0.742431640625 0.0017754981258630894 0.00244140625
0 0.2860031564411126 0.747314453125 0.004636022884198066 0.01220703125
0 0.21892878279739594 0.74267578125 0.0014795817715525744 0.0029296875
0 0.20605642138488853 0.7421875 0.0019727756954034327 0.001953125
0 0.32318997829946733 0.74267578125 0.0028605247583349774 0.00390625
0 0.20289998027224304 0.7421875 0.000789110278161373 0.0029296875
0 0.41191556520023676 0.744873046875 0.003550996251726179 0.00927734375
0 0.40338331031761687 0.74169921875 0.002071414480173604 0.0029296875
0 0.3007496547642533 0.742919921875 0.003156441112645492 0.00537109375
0 0.22627737226277372 0.742431640625 0.0017754981258630894 0.00537109375
0 0.25537581376997437 0.74462890625 0.004142828960347208 0.0107421875
0 0.31204379562043794 0.74072265625 0.0036496350364963502 0.00390625
0 0.2225290984415072 0.7431640625 0.003550996251726179 0.0087890625
0 0.2688400078911028 0.739990234375 0.0022686920497139475 0.00341796875
0 0.2278062734267114 0.739501953125 0.0012823042020122311 0.00341796875
0 0.16378970211087 0.739501953125 0.001874136910633261 0.00341796875
0 0.26262576445058194 0.738037109375 0.001085026632471888 0.00341796875
0 0.2597159202998619 0.737548828125 0.001578220556322746 0.00244140625
0 0.26588084434799764 0.737060546875 0.002465969619254291 0.00244140625
0 0.32215427105938055 0.736572265625 0.000789110278161373 0.00244140625
0 0.22617873347800355 0.736572265625 0.0011836654172420597 0.00244140625
0 0.2214933912014204 0.736572265625 0.0014795817715525744 0.00244140625
0 0.2976425330439929 0.738037109375 0.001874136910633261 0.00634765625
0 0.25123298480962714 0.73779296875 0.0027618859735648055 0.005859375
0 0.23318208719668573 0.740966796875 0.003156441112645492 0.01220703125
0 0.3001085026632472 0.7353515625 0.001085026632471888 0.0029296875
0 0.27332807259814557 0.7353515625 0.0013809429867824028 0.00390625
0 0.2940422173998816 0.734375 0.0019727756954034327 0.0029296875
0 0.2813178141645295 0.73388671875 0.000789110278161373 0.001953125
0 0.2716018938646676 0.73486328125 0.001085026632471888 0.00390625
0 0.17301242848688103 0.7353515625 0.0013809429867824028 0.0048828125
0 0.25330439928980075 0.734619140625 0.001578220556322746 0.00439453125
0 0.24630104557111857 0.73388671875 0.000789110278161373 0.0029296875
0 0.28427697770763466 0.736328125 0.005918327086210298 0.0087890625
0 0.2547839810613533 0.733642578125 0.0009863878477017164 0.00341796875
0 0.24127046754783982 0.734130859375 0.0011836654172420597 0.00439453125
0 0.17641546656145196 0.73291015625 0.0006904714933912014 0.001953125
0 0.31485500098638786 0.732666015625 0.0011836654172420597 0.00244140625
0 0.3078023278753206 0.73583984375 0.003452357466956007 0.0087890625
0 0.18928782797395935 0.733642578125 0.0019727756954034327 0.00439453125
0 0.18238311304004734 0.732666015625 0.0009863878477017164 0.00244140625
0 0.4123101203393174 0.734619140625 0.0027618859735648055 0.00732421875
0 0.39544288814361805 0.732666015625 0.0013809429867824028 0.00341796875
0 0.2757447228250148 0.7333984375 0.003255079897415664 0.0048828125
0 0.2684454527520221 0.732666015625 0.001085026632471888 0.00341796875
0 0.24975340303807458 0.733642578125 0.0033537186821858355 0.00537109375
0 0.2901953047938449 0.735107421875 0.0033537186821858355 0.00927734375
0 0.2089169461432235 0.7314453125 0.0017754981258630894 0.00390625
0 0.24901361215229828 0.73046875 0.001085026632471888 0.0029296875
0 0.1745906490432038 0.730224609375 0.0011836654172420597 0.00244140625
0 0.1707437364371671 0.73046875 0.002170053264943776 0.0029296875
0 0.6846518050897613 0.731201171875 0.002959163543105149 0.00537109375
0 0.352288419806668 0.729736328125 0.0006904714933912014 0.00244140625
0 0.3119944762280529 0.730712890625 0.003156441112645492 0.00439453125
0 0.18756164924048135 0.730224609375 0.001874136910633261 0.00341796875
0 0.21409548234365752 0.72900390625 0.0012823042020122311 0.001953125
0 0.31939238508581574 0.72900390625 0.001578220556322746 0.0029296875
0 0.23037088183073584 0.7294921875 0.0016768593410929177 0.00390625
0 0.09799763266916552 0.728759765625 0.0006904714933912014 0.00244140625
0 0.21153087393963307 0.72900390625 0.002465969619254291 0.00390625
0 0.4060958768987966 0.728515625 0.004340106529887552 0.0048828125
0 0.30785164726770564 0.72802734375 0.003550996251726179 0.00390625
0 0.251726178733478 0.727294921875 0.0013809429867824028 0.00244140625
0 0.26903728546064315 0.727783203125 0.002465969619254291 0.00439453125
0 0.32728348786742945 0.7275390625 0.0019727756954034327 0.0048828125
0 0.3031169855987374 0.726806640625 0.0011836654172420597 0.00341796875
0 0.21966857368317222 0.72705078125 0.0023673308344841193 0.00390625
0 0.31687709607417636 0.72705078125 0.001874136910633261 0.0048828125
0 0.28472085223910043 0.7255859375 0.0030578023278753207 0.0029296875
0 0.2263760110475439 0.7275390625 0.003156441112645492 0.0068359375
0 0.3935687512329848 0.726318359375 0.006904714933912014 0.00634765625
0 0.29576839613335965 0.724365234375 0.0012823042020122311 0.00244140625
0 0.2228743341882028 0.72607421875 0.002465969619254291 0.005859375
0 0.2767804300651016 0.72509765625 0.002959163543105149 0.0048828125
0 0.16053462221345433 0.724365234375 0.002465969619254291 0.00341796875
0 0.3967251923456303 0.723388671875 0.0017754981258630894 0.00244140625
0 0.3050404419017558 0.724365234375 0.001874136910633261 0.00439453125
0 0.24186230025646083 0.723388671875 0.0005918327086210298 0.00244140625
0 0.23007496547642534 0.7236328125 0.002663247188794634 0.00390625
0 0.32802327875320575 0.72216796875 0.0008877490629315447 0.001953125
0 0.1961925429078714 0.72265625 0.000789110278161373 0.0029296875
0 0.17375221937265733 0.721923828125 0.0012823042020122311 0.00244140625
0 0.22578417833892286 0.7216796875 0.0011836654172420597 0.0029296875
0 0.3362596172815151 0.720458984375 0.000789110278161373 0.00244140625
0 0.2180903531268495 0.720947265625 0.0011836654172420597 0.00439453125
0 0.18386269481159992 0.720458984375 0.0013809429867824028 0.00341796875
0 0.4123101203393174 0.72265625 0.0039455513908068654 0.0087890625
0 0.25014795817715524 0.72119140625 0.0023673308344841193 0.0068359375
0 0.23727559676464785 0.718994140625 0.0016768593410929177 0.00341796875
0 0.2103965279147761 0.718017578125 0.0013809429867824028 0.00244140625
0 0.16827776681791282 0.7177734375 0.0011836654172420597 0.001953125
0 0.6872164134937857 0.718505859375 0.0013809429867824028 0.00439453125
0 0.32417636614716905 0.71826171875 0.002465969619254291 0.00390625
0 0.26997435391595975 0.719970703125 0.004340106529887552 0.00732421875
0 0.2270664825409351 0.717529296875 0.000789110278161373 0.00244140625
0 0.16941211284276977 0.7197265625 0.0030578023278753207 0.0068359375
0 0.291378970211087 0.719970703125 0.006510159794831328 0.00830078125
0 0.24398303412901953 0.7177734375 0.002071414480173604 0.0048828125
0 0.2845235746695601 0.716064453125 0.0014795817715525744 0.00341796875
0 0.2402840797001381 0.71826171875 0.0023673308344841193 0.0078125
0 0.25429078713750247 0.72265625 0.005918327086210298 0.017578125
0 0.27441309923061746 0.715576171875 0.0013809429867824028 0.00537109375
0 0.1975241665022687 0.713623046875 0.0008877490629315447 0.00244140625
0 0.2938942592227264 0.713623046875 0.0022686920497139475 0.00341796875
0 0.24186230025646083 0.713623046875 0.001578220556322746 0.00341796875
0 0.298826198461235 0.712890625 0.002465969619254291 0.0029296875
0 0.27248964292759914 0.712890625 0.0016768593410929177 0.0029296875
0 0.2589761294140856 0.714599609375 0.001874136910633261 0.00634765625
0 0.2474847109883606 0.71435546875 0.0023673308344841193 0.005859375
0 0.22410731899782996 0.712890625 0.0013809429867824028 0.00390625
0 0.215525744722825 0.7138671875 0.0025646084040244622 0.005859375
0 0.3117971986585125 0.7109375 0.000789110278161373 0.001953125
0 0.2858058788715723 0.7119140625 0.0014795817715525744 0.00390625
0 0.27835865062142434 0.7138671875 0.004340106529887552 0.0078125
0 0.2768297494574867 0.710693359375 0.0006904714933912014 0.00244140625
0 0.2617380153876504 0.71240234375 0.0022686920497139475 0.005859375
0 0.42222331820871967 0.71044921875 0.0012823042020122311 0.00390625
0 0.4004241467745117 0.71044921875 0.0016768593410929177 0.00390625
0 0.26681791280331424 0.71044921875 0.002959163543105149 0.0048828125
0 0.23170250542513315 0.70849609375 0.0009863878477017164 0.001953125
0 0.21838626948116 0.708740234375 0.0009863878477017164 0.00244140625
0 0.240234760307753 0.708251953125 0.001085026632471888 0.00244140625
0 0.39662655356086013 0.71142578125 0.003748273821266522 0.0107421875
0 0.25986387847701714 0.70751953125 0.0016768593410929177 0.0029296875
0 0.22262773722627738 0.70751953125 0.0017754981258630894 0.00390625
0 0.2840303807457092 0.707275390625 0.0022686920497139475 0.00439453125
0 0.2709114223712764 0.709228515625 0.003255079897415664 0.00830078125
0 0.6857861511146183 0.70654296875 0.003452357466956007 0.00390625
0 0.21680804892483724 0.70703125 0.0011836654172420597 0.0048828125
0 0.282748076543697 0.70556640625 0.0008877490629315447 0.0029296875
0 0.28841980666798184 0.708984375 0.004142828960347208 0.0107421875
0 0.2628230420201223 0.704833984375 0.0008877490629315447 0.00244140625
0 0.1717301242848688 0.704833984375 0.001578220556322746 0.00244140625
0 0.4039258236338528 0.705322265625 0.0011836654172420597 0.00439453125
0 0.3152495561254685 0.704345703125 0.0011836654172420597 0.00244140625
0 0.24265141053462222 0.703857421875 0.0009863878477017164 0.00146484375
0 0.2946340501085027 0.704345703125 0.0009863878477017164 0.00341796875
0 0.27835865062142434 0.70458984375 0.001578220556322746 0.00390625
0 0.2748076543696982 0.704345703125 0.0017754981258630894 0.00439453125
0 0.4029394357861511 0.702392578125 0.000789110278161373 0.00244140625
0 0.2924146774511738 0.702392578125 0.0014795817715525744 0.00244140625
0 0.27239100414282896 0.702392578125 0.0014795817715525744 0.00244140625
0 0.2577924639968436 0.703369140625 0.001085026632471888 0.00439453125
0 0.2378674294732689 0.705322265625 0.002071414480173604 0.00830078125
0 0.2242552771749852 0.703125 0.003255079897415664 0.0048828125
0 0.4238015387650424 0.701904296875 0.0012823042020122311 0.00341796875
0 0.2766324718879463 0.701171875 0.002071414480173604 0.001953125
0 0.3249654764253304 0.700927734375 0.001085026632471888 0.00244140625
0 0.3115506016965871 0.700927734375 0.0006904714933912014 0.00244140625
0 0.24916157032945355 0.70166015625 0.0023673308344841193 0.00390625
0 0.2221838626948116 0.701171875 0.001085026632471888 0.0029296875
0 0.686230025646084 0.700439453125 0.0011836654172420597 0.00244140625
0 0.16837640560268297 0.70068359375 0.0009863878477017164 0.0029296875
0 0.31416452949299667 0.699951171875 0.0013809429867824028 0.00244140625
0 0.2635135135135135 0.699951171875 0.001085026632471888 0.00244140625
0 0.2617380153876504 0.700439453125 0.0012823042020122311 0.00341796875
0 0.25404419017557706 0.699951171875 0.0008877490629315447 0.00244140625
0 0.30370881830735846 0.7001953125 0.0009863878477017164 0.00390625
0 0.21680804892483724 0.69970703125 0.0009863878477017164 0.0029296875
0 0.2030479384493983 0.700439453125 0.0014795817715525744 0.00439453125
0 0.3909548234365753 0.69921875 0.0014795817715525744 0.0029296875
0 0.3053363582560663 0.69873046875 0.0008877490629315447 0.001953125
0 0.2677549812586309 0.702392578125 0.0022686920497139475 0.00927734375
0 0.2588774906293154 0.69921875 0.001874136910633261 0.0029296875
0 0.24565989347011244 0.69921875 0.001085026632471888 0.00390625
0 0.29670546458867625 0.698974609375 0.0019727756954034327 0.00439453125
0 0.25138094298678243 0.697998046875 0.0008877490629315447 0.00244140625
0 0.27485697376208323 0.697509765625 0.0012823042020122311 0.00244140625
0 0.28437561649240484 0.697998046875 0.0011836654172420597 0.00439453125
0 0.3025251528901164 0.69775390625 0.001578220556322746 0.005859375
0 0.29409153679226674 0.695556640625 0.0028605247583349774 0.00439453125
0 0.27658315249556126 0.69482421875 0.0023673308344841193 0.0029296875
0 0.4137403827184849 0.69677734375 0.003255079897415664 0.0087890625
0 0.2221838626948116 0.693603515625 0.0006904714933912014 0.00244140625
0 0.28570724008680215 0.69384765625 0.0014795817715525744 0.00390625
0 0.3192444269086605 0.696044921875 0.003255079897415664 0.00927734375
0 0.30864075754586706 0.692626953125 0.0009863878477017164 0.00244140625
0 0.2427007299270073 0.692626953125 0.0006904714933912014 0.00244140625
0 0.40757545867034917 0.692138671875 0.0013809429867824028 0.00244140625
0 0.23096271453935688 0.692626953125 0.0012823042020122311 0.00341796875
0 0.24699151706450975 0.690673828125 0.0011836654172420597 0.00244140625
0 0.4118169264154666 0.693603515625 0.0023673308344841193 0.00927734375
0 0.31159992108897216 0.68994140625 0.000789110278161373 0.001953125
0 0.3048431643322154 0.691162109375 0.0028605247583349774 0.00439453125
0 0.2561156046557506 0.692138671875 0.0022686920497139475 0.00634765625
0 0.2791970802919708 0.6884765625 0.0012823042020122311 0.001953125
0 0.2591240875912409 0.6904296875 0.003156441112645492 0.005859375
0 0.3219569934898402 0.688720703125 0.0011836654172420597 0.00341796875
0 0.28807457092128624 0.688232421875 0.0012823042020122311 0.00244140625
0 0.22469915170645097 0.68896484375 0.0011836654172420597 0.00390625
0 0.2083251134346025 0.688232421875 0.0013809429867824028 0.00244140625
0 0.22755967646478595 0.6884765625 0.0027618859735648055 0.0048828125
0 0.3068652594200039 0.686767578125 0.001578220556322746 0.00341796875
0 0.26410534622213455 0.686767578125 0.0016768593410929177 0.00439453125
0 0.3999309528506609 0.687744140625 0.002071414480173604 0.00732421875
0 0.4050601696587098 0.685791015625 0.0014795817715525744 0.00439453125
0 0.2869402248964293 0.685546875 0.0027618859735648055 0.00390625
0 0.2940422173998816 0.686279296875 0.002959163543105149 0.00732421875
0 0.3258039060958769 0.683349609375 0.0011836654172420597 0.00244140625
0 0.3108601302031959 0.683349609375 0.0012823042020122311 0.00244140625
0 0.2894555139080687 0.683349609375 0.001085026632471888 0.00244140625
0 0.2618859735648057 0.683837890625 0.0013809429867824028 0.00341796875
0 0.19071809035312684 0.682373046875 0.0008877490629315447 0.00244140625
0 0.4210889721838627 0.683349609375 0.003748273821266522 0.00537109375
0 0.4157624778062734 0.683349609375 0.0017754981258630894 0.00634765625
0 0.40658907082264745 0.6796875 0.0009863878477017164 0.0029296875
0 0.24787926612744132 0.679443359375 0.0011836654172420597 0.00244140625
0 0.4124580785164727 0.681640625 0.0044387453146577235 0.0087890625
0 0.26686723219569936 0.677978515625 0.0008877490629315447 0.00244140625
0 0.2845235746695601 0.6787109375 0.001874136910633261 0.0068359375
0 0.3046952061550602 0.676513671875 0.0009863878477017164 0.00341796875
0 0.29843164332215427 0.677978515625 0.0022686920497139475 0.00634765625
0 0.4176859341092918 0.678466796875 0.003255079897415664 0.00927734375
0 0.24852041822844742 0.673583984375 0.0008877490629315447 0.00244140625
0 0.26371079108305384 0.673095703125 0.0006904714933912014 0.00244140625
0 0.2920694417044782 0.67236328125 0.0011836654172420597 0.0029296875
0 0.4575853225488262 0.671630859375 0.002170053264943776 0.00537109375
0 0.24013612152298283 0.670166015625 0.002071414480173604 0.00439453125
0 0.4263661471690669 0.665771484375 0.0006904714933912014 0.00244140625
0 0.4105346222134543 0.664794921875 0.000789110278161373 0.00244140625
0 0.6822844742552772 0.664306640625 0.0011836654172420597 0.00244140625
0 0.4882619846123496 0.663818359375 0.0013809429867824028 0.00341796875
0 0.43859735648056813 0.663818359375 0.001085026632471888 0.00439453125
0 0.4418524363779838 0.66455078125 0.0016768593410929177 0.0068359375
0 0.48061747879266126 0.660400390625 0.0022686920497139475 0.00732421875
0 0.4483132767804301 0.657470703125 0.0011836654172420597 0.00341796875
0 0.5146478595383704 0.65673828125 0.0008877490629315447 0.0029296875
0 0.5442888143618071 0.65625 0.0009863878477017164 0.0029296875
0 0.5352633655553364 0.657958984375 0.002465969619254291 0.00634765625
0 0.5323042020122312 0.658203125 0.0028605247583349774 0.0068359375
0 0.7279049122114816 0.65576171875 0.0014795817715525744 0.0029296875
0 0.5295423160386664 0.656005859375 0.0008877490629315447 0.00341796875
0 0.6439633063720654 0.65478515625 0.0014795817715525744 0.001953125
0 0.45664825409350956 0.65869140625 0.003452357466956007 0.009765625
0 0.6092917735253501 0.65478515625 0.0019727756954034327 0.00390625
0 0.43864667587295325 0.656005859375 0.001578220556322746 0.00634765625
0 0.6364174393371473 0.653564453125 0.0011836654172420597 0.00341796875
0 0.5228841980666799 0.6533203125 0.0013809429867824028 0.0029296875
0 0.647711580193332 0.653076171875 0.0014795817715525744 0.00341796875
0 0.6236437167094101 0.65380859375 0.0016768593410929177 0.0048828125
0 0.4898402051686723 0.65283203125 0.0013809429867824028 0.00390625
0 0.5864568948510555 0.651611328125 0.002071414480173604 0.00244140625
0 0.6793746301045571 0.652099609375 0.001085026632471888 0.00439453125
0 0.548234365752614 0.6513671875 0.0033537186821858355 0.00390625
0 0.5765436969816532 0.652587890625 0.004734661668968239 0.00732421875
0 0.6558492799368711 0.65087890625 0.0013809429867824028 0.0048828125
0 0.6185144999013612 0.649658203125 0.0012823042020122311 0.00244140625
0 0.6524955612546853 0.6494140625 0.0011836654172420597 0.00390625
0 0.6114125073979089 0.648681640625 0.001085026632471888 0.00341796875
0 0.6060860130203196 0.650146484375 0.00424146774511738 0.00634765625
0 0.4892483724600513 0.648193359375 0.0011836654172420597 0.00244140625
0 0.624728743341882 0.64794921875 0.002465969619254291 0.0029296875
0 0.5889228644703097 0.64990234375 0.002465969619254291 0.0068359375
0 0.5599723811402644 0.6494140625 0.003156441112645492 0.005859375
0 0.5690471493391202 0.646728515625 0.000789110278161373 0.00244140625
0 0.567222331820872 0.6484375 0.0030578023278753207 0.005859375
0 0.5612053659498915 0.64599609375 0.0008877490629315447 0.001953125
0 0.5323042020122312 0.646240234375 0.0008877490629315447 0.00341796875
0 0.7311599921088973 0.647705078125 0.004044190175577037 0.00732421875
0 0.5861116591043598 0.64697265625 0.002959163543105149 0.005859375
0 0.7139968435588874 0.6455078125 0.001085026632471888 0.00390625
