0 0.1853422765831525 0.92529296875 0.0009863878477017164 0.00390625
0 0.12083251134346025 0.681396484375 0.0023673308344841193 0.00927734375
0 0.23125863089366738 0.65380859375 0.001085026632471888 0.0029296875
0 0.23254093509567964 0.649658203125 0.004636022884198066 0.00244140625
0 0.2287926612744131 0.649658203125 0.0016768593410929177 0.00244140625
0 0.28664430854211875 0.6484375 0.003748273821266522 0.0029296875
0 0.27416650226869205 0.6484375 0.001874136910633261 0.0029296875
0 0.3656539751430262 0.646240234375 0.0009863878477017164 0.00244140625
0 0.3630893667390018 0.646240234375 0.0011836654172420597 0.00244140625
0 0.35071019925034524 0.646484375 0.0016768593410929177 0.0029296875
