0 0.3933714736634445 0.997802734375 0.001578220556322746 0.00439453125
0 0.15279147760899586 0.99658203125 0.000789110278161373 0.0029296875
0 0.26168869599526534 0.9951171875 0.000789110278161373 0.0029296875
0 0.3442986782402841 0.994384765625 0.001085026632471888 0.00341796875
0 0.2932037877293352 0.994384765625 0.0008877490629315447 0.00341796875
0 0.26514105346222133 0.993896484375 0.0017754981258630894 0.00732421875
0 0.1950088774906293 0.9912109375 0.001578220556322746 0.00390625
0 0.2861017952258828 0.99169921875 0.0022686920497139475 0.0068359375
0 0.17508384296705465 0.98974609375 0.0017754981258630894 0.00390625
0 0.32526139277964095 0.986083984375 0.0008877490629315447 0.00244140625
0 0.24191161964884592 0.986328125 0.001085026632471888 0.00390625
0 0.13084434799763267 0.986083984375 0.0016768593410929177 0.00439453125
0 0.16087985796014992 0.985595703125 0.0017754981258630894 0.00537109375
0 0.3612152298283685 0.984130859375 0.0013809429867824028 0.00537109375
0 0.30548431643322155 0.986083984375 0.0027618859735648055 0.00927734375
0 0.1370585914381535 0.98388671875 0.0014795817715525744 0.0048828125
0 0.13409942789504833 0.98291015625 0.001085026632471888 0.00390625
0 0.3085421187610969 0.98095703125 0.0009863878477017164 0.0029296875
0 0.3510061156046558 0.98095703125 0.001085026632471888 0.00390625
0 0.2756954034326297 0.979736328125 0.000789110278161373 0.00244140625
0 0.260899585717104 0.981689453125 0.001578220556322746 0.00634765625
0 0.2795423160386664 0.9755859375 0.000789110278161373 0.0029296875
0 0.25399487078319194 0.974853515625 0.0011836654172420597 0.00244140625
0 0.24990136121522982 0.976318359375 0.0014795817715525744 0.00537109375
0 0.2735253501676859 0.97509765625 0.0013809429867824028 0.0048828125
0 0.44274018544091537 0.970947265625 0.0008877490629315447 0.00244140625
0 0.13572696784375615 0.969970703125 0.0011836654172420597 0.00341796875
0 0.20733872558690078 0.967041015625 0.0005918327086210298 0.00244140625
0 0.25473466166896824 0.966796875 0.001085026632471888 0.00390625
0 0.3096271453935687 0.96630859375 0.0011836654172420597 0.00390625
0 0.14366739001775497 0.964111328125 0.001085026632471888 0.00439453125
0 0.16152101006115605 0.962646484375 0.001085026632471888 0.00439453125
0 0.23929769185243638 0.961181640625 0.0011836654172420597 0.00341796875
0 0.2956204379562044 0.9599609375 0.0013809429867824028 0.00390625
0 0.22726376011047544 0.95947265625 0.0009863878477017164 0.00390625
0 0.17463996843558888 0.9580078125 0.0014795817715525744 0.0048828125
0 0.15762477806273426 0.95947265625 0.0025646084040244622 0.0078125
0 0.31579206944170446 0.9560546875 0.0008877490629315447 0.0029296875
0 0.2656342473860722 0.9560546875 0.0013809429867824028 0.00390625
0 0.12038863681199448 0.955322265625 0.0008877490629315447 0.00244140625
0 0.2441309923061748 0.95556640625 0.001578220556322746 0.005859375
0 0.2041329650818702 0.954345703125 0.0008877490629315447 0.00341796875
0 0.24782994673505623 0.95361328125 0.0016768593410929177 0.00390625
0 0.2269678437561649 0.952880859375 0.0009863878477017164 0.00341796875
0 0.11846518050897613 0.95068359375 0.0011836654172420597 0.00390625
0 0.17158216610771354 0.951416015625 0.001874136910633261 0.00634765625
0 0.2869402248964293 0.949951171875 0.0011836654172420597 0.00439453125
0 0.10243637798382324 0.949462890625 0.0008877490629315447 0.00341796875
0 0.13602288419806668 0.9482421875 0.0009863878477017164 0.00390625
0 0.11338528309331229 0.945556640625 0.002465969619254291 0.00634765625
0 0.3394653777865457 0.943359375 0.001085026632471888 0.00390625
0 0.2072400868021306 0.943359375 0.0013809429867824028 0.0048828125
0 0.10347208522391003 0.9423828125 0.000789110278161373 0.0029296875
0 0.2565594791872164 0.943115234375 0.0013809429867824028 0.00537109375
0 0.13543105148944565 0.94189453125 0.000789110278161373 0.0029296875
0 0.346567370289998 0.93994140625 0.0008877490629315447 0.0029296875
0 0.09020516867232195 0.939453125 0.001085026632471888 0.0029296875
0 0.16122509370684554 0.940185546875 0.002071414480173604 0.00634765625
0 0.17242059577826002 0.93994140625 0.0017754981258630894 0.0068359375
0 0.27969027421582165 0.9384765625 0.0016768593410929177 0.005859375
0 0.18415861116591042 0.938232421875 0.0013809429867824028 0.00537109375
0 0.17784572894061945 0.9365234375 0.0013809429867824028 0.0029296875
0 0.11920497139475242 0.935302734375 0.0006904714933912014 0.00244140625
0 0.36427303215624385 0.9365234375 0.001578220556322746 0.005859375
0 0.21088972183862695 0.93505859375 0.000789110278161373 0.0029296875
0 0.18746301045571118 0.934326171875 0.0014795817715525744 0.00439453125
0 0.20497139475241666 0.93017578125 0.000789110278161373 0.0029296875
0 0.1484020516867232 0.929931640625 0.0006904714933912014 0.00244140625
0 0.319540343262971 0.92822265625 0.0008877490629315447 0.0029296875
0 0.18603274807654369 0.928955078125 0.0019727756954034327 0.00634765625
0 0.10125271256658118 0.928955078125 0.001874136910633261 0.00732421875
0 0.18721641349378576 0.92333984375 0.0011836654172420597 0.0029296875
0 0.3210199250345236 0.923095703125 0.0016768593410929177 0.00634765625
0 0.12014203985006905 0.917236328125 0.0005918327086210298 0.00244140625
0 0.33532254882619844 0.91748046875 0.001085026632471888 0.00390625
0 0.1773032156243835 0.9169921875 0.0008877490629315447 0.0029296875
0 0.15022686920497139 0.9169921875 0.0011836654172420597 0.00390625
0 0.1140264351943184 0.91650390625 0.0013809429867824028 0.00390625
0 0.30740777273623987 0.911865234375 0.0014795817715525744 0.00439453125
0 0.285066087985796 0.909912109375 0.0011836654172420597 0.00439453125
0 0.1843065693430657 0.90673828125 0.001874136910633261 0.00390625
0 0.09173406983625962 0.902099609375 0.0009863878477017164 0.00341796875
0 0.32807259814559087 0.896484375 0.000789110278161373 0.0029296875
0 0.1911619648845926 0.89501953125 0.000789110278161373 0.0029296875
0 0.3625468534227658 0.89306640625 0.001085026632471888 0.0029296875
0 0.20156835667784573 0.888671875 0.001085026632471888 0.0029296875
0 0.19066877096074175 0.884521484375 0.000789110278161373 0.00244140625
0 0.15377786545669758 0.88427734375 0.000789110278161373 0.0029296875
0 0.2339711974748471 0.87451171875 0.0009863878477017164 0.00390625
0 0.09257249950680607 0.8720703125 0.0008877490629315447 0.0029296875
0 0.3622509370684553 0.865234375 0.0012823042020122311 0.0048828125
0 0.116097849674492 0.850830078125 0.0009863878477017164 0.00341796875
0 0.09587689879660682 0.830810546875 0.001578220556322746 0.00439453125
0 0.09676464785953837 0.82568359375 0.001578220556322746 0.0048828125
0 0.3397612941408562 0.822265625 0.001085026632471888 0.0029296875
0 0.32526139277964095 0.78564453125 0.0008877490629315447 0.0029296875
0 0.356875123298481 0.77587890625 0.0009863878477017164 0.0029296875
0 0.30691457881238904 0.694091796875 0.0006904714933912014 0.00244140625
0 0.33665417242059575 0.689697265625 0.0011836654172420597 0.00244140625
0 0.36905701321759715 0.656982421875 0.0036496350364963502 0.00341796875
0 0.40866048530282106 0.654052734375 0.005523771947129611 0.00732421875
0 0.20319589662655357 0.650146484375 0.0023673308344841193 0.00244140625
0 0.3608699940816729 0.6533203125 0.0038469126060366936 0.01171875
0 0.40387650424146776 0.65087890625 0.002663247188794634 0.0107421875
0 0.42745117380153874 0.64892578125 0.0044387453146577235 0.0107421875
0 0.10672716512132571 0.644775390625 0.0061156046557506415 0.00341796875
