0 0.32417636614716905 0.998779296875 0.002465969619254291 0.00244140625
0 0.348836062339712 0.9970703125 0.002465969619254291 0.001953125
0 0.3389228644703097 0.998046875 0.0051292168080489245 0.00390625
0 0.12640560268297493 0.998046875 0.005622410731899783 0.00390625
0 0.3705859143815348 0.997802734375 0.003550996251726179 0.00439453125
0 0.10347208522391003 0.996826171875 0.0023673308344841193 0.00244140625
0 0.4814065890708226 0.99658203125 0.0028605247583349774 0.0029296875
0 0.13814361807062536 0.996826171875 0.002663247188794634 0.00439453125
0 0.2976425330439929 0.9970703125 0.0028605247583349774 0.005859375
0 0.5241665022686921 0.99658203125 0.0051292168080489245 0.0068359375
0 0.49467350562241075 0.995361328125 0.005523771947129611 0.00439453125
0 0.4509765239692247 0.994873046875 0.004734661668968239 0.00341796875
0 0.4326790293943579 0.99658203125 0.012724403235352141 0.0068359375
0 0.41956007101992504 0.995361328125 0.0038469126060366936 0.00439453125
0 0.35322548826198463 0.995361328125 0.004537384099427895 0.00439453125
0 0.6131386861313869 0.994384765625 0.0072992700729927005 0.00439453125
0 0.5691457881238903 0.9931640625 0.0013809429867824028 0.001953125
0 0.504044190175577 0.99560546875 0.011836654172420595 0.0068359375
0 0.4078713750246597 0.99560546875 0.0072992700729927005 0.0068359375
0 0.37566581179719866 0.99609375 0.005819688301440126 0.0078125
0 0.5158808443479976 0.992919921875 0.0033537186821858355 0.00341796875
0 0.2786545669757349 0.994384765625 0.0061156046557506415 0.00634765625
0 0.12181889919116197 0.992431640625 0.002170053264943776 0.00244140625
0 0.5561254685342276 0.99365234375 0.0061156046557506415 0.005859375
0 0.3824718879463405 0.99267578125 0.0066087985796014995 0.0078125
0 0.14618267902939436 0.98974609375 0.0013809429867824028 0.0029296875
0 0.633902150325508 0.989501953125 0.005030578023278753 0.00341796875
0 0.23209706056421384 0.9921875 0.01755770368909055 0.0087890625
0 0.6966857368317222 0.98974609375 0.003550996251726179 0.0048828125
0 0.38755178536200435 0.98828125 0.002959163543105149 0.001953125
0 0.5000493193923851 0.98876953125 0.006016965870980469 0.00390625
0 0.324127046754784 0.98974609375 0.010455711185638194 0.005859375
0 0.6395738804497929 0.98779296875 0.0039455513908068654 0.0029296875
0 0.6186624580785165 0.989501953125 0.004340106529887552 0.00634765625
0 0.5755079897415664 0.988037109375 0.00483330045373841 0.00341796875
0 0.41221148155454723 0.988525390625 0.003748273821266522 0.00439453125
0 0.162063523377392 0.987548828125 0.0011836654172420597 0.00244140625
0 0.15870980469520615 0.989501953125 0.005523771947129611 0.00634765625
0 0.40289011639376604 0.98779296875 0.0066087985796014995 0.0048828125
0 0.6911619648845926 0.989013671875 0.007496547642533044 0.00830078125
0 0.664332215427106 0.988525390625 0.017163148550009864 0.01025390625
0 0.5406391793253107 0.988037109375 0.006707437364371671 0.00927734375
0 0.17572499506806077 0.9853515625 0.005819688301440126 0.00390625
0 0.14820477411718289 0.9853515625 0.0066087985796014995 0.00390625
0 0.36974748471098834 0.9833984375 0.001874136910633261 0.001953125
0 0.6500789110278161 0.984130859375 0.003452357466956007 0.00439453125
0 0.6139771158019334 0.986083984375 0.007397908857762872 0.00830078125
0 0.15663839021503256 0.984375 0.006312882225290984 0.0048828125
0 0.7144900374827382 0.983154296875 0.00424146774511738 0.00341796875
0 0.7270664825409351 0.98291015625 0.004340106529887552 0.00390625
0 0.6266028802525153 0.984619140625 0.00483330045373841 0.00732421875
0 0.5324521601893865 0.982177734375 0.0019727756954034327 0.00244140625
0 0.4266127441309923 0.984130859375 0.007101992503452358 0.00732421875
0 0.5027125665811797 0.98291015625 0.00897612941408562 0.005859375
0 0.11550601696587098 0.982177734375 0.0017754981258630894 0.00439453125
0 0.5876405602682975 0.986083984375 0.01331623594397317 0.01318359375
0 0.2624778062734267 0.981689453125 0.005523771947129611 0.00439453125
0 0.683320181495364 0.98046875 0.0016768593410929177 0.0029296875
0 0.5824127046754783 0.982421875 0.009567962122706648 0.0068359375
0 0.10445847307161175 0.980224609375 0.000789110278161373 0.00244140625
0 0.4953146577234169 0.983642578125 0.007595186427303216 0.01123046875
0 0.33394160583941607 0.98291015625 0.009567962122706648 0.009765625
0 0.6183172223318208 0.980224609375 0.003452357466956007 0.00537109375
0 0.5278161373051884 0.979736328125 0.006312882225290984 0.00439453125
0 0.518938646675873 0.9794921875 0.006904714933912014 0.00390625
0 0.3590451765634247 0.98095703125 0.006904714933912014 0.0068359375
0 0.09898402051686724 0.979248046875 0.0022686920497139475 0.00341796875
0 0.1417932531071217 0.978271484375 0.0012823042020122311 0.00244140625
0 0.3389228644703097 0.978271484375 0.002959163543105149 0.00341796875
0 0.3003550996251726 0.978759765625 0.004142828960347208 0.00439453125
0 0.4598046952061551 0.979248046875 0.007200631288222529 0.00634765625
0 0.4021010061156047 0.979248046875 0.0066087985796014995 0.00634765625
0 0.18297494574866838 0.98095703125 0.008680213059775104 0.009765625
0 0.689041231012034 0.978515625 0.010357072400868021 0.0068359375
0 0.6591536792266719 0.9765625 0.003255079897415664 0.0029296875
0 0.45216018938646674 0.97802734375 0.003748273821266522 0.005859375
0 0.6639869796804103 0.977294921875 0.006016965870980469 0.00537109375
0 0.2902939435786151 0.97705078125 0.007101992503452358 0.0048828125
0 0.6348885381732097 0.982177734375 0.015683566778457288 0.01611328125
0 0.4655750641152101 0.976318359375 0.004537384099427895 0.00439453125
0 0.41872164134937856 0.97705078125 0.005721049516669955 0.005859375
0 0.3316729137897021 0.975830078125 0.00542513316235944 0.00341796875
0 0.3525350167685934 0.97509765625 0.003156441112645492 0.0029296875
0 0.18381337541921483 0.97607421875 0.00424146774511738 0.0048828125
0 0.34341092917735255 0.976318359375 0.00542513316235944 0.00634765625
0 0.2969027421582166 0.97509765625 0.0051292168080489245 0.00390625
0 0.5399980272243046 0.974853515625 0.00424146774511738 0.00439453125
0 0.13804497928585518 0.973876953125 0.0016768593410929177 0.00244140625
0 0.5259420003945552 0.9736328125 0.0039455513908068654 0.0029296875
0 0.4964983231406589 0.97607421875 0.01213257052673111 0.0087890625
0 0.12980864075754586 0.973876953125 0.0033537186821858355 0.00439453125
0 0.7280528703886369 0.974609375 0.011047543894259222 0.0087890625
0 0.4214342079305583 0.9716796875 0.0036496350364963502 0.0029296875
0 0.1320773328072598 0.97119140625 0.001578220556322746 0.001953125
0 0.12576445058196883 0.97314453125 0.0039455513908068654 0.005859375
0 0.6169362793450385 0.972412109375 0.007200631288222529 0.00537109375
0 0.5852239100414283 0.970947265625 0.0033537186821858355 0.00341796875
0 0.4739593608206747 0.975341796875 0.010652988755178536 0.01220703125
0 0.5295916354310515 0.9697265625 0.0017754981258630894 0.001953125
0 0.3771453935687512 0.970703125 0.002663247188794634 0.00390625
0 0.37423554941803117 0.969970703125 0.0017754981258630894 0.00244140625
0 0.5081870191359242 0.969970703125 0.004734661668968239 0.00341796875
0 0.3439534424935885 0.970703125 0.0027618859735648055 0.0048828125
0 0.3094791872164135 0.969482421875 0.002071414480173604 0.00244140625
0 0.5723515486289209 0.97119140625 0.011935292957190768 0.0068359375
0 0.5985894653777866 0.971923828125 0.00483330045373841 0.00927734375
0 0.12768790688498718 0.96826171875 0.003255079897415664 0.001953125
0 0.7202604063917932 0.970458984375 0.01085026632471888 0.00732421875
0 0.673554941803117 0.970947265625 0.006806076149141842 0.00830078125
0 0.4927993687117775 0.9697265625 0.007891102781613731 0.005859375
0 0.30508976129414084 0.968505859375 0.004734661668968239 0.00341796875
0 0.6117084237522193 0.968017578125 0.006411521010061156 0.00341796875
0 0.5532156243835076 0.968017578125 0.0044387453146577235 0.00341796875
0 0.23303412901953047 0.967529296875 0.00542513316235944 0.00341796875
0 0.4244426908660485 0.966796875 0.003748273821266522 0.0029296875
0 0.39485105543499704 0.966552734375 0.0017754981258630894 0.00244140625
0 0.10934109291773525 0.966796875 0.002465969619254291 0.0029296875
0 0.10692444269086605 0.96728515625 0.001578220556322746 0.00390625
0 0.6278851844545276 0.9677734375 0.009962517261787335 0.0068359375
0 0.11447030972578418 0.96630859375 0.005227855592819097 0.0048828125
0 0.5247583349773131 0.96484375 0.002959163543105149 0.0029296875
0 0.6969323337936476 0.966796875 0.00483330045373841 0.0078125
0 0.5351154073781811 0.96630859375 0.0051292168080489245 0.0068359375
0 0.5710692444269087 0.96435546875 0.0038469126060366936 0.00390625
0 0.5516867232195699 0.964111328125 0.004931939238508582 0.00341796875
0 0.3210199250345236 0.965087890625 0.006806076149141842 0.00537109375
0 0.09972381140264353 0.965087890625 0.006312882225290984 0.00537109375
0 0.458621029788913 0.96826171875 0.016078121917537977 0.0126953125
0 0.40481357269678436 0.962890625 0.003550996251726179 0.001953125
0 0.656934306569343 0.963134765625 0.002959163543105149 0.00341796875
0 0.6373051884000789 0.96337890625 0.005326494377589268 0.00390625
0 0.6215229828368515 0.962890625 0.0033537186821858355 0.0029296875
0 0.31194515683566776 0.96337890625 0.005227855592819097 0.00390625
0 0.6047050700335372 0.962646484375 0.004044190175577037 0.00341796875
0 0.23905109489051096 0.96435546875 0.012921680804892484 0.0068359375
0 0.5090254488064707 0.962158203125 0.005030578023278753 0.00341796875
0 0.3168277766817913 0.963134765625 0.004142828960347208 0.00537109375
0 0.27406786348392187 0.966796875 0.009370684553166305 0.0126953125
0 0.5858650621424344 0.962890625 0.005030578023278753 0.005859375
0 0.3372460051292168 0.961181640625 0.0023673308344841193 0.00244140625
0 0.37122706648254095 0.96240234375 0.004044190175577037 0.005859375
0 0.5009863878477017 0.96142578125 0.0072992700729927005 0.0048828125
0 0.4732688893272835 0.9609375 0.006904714933912014 0.00390625
0 0.3420299861905701 0.960205078125 0.0022686920497139475 0.00244140625
0 0.1814953639771158 0.96142578125 0.004734661668968239 0.0048828125
0 0.49057999605444863 0.96337890625 0.011343460248569737 0.009765625
0 0.4003255079897416 0.961669921875 0.0044387453146577235 0.00634765625
0 0.3032649437758927 0.95947265625 0.0028605247583349774 0.00390625
0 0.2503945551390807 0.95947265625 0.0044387453146577235 0.00390625
0 0.5628329058985994 0.96435546875 0.009272045768396133 0.0146484375
0 0.4815545472479779 0.959716796875 0.007496547642533044 0.00537109375
0 0.6489938843953442 0.95849609375 0.0038469126060366936 0.00390625
0 0.5198263957388045 0.958251953125 0.004142828960347208 0.00341796875
0 0.10509962517261787 0.958251953125 0.0044387453146577235 0.00341796875
0 0.7057605050305781 0.959716796875 0.006510159794831328 0.00732421875
0 0.12783586506214242 0.956787109375 0.0019727756954034327 0.00244140625
0 0.5964194121128428 0.957275390625 0.0028605247583349774 0.00439453125
0 0.5682580390609587 0.958251953125 0.008285657920694417 0.00634765625
0 0.12319984217794437 0.95654296875 0.0039455513908068654 0.0029296875
0 0.2604557111856382 0.958740234375 0.013710791083053857 0.00830078125
0 0.555188400078911 0.955322265625 0.0014795817715525744 0.00244140625
0 0.5300355099625172 0.95849609375 0.00897612941408562 0.0087890625
0 0.1617676070230815 0.955810546875 0.005523771947129611 0.00341796875
0 0.09686328664430854 0.956787109375 0.007496547642533044 0.00537109375
0 0.18578615111461827 0.957275390625 0.006016965870980469 0.00732421875
0 0.5359538370487276 0.9541015625 0.0016768593410929177 0.001953125
0 0.3400572104951667 0.955322265625 0.007003353718682186 0.00537109375
0 0.3244722825014796 0.956298828125 0.00897612941408562 0.00732421875
0 0.4154665614519629 0.95458984375 0.004537384099427895 0.005859375
0 0.22519234563030183 0.9521484375 0.001578220556322746 0.001953125
0 0.20378772933517458 0.953125 0.006904714933912014 0.00390625
0 0.10559281909646873 0.953125 0.00424146774511738 0.00390625
0 0.5507989741566384 0.954345703125 0.006707437364371671 0.00732421875
0 0.09296705464588677 0.951904296875 0.004044190175577037 0.00341796875
0 0.4042710593805484 0.951904296875 0.006411521010061156 0.00439453125
0 0.5125271256658118 0.95166015625 0.004142828960347208 0.0068359375
0 0.3066186624580785 0.95166015625 0.00542513316235944 0.0068359375
0 0.6736042611955021 0.95068359375 0.006510159794831328 0.005859375
0 0.46863286644308544 0.949462890625 0.0033537186821858355 0.00341796875
0 0.5987374235549418 0.948974609375 0.0023673308344841193 0.00341796875
0 0.41812980864075755 0.94970703125 0.003550996251726179 0.0048828125
0 0.1825310712172026 0.950439453125 0.00897612941408562 0.00634765625
0 0.09844150720063129 0.949462890625 0.006312882225290984 0.00439453125
0 0.4360327480765437 0.949462890625 0.00424146774511738 0.00537109375
0 0.3140165713158414 0.949462890625 0.005030578023278753 0.00537109375
0 0.4638488853817321 0.947998046875 0.006411521010061156 0.00341796875
0 0.5944959558098244 0.947509765625 0.004537384099427895 0.00341796875
0 0.5746202406786348 0.948974609375 0.0038469126060366936 0.00634765625
0 0.4147267705661866 0.94677734375 0.0014795817715525744 0.001953125
0 0.6155060169658709 0.947021484375 0.005721049516669955 0.00341796875
0 0.5558788715723022 0.94921875 0.005622410731899783 0.0078125
0 0.1585618465180509 0.947509765625 0.005819688301440126 0.00439453125
0 0.14026435194318407 0.946533203125 0.006510159794831328 0.00341796875
0 0.10342276583152496 0.947021484375 0.006214243440520813 0.00439453125
0 0.2934503846912606 0.946044921875 0.003156441112645492 0.00341796875
0 0.26627539948707835 0.947021484375 0.007397908857762872 0.00537109375
0 0.713799565989347 0.94677734375 0.008187019135924246 0.005859375
0 0.34227658315249554 0.9443359375 0.0017754981258630894 0.001953125
0 0.20694417044782007 0.944580078125 0.0019727756954034327 0.00244140625
0 0.5236239889524561 0.945556640625 0.005030578023278753 0.00537109375
0 0.43100217005326497 0.944580078125 0.006214243440520813 0.00341796875
0 0.40446833695008877 0.94384765625 0.001874136910633261 0.001953125
0 0.6327184849082659 0.944580078125 0.008187019135924246 0.00439453125
0 0.2861511146182679 0.94482421875 0.004340106529887552 0.0048828125
0 0.13779838232392977 0.943603515625 0.002959163543105149 0.00244140625
0 0.1345433024265141 0.94384765625 0.003550996251726179 0.00390625
0 0.6961432235154863 0.942626953125 0.0030578023278753207 0.00244140625
0 0.09893470112448215 0.942626953125 0.001578220556322746 0.00244140625
0 0.6046557506411521 0.942138671875 0.0025646084040244622 0.00244140625
0 0.5349674492010258 0.943115234375 0.0044387453146577235 0.00439453125
0 0.5670743736437167 0.941650390625 0.0019727756954034327 0.00244140625
0 0.20260406391793254 0.944580078125 0.004734661668968239 0.00830078125
0 0.4197573485894654 0.942138671875 0.0044387453146577235 0.00537109375
0 0.31520023673308345 0.944580078125 0.007595186427303216 0.01025390625
0 0.1415466561451963 0.940673828125 0.0011836654172420597 0.00244140625
0 0.6987078319195108 0.94189453125 0.004636022884198066 0.005859375
0 0.6831229039258236 0.94384765625 0.009962517261787335 0.009765625
0 0.42651410534622214 0.940185546875 0.0033537186821858355 0.00244140625
0 0.4002761885973565 0.940185546875 0.0027618859735648055 0.00244140625
0 0.21986585125271257 0.941162109375 0.0033537186821858355 0.00537109375
0 0.5920299861905701 0.941650390625 0.014598540145985401 0.00732421875
0 0.2152298283685145 0.9423828125 0.0051292168080489245 0.0087890625
0 0.13217597159202998 0.939208984375 0.0011836654172420597 0.00244140625
0 0.6912606036693628 0.941162109375 0.005721049516669955 0.00732421875
0 0.5600710199250345 0.93896484375 0.002959163543105149 0.0029296875
0 0.10228841980666799 0.939208984375 0.006904714933912014 0.00341796875
0 0.6475636220161768 0.938720703125 0.002170053264943776 0.00341796875
0 0.5495166699546261 0.939453125 0.002170053264943776 0.0048828125
0 0.5892681002170054 0.93798828125 0.0039455513908068654 0.0029296875
0 0.5408857762872361 0.943359375 0.0077924639968435586 0.013671875
0 0.5699842177944368 0.93896484375 0.0030578023278753207 0.005859375
0 0.7180903531268494 0.93798828125 0.006707437364371671 0.0048828125
0 0.20763464194121128 0.937744140625 0.007496547642533044 0.00439453125
0 0.6835174590649044 0.93896484375 0.010159794831327678 0.0078125
0 0.6073683172223319 0.936279296875 0.0036496350364963502 0.00244140625
0 0.3962319984217794 0.93603515625 0.002170053264943776 0.001953125
0 0.708621029788913 0.938720703125 0.011639376602880253 0.00830078125
0 0.5630301834681397 0.9375 0.005326494377589268 0.005859375
0 0.4262181889919116 0.935546875 0.002170053264943776 0.001953125
0 0.2899980272243046 0.935791015625 0.0017754981258630894 0.00244140625
0 0.2225290984415072 0.936279296875 0.0027618859735648055 0.00341796875
0 0.5772341684750444 0.935546875 0.0025646084040244622 0.0029296875
0 0.6003156441112646 0.93603515625 0.0039455513908068654 0.0048828125
0 0.4440718090353127 0.935546875 0.005918327086210298 0.00390625
0 0.3182580390609588 0.935791015625 0.005227855592819097 0.00439453125
0 0.2444762280528704 0.937255859375 0.009173406983625962 0.00732421875
0 0.3125863089366739 0.93408203125 0.002170053264943776 0.001953125
0 0.27273623988952456 0.936279296875 0.010061156046557506 0.00634765625
0 0.3343361609784967 0.934814453125 0.00542513316235944 0.00537109375
0 0.20220950877885185 0.933837890625 0.003748273821266522 0.00341796875
0 0.24837246005129215 0.9345703125 0.0051292168080489245 0.005859375
0 0.6646774511738015 0.93310546875 0.00542513316235944 0.00390625
0 0.13118958374432826 0.93212890625 0.0017754981258630894 0.0029296875
0 0.6867725389623199 0.932373046875 0.002465969619254291 0.00439453125
0 0.5732392976918524 0.931396484375 0.0030578023278753207 0.00244140625
0 0.47548826198461236 0.9365234375 0.00897612941408562 0.0126953125
0 0.1154566975734859 0.934326171875 0.008778851844545275 0.00830078125
0 0.7147366344446636 0.931640625 0.004734661668968239 0.00390625
0 0.622361412507398 0.9326171875 0.00976523969224699 0.005859375
0 0.5210593805484316 0.93115234375 0.002663247188794634 0.0029296875
0 0.32560662852633654 0.93310546875 0.006312882225290984 0.0068359375
0 0.6323239297691853 0.931884765625 0.003452357466956007 0.00537109375
0 0.23101203393174197 0.930419921875 0.0019727756954034327 0.00244140625
0 0.12428486881041625 0.931396484375 0.008877490629315447 0.00439453125
0 0.6780923259025449 0.930908203125 0.0038469126060366936 0.00439453125
0 0.48273821266522 0.929931640625 0.004340106529887552 0.00244140625
0 0.5600217005326494 0.9296875 0.0022686920497139475 0.0029296875
0 0.5665811797198659 0.93017578125 0.005326494377589268 0.0048828125
0 0.4297198658512527 0.9296875 0.0028605247583349774 0.00390625
0 0.34444663641743933 0.9287109375 0.0023673308344841193 0.001953125
0 0.7229236535805879 0.930419921875 0.007101992503452358 0.00634765625
0 0.6006115604655751 0.93017578125 0.0039455513908068654 0.005859375
0 0.15797001380942988 0.92919921875 0.0038469126060366936 0.00390625
0 0.3061254685342277 0.932373046875 0.007397908857762872 0.01123046875
0 0.6362694811599922 0.93017578125 0.0030578023278753207 0.0078125
0 0.5534129019530479 0.92822265625 0.005030578023278753 0.00390625
0 0.3059281909646873 0.927490234375 0.0016768593410929177 0.00244140625
0 0.15205168672321956 0.928466796875 0.004636022884198066 0.00439453125
0 0.6932826987571513 0.930908203125 0.0066087985796014995 0.01025390625
0 0.5209114223712764 0.92724609375 0.0025646084040244622 0.0029296875
0 0.3469619254290787 0.9267578125 0.002071414480173604 0.001953125
0 0.6446537778654567 0.9296875 0.005819688301440126 0.0087890625
0 0.7177451173801539 0.9267578125 0.004044190175577037 0.00390625
0 0.6859834286841586 0.92626953125 0.00542513316235944 0.0029296875
0 0.2291872164134938 0.926025390625 0.002071414480173604 0.00244140625
0 0.45709212862497534 0.92578125 0.005918327086210298 0.00390625
0 0.6403629907279542 0.925048828125 0.004931939238508582 0.00341796875
0 0.5776287236141251 0.927978515625 0.003748273821266522 0.00927734375
0 0.5713651607812191 0.926513671875 0.0030578023278753207 0.00634765625
0 0.6710396527914776 0.924560546875 0.003156441112645492 0.00341796875
0 0.607466956007102 0.924560546875 0.006214243440520813 0.00341796875
0 0.4687808246202407 0.924072265625 0.0038469126060366936 0.00244140625
0 0.4116196488459262 0.924560546875 0.0051292168080489245 0.00341796875
0 0.6671434207930558 0.924072265625 0.002663247188794634 0.00341796875
0 0.5746202406786348 0.925537109375 0.0028605247583349774 0.00634765625
0 0.5347701716314855 0.923583984375 0.003452357466956007 0.00244140625
0 0.6750345235746695 0.92333984375 0.003452357466956007 0.0029296875
0 0.6173308344841192 0.924072265625 0.00483330045373841 0.00439453125
0 0.14795817715525744 0.92333984375 0.007693825212073387 0.00390625
0 0.5022193726573289 0.921875 0.001874136910633261 0.001953125
0 0.43756164924048135 0.92236328125 0.0033537186821858355 0.0029296875
0 0.312635628329059 0.921875 0.002071414480173604 0.001953125
0 0.3021799171434208 0.922119140625 0.0022686920497139475 0.00244140625
0 0.5643124876701519 0.922607421875 0.004734661668968239 0.00439453125
0 0.5447326888932729 0.9248046875 0.004044190175577037 0.0087890625
0 0.4228644703097258 0.921875 0.0039455513908068654 0.0029296875
0 0.20270270270270271 0.925048828125 0.014203985006904715 0.00927734375
0 0.19486091931347405 0.923095703125 0.009370684553166305 0.00537109375
0 0.7158709804695206 0.9228515625 0.0066087985796014995 0.005859375
0 0.6963405010850267 0.92236328125 0.0036496350364963502 0.0048828125
0 0.6833695008877491 0.92236328125 0.007693825212073387 0.0048828125
0 0.5575064115210101 0.92138671875 0.0025646084040244622 0.0029296875
0 0.45492207536003154 0.921142578125 0.002959163543105149 0.00244140625
0 0.26129414085618463 0.92138671875 0.003156441112645492 0.0029296875
0 0.5298382323929769 0.922607421875 0.006806076149141842 0.00634765625
0 0.27347603077530086 0.922119140625 0.00897612941408562 0.00537109375
0 0.21547642533043992 0.92236328125 0.005819688301440126 0.005859375
0 0.4325803906095877 0.921142578125 0.002663247188794634 0.00439453125
0 0.7078319195107516 0.9228515625 0.006904714933912014 0.0087890625
0 0.6463799565989347 0.92041015625 0.003550996251726179 0.00390625
0 0.4840205168672322 0.919677734375 0.0033537186821858355 0.00244140625
0 0.47716512132570527 0.92138671875 0.007595186427303216 0.0068359375
0 0.09370684553166304 0.9208984375 0.007496547642533044 0.0068359375
0 0.6004636022884198 0.919189453125 0.005227855592819097 0.00439453125
0 0.41714342079305583 0.91796875 0.0023673308344841193 0.001953125
0 0.6795225882817124 0.9189453125 0.003550996251726179 0.0048828125
0 0.5650522785559282 0.91796875 0.0022686920497139475 0.0029296875
0 0.5224403235352141 0.91845703125 0.005622410731899783 0.00390625
0 0.507496547642533 0.918701171875 0.006510159794831328 0.00439453125
0 0.7047247977904912 0.9169921875 0.0028605247583349774 0.0029296875
0 0.3153975143026238 0.91650390625 0.0016768593410929177 0.001953125
0 0.46887946340501085 0.916015625 0.004044190175577037 0.00390625
0 0.6609784967449202 0.91650390625 0.004537384099427895 0.005859375
0 0.6334582757940422 0.91455078125 0.002959163543105149 0.001953125
0 0.29083645689485105 0.915771484375 0.0066087985796014995 0.00439453125
0 0.2525152890116394 0.91650390625 0.008680213059775104 0.005859375
0 0.23416847504438745 0.915283203125 0.0027618859735648055 0.00341796875
0 0.6837147366344447 0.915771484375 0.007003353718682186 0.00537109375
0 0.4209410140067074 0.914794921875 0.002465969619254291 0.00341796875
0 0.14243440520812783 0.91552734375 0.003748273821266522 0.0048828125
0 0.5807851647267706 0.915283203125 0.006510159794831328 0.00537109375
0 0.4480666798185046 0.914306640625 0.0066087985796014995 0.00341796875
0 0.15101597948313278 0.9150390625 0.0019727756954034327 0.0048828125
0 0.5411323732491615 0.9150390625 0.006312882225290984 0.005859375
0 0.11668968238311304 0.91552734375 0.0019727756954034327 0.0068359375
0 0.11422371276385875 0.9140625 0.0023673308344841193 0.00390625
0 0.30824620240678635 0.9169921875 0.00966660090747682 0.0107421875
0 0.5546952061550602 0.9130859375 0.006214243440520813 0.00390625
0 0.4127539948707832 0.9140625 0.00483330045373841 0.005859375
0 0.2614420990333399 0.913818359375 0.007397908857762872 0.00537109375
0 0.4981751824817518 0.912841796875 0.0044387453146577235 0.00439453125
0 0.33364568948510553 0.911865234375 0.0016768593410929177 0.00244140625
0 0.1686230025646084 0.913330078125 0.0022686920497139475 0.00537109375
0 0.6543203787729335 0.912353515625 0.005622410731899783 0.00439453125
0 0.30094693233379366 0.912109375 0.007496547642533044 0.00390625
0 0.5793549023476031 0.910400390625 0.002071414480173604 0.00244140625
0 0.5097159202998619 0.910400390625 0.002465969619254291 0.00244140625
0 0.6154566975734859 0.910888671875 0.0066087985796014995 0.00439453125
0 0.5375813769974354 0.91162109375 0.006312882225290984 0.005859375
0 0.45230814756362203 0.91015625 0.0028605247583349774 0.0029296875
0 0.4185736831722233 0.909912109375 0.003255079897415664 0.00244140625
0 0.6679818504636023 0.909423828125 0.001578220556322746 0.00244140625
0 0.5748175182481752 0.910888671875 0.003452357466956007 0.00537109375
0 0.4414578812389031 0.909912109375 0.0044387453146577235 0.00341796875
0 0.2256362201617676 0.910400390625 0.005030578023278753 0.00439453125
0 0.6313375419214835 0.911376953125 0.004636022884198066 0.00732421875
0 0.17607023081475637 0.91015625 0.0033537186821858355 0.0048828125
0 0.7130104557111856 0.90869140625 0.00542513316235944 0.0029296875
0 0.5698855790096666 0.908203125 0.0012823042020122311 0.001953125
0 0.4297691852436378 0.908447265625 0.002959163543105149 0.00244140625
0 0.26913592424541327 0.909423828125 0.005819688301440126 0.00439453125
0 0.6481061353324127 0.90771484375 0.0012823042020122311 0.001953125
0 0.5872460051292168 0.907958984375 0.0030578023278753207 0.00244140625
0 0.11915565200236733 0.908935546875 0.002170053264943776 0.00439453125
0 0.1158019333201815 0.908203125 0.0011836654172420597 0.0029296875
0 0.11180706253698955 0.908203125 0.004636022884198066 0.0029296875
0 0.6431741960939041 0.908935546875 0.0077924639968435586 0.00634765625
0 0.6036693627934504 0.9072265625 0.003550996251726179 0.0029296875
0 0.20289998027224304 0.9072265625 0.004537384099427895 0.0029296875
0 0.622410731899783 0.9091796875 0.006707437364371671 0.0078125
0 0.19017557703689092 0.908203125 0.005918327086210298 0.005859375
0 0.16359242454132966 0.907470703125 0.0066087985796014995 0.00439453125
0 0.530430065101598 0.907958984375 0.00483330045373841 0.00634765625
0 0.2958177155257447 0.905517578125 0.0019727756954034327 0.00244140625
0 0.2760406391793253 0.90673828125 0.0077924639968435586 0.0048828125
0 0.6850956796212271 0.9052734375 0.0016768593410929177 0.0029296875
0 0.5813276780430066 0.906982421875 0.007003353718682186 0.00634765625
0 0.5215032550798974 0.9052734375 0.0027618859735648055 0.0029296875
0 0.3620043401065299 0.905029296875 0.0011836654172420597 0.00244140625
0 0.3081475636220162 0.904541015625 0.0033537186821858355 0.00244140625
0 0.2485697376208325 0.906982421875 0.002959163543105149 0.00732421875
0 0.5162753994870783 0.90478515625 0.004142828960347208 0.005859375
0 0.5116886959952653 0.9033203125 0.0036496350364963502 0.00390625
0 0.20960741763661472 0.904296875 0.006510159794831328 0.005859375
0 0.5596764647859538 0.902099609375 0.0023673308344841193 0.00244140625
0 0.5202702702702703 0.901611328125 0.002071414480173604 0.00244140625
0 0.19683369500887749 0.904052734375 0.00897612941408562 0.00732421875
0 0.4398303412901953 0.90234375 0.005326494377589268 0.0048828125
0 0.21503255079897415 0.90234375 0.0025646084040244622 0.0048828125
0 0.6924442690866048 0.90380859375 0.006510159794831328 0.0087890625
0 0.6280331426316828 0.9013671875 0.003156441112645492 0.0048828125
0 0.5820181495363977 0.8994140625 0.0030578023278753207 0.001953125
0 0.14065890708226475 0.901611328125 0.0039455513908068654 0.00634765625
0 0.6684750443874532 0.899169921875 0.004734661668968239 0.00244140625
0 0.6030775300848293 0.89892578125 0.002170053264943776 0.0029296875
0 0.2946340501085027 0.900146484375 0.005721049516669955 0.00537109375
0 0.5309232590254488 0.89892578125 0.003452357466956007 0.00390625
0 0.3117971986585125 0.89990234375 0.004537384099427895 0.005859375
0 0.5977510357072401 0.897705078125 0.002170053264943776 0.00244140625
0 0.30331426316827775 0.89990234375 0.01085026632471888 0.0068359375
0 0.6363188005523772 0.898193359375 0.0027618859735648055 0.00439453125
0 0.4305089761294141 0.897216796875 0.0022686920497139475 0.00244140625
0 0.2863483921878082 0.900146484375 0.004340106529887552 0.00830078125
0 0.44274018544091537 0.897705078125 0.004636022884198066 0.00439453125
0 0.7076839613335963 0.896240234375 0.002465969619254291 0.00244140625
0 0.43692049713947523 0.896240234375 0.003452357466956007 0.00341796875
0 0.20669757348589465 0.8984375 0.004636022884198066 0.0078125
0 0.654024462418623 0.89599609375 0.007003353718682186 0.0048828125
0 0.45146971789307555 0.89453125 0.003550996251726179 0.001953125
0 0.2928092325902545 0.894775390625 0.0030578023278753207 0.00244140625
0 0.6135332412704676 0.896240234375 0.0017754981258630894 0.00634765625
0 0.4847109883606234 0.895263671875 0.003550996251726179 0.00439453125
0 0.12403827184849082 0.894287109375 0.0014795817715525744 0.00244140625
0 0.6955020714144802 0.893310546875 0.004142828960347208 0.00341796875
0 0.5381238903136714 0.893310546875 0.0036496350364963502 0.00341796875
0 0.3091339514697179 0.893310546875 0.005326494377589268 0.00341796875
0 0.27791477608995857 0.89453125 0.0036496350364963502 0.005859375
0 0.2621325705267311 0.89208984375 0.002071414480173604 0.001953125
0 0.6909153679226672 0.892822265625 0.0030578023278753207 0.00439453125
0 0.5725488261984613 0.89453125 0.0038469126060366936 0.0078125
0 0.5627835865062143 0.891357421875 0.0044387453146577235 0.00244140625
0 0.51435194318406 0.893798828125 0.004636022884198066 0.00732421875
0 0.7030479384493983 0.891845703125 0.004044190175577037 0.00439453125
0 0.5093213651607812 0.89111328125 0.00424146774511738 0.00390625
0 0.4732688893272835 0.890625 0.0039455513908068654 0.0029296875
0 0.12734267113829156 0.89111328125 0.0013809429867824028 0.00390625
0 0.11777470901558493 0.890869140625 0.0019727756954034327 0.00341796875
0 0.1404123101203393 0.890380859375 0.0028605247583349774 0.00341796875
0 0.1290688498717696 0.889892578125 0.0014795817715525744 0.00244140625
0 0.11491418425724995 0.8896484375 0.003156441112645492 0.001953125
0 0.29014598540145986 0.890380859375 0.005622410731899783 0.00439453125
0 0.22178930755573092 0.889404296875 0.001085026632471888 0.00244140625
0 0.13237324916157034 0.889404296875 0.0019727756954034327 0.00341796875
0 0.5895640165713159 0.888427734375 0.0019727756954034327 0.00341796875
0 0.4578812389031367 0.88818359375 0.0017754981258630894 0.0029296875
0 0.26578220556322746 0.887939453125 0.0012823042020122311 0.00244140625
0 0.2560169658709805 0.887939453125 0.0022686920497139475 0.00244140625
0 0.20768396133359637 0.887451171875 0.0012823042020122311 0.00244140625
0 0.6024856973762083 0.886962890625 0.0023673308344841193 0.00244140625
0 0.2840797001380943 0.8896484375 0.006510159794831328 0.0078125
0 0.5456204379562044 0.887451171875 0.004044190175577037 0.00537109375
0 0.30020714144801736 0.88623046875 0.002663247188794634 0.0029296875
0 0.5714144801736043 0.88525390625 0.0011836654172420597 0.0029296875
0 0.44007693825212074 0.885498046875 0.00424146774511738 0.00341796875
0 0.4152199644900375 0.885986328125 0.00424146774511738 0.00439453125
0 0.21853422765831526 0.884765625 0.0016768593410929177 0.001953125
0 0.4683369500887749 0.88427734375 0.002959163543105149 0.001953125
0 0.7077332807259814 0.884521484375 0.0025646084040244622 0.00341796875
0 0.6464785953837049 0.884033203125 0.0023673308344841193 0.00244140625
0 0.5300355099625172 0.884521484375 0.003255079897415664 0.00341796875
0 0.5207634641941211 0.884033203125 0.0030578023278753207 0.00244140625
0 0.516078121917538 0.884033203125 0.0023673308344841193 0.00244140625
0 0.11570329453541132 0.884521484375 0.003748273821266522 0.00341796875
0 0.5893667390017755 0.882568359375 0.0023673308344841193 0.00244140625
0 0.2789011639376603 0.88232421875 0.003255079897415664 0.0029296875
0 0.20275202209508777 0.884033203125 0.004044190175577037 0.00634765625
0 0.5865555336358256 0.88232421875 0.002071414480173604 0.00390625
0 0.2670645097652397 0.88330078125 0.0044387453146577235 0.005859375
0 0.21902742158216612 0.88134765625 0.0008877490629315447 0.001953125
0 0.4273032156243835 0.882568359375 0.0027618859735648055 0.00537109375
0 0.29123101203393176 0.8828125 0.003255079897415664 0.005859375
0 0.22060564213848885 0.881103515625 0.0016768593410929177 0.00244140625
0 0.6812487670151903 0.880615234375 0.001874136910633261 0.00244140625
0 0.5376800157822056 0.8828125 0.002959163543105149 0.0068359375
0 0.53452357466956 0.883056640625 0.0027618859735648055 0.00830078125
0 0.30306766620635234 0.882080078125 0.004636022884198066 0.00634765625
0 0.527569540343263 0.87939453125 0.0012823042020122311 0.0029296875
0 0.2523673308344841 0.87939453125 0.003255079897415664 0.0029296875
0 0.2256362201617676 0.88330078125 0.006016965870980469 0.0107421875
0 0.6394752416650227 0.878662109375 0.0023673308344841193 0.00341796875
0 0.2924639968435589 0.8779296875 0.001578220556322746 0.001953125
0 0.6044091536792267 0.87890625 0.003452357466956007 0.0048828125
0 0.2615407378181101 0.87890625 0.004044190175577037 0.0048828125
0 0.22129611363188006 0.87744140625 0.001874136910633261 0.001953125
0 0.5145492207536003 0.877685546875 0.005030578023278753 0.00341796875
0 0.14623199842177945 0.877197265625 0.0012823042020122311 0.00244140625
0 0.6497336752811206 0.877197265625 0.002959163543105149 0.00341796875
0 0.5805385677648451 0.87646484375 0.001085026632471888 0.001953125
0 0.2993687117774709 0.877197265625 0.0023673308344841193 0.00341796875
0 0.1992503452357467 0.87646484375 0.0027618859735648055 0.001953125
0 0.5724995068060762 0.87646484375 0.0025646084040244622 0.0029296875
0 0.43923850858157426 0.87646484375 0.0023673308344841193 0.0029296875
0 0.1553560860130203 0.876708984375 0.0023673308344841193 0.00341796875
0 0.4340106529887552 0.87548828125 0.0023673308344841193 0.001953125
0 0.2239593608206747 0.876953125 0.003255079897415664 0.0048828125
0 0.5631781416452949 0.875732421875 0.0028605247583349774 0.00341796875
0 0.5591339514697179 0.876708984375 0.0022686920497139475 0.00537109375
0 0.25226869204971397 0.875732421875 0.004636022884198066 0.00341796875
0 0.25532649437758925 0.8759765625 0.002663247188794634 0.0048828125
0 0.2621325705267311 0.8740234375 0.0012823042020122311 0.001953125
0 0.5576050503057802 0.873291015625 0.0009863878477017164 0.00146484375
0 0.5107516275399487 0.87451171875 0.005523771947129611 0.00390625
0 0.2876306963898205 0.876220703125 0.005326494377589268 0.00732421875
0 0.5674196093904124 0.875244140625 0.0044387453146577235 0.00634765625
0 0.5456697573485895 0.87451171875 0.0027618859735648055 0.0048828125
0 0.43193923850858157 0.87353515625 0.002170053264943776 0.0029296875
0 0.5911422371276386 0.875 0.0033537186821858355 0.0068359375
0 0.22869402248964293 0.8740234375 0.005227855592819097 0.0048828125
0 0.19446636417439336 0.873291015625 0.0030578023278753207 0.00341796875
0 0.29951666995462617 0.871826171875 0.0028605247583349774 0.00244140625
0 0.2242059577826001 0.8720703125 0.002170053264943776 0.0029296875
0 0.6739988163345828 0.872314453125 0.006510159794831328 0.00439453125
0 0.5384691260603669 0.87109375 0.0017754981258630894 0.001953125
0 0.5688005523771947 0.87109375 0.002465969619254291 0.0029296875
0 0.5299861905701322 0.871826171875 0.003156441112645492 0.00439453125
0 0.3035115407378181 0.8720703125 0.004537384099427895 0.0048828125
0 0.5721049516669955 0.870361328125 0.0039455513908068654 0.00244140625
0 0.5247583349773131 0.87353515625 0.003748273821266522 0.0087890625
0 0.44737620832511343 0.870361328125 0.0030578023278753207 0.00244140625
0 0.42242059577826 0.87060546875 0.0030578023278753207 0.0029296875
0 0.6330144012625765 0.8701171875 0.00542513316235944 0.0029296875
0 0.26001183665417243 0.86962890625 0.0027618859735648055 0.001953125
0 0.5146971789307556 0.869873046875 0.0039455513908068654 0.00341796875
0 0.21996449003748275 0.87109375 0.0051292168080489245 0.005859375
0 0.7272144407180904 0.86962890625 0.003452357466956007 0.00390625
0 0.09651805089761294 0.873046875 0.0077924639968435586 0.0107421875
0 0.6131386861313869 0.868408203125 0.003748273821266522 0.00244140625
0 0.5534129019530479 0.869873046875 0.005030578023278753 0.00537109375
0 0.17636614716906687 0.868408203125 0.0017754981258630894 0.00244140625
0 0.5197770763464195 0.8671875 0.002071414480173604 0.001953125
0 0.5331919510751627 0.866943359375 0.002465969619254291 0.00244140625
0 0.43805484316433224 0.867431640625 0.004142828960347208 0.00341796875
0 0.6415466561451962 0.866943359375 0.003156441112645492 0.00341796875
0 0.1905701321759716 0.865966796875 0.001578220556322746 0.00146484375
0 0.5386170842375222 0.865234375 0.0008877490629315447 0.001953125
0 0.5231307950286053 0.866455078125 0.00424146774511738 0.00439453125
0 0.48204774117182875 0.8662109375 0.0033537186821858355 0.00390625
0 0.3119944762280529 0.865478515625 0.0013809429867824028 0.00244140625
0 0.6951075162753995 0.865966796875 0.010258433616097849 0.00537109375
0 0.6001676859341093 0.864990234375 0.0038469126060366936 0.00341796875
0 0.5601696587098047 0.866943359375 0.005721049516669955 0.00732421875
0 0.4335174590649043 0.86474609375 0.003156441112645492 0.0029296875
0 0.3271848490826593 0.864501953125 0.002959163543105149 0.00244140625
0 0.6774018544091537 0.86376953125 0.0014795817715525744 0.001953125
0 0.4301637403827185 0.864013671875 0.0023673308344841193 0.00244140625
0 0.1800651015979483 0.865234375 0.004636022884198066 0.0048828125
0 0.1922469915170645 0.8642578125 0.0017754981258630894 0.00390625
0 0.2837344643913987 0.8642578125 0.0044387453146577235 0.0048828125
0 0.2585322548826198 0.86474609375 0.005326494377589268 0.005859375
0 0.253452357466956 0.863525390625 0.0030578023278753207 0.00341796875
0 0.2208029197080292 0.863037109375 0.002071414480173604 0.00244140625
0 0.1878082462024068 0.864013671875 0.0025646084040244622 0.00439453125
0 0.09750443874531466 0.86279296875 0.0014795817715525744 0.001953125
0 0.7235154862892089 0.86328125 0.0072992700729927005 0.00390625
0 0.5070526731110673 0.8623046875 0.0012823042020122311 0.001953125
0 0.17508384296705465 0.864501953125 0.005326494377589268 0.00634765625
0 0.5280627342671138 0.86328125 0.0028605247583349774 0.0048828125
0 0.5634740579996055 0.861083984375 0.002071414480173604 0.00244140625
0 0.478743341882028 0.860595703125 0.003452357466956007 0.00244140625
0 0.19880647070428092 0.86181640625 0.0028605247583349774 0.0048828125
0 0.19658709804695207 0.866943359375 0.004931939238508582 0.01513671875
0 0.6322746103768001 0.85986328125 0.0023673308344841193 0.001953125
0 0.5766423357664233 0.860107421875 0.002959163543105149 0.00244140625
0 0.2138982047741172 0.860107421875 0.002663247188794634 0.00244140625
0 0.6628526336555534 0.859619140625 0.003748273821266522 0.00244140625
0 0.546557506411521 0.863037109375 0.006707437364371671 0.00927734375
0 0.29996054448609194 0.859619140625 0.003550996251726179 0.00244140625
0 0.27993687117774707 0.85986328125 0.004537384099427895 0.0029296875
0 0.22716512132570527 0.860595703125 0.004142828960347208 0.00439453125
0 0.5243144604458473 0.85888671875 0.001874136910633261 0.001953125
0 0.09183270862102978 0.85986328125 0.0033537186821858355 0.0048828125
0 0.6759222726376011 0.85888671875 0.005227855592819097 0.00390625
0 0.5643124876701519 0.85791015625 0.0009863878477017164 0.001953125
0 0.2461530873939633 0.862548828125 0.005819688301440126 0.01123046875
0 0.6580193332018149 0.85791015625 0.004340106529887552 0.0029296875
0 0.5217005326494377 0.85791015625 0.002170053264943776 0.0029296875
0 0.28871572302229237 0.857421875 0.001578220556322746 0.0029296875
0 0.23125863089366738 0.857421875 0.002071414480173604 0.0029296875
0 0.19431840599723813 0.857666015625 0.002959163543105149 0.00439453125
0 0.42917735253501677 0.858642578125 0.00907476819885579 0.00732421875
0 0.17883211678832117 0.856689453125 0.002170053264943776 0.00341796875
0 0.579305582955218 0.856689453125 0.005326494377589268 0.00439453125
0 0.5593312290392582 0.85595703125 0.004044190175577037 0.0029296875
0 0.2700236733083448 0.856689453125 0.002071414480173604 0.00439453125
0 0.512675083842967 0.8544921875 0.001874136910633261 0.001953125
0 0.09375616492404813 0.856689453125 0.002071414480173604 0.00634765625
0 0.5311698559873742 0.854736328125 0.0017754981258630894 0.00341796875
0 0.2110869994081673 0.8583984375 0.006904714933912014 0.0107421875
0 0.6251726178733478 0.853515625 0.0023673308344841193 0.001953125
0 0.6168376405602684 0.854248046875 0.006411521010061156 0.00341796875
0 0.5170645097652397 0.85400390625 0.0033537186821858355 0.0029296875
0 0.4381041625567173 0.853759765625 0.0030578023278753207 0.00244140625
0 0.2544880647070428 0.85400390625 0.0017754981258630894 0.0029296875
0 0.5639179325310713 0.853515625 0.0017754981258630894 0.0029296875
0 0.5290491221148156 0.853271484375 0.001874136910633261 0.00244140625
0 0.3018346813967252 0.853759765625 0.002170053264943776 0.00341796875
0 0.2893568751232985 0.853759765625 0.0030578023278753207 0.00341796875
0 0.2561156046557506 0.85595703125 0.0036496350364963502 0.0078125
0 0.24210889721838627 0.855712890625 0.002071414480173604 0.00732421875
0 0.5093706845531663 0.8525390625 0.0009863878477017164 0.001953125
0 0.259765239692247 0.854248046875 0.00483330045373841 0.00537109375
0 0.21133359637009272 0.8525390625 0.0008877490629315447 0.001953125
0 0.2656342473860722 0.856689453125 0.005918327086210298 0.01123046875
0 0.5013316235943973 0.851806640625 0.0016768593410929177 0.00244140625
0 0.4301637403827185 0.8525390625 0.0023673308344841193 0.00390625
0 0.6012033931741961 0.851806640625 0.003156441112645492 0.00341796875
0 0.5515387650424147 0.851318359375 0.001874136910633261 0.00244140625
0 0.48037088183073584 0.851318359375 0.0019727756954034327 0.00244140625
0 0.17656342473860723 0.851318359375 0.0009863878477017164 0.00244140625
0 0.17222331820871967 0.852783203125 0.002959163543105149 0.00537109375
0 0.2819096468731505 0.851806640625 0.002959163543105149 0.00439453125
0 0.44836259617281515 0.850830078125 0.002071414480173604 0.00341796875
0 0.27549812586308936 0.851806640625 0.0051292168080489245 0.00537109375
0 0.4349477214440718 0.850341796875 0.00483330045373841 0.00341796875
0 0.30129216808048925 0.849365234375 0.0014795817715525744 0.00244140625
0 0.28496744920102585 0.850341796875 0.0027618859735648055 0.00439453125
0 0.5185934109291773 0.848876953125 0.0014795817715525744 0.00244140625
0 0.20245610574077727 0.8486328125 0.0016768593410929177 0.001953125
0 0.09533438548037088 0.849609375 0.004044190175577037 0.00390625
0 0.5667291378970211 0.849365234375 0.0030578023278753207 0.00439453125
0 0.5135135135135135 0.848388671875 0.0017754981258630894 0.00244140625
0 0.4527520220950878 0.8486328125 0.0017754981258630894 0.0029296875
0 0.27870388636811994 0.848876953125 0.0016768593410929177 0.00341796875
0 0.5785164726770566 0.849365234375 0.005918327086210298 0.00537109375
0 0.2558690076938252 0.84716796875 0.0013809429867824028 0.001953125
0 0.19318405997238114 0.84716796875 0.0008877490629315447 0.001953125
0 0.20674689287827974 0.848388671875 0.005721049516669955 0.00537109375
0 0.570132175971592 0.846923828125 0.0027618859735648055 0.00341796875
0 0.559183270862103 0.846923828125 0.006312882225290984 0.00341796875
0 0.4678437561649241 0.84619140625 0.0011836654172420597 0.001953125
0 0.23278753205760505 0.84765625 0.0039455513908068654 0.0048828125
0 0.22963109094495956 0.84619140625 0.0017754981258630894 0.001953125
0 0.5231307950286053 0.847412109375 0.0028605247583349774 0.00537109375
0 0.22573485894653778 0.847412109375 0.0044387453146577235 0.00537109375
0 0.1992503452357467 0.84716796875 0.0023673308344841193 0.0048828125
0 0.5956796212270665 0.845947265625 0.003156441112645492 0.00341796875
0 0.5491221148155455 0.8447265625 0.0023673308344841193 0.001953125
0 0.18874531465772343 0.844970703125 0.002465969619254291 0.00244140625
0 0.5358058788715723 0.84423828125 0.0027618859735648055 0.0029296875
0 0.20354113237324917 0.844970703125 0.0044387453146577235 0.00439453125
0 0.6633458275794042 0.84423828125 0.005523771947129611 0.00390625
0 0.26514105346222133 0.843017578125 0.001578220556322746 0.00244140625
0 0.2514302623791675 0.84375 0.0011836654172420597 0.00390625
0 0.46508187019135927 0.842529296875 0.001578220556322746 0.00244140625
0 0.24575853225488262 0.844970703125 0.006411521010061156 0.00732421875
0 0.19530479384493982 0.84716796875 0.0039455513908068654 0.01171875
0 0.527569540343263 0.843505859375 0.0036496350364963502 0.00537109375
0 0.23895245610574078 0.841796875 0.001085026632471888 0.001953125
0 0.1995955809824423 0.841796875 0.0012823042020122311 0.001953125
0 0.17123693036101795 0.843505859375 0.003550996251726179 0.00537109375
0 0.298826198461235 0.844970703125 0.0044387453146577235 0.00927734375
0 0.2795423160386664 0.84130859375 0.0013809429867824028 0.001953125
0 0.4673012428486881 0.841064453125 0.0022686920497139475 0.00244140625
0 0.5110475438942592 0.841064453125 0.004734661668968239 0.00341796875
0 0.24136910633261 0.841064453125 0.0017754981258630894 0.00341796875
0 0.19732688893272834 0.841064453125 0.002663247188794634 0.00341796875
0 0.19165515880844347 0.841552734375 0.0019727756954034327 0.00439453125
0 0.22884198066679817 0.8408203125 0.002959163543105149 0.00390625
0 0.7013710791083054 0.840087890625 0.0030578023278753207 0.00341796875
0 0.4500887749062932 0.839599609375 0.0013809429867824028 0.00244140625
0 0.23249161570329455 0.840576171875 0.002170053264943776 0.00439453125
0 0.18124876701519038 0.8408203125 0.0038469126060366936 0.0048828125
0 0.2872854606431249 0.8388671875 0.0008877490629315447 0.001953125
0 0.5633260998224502 0.841064453125 0.008877490629315447 0.00732421875
0 0.23530282106924444 0.83837890625 0.0014795817715525744 0.001953125
0 0.458621029788913 0.838623046875 0.0016768593410929177 0.00341796875
0 0.4329256263562833 0.841064453125 0.006510159794831328 0.00830078125
0 0.27870388636811994 0.838134765625 0.0038469126060366936 0.00244140625
0 0.16408561846518052 0.838134765625 0.0012823042020122311 0.00341796875
0 0.29877687906884987 0.837646484375 0.0013809429867824028 0.00341796875
0 0.26627539948707835 0.837158203125 0.0012823042020122311 0.00244140625
0 0.2475340303807457 0.837158203125 0.001874136910633261 0.00244140625
0 0.09543302426514105 0.83837890625 0.0036496350364963502 0.005859375
0 0.17878279739593608 0.8359375 0.0012823042020122311 0.001953125
0 0.5252022095087788 0.836181640625 0.001874136910633261 0.00341796875
0 0.2586802130597751 0.83642578125 0.002071414480173604 0.00390625
0 0.18341882028013415 0.835693359375 0.001085026632471888 0.00244140625
0 0.17754981258630895 0.842041015625 0.005918327086210298 0.01513671875
0 0.5361511146182679 0.835205078125 0.0012823042020122311 0.00244140625
0 0.20077924639968436 0.83642578125 0.00424146774511738 0.0048828125
0 0.49309528506608796 0.8349609375 0.0025646084040244622 0.0029296875
0 0.3062734267113829 0.838623046875 0.005918327086210298 0.01025390625
0 0.5722529098441507 0.834228515625 0.001874136910633261 0.00244140625
0 0.23263957388044978 0.834228515625 0.001874136910633261 0.00244140625
0 0.22124679423949498 0.834716796875 0.0017754981258630894 0.00341796875
0 0.671779443677254 0.833740234375 0.002663247188794634 0.00244140625
0 0.5598244229631091 0.833984375 0.003255079897415664 0.00390625
0 0.51435194318406 0.833984375 0.001874136910633261 0.00390625
0 0.2806273426711383 0.833740234375 0.006312882225290984 0.00439453125
0 0.2541921483527323 0.8369140625 0.006312882225290984 0.0107421875
0 0.4440718090353127 0.8330078125 0.003156441112645492 0.00390625
0 0.286200434010653 0.8330078125 0.0016768593410929177 0.00390625
0 0.555188400078911 0.834716796875 0.006806076149141842 0.00830078125
0 0.43381337541921483 0.833740234375 0.008877490629315447 0.00634765625
0 0.290787137502466 0.834228515625 0.004340106529887552 0.00732421875
0 0.2429966462813178 0.832763671875 0.0028605247583349774 0.00439453125
0 0.5835963700927205 0.831787109375 0.003255079897415664 0.00341796875
0 0.5454724797790491 0.831298828125 0.0013809429867824028 0.00244140625
0 0.24649832314065892 0.8330078125 0.003156441112645492 0.005859375
0 0.6972282501479582 0.831298828125 0.00424146774511738 0.00341796875
0 0.5756559479187217 0.83154296875 0.0023673308344841193 0.00390625
0 0.5180508976129414 0.83154296875 0.004142828960347208 0.00390625
0 0.2719471296113632 0.83154296875 0.0023673308344841193 0.00390625
0 0.20625369895442888 0.830810546875 0.0019727756954034327 0.00244140625
0 0.23934701124482147 0.831787109375 0.00424146774511738 0.00634765625
0 0.2767311106727165 0.829345703125 0.001085026632471888 0.00244140625
0 0.25162753994870785 0.829345703125 0.002170053264943776 0.00244140625
0 0.5582462024067864 0.82861328125 0.001085026632471888 0.001953125
0 0.2952258828171237 0.82861328125 0.0009863878477017164 0.001953125
0 0.23037088183073584 0.829345703125 0.003452357466956007 0.00341796875
0 0.5301341487472875 0.829345703125 0.0036496350364963502 0.00439453125
0 0.2686920497139475 0.82763671875 0.0011836654172420597 0.001953125
0 0.2346616689682383 0.828125 0.0025646084040244622 0.0029296875
0 0.2973466166896824 0.8271484375 0.0012823042020122311 0.001953125
0 0.5671730124284868 0.828857421875 0.0039455513908068654 0.00634765625
0 0.10204182284474256 0.826904296875 0.0016768593410929177 0.00244140625
0 0.5349674492010258 0.826416015625 0.0012823042020122311 0.00244140625
0 0.43933714736634444 0.827392578125 0.001578220556322746 0.00439453125
0 0.4359341092917735 0.8271484375 0.00483330045373841 0.00390625
0 0.29266127441309925 0.826416015625 0.0009863878477017164 0.00244140625
0 0.22686920497139476 0.827880859375 0.0025646084040244622 0.00537109375
0 0.5722035904517656 0.825439453125 0.002170053264943776 0.00244140625
0 0.23988952456105742 0.82568359375 0.004142828960347208 0.0029296875
0 0.22400868021305978 0.825439453125 0.002170053264943776 0.00244140625
0 0.6924442690866048 0.823974609375 0.003748273821266522 0.00244140625
0 0.3057802327875321 0.82470703125 0.003550996251726179 0.00390625
0 0.280479384493983 0.82470703125 0.0028605247583349774 0.0048828125
0 0.5570625369895443 0.82373046875 0.0044387453146577235 0.00390625
0 0.5416255671730125 0.8232421875 0.002170053264943776 0.0029296875
0 0.5792069441704478 0.822998046875 0.0011836654172420597 0.00341796875
0 0.5619944762280529 0.8232421875 0.004044190175577037 0.0048828125
0 0.5222923653580588 0.8232421875 0.0023673308344841193 0.0048828125
0 0.517212467942395 0.82177734375 0.0022686920497139475 0.0029296875
0 0.505178536200434 0.82177734375 0.0028605247583349774 0.0029296875
0 0.4596074176366147 0.8212890625 0.0016768593410929177 0.001953125
0 0.2628230420201223 0.823974609375 0.003255079897415664 0.00732421875
0 0.680410337344644 0.8212890625 0.002170053264943776 0.0029296875
0 0.5283586506214244 0.821044921875 0.0014795817715525744 0.00244140625
0 0.23959360820674688 0.821044921875 0.0009863878477017164 0.00244140625
0 0.170102584336161 0.8212890625 0.001085026632471888 0.0029296875
0 0.5337837837837838 0.821044921875 0.002071414480173604 0.00341796875
0 0.5254488064707042 0.822021484375 0.0051292168080489245 0.00537109375
0 0.2931544683369501 0.822021484375 0.004931939238508582 0.00537109375
0 0.19934898402051687 0.823486328125 0.0025646084040244622 0.00830078125
0 0.17745117380153877 0.820556640625 0.0017754981258630894 0.00244140625
0 0.1742454132965082 0.821533203125 0.0044387453146577235 0.00439453125
0 0.2753501676859341 0.820068359375 0.0014795817715525744 0.00244140625
0 0.2721937265732886 0.8232421875 0.00424146774511738 0.0087890625
0 0.24812586308936674 0.82080078125 0.0014795817715525744 0.00390625
0 0.4745511935292957 0.81982421875 0.0025646084040244622 0.0029296875
0 0.30370881830735846 0.8203125 0.004931939238508582 0.00390625
0 0.7032452160189386 0.819091796875 0.004044190175577037 0.00244140625
0 0.5653975143026237 0.8193359375 0.002959163543105149 0.0029296875
0 0.5490234760307753 0.8203125 0.0039455513908068654 0.0048828125
0 0.43238311304004734 0.81884765625 0.0012823042020122311 0.001953125
0 0.2509863878477017 0.819091796875 0.002071414480173604 0.00244140625
0 0.2786545669757349 0.81982421875 0.0023673308344841193 0.0048828125
0 0.23244229631090946 0.819091796875 0.0022686920497139475 0.00341796875
0 0.6915072006312882 0.818115234375 0.0014795817715525744 0.00244140625
0 0.5548431643322155 0.818359375 0.0023673308344841193 0.0029296875
0 0.2159202998619057 0.818359375 0.000789110278161373 0.0029296875
0 0.23737423554941803 0.81884765625 0.002071414480173604 0.0048828125
0 0.5771355296902743 0.817138671875 0.0011836654172420597 0.00244140625
0 0.2814164529492997 0.818359375 0.002170053264943776 0.0048828125
0 0.2563622016176761 0.81689453125 0.002170053264943776 0.001953125
0 0.5312684947721444 0.818359375 0.0025646084040244622 0.005859375
0 0.5433517459064904 0.81640625 0.0030578023278753207 0.0029296875
0 0.5364963503649635 0.818603515625 0.004340106529887552 0.00732421875
0 0.22958177155257448 0.81982421875 0.003452357466956007 0.009765625
0 0.5524758334977313 0.816162109375 0.0051292168080489245 0.00341796875
0 0.19466364174393372 0.817626953125 0.009173406983625962 0.00634765625
0 0.4391398697968041 0.817138671875 0.0061156046557506415 0.00732421875
0 0.27441309923061746 0.814453125 0.0011836654172420597 0.001953125
0 0.27174985204182284 0.81494140625 0.0009863878477017164 0.0029296875
0 0.22139475241665021 0.818115234375 0.00424146774511738 0.00927734375
0 0.19851055434997042 0.814453125 0.001874136910633261 0.001953125
0 0.6993489840205168 0.814697265625 0.0023673308344841193 0.00341796875
0 0.6000690471493392 0.81396484375 0.0022686920497139475 0.001953125
0 0.5593312290392582 0.81591796875 0.006214243440520813 0.0068359375
0 0.18198855790096666 0.8134765625 0.001578220556322746 0.001953125
0 0.6450976523969225 0.813232421875 0.0033537186821858355 0.00244140625
0 0.4420497139475242 0.813232421875 0.0012823042020122311 0.00244140625
0 0.2946340501085027 0.81591796875 0.0033537186821858355 0.0078125
0 0.21843558887354508 0.814453125 0.003452357466956007 0.0048828125
0 0.5466561451962911 0.81396484375 0.002170053264943776 0.0048828125
0 0.5309232590254488 0.81298828125 0.0028605247583349774 0.0029296875
0 0.5213059775103571 0.8125 0.0025646084040244622 0.001953125
0 0.25 0.8134765625 0.0022686920497139475 0.00390625
0 0.22716512132570527 0.813720703125 0.005721049516669955 0.00439453125
0 0.5755573091339514 0.8125 0.0013809429867824028 0.0029296875
0 0.28772933517459065 0.8125 0.000789110278161373 0.0029296875
0 0.26193529295719076 0.811767578125 0.0012823042020122311 0.00244140625
0 0.572400868021306 0.8125 0.004537384099427895 0.0048828125
0 0.5357072400868022 0.811767578125 0.004931939238508582 0.00439453125
0 0.447129611363188 0.81201171875 0.0025646084040244622 0.0048828125
0 0.6096863286644308 0.810791015625 0.001578220556322746 0.00341796875
0 0.5650522785559282 0.81201171875 0.006016965870980469 0.005859375
0 0.5169165515880845 0.81298828125 0.00542513316235944 0.0078125
0 0.2990727954231604 0.810546875 0.0033537186821858355 0.0029296875
0 0.28171236930361016 0.810791015625 0.0013809429867824028 0.00537109375
0 0.23870585914381534 0.80908203125 0.0013809429867824028 0.001953125
0 0.4502367330834484 0.809326171875 0.0030578023278753207 0.00341796875
0 0.2597159202998619 0.80908203125 0.0023673308344841193 0.0029296875
0 0.5397021108699941 0.80908203125 0.006411521010061156 0.00390625
0 0.22055632274610376 0.80810546875 0.000789110278161373 0.001953125
0 0.2242552771749852 0.808349609375 0.005227855592819097 0.00341796875
0 0.5498125863089367 0.806884765625 0.0019727756954034327 0.00244140625
0 0.20077924639968436 0.80810546875 0.002071414480173604 0.0048828125
0 0.3025744722825015 0.8056640625 0.001085026632471888 0.001953125
0 0.2166107713552969 0.806640625 0.003156441112645492 0.00390625
0 0.636811994476228 0.80517578125 0.000789110278161373 0.001953125
0 0.23550009863878477 0.807373046875 0.005030578023278753 0.00634765625
0 0.5991319786940225 0.8056640625 0.0027618859735648055 0.00390625
0 0.542513316235944 0.8046875 0.0017754981258630894 0.001953125
0 0.29428881436180704 0.804931640625 0.0028605247583349774 0.00244140625
0 0.26726178733478 0.80517578125 0.0012823042020122311 0.0029296875
0 0.2281021897810219 0.806884765625 0.002071414480173604 0.00732421875
0 0.17498520418228447 0.8046875 0.0033537186821858355 0.0029296875
0 0.5819195107516275 0.80419921875 0.001874136910633261 0.0029296875
0 0.5315150917340699 0.804443359375 0.0044387453146577235 0.00341796875
0 0.18060761491418426 0.805419921875 0.004931939238508582 0.00537109375
0 0.5895640165713159 0.804931640625 0.004734661668968239 0.00537109375
0 0.5105050305780233 0.8037109375 0.001874136910633261 0.0029296875
0 0.7244525547445255 0.803466796875 0.005622410731899783 0.00341796875
0 0.2503452357466956 0.80419921875 0.003748273821266522 0.0048828125
0 0.5776287236141251 0.802734375 0.0019727756954034327 0.0029296875
0 0.549418031169856 0.80224609375 0.0017754981258630894 0.001953125
0 0.4380055237719471 0.802734375 0.0028605247583349774 0.0029296875
0 0.7163148550009864 0.802734375 0.0051292168080489245 0.00390625
0 0.53452357466956 0.802001953125 0.001578220556322746 0.00244140625
0 0.5142039850069047 0.802978515625 0.004931939238508582 0.00439453125
0 0.5936575261392779 0.8017578125 0.004044190175577037 0.0029296875
0 0.4677451173801539 0.80078125 0.0019727756954034327 0.001953125
0 0.29123101203393176 0.80224609375 0.002465969619254291 0.0048828125
0 0.2785066087985796 0.80078125 0.001085026632471888 0.001953125
0 0.2611461826790294 0.80126953125 0.001085026632471888 0.0029296875
0 0.5434010652988756 0.80078125 0.0027618859735648055 0.0029296875
0 0.26893864667587297 0.801025390625 0.001085026632471888 0.00341796875
0 0.22297297297297297 0.801025390625 0.002465969619254291 0.00341796875
0 0.47667192740185443 0.800048828125 0.0014795817715525744 0.00244140625
0 0.2659301637403827 0.801025390625 0.004340106529887552 0.00439453125
0 0.23860722035904516 0.80078125 0.001578220556322746 0.00390625
0 0.21409548234365752 0.80029296875 0.0014795817715525744 0.0029296875
0 0.5899585717103966 0.7998046875 0.0023673308344841193 0.0029296875
0 0.5732886170842375 0.802978515625 0.0039455513908068654 0.00927734375
0 0.3055829552179917 0.7998046875 0.003156441112645492 0.0029296875
0 0.48614125073979086 0.799072265625 0.002071414480173604 0.00244140625
0 0.2935490234760308 0.79931640625 0.0013809429867824028 0.0029296875
0 0.7150818701913593 0.798095703125 0.0028605247583349774 0.00244140625
0 0.25290984415072004 0.79833984375 0.002170053264943776 0.00390625
0 0.22820082856579207 0.79736328125 0.001085026632471888 0.001953125
0 0.31100808838035116 0.799560546875 0.002170053264943776 0.00732421875
0 0.27658315249556126 0.796875 0.000789110278161373 0.001953125
0 0.23416847504438745 0.79833984375 0.004537384099427895 0.0048828125
0 0.20072992700729927 0.796630859375 0.0025646084040244622 0.00244140625
0 0.5421187610968633 0.79638671875 0.004931939238508582 0.0029296875
0 0.5301834681396725 0.7978515625 0.007891102781613731 0.005859375
0 0.2796409548234366 0.796142578125 0.0019727756954034327 0.00244140625
0 0.7323436575261393 0.7958984375 0.0030578023278753207 0.0029296875
0 0.5956303018346814 0.794921875 0.0016768593410929177 0.001953125
0 0.5379759321365161 0.797607421875 0.007101992503452358 0.00830078125
0 0.4418524363779838 0.7958984375 0.005030578023278753 0.0048828125
0 0.26617676070230817 0.79443359375 0.0008877490629315447 0.001953125
0 0.2353521404616295 0.794189453125 0.000789110278161373 0.00244140625
0 0.526385874926021 0.793701171875 0.0030578023278753207 0.00244140625
0 0.2430459656737029 0.794677734375 0.002170053264943776 0.00439453125
0 0.23880449792858552 0.79345703125 0.0027618859735648055 0.0029296875
0 0.21710396527914777 0.7958984375 0.008088380351154074 0.0078125
0 0.5861116591043598 0.793701171875 0.003748273821266522 0.00537109375
0 0.3278260011836654 0.79248046875 0.0012823042020122311 0.0029296875
0 0.5387157230222923 0.791748046875 0.0028605247583349774 0.00244140625
0 0.27860524758334976 0.79150390625 0.001085026632471888 0.001953125
0 0.22834878674294734 0.791748046875 0.0013809429867824028 0.00244140625
0 0.602929571907674 0.79150390625 0.0028605247583349774 0.0029296875
0 0.5888735450779247 0.791259765625 0.0027618859735648055 0.00244140625
0 0.24935884789899387 0.792236328125 0.002170053264943776 0.00439453125
0 0.2340205168672322 0.791259765625 0.0016768593410929177 0.00244140625
0 0.23002564608404025 0.791015625 0.0011836654172420597 0.001953125
0 0.24156638390215032 0.791259765625 0.0019727756954034327 0.00341796875
0 0.5784178338922864 0.790771484375 0.0023673308344841193 0.00341796875
0 0.5760505030578024 0.7900390625 0.0019727756954034327 0.001953125
0 0.2433418820280134 0.7900390625 0.000789110278161373 0.0029296875
0 0.5965673702899981 0.7890625 0.0023673308344841193 0.001953125
0 0.5518346813967252 0.789306640625 0.0014795817715525744 0.00244140625
0 0.44535411323732493 0.789306640625 0.0017754981258630894 0.00244140625
0 0.3129808640757546 0.789794921875 0.003550996251726179 0.00341796875
0 0.212073387255869 0.7900390625 0.0023673308344841193 0.00390625
0 0.4500887749062932 0.788818359375 0.002170053264943776 0.00244140625
0 0.6795225882817124 0.78857421875 0.0039455513908068654 0.0029296875
0 0.509765239692247 0.788330078125 0.002959163543105149 0.00244140625
0 0.4693233379364766 0.788330078125 0.0025646084040244622 0.00244140625
0 0.2378674294732689 0.788330078125 0.0022686920497139475 0.00244140625
0 0.5933616097849674 0.788330078125 0.0030578023278753207 0.00341796875
0 0.5410830538567765 0.786865234375 0.002465969619254291 0.00244140625
0 0.2691852436377984 0.787109375 0.0013809429867824028 0.0029296875
0 0.24506806076149143 0.786865234375 0.002465969619254291 0.00244140625
0 0.22829946735056225 0.787109375 0.001874136910633261 0.0029296875
0 0.5797987768790689 0.785888671875 0.0013809429867824028 0.00244140625
0 0.5321069244426909 0.78857421875 0.007989741566383901 0.0078125
0 0.5697376208325113 0.78515625 0.0019727756954034327 0.001953125
0 0.46779443677253896 0.78515625 0.003255079897415664 0.001953125
0 0.30785164726770564 0.787841796875 0.0033537186821858355 0.00732421875
0 0.3028210692444269 0.78759765625 0.005326494377589268 0.0068359375
0 0.23495758532254882 0.7861328125 0.003156441112645492 0.00390625
0 0.5526731110672717 0.78515625 0.002959163543105149 0.0029296875
0 0.530479384493983 0.784423828125 0.002959163543105149 0.00244140625
0 0.5167192740185441 0.7861328125 0.008187019135924246 0.005859375
0 0.43859735648056813 0.78466796875 0.0014795817715525744 0.0029296875
0 0.4447129611363188 0.78369140625 0.0008877490629315447 0.001953125
0 0.44180311698559876 0.78515625 0.003748273821266522 0.0048828125
0 0.297149339120142 0.7841796875 0.002663247188794634 0.0029296875
0 0.2934010652988755 0.783935546875 0.002663247188794634 0.00244140625
0 0.2823535214046163 0.783935546875 0.0008877490629315447 0.00244140625
0 0.1842572499506806 0.78515625 0.006904714933912014 0.0048828125
0 0.2997139475241665 0.784423828125 0.0014795817715525744 0.00439453125
0 0.25355099625172617 0.78515625 0.0030578023278753207 0.005859375
0 0.25004931939238506 0.783203125 0.0011836654172420597 0.001953125
0 0.48175182481751827 0.781982421875 0.0013809429867824028 0.00244140625
0 0.2874334188202801 0.7822265625 0.001578220556322746 0.0029296875
0 0.30444860919313477 0.782958984375 0.002071414480173604 0.00537109375
0 0.53452357466956 0.78125 0.0027618859735648055 0.0029296875
0 0.3095285066087986 0.781005859375 0.001578220556322746 0.00244140625
0 0.23939633063720656 0.78076171875 0.0009863878477017164 0.001953125
0 0.22622805287038864 0.784423828125 0.005819688301440126 0.00927734375
0 0.4748964292759913 0.7802734375 0.0012823042020122311 0.001953125
0 0.5381238903136714 0.7802734375 0.0036496350364963502 0.0029296875
0 0.29803708818307356 0.780517578125 0.0012823042020122311 0.00341796875
0 0.5762971000197278 0.782470703125 0.005030578023278753 0.00830078125
0 0.24501874136910634 0.780029296875 0.003748273821266522 0.00341796875
0 0.3122903925823634 0.7822265625 0.004142828960347208 0.0087890625
0 0.5881830735845335 0.779052734375 0.0039455513908068654 0.00341796875
0 0.5141546656145196 0.779296875 0.005819688301440126 0.00390625
0 0.45472479779049124 0.77880859375 0.002170053264943776 0.0029296875
0 0.30790096666009076 0.779541015625 0.0012823042020122311 0.00439453125
0 0.5207634641941211 0.779296875 0.007200631288222529 0.005859375
0 0.2956204379562044 0.777587890625 0.002170053264943776 0.00244140625
0 0.29266127441309925 0.77685546875 0.0017754981258630894 0.001953125
0 0.22129611363188006 0.777587890625 0.0022686920497139475 0.00341796875
0 0.4739593608206747 0.7763671875 0.0013809429867824028 0.001953125
0 0.4413099230617479 0.779541015625 0.005523771947129611 0.00830078125
0 0.509765239692247 0.77783203125 0.003550996251726179 0.005859375
0 0.2298283685144999 0.776123046875 0.0009863878477017164 0.00244140625
0 0.20216018938646677 0.77685546875 0.0022686920497139475 0.00390625
0 0.5952357466956008 0.77587890625 0.002465969619254291 0.0029296875
0 0.5387650424146775 0.775390625 0.0011836654172420597 0.001953125
0 0.3030183468139673 0.776611328125 0.001578220556322746 0.00439453125
0 0.30647070428092327 0.7744140625 0.001578220556322746 0.001953125
0 0.5333892286447031 0.775390625 0.006016965870980469 0.0048828125
0 0.47622805287038866 0.77392578125 0.0019727756954034327 0.0029296875
0 0.4676957979877688 0.77392578125 0.0014795817715525744 0.00390625
0 0.3185046360228842 0.77392578125 0.0017754981258630894 0.00390625
0 0.24980272243045964 0.77294921875 0.001085026632471888 0.001953125
0 0.6819392385085816 0.772705078125 0.0022686920497139475 0.00244140625
0 0.5201716314855 0.773681640625 0.002663247188794634 0.00439453125
0 0.2475833497731308 0.774169921875 0.001578220556322746 0.00537109375
0 0.24403235352140462 0.7724609375 0.0011836654172420597 0.001953125
0 0.5826099822450187 0.77294921875 0.006016965870980469 0.00390625
0 0.5750641152101006 0.773681640625 0.0051292168080489245 0.00537109375
0 0.5682087196685737 0.7734375 0.005030578023278753 0.0048828125
0 0.23949496942197673 0.77197265625 0.0013809429867824028 0.001953125
0 0.5361017952258829 0.77197265625 0.0025646084040244622 0.0029296875
0 0.5939041231012034 0.771240234375 0.001578220556322746 0.00244140625
0 0.3039060958768988 0.77099609375 0.000789110278161373 0.001953125
0 0.5412310120339318 0.770751953125 0.0019727756954034327 0.00244140625
0 0.4722825014795818 0.77099609375 0.0011836654172420597 0.0029296875
0 0.43381337541921483 0.770263671875 0.0011836654172420597 0.00244140625
0 0.3247681988557901 0.772216796875 0.0036496350364963502 0.00634765625
0 0.31159992108897216 0.772705078125 0.005326494377589268 0.00732421875
0 0.23683172223318208 0.772216796875 0.0033537186821858355 0.00634765625
0 0.4460445847307161 0.76953125 0.0011836654172420597 0.001953125
0 0.2983330045373841 0.771484375 0.002663247188794634 0.005859375
0 0.22736239889524562 0.77099609375 0.0023673308344841193 0.0048828125
0 0.5288025251528902 0.7685546875 0.0011836654172420597 0.001953125
0 0.4885579009666601 0.7685546875 0.000789110278161373 0.001953125
0 0.47834878674294734 0.76904296875 0.0022686920497139475 0.0029296875
0 0.44905306766620634 0.7685546875 0.0014795817715525744 0.001953125
0 0.22479779049122114 0.768798828125 0.002170053264943776 0.00244140625
0 0.514894456500296 0.771240234375 0.006904714933912014 0.00830078125
0 0.5168179128033142 0.767578125 0.001085026632471888 0.001953125
0 0.2377687906884987 0.767578125 0.001874136910633261 0.001953125
0 0.5887749062931544 0.767578125 0.0019727756954034327 0.0029296875
0 0.31238903136713353 0.767333984375 0.002170053264943776 0.00244140625
0 0.21739988163345828 0.769775390625 0.004734661668968239 0.00732421875
0 0.24146774511738014 0.7666015625 0.0011836654172420597 0.001953125
0 0.4389425922272638 0.76953125 0.007496547642533044 0.0087890625
0 0.3050404419017558 0.768310546875 0.0036496350364963502 0.00732421875
0 0.5312684947721444 0.766845703125 0.003156441112645492 0.00537109375
0 0.30859143815348195 0.765380859375 0.002465969619254291 0.00244140625
0 0.2959656737029 0.76513671875 0.0008877490629315447 0.001953125
0 0.24792858551982638 0.765380859375 0.0016768593410929177 0.00244140625
0 0.5432531071217203 0.76513671875 0.00542513316235944 0.00390625
0 0.5070033537186822 0.76416015625 0.0023673308344841193 0.001953125
0 0.5154369698165319 0.763671875 0.0014795817715525744 0.001953125
0 0.5100118366541724 0.763427734375 0.002071414480173604 0.00244140625
0 0.23347800355099624 0.76708984375 0.005918327086210298 0.009765625
0 0.2980864075754587 0.76318359375 0.0011836654172420597 0.0029296875
0 0.11131386861313869 0.763671875 0.0012823042020122311 0.00390625
0 0.30060169658709807 0.762939453125 0.0016768593410929177 0.00341796875
0 0.45768396133359635 0.76171875 0.0009863878477017164 0.001953125
0 0.23796606825803907 0.761474609375 0.002465969619254291 0.00244140625
0 0.5781219175379759 0.7607421875 0.001578220556322746 0.001953125
0 0.24087591240875914 0.76123046875 0.0027618859735648055 0.0029296875
0 0.2170053264943776 0.76171875 0.003156441112645492 0.00390625
0 0.5803906095876898 0.7607421875 0.002170053264943776 0.0029296875
0 0.4374136910633261 0.76123046875 0.002071414480173604 0.00390625
0 0.24605444860919312 0.762451171875 0.001874136910633261 0.00634765625
0 0.5306273426711383 0.759765625 0.001874136910633261 0.001953125
0 0.4433813375419215 0.7607421875 0.0023673308344841193 0.00390625
0 0.540836456894851 0.75927734375 0.0013809429867824028 0.001953125
0 0.3306865259420004 0.75927734375 0.001874136910633261 0.001953125
0 0.5711185638192937 0.7587890625 0.003550996251726179 0.00390625
0 0.22553758137699745 0.758056640625 0.0030578023278753207 0.00244140625
0 0.3118958374432827 0.760498046875 0.003748273821266522 0.00830078125
0 0.5833497731307951 0.757080078125 0.0023673308344841193 0.00244140625
0 0.30296902742158216 0.758056640625 0.0036496350364963502 0.00439453125
0 0.16122509370684554 0.757080078125 0.002071414480173604 0.00244140625
0 0.11259617281515091 0.757568359375 0.003452357466956007 0.00341796875
0 0.5936575261392779 0.757080078125 0.003255079897415664 0.00341796875
0 0.5141053462221346 0.757568359375 0.006510159794831328 0.00537109375
0 0.3923850858157428 0.75634765625 0.000789110278161373 0.0029296875
0 0.3772933517459065 0.7578125 0.001578220556322746 0.005859375
0 0.5759518642730321 0.755859375 0.0013809429867824028 0.0029296875
0 0.2416650226869205 0.75537109375 0.0017754981258630894 0.001953125
0 0.5814756362201617 0.755615234375 0.002170053264943776 0.00341796875
0 0.23910041428289602 0.755126953125 0.0027618859735648055 0.00439453125
0 0.23485894653777867 0.755126953125 0.0025646084040244622 0.00439453125
0 0.12576445058196883 0.755615234375 0.0023673308344841193 0.00537109375
0 0.3125863089366739 0.753662109375 0.003550996251726179 0.00244140625
0 0.2985796014993095 0.75390625 0.0013809429867824028 0.0029296875
0 0.47139475241665024 0.753173828125 0.0011836654172420597 0.00244140625
0 0.31653186032748076 0.75390625 0.001578220556322746 0.00390625
0 0.30346222134543305 0.753173828125 0.001874136910633261 0.00244140625
0 0.2927599131978694 0.755126953125 0.0019727756954034327 0.00634765625
0 0.1589564016571316 0.752685546875 0.0014795817715525744 0.00146484375
0 0.5732886170842375 0.754150390625 0.004142828960347208 0.00537109375
0 0.5168179128033142 0.754150390625 0.0044387453146577235 0.00537109375
0 0.20995265338331032 0.752197265625 0.0016768593410929177 0.00244140625
0 0.5071019925034523 0.751708984375 0.003156441112645492 0.00244140625
0 0.5119846123495758 0.751220703125 0.002071414480173604 0.00244140625
0 0.45087788518445454 0.751220703125 0.001578220556322746 0.00244140625
0 0.36733083448411913 0.751953125 0.0013809429867824028 0.00390625
0 0.19836259617281515 0.751220703125 0.004340106529887552 0.00439453125
0 0.24654764253304398 0.74951171875 0.0014795817715525744 0.001953125
0 0.23727559676464785 0.750244140625 0.00424146774511738 0.00341796875
0 0.21912606036693627 0.754150390625 0.007003353718682186 0.01123046875
0 0.6033241270467548 0.7490234375 0.004044190175577037 0.0029296875
0 0.3177648451371079 0.75 0.001874136910633261 0.0048828125
0 0.23111067271651214 0.74853515625 0.0011836654172420597 0.001953125
0 0.21409548234365752 0.7490234375 0.002663247188794634 0.0029296875
0 0.15555336358256067 0.75048828125 0.005326494377589268 0.005859375
0 0.3692049713947524 0.748779296875 0.0025646084040244622 0.00341796875
0 0.23347800355099624 0.748046875 0.003156441112645492 0.001953125
0 0.17409745511935293 0.748291015625 0.002170053264943776 0.00341796875
0 0.4539356875123298 0.747802734375 0.0027618859735648055 0.00341796875
0 0.43997829946735056 0.748291015625 0.0038469126060366936 0.00439453125
0 0.3731012033931742 0.748779296875 0.0030578023278753207 0.00537109375
0 0.3152495561254685 0.747314453125 0.003156441112645492 0.00244140625
0 0.21162951272440322 0.74755859375 0.002071414480173604 0.0029296875
0 0.5291970802919708 0.74853515625 0.007101992503452358 0.005859375
0 0.3119944762280529 0.746337890625 0.0009863878477017164 0.00244140625
0 0.15737818110080884 0.746826171875 0.001874136910633261 0.00341796875
0 0.11989544288814362 0.748046875 0.0038469126060366936 0.005859375
0 0.5225389623199842 0.747314453125 0.005819688301440126 0.00537109375
0 0.37995659893470113 0.745849609375 0.001578220556322746 0.00244140625
0 0.19579798776879068 0.74658203125 0.0023673308344841193 0.00390625
0 0.1832215427105938 0.74609375 0.0016768593410929177 0.0029296875
0 0.5122805287038864 0.746337890625 0.0028605247583349774 0.00439453125
0 0.585618465180509 0.744873046875 0.002959163543105149 0.00244140625
0 0.3650128230420201 0.748291015625 0.004044190175577037 0.00927734375
0 0.20008877490629315 0.7451171875 0.003255079897415664 0.0029296875
0 0.13720654961530873 0.744873046875 0.002959163543105149 0.00244140625
0 0.21858354705070032 0.744384765625 0.0017754981258630894 0.00244140625
0 0.593115012823042 0.744873046875 0.004931939238508582 0.00537109375
0 0.5139080686525942 0.743896484375 0.0013809429867824028 0.00341796875
0 0.09341092917735254 0.743408203125 0.003156441112645492 0.00244140625
0 0.4533438548037088 0.742919921875 0.001578220556322746 0.00244140625
0 0.5750147958177155 0.74560546875 0.005622410731899783 0.0087890625
0 0.5182481751824818 0.741943359375 0.002959163543105149 0.00244140625
0 0.509814559084632 0.7421875 0.001874136910633261 0.0029296875
0 0.3690076938252121 0.743408203125 0.004537384099427895 0.00537109375
0 0.5348194910238706 0.7431640625 0.003156441112645492 0.005859375
0 0.5323535214046163 0.742431640625 0.0033537186821858355 0.00439453125
0 0.3082955217991714 0.7412109375 0.0008877490629315447 0.001953125
0 0.5727461037680016 0.740966796875 0.0008877490629315447 0.00341796875
0 0.31870191359242456 0.7421875 0.0023673308344841193 0.005859375
0 0.2186328664430854 0.74072265625 0.002465969619254291 0.0029296875
0 0.19081672913789702 0.73974609375 0.0022686920497139475 0.001953125
0 0.5387157230222923 0.741455078125 0.0028605247583349774 0.00634765625
0 0.18790688498717695 0.739990234375 0.0025646084040244622 0.00341796875
0 0.12181889919116197 0.740966796875 0.0019727756954034327 0.00537109375
0 0.09084632077332808 0.740478515625 0.002170053264943776 0.00439453125
0 0.450581968830144 0.7392578125 0.0013809429867824028 0.00390625
0 0.3662458078516473 0.73876953125 0.002170053264943776 0.0029296875
0 0.3748273821266522 0.738525390625 0.0027618859735648055 0.00341796875
0 0.19831327678043006 0.738525390625 0.005030578023278753 0.00341796875
0 0.12670151903728546 0.738037109375 0.0012823042020122311 0.00244140625
0 0.5888735450779247 0.737548828125 0.002170053264943776 0.00244140625
0 0.3636811994476228 0.737548828125 0.0019727756954034327 0.00244140625
0 0.4721345433024265 0.73681640625 0.0008877490629315447 0.001953125
0 0.32156243835075954 0.737060546875 0.002170053264943776 0.00244140625
0 0.136220161767607 0.737060546875 0.0017754981258630894 0.00244140625
0 0.09469323337936476 0.73681640625 0.0019727756954034327 0.001953125
0 0.13863681199447622 0.73681640625 0.0012823042020122311 0.0029296875
0 0.434503846912606 0.737548828125 0.0027618859735648055 0.00537109375
0 0.1964391398697968 0.73583984375 0.0012823042020122311 0.001953125
0 0.15215032550798974 0.736328125 0.002663247188794634 0.0029296875
0 0.43780824620240677 0.736083984375 0.0022686920497139475 0.00341796875
0 0.2033438548037088 0.73779296875 0.00424146774511738 0.0068359375
0 0.5471493391201421 0.734619140625 0.001578220556322746 0.00244140625
0 0.5413296508187019 0.736083984375 0.0013809429867824028 0.00537109375
0 0.3157427500493194 0.736572265625 0.003156441112645492 0.00634765625
0 0.3771453935687512 0.73486328125 0.004044190175577037 0.00390625
0 0.11802130597751036 0.737548828125 0.00483330045373841 0.01025390625
0 0.31026829749457485 0.733154296875 0.0014795817715525744 0.00244140625
0 0.5264845137107911 0.733154296875 0.0022686920497139475 0.00341796875
0 0.1880548431643322 0.733154296875 0.0028605247583349774 0.00341796875
0 0.3707831919510752 0.73583984375 0.0039455513908068654 0.009765625
0 0.5499112250937068 0.733154296875 0.0023673308344841193 0.00634765625
0 0.3068652594200039 0.732177734375 0.0013809429867824028 0.00439453125
0 0.12601104754389425 0.733154296875 0.006411521010061156 0.00634765625
0 0.364371670941014 0.7314453125 0.002170053264943776 0.00390625
0 0.43549023476030774 0.73193359375 0.003156441112645492 0.0068359375
0 0.0952850660879858 0.731201171875 0.003748273821266522 0.00537109375
0 0.3186032748076544 0.732177734375 0.003156441112645492 0.00830078125
0 0.18731505227855594 0.72900390625 0.0013809429867824028 0.001953125
0 0.559183270862103 0.728515625 0.0017754981258630894 0.001953125
0 0.5286052475833498 0.728759765625 0.0009863878477017164 0.00244140625
0 0.10791083053856776 0.7294921875 0.001578220556322746 0.00390625
0 0.5533635825606629 0.72900390625 0.0027618859735648055 0.00390625
0 0.3248668376405603 0.729736328125 0.002465969619254291 0.00537109375
0 0.18445452752022096 0.729736328125 0.0023673308344841193 0.00537109375
0 0.14938843953442493 0.72998046875 0.0028605247583349774 0.005859375
0 0.3773919905306767 0.7294921875 0.004931939238508582 0.005859375
0 0.5665811797198659 0.72802734375 0.0019727756954034327 0.00390625
0 0.5619451568356678 0.72802734375 0.0027618859735648055 0.00390625
0 0.31268494772144406 0.727294921875 0.0019727756954034327 0.00244140625
0 0.10021700532649437 0.727294921875 0.002959163543105149 0.00341796875
0 0.42927599131978694 0.72607421875 0.0011836654172420597 0.001953125
0 0.32777668179128033 0.732421875 0.005326494377589268 0.0146484375
0 0.37354507792464 0.726318359375 0.002170053264943776 0.00341796875
0 0.36974748471098834 0.725830078125 0.0016768593410929177 0.00244140625
0 0.145393568751233 0.726318359375 0.003550996251726179 0.00341796875
0 0.12541921483527324 0.72705078125 0.0014795817715525744 0.0048828125
0 0.17547839810613533 0.726806640625 0.002959163543105149 0.00537109375
0 0.19436772538962319 0.72607421875 0.001874136910633261 0.0048828125
0 0.17301242848688103 0.725830078125 0.0017754981258630894 0.00439453125
0 0.13025251528901163 0.725341796875 0.001874136910633261 0.00341796875
0 0.5645590846320774 0.724365234375 0.0014795817715525744 0.00341796875
0 0.3262971000197278 0.72412109375 0.0019727756954034327 0.0029296875
0 0.3137206549615309 0.723388671875 0.001085026632471888 0.00244140625
0 0.1220654961530874 0.72412109375 0.002465969619254291 0.00390625
0 0.15052278555928192 0.7236328125 0.0027618859735648055 0.00390625
0 0.5578516472677056 0.7236328125 0.0036496350364963502 0.0048828125
0 0.319540343262971 0.724609375 0.003255079897415664 0.0068359375
0 0.1484513710791083 0.72314453125 0.0009863878477017164 0.00390625
0 0.19698165318603275 0.721923828125 0.0017754981258630894 0.00244140625
0 0.1272933517459065 0.724853515625 0.002465969619254291 0.00830078125
0 0.11945156835667785 0.72314453125 0.0017754981258630894 0.0048828125
0 0.18386269481159992 0.72119140625 0.0013809429867824028 0.001953125
0 0.39080686525942 0.720458984375 0.0013809429867824028 0.00244140625
0 0.3813868613138686 0.720703125 0.002663247188794634 0.0029296875
0 0.13952456105740776 0.721923828125 0.006411521010061156 0.00634765625
0 0.5663345827579405 0.719970703125 0.003452357466956007 0.00341796875
0 0.33221542710593804 0.72216796875 0.0025646084040244622 0.0078125
0 0.18075557309133952 0.719482421875 0.0014795817715525744 0.00244140625
0 0.5498125863089367 0.719482421875 0.0013809429867824028 0.00341796875
0 0.40515880844347996 0.719970703125 0.0016768593410929177 0.00439453125
0 0.1171828763069639 0.720458984375 0.003156441112645492 0.00537109375
0 0.4330735845334385 0.71923828125 0.001874136910633261 0.00390625
0 0.307457092128625 0.718505859375 0.0013809429867824028 0.00244140625
0 0.41378970211087 0.7177734375 0.0009863878477017164 0.001953125
0 0.3199348984020517 0.717041015625 0.001874136910633261 0.00244140625
0 0.17542907871375024 0.717041015625 0.0014795817715525744 0.00244140625
0 0.34637009272045766 0.7158203125 0.0008877490629315447 0.001953125
0 0.15515880844347998 0.719482421875 0.004734661668968239 0.00927734375
0 0.32550798974156636 0.717529296875 0.005523771947129611 0.00634765625
0 0.1829256263562833 0.71533203125 0.003452357466956007 0.001953125
0 0.167242059577826 0.720703125 0.00424146774511738 0.0126953125
0 0.14633063720654962 0.716064453125 0.00483330045373841 0.00439453125
0 0.13917932531071217 0.7158203125 0.002959163543105149 0.00390625
0 0.36417439337147367 0.7177734375 0.008285657920694417 0.0087890625
0 0.12384099427895048 0.71533203125 0.00424146774511738 0.00390625
0 0.42533043992898006 0.714599609375 0.0017754981258630894 0.00341796875
0 0.39199053067666206 0.716552734375 0.003156441112645492 0.00732421875
0 0.17355494180311698 0.716552734375 0.002663247188794634 0.00732421875
0 0.41847504438745314 0.717041015625 0.005819688301440126 0.00927734375
0 0.32254882619846126 0.713134765625 0.0009863878477017164 0.00244140625
0 0.16073189978299468 0.712646484375 0.003452357466956007 0.00341796875
0 0.4362793450384691 0.713623046875 0.005918327086210298 0.00634765625
0 0.3575162753994871 0.712158203125 0.003452357466956007 0.00439453125
0 0.15579996054448608 0.711181640625 0.0022686920497139475 0.00341796875
0 0.387354507792464 0.712890625 0.0025646084040244622 0.0078125
0 0.3848392187808246 0.712158203125 0.002071414480173604 0.00634765625
0 0.33379364766226083 0.711669921875 0.004142828960347208 0.00537109375
0 0.0973564805681594 0.710205078125 0.0013809429867824028 0.00244140625
0 0.3681692641546656 0.711669921875 0.002465969619254291 0.00634765625
0 0.32979877687906883 0.71240234375 0.002071414480173604 0.0078125
0 0.12941408561846518 0.710693359375 0.004142828960347208 0.00439453125
0 0.5478398106135333 0.708984375 0.0011836654172420597 0.001953125
0 0.4127539948707832 0.71142578125 0.0028605247583349774 0.0068359375
0 0.10302821069244426 0.710205078125 0.0016768593410929177 0.00439453125
0 0.4309035312684948 0.71044921875 0.00542513316235944 0.005859375
0 0.3702406786348392 0.7080078125 0.001085026632471888 0.001953125
0 0.09247386072203591 0.70849609375 0.0008877490629315447 0.0029296875
0 0.39233576642335766 0.707763671875 0.0014795817715525744 0.00244140625
0 0.3586999408167291 0.70751953125 0.0008877490629315447 0.001953125
0 0.35692444269086604 0.707275390625 0.0012823042020122311 0.00244140625
0 0.5621917537975932 0.706787109375 0.0008877490629315447 0.00244140625
0 0.16980666798185046 0.70751953125 0.0030578023278753207 0.00390625
0 0.1237916748865654 0.70654296875 0.000789110278161373 0.001953125
0 0.34444663641743933 0.70654296875 0.0019727756954034327 0.0029296875
0 0.1732097060564214 0.707763671875 0.0023673308344841193 0.00537109375
0 0.5511935292957191 0.705810546875 0.0013809429867824028 0.00244140625
0 0.1648254093509568 0.705810546875 0.001578220556322746 0.00244140625
0 0.34863878477017163 0.707275390625 0.003452357466956007 0.00634765625
0 0.32728348786742945 0.7060546875 0.001578220556322746 0.00390625
0 0.11091931347405799 0.70849609375 0.00483330045373841 0.009765625
0 0.09577826001183666 0.705322265625 0.0025646084040244622 0.00341796875
0 0.3307358453343855 0.705810546875 0.001578220556322746 0.00537109375
0 0.3116492404813573 0.703857421875 0.001085026632471888 0.00341796875
0 0.4194121128427698 0.70458984375 0.0033537186821858355 0.005859375
0 0.3541132373249162 0.70458984375 0.0027618859735648055 0.005859375
0 0.14065890708226475 0.702880859375 0.0025646084040244622 0.00244140625
0 0.13306372065496153 0.7041015625 0.002959163543105149 0.0048828125
0 0.10278161373051883 0.703369140625 0.001578220556322746 0.00341796875
0 0.5877391990530677 0.701416015625 0.0014795817715525744 0.00244140625
0 0.3595383704872756 0.70263671875 0.003156441112645492 0.0048828125
0 0.5606135332412705 0.700927734375 0.002465969619254291 0.00537109375
0 0.320674689287828 0.70166015625 0.0017754981258630894 0.0068359375
0 0.15604655750641153 0.698974609375 0.0017754981258630894 0.00244140625
0 0.10075951864273032 0.699951171875 0.0012823042020122311 0.00439453125
0 0.09883606233971197 0.69970703125 0.001578220556322746 0.0048828125
0 0.10820674689287828 0.6982421875 0.003156441112645492 0.005859375
0 0.15718090353126848 0.6953125 0.0008877490629315447 0.0029296875
0 0.572943381337542 0.694580078125 0.0008877490629315447 0.00244140625
0 0.11516078121917538 0.695068359375 0.002663247188794634 0.00341796875
0 0.10549418031169856 0.6943359375 0.0014795817715525744 0.00390625
0 0.3706352337739199 0.693359375 0.0012823042020122311 0.0029296875
0 0.12132570526731111 0.69482421875 0.0017754981258630894 0.005859375
0 0.35179522588281714 0.691162109375 0.001874136910633261 0.00341796875
0 0.30089761294140854 0.666748046875 0.0008877490629315447 0.00341796875
0 0.3083941605839416 0.66552734375 0.0014795817715525744 0.00390625
0 0.3119944762280529 0.666015625 0.005326494377589268 0.005859375
0 0.340797001380943 0.66259765625 0.000789110278161373 0.001953125
0 0.31623594397317023 0.663330078125 0.0017754981258630894 0.00341796875
0 0.32323929769185245 0.6640625 0.0039455513908068654 0.009765625
