0 0.3795620437956204 0.677734375 0.0011836654172420597 0.0048828125
0 0.23323140658907082 0.671875 0.0008877490629315447 0.001953125
0 0.23106135332412706 0.671875 0.0016768593410929177 0.001953125
0 0.3795620437956204 0.66845703125 0.0009863878477017164 0.0029296875
0 0.2700236733083448 0.66845703125 0.00424146774511738 0.0029296875
0 0.366097849674492 0.667724609375 0.001085026632471888 0.00244140625
0 0.2567074373643717 0.667724609375 0.005030578023278753 0.00341796875
0 0.25152890116393767 0.66748046875 0.0039455513908068654 0.00390625
0 0.2308640757545867 0.667236328125 0.001085026632471888 0.00439453125
0 0.2333793647662261 0.6611328125 0.0013809429867824028 0.001953125
0 0.2309133951469718 0.6611328125 0.0011836654172420597 0.001953125
0 0.10939041231012034 0.66015625 0.008088380351154074 0.0068359375
0 0.2526632471887946 0.657470703125 0.0012823042020122311 0.00244140625
0 0.3795620437956204 0.65478515625 0.0011836654172420597 0.00390625
0 0.36604853028210693 0.654052734375 0.0009863878477017164 0.00244140625
0 0.10317616886959953 0.65185546875 0.002170053264943776 0.0029296875
0 0.18573683172223318 0.650390625 0.004537384099427895 0.0029296875
0 0.14282896034720852 0.6484375 0.002170053264943776 0.0029296875
0 0.23559873742355494 0.64794921875 0.0008877490629315447 0.0029296875
0 0.23254093509567964 0.649658203125 0.002071414480173604 0.00634765625
0 0.22755967646478595 0.64794921875 0.0009863878477017164 0.0029296875
0 0.2253403038074571 0.64794921875 0.002071414480173604 0.0029296875
0 0.2631682777668179 0.646728515625 0.002170053264943776 0.00341796875
0 0.25808838035115406 0.646484375 0.0044387453146577235 0.005859375
0 0.37946340501085024 0.645263671875 0.0017754981258630894 0.00537109375
