0 0.20664825409350956 0.998779296875 0.003748273821266522 0.00244140625
0 0.6283290589859933 0.998046875 0.003748273821266522 0.001953125
0 0.24427895048333004 0.99853515625 0.0014795817715525744 0.0029296875
0 0.5336851449990136 0.998291015625 0.004044190175577037 0.00341796875
0 0.21409548234365752 0.997802734375 0.001874136910633261 0.00244140625
0 0.24245413296508186 0.998046875 0.0019727756954034327 0.00390625
0 0.5366936279345038 0.996826171875 0.0019727756954034327 0.00244140625
0 0.4949694219767212 0.997314453125 0.002959163543105149 0.00341796875
0 0.33295521799171435 0.997314453125 0.002663247188794634 0.00341796875
0 0.5845334385480371 0.996337890625 0.0025646084040244622 0.00244140625
0 0.4906293154468337 0.996337890625 0.0025646084040244622 0.00244140625
0 0.31421384888538173 0.996826171875 0.0038469126060366936 0.00341796875
0 0.16694614322351548 0.996337890625 0.001085026632471888 0.00244140625
0 0.13646675872953246 0.99755859375 0.002663247188794634 0.0048828125
0 0.13138686131386862 0.99755859375 0.0017754981258630894 0.0048828125
0 0.12507397908857762 0.996337890625 0.0017754981258630894 0.00244140625
0 0.1822351548628921 0.99658203125 0.002465969619254291 0.00390625
0 0.4989642927599132 0.995849609375 0.003452357466956007 0.00341796875
0 0.3860228841980667 0.9970703125 0.00424146774511738 0.005859375
0 0.18494772144407182 0.9970703125 0.0033537186821858355 0.005859375
0 0.7002367330834484 0.996826171875 0.007496547642533044 0.00634765625
0 0.5167685934109292 0.9951171875 0.004340106529887552 0.0029296875
0 0.2517754981258631 0.996826171875 0.012527125665811796 0.00634765625
0 0.22958177155257448 0.996826171875 0.0030578023278753207 0.00634765625
0 0.3578121917537976 0.994873046875 0.0022686920497139475 0.00341796875
0 0.2566087985796015 0.994873046875 0.002465969619254291 0.00341796875
0 0.4934405208127836 0.993896484375 0.0022686920497139475 0.00244140625
0 0.6347405799960545 0.995361328125 0.004734661668968239 0.00634765625
0 0.2690866048530282 0.9931640625 0.0013809429867824028 0.001953125
0 0.1891891891891892 0.99462890625 0.002959163543105149 0.0048828125
0 0.13824225685539554 0.99365234375 0.002663247188794634 0.0029296875
0 0.6893864667587295 0.992919921875 0.0013809429867824028 0.00244140625
0 0.6461826790293943 0.992431640625 0.002959163543105149 0.00244140625
0 0.5943973170250543 0.9931640625 0.007496547642533044 0.00390625
0 0.17917735253501677 0.994873046875 0.00542513316235944 0.00732421875
0 0.6507200631288222 0.994384765625 0.010258433616097849 0.00732421875
0 0.3903629907279542 0.992919921875 0.004044190175577037 0.00439453125
0 0.23628920891694613 0.995361328125 0.008581574275004932 0.00927734375
0 0.7207536003156441 0.9912109375 0.0009863878477017164 0.001953125
0 0.5644111264549221 0.9921875 0.003550996251726179 0.00390625
0 0.5102091142237127 0.9921875 0.0022686920497139475 0.00390625
0 0.26553560860130204 0.9951171875 0.004340106529887552 0.009765625
0 0.23959360820674688 0.992431640625 0.0027618859735648055 0.00439453125
0 0.6666009074768199 0.993896484375 0.010258433616097849 0.00830078125
0 0.6423357664233577 0.99072265625 0.003748273821266522 0.0029296875
0 0.5439928980074965 0.9912109375 0.003156441112645492 0.00390625
0 0.14144801736042611 0.99072265625 0.002170053264943776 0.0029296875
0 0.46049516669954627 0.9912109375 0.00483330045373841 0.005859375
0 0.4380055237719471 0.989501953125 0.002071414480173604 0.00244140625
0 0.1662063523377392 0.990478515625 0.0027618859735648055 0.00439453125
0 0.5723022292365358 0.991943359375 0.0072992700729927005 0.00830078125
0 0.29719865851252714 0.992431640625 0.002959163543105149 0.00927734375
0 0.1892385085815743 0.9892578125 0.001085026632471888 0.0029296875
0 0.4085618465180509 0.9892578125 0.005918327086210298 0.00390625
0 0.4539356875123298 0.988037109375 0.0009863878477017164 0.00244140625
0 0.39933912014203987 0.988525390625 0.002465969619254291 0.00341796875
0 0.39475241665022687 0.99072265625 0.006707437364371671 0.0078125
0 0.6661570329453541 0.98779296875 0.001085026632471888 0.0029296875
0 0.5818208719668574 0.988037109375 0.0030578023278753207 0.00341796875
0 0.6959459459459459 0.989013671875 0.00542513316235944 0.00634765625
0 0.19387453146577235 0.990234375 0.007989741566383901 0.0087890625
0 0.18317222331820873 0.9873046875 0.003156441112645492 0.00390625
0 0.7104951666995463 0.986083984375 0.0033537186821858355 0.00341796875
0 0.572450187413691 0.987548828125 0.007595186427303216 0.00634765625
0 0.26109686328664433 0.990966796875 0.005523771947129611 0.01318359375
0 0.6092917735253501 0.985107421875 0.0013809429867824028 0.00244140625
0 0.5601696587098047 0.986083984375 0.003156441112645492 0.00439453125
0 0.2951272440323535 0.986083984375 0.0019727756954034327 0.00439453125
0 0.2917242059577826 0.986328125 0.003452357466956007 0.0048828125
0 0.461481554547248 0.984619140625 0.0012823042020122311 0.00244140625
0 0.3452850660879858 0.984375 0.001085026632471888 0.001953125
0 0.6210297889130006 0.984619140625 0.003748273821266522 0.00341796875
0 0.5891201420398501 0.986328125 0.010159794831327678 0.0068359375
0 0.5797987768790689 0.98388671875 0.0025646084040244622 0.001953125
0 0.4510258433616098 0.9853515625 0.003255079897415664 0.0048828125
0 0.6653186032748076 0.983642578125 0.0023673308344841193 0.00244140625
0 0.31880055237719473 0.983642578125 0.0027618859735648055 0.00244140625
0 0.18484908265930164 0.9833984375 0.0023673308344841193 0.001953125
0 0.7006312882225291 0.983154296875 0.003748273821266522 0.00244140625
0 0.6887946340501085 0.984619140625 0.0039455513908068654 0.00537109375
0 0.3967251923456303 0.9833984375 0.004340106529887552 0.0029296875
0 0.21019925034523573 0.983154296875 0.001578220556322746 0.00244140625
0 0.14820477411718289 0.98388671875 0.001874136910633261 0.00390625
0 0.37472874334188205 0.983154296875 0.003748273821266522 0.00341796875
0 0.32757940422174 0.985595703125 0.0061156046557506415 0.00927734375
0 0.2173505622410732 0.98388671875 0.00483330045373841 0.005859375
0 0.3326593016374038 0.98193359375 0.001874136910633261 0.0029296875
0 0.6933813375419214 0.981201171875 0.001874136910633261 0.00244140625
0 0.6556520023673308 0.982666015625 0.004734661668968239 0.00537109375
0 0.6310909449595581 0.98291015625 0.0039455513908068654 0.005859375
0 0.5677155257447228 0.9814453125 0.0028605247583349774 0.0029296875
0 0.19831327678043006 0.98193359375 0.002071414480173604 0.00390625
0 0.6385381732097061 0.98046875 0.001085026632471888 0.001953125
0 0.2897021108699941 0.981201171875 0.001578220556322746 0.00341796875
0 0.1575261392779641 0.98095703125 0.001578220556322746 0.0029296875
0 0.41058394160583944 0.98095703125 0.005622410731899783 0.00390625
0 0.6510652988755179 0.98046875 0.0038469126060366936 0.00390625
0 0.5524758334977313 0.9794921875 0.001578220556322746 0.001953125
0 0.38010455711185637 0.979736328125 0.001874136910633261 0.00244140625
0 0.37048727559676464 0.9814453125 0.002959163543105149 0.005859375
0 0.2868415861116591 0.981689453125 0.002959163543105149 0.00634765625
0 0.1940224896429276 0.98095703125 0.006312882225290984 0.0048828125
0 0.17528112053659498 0.983154296875 0.008877490629315447 0.00927734375
0 0.6050503057802328 0.98046875 0.006707437364371671 0.0048828125
0 0.49610376800157824 0.979736328125 0.0022686920497139475 0.00341796875
0 0.5125764450581969 0.97900390625 0.00424146774511738 0.0029296875
0 0.252860524758335 0.980712890625 0.0028605247583349774 0.00634765625
0 0.7053659498914974 0.97802734375 0.0013809429867824028 0.001953125
0 0.45709212862497534 0.981201171875 0.0072992700729927005 0.00830078125
0 0.42685934109291773 0.978271484375 0.002071414480173604 0.00244140625
0 0.18973170250542512 0.978271484375 0.0012823042020122311 0.00244140625
0 0.1411521010061156 0.97802734375 0.0009863878477017164 0.001953125
0 0.5939534424935885 0.97900390625 0.0077924639968435586 0.0048828125
0 0.33773919905306765 0.9794921875 0.0025646084040244622 0.005859375
0 0.2706155060169659 0.977783203125 0.0012823042020122311 0.00244140625
0 0.24368711777470903 0.97802734375 0.001874136910633261 0.0029296875
0 0.23278753205760505 0.97998046875 0.003748273821266522 0.0068359375
0 0.1801144209903334 0.977783203125 0.001578220556322746 0.00244140625
0 0.6228052870388637 0.97802734375 0.004734661668968239 0.00390625
0 0.5841882028013415 0.97900390625 0.007397908857762872 0.005859375
0 0.34227658315249554 0.979248046875 0.0061156046557506415 0.00634765625
0 0.7116788321167883 0.978271484375 0.005326494377589268 0.00537109375
0 0.6357269678437562 0.97998046875 0.008680213059775104 0.0087890625
0 0.16822844742552773 0.97900390625 0.003255079897415664 0.0068359375
0 0.1248273821266522 0.977783203125 0.0014795817715525744 0.00439453125
0 0.6174294732688893 0.9765625 0.0022686920497139475 0.0029296875
0 0.3335963700927205 0.975830078125 0.0025646084040244622 0.00244140625
0 0.6140757545867035 0.97900390625 0.00424146774511738 0.009765625
0 0.41837640560268297 0.975830078125 0.002465969619254291 0.00341796875
0 0.4078713750246597 0.975830078125 0.0051292168080489245 0.00341796875
0 0.3939633063720655 0.975341796875 0.0009863878477017164 0.00244140625
0 0.3889327283487867 0.9775390625 0.004537384099427895 0.0068359375
0 0.24950680607614914 0.977294921875 0.002663247188794634 0.00634765625
0 0.6908660485302821 0.97509765625 0.002959163543105149 0.0029296875
0 0.45783191951075164 0.974609375 0.0012823042020122311 0.001953125
0 0.4516669954626159 0.97509765625 0.0027618859735648055 0.0029296875
0 0.3288123890313671 0.974609375 0.0008877490629315447 0.001953125
0 0.6632471887946341 0.97705078125 0.011836654172420595 0.0078125
0 0.6564904320378773 0.974365234375 0.001874136910633261 0.00244140625
0 0.6496350364963503 0.974609375 0.0011836654172420597 0.0029296875
0 0.5073485894653778 0.97412109375 0.0016768593410929177 0.001953125
0 0.2676563424738607 0.97412109375 0.001085026632471888 0.001953125
0 0.2388538173209706 0.974853515625 0.003452357466956007 0.00341796875
0 0.2784572894061945 0.97412109375 0.0017754981258630894 0.0029296875
0 0.20428092325902544 0.974365234375 0.002959163543105149 0.00341796875
0 0.4910238705859144 0.97314453125 0.001578220556322746 0.001953125
0 0.39657723416847507 0.973876953125 0.002663247188794634 0.00341796875
0 0.3753698954428881 0.9736328125 0.002071414480173604 0.0029296875
0 0.13261984612349575 0.973876953125 0.0012823042020122311 0.00341796875
0 0.5753600315644112 0.97607421875 0.008877490629315447 0.0087890625
0 0.5641152101006116 0.973388671875 0.002959163543105149 0.00439453125
0 0.29157624778062735 0.97265625 0.0019727756954034327 0.0029296875
0 0.2455612546853423 0.97265625 0.002465969619254291 0.0029296875
0 0.5382225290984415 0.971923828125 0.0038469126060366936 0.00244140625
0 0.40382718484908264 0.97216796875 0.0033537186821858355 0.0029296875
0 0.2733773919905307 0.974609375 0.00483330045373841 0.0078125
0 0.17434405208127837 0.97216796875 0.0016768593410929177 0.0029296875
0 0.6968830144012625 0.973876953125 0.006312882225290984 0.00732421875
0 0.6203886368119945 0.97119140625 0.002465969619254291 0.001953125
0 0.5256954034326297 0.971923828125 0.0038469126060366936 0.00341796875
0 0.37926612744130994 0.9716796875 0.0033537186821858355 0.0029296875
0 0.2628230420201223 0.973876953125 0.004044190175577037 0.00732421875
0 0.20911422371276386 0.97314453125 0.005326494377589268 0.0068359375
0 0.20556322746103767 0.970947265625 0.0009863878477017164 0.00244140625
0 0.6589564016571315 0.97216796875 0.002663247188794634 0.005859375
0 0.5674196093904124 0.970703125 0.0022686920497139475 0.0029296875
0 0.5082363385283093 0.970458984375 0.0014795817715525744 0.00244140625
0 0.30400473466166894 0.97119140625 0.0033537186821858355 0.00390625
0 0.21705464588676268 0.973876953125 0.005622410731899783 0.00927734375
0 0.14504833300453737 0.971435546875 0.001874136910633261 0.00439453125
0 0.6658611165910436 0.970458984375 0.0030578023278753207 0.00341796875
0 0.23308344841191556 0.971923828125 0.0027618859735648055 0.00634765625
0 0.6538271848490826 0.969970703125 0.004044190175577037 0.00341796875
0 0.5903038074570921 0.971435546875 0.007397908857762872 0.00634765625
0 0.23633852830933122 0.97314453125 0.004340106529887552 0.009765625
0 0.2037384099427895 0.969970703125 0.002465969619254291 0.00341796875
0 0.4443677253896232 0.969970703125 0.005523771947129611 0.00439453125
0 0.3159893470112448 0.969970703125 0.002663247188794634 0.00439453125
0 0.18785756559479186 0.96875 0.0006904714933912014 0.001953125
0 0.16778457289406196 0.96923828125 0.0019727756954034327 0.0029296875
0 0.3699940816729138 0.96923828125 0.001578220556322746 0.00390625
0 0.6982146379956599 0.96826171875 0.0016768593410929177 0.0029296875
0 0.4187709607417637 0.9677734375 0.0016768593410929177 0.001953125
0 0.28472085223910043 0.970947265625 0.00542513316235944 0.00830078125
0 0.1967843756164924 0.96826171875 0.002170053264943776 0.0029296875
0 0.6962911816926416 0.96826171875 0.0009863878477017164 0.00390625
0 0.5698362596172815 0.967529296875 0.0023673308344841193 0.00244140625
0 0.4996054448609193 0.967529296875 0.0013809429867824028 0.00244140625
0 0.2697770763464194 0.969482421875 0.004931939238508582 0.00634765625
0 0.22267705661866247 0.9697265625 0.002465969619254291 0.0068359375
0 0.14386466758729533 0.9677734375 0.0008877490629315447 0.0029296875
0 0.7106431248767016 0.967529296875 0.006016965870980469 0.00341796875
0 0.6579700138094299 0.9677734375 0.0016768593410929177 0.00390625
0 0.21542710593805484 0.969482421875 0.004931939238508582 0.00732421875
0 0.7311599921088973 0.966796875 0.003255079897415664 0.0029296875
0 0.5266817912803314 0.967529296875 0.005819688301440126 0.00439453125
0 0.44870783191951075 0.9677734375 0.007693825212073387 0.0048828125
0 0.17054645886762676 0.9677734375 0.001578220556322746 0.0048828125
0 0.14746498323140658 0.96826171875 0.003748273821266522 0.005859375
0 0.6123495758532255 0.969482421875 0.012625764450581969 0.00927734375
0 0.6023377391990531 0.968017578125 0.006016965870980469 0.00634765625
0 0.3443973170250543 0.967529296875 0.002465969619254291 0.00537109375
0 0.1797198658512527 0.966064453125 0.0009863878477017164 0.00244140625
0 0.16595975537581378 0.9658203125 0.001085026632471888 0.0029296875
0 0.36535805878871574 0.965087890625 0.0019727756954034327 0.00244140625
0 0.4245413296508187 0.966796875 0.006707437364371671 0.0068359375
0 0.40831524955612547 0.96533203125 0.0038469126060366936 0.00390625
0 0.1342473860722036 0.965087890625 0.003156441112645492 0.00341796875
0 0.34878674294732687 0.96533203125 0.0033537186821858355 0.0048828125
0 0.28639771158019334 0.964111328125 0.001085026632471888 0.00244140625
0 0.1533339909252318 0.964111328125 0.001085026632471888 0.00244140625
0 0.6937265732886171 0.964599609375 0.0025646084040244622 0.00439453125
0 0.6134839218780824 0.964111328125 0.0016768593410929177 0.00341796875
0 0.4693233379364766 0.965576171875 0.006510159794831328 0.00634765625
0 0.3727559676464786 0.963623046875 0.001578220556322746 0.00244140625
0 0.2644012625764451 0.96337890625 0.0012823042020122311 0.001953125
0 0.6775004931939238 0.962890625 0.0012823042020122311 0.0029296875
0 0.6629019530479384 0.963623046875 0.003452357466956007 0.00439453125
0 0.6343953442493588 0.963623046875 0.001874136910633261 0.00439453125
0 0.4968928782797396 0.964111328125 0.004044190175577037 0.00537109375
0 0.43144604458473074 0.962646484375 0.0009863878477017164 0.00244140625
0 0.3921878082462024 0.963134765625 0.002170053264943776 0.00341796875
0 0.2604063917932531 0.96337890625 0.0039455513908068654 0.00390625
0 0.22169066877096075 0.962890625 0.00424146774511738 0.0029296875
0 0.4047642533043993 0.96240234375 0.002663247188794634 0.0029296875
0 0.2989248372460051 0.9619140625 0.001085026632471888 0.001953125
0 0.18662458078516472 0.962646484375 0.003156441112645492 0.00341796875
0 0.643667390017755 0.96142578125 0.0012823042020122311 0.001953125
0 0.608058788715723 0.962158203125 0.002465969619254291 0.00341796875
0 0.5296902742158217 0.962158203125 0.004142828960347208 0.00341796875
0 0.3863188005523772 0.963623046875 0.00897612941408562 0.00634765625
0 0.35899585717103966 0.962158203125 0.005227855592819097 0.00439453125
0 0.2782106924442691 0.961669921875 0.0014795817715525744 0.00341796875
0 0.17084237522193726 0.96142578125 0.0011836654172420597 0.0029296875
0 0.4457486683764056 0.9619140625 0.005523771947129611 0.0048828125
0 0.27993687117774707 0.961181640625 0.001578220556322746 0.00341796875
0 0.19303610179522587 0.9609375 0.003156441112645492 0.0029296875
0 0.6664036299072795 0.961181640625 0.004142828960347208 0.00439453125
0 0.44234563030183466 0.961181640625 0.003255079897415664 0.00439453125
0 0.30341290195304793 0.960693359375 0.002959163543105149 0.00341796875
0 0.45423160386664035 0.960693359375 0.004340106529887552 0.00439453125
0 0.697721444071809 0.95947265625 0.0036496350364963502 0.0029296875
0 0.5134641941211284 0.959716796875 0.003452357466956007 0.00341796875
0 0.3249654764253304 0.95947265625 0.0028605247583349774 0.0029296875
0 0.6493391201420399 0.9599609375 0.001578220556322746 0.0048828125
0 0.60347208522391 0.9599609375 0.004931939238508582 0.0048828125
0 0.5898599329256263 0.9619140625 0.010455711185638194 0.0087890625
0 0.4721345433024265 0.959716796875 0.006411521010061156 0.00439453125
0 0.4349477214440718 0.960693359375 0.005227855592819097 0.00634765625
0 0.3202308147563622 0.958984375 0.0028605247583349774 0.0029296875
0 0.2927599131978694 0.958984375 0.0017754981258630894 0.0029296875
0 0.2142434405208128 0.958740234375 0.0013809429867824028 0.00244140625
0 0.18169264154665615 0.963134765625 0.005918327086210298 0.01123046875
0 0.4635036496350365 0.9619140625 0.004142828960347208 0.009765625
0 0.13794634050108504 0.95849609375 0.001874136910633261 0.0029296875
0 0.2956204379562044 0.957763671875 0.0011836654172420597 0.00244140625
0 0.21301045571118563 0.96142578125 0.006806076149141842 0.009765625
0 0.16433221542710594 0.95849609375 0.003550996251726179 0.00390625
0 0.6249260209114224 0.957763671875 0.001874136910633261 0.00341796875
0 0.34207930558295524 0.957275390625 0.0013809429867824028 0.00244140625
0 0.4894456500295916 0.956787109375 0.0027618859735648055 0.00244140625
0 0.25956796212270666 0.957275390625 0.0016768593410929177 0.00341796875
0 0.6903235352140462 0.957275390625 0.0036496350364963502 0.00439453125
0 0.44796804103373444 0.95654296875 0.004636022884198066 0.0029296875
0 0.3759124087591241 0.956298828125 0.0013809429867824028 0.00244140625
0 0.6113631880055238 0.957763671875 0.0025646084040244622 0.00634765625
0 0.5383211678832117 0.95556640625 0.0014795817715525744 0.001953125
0 0.34444663641743933 0.957275390625 0.0027618859735648055 0.00537109375
0 0.1897810218978102 0.956298828125 0.0019727756954034327 0.00341796875
0 0.15313671335569146 0.955810546875 0.001085026632471888 0.00244140625
0 0.1401657131584139 0.95654296875 0.0017754981258630894 0.00390625
0 0.7294831327678043 0.9560546875 0.0044387453146577235 0.00390625
0 0.5424639968435588 0.956298828125 0.005030578023278753 0.00439453125
0 0.3801538765042415 0.95556640625 0.002170053264943776 0.0029296875
0 0.3528309331229039 0.955810546875 0.004734661668968239 0.00341796875
0 0.3219569934898402 0.954833984375 0.0009863878477017164 0.00244140625
0 0.19796804103373447 0.95703125 0.002959163543105149 0.0068359375
0 0.4194121128427698 0.954833984375 0.0033537186821858355 0.00341796875
0 0.29818504636022886 0.954345703125 0.0013809429867824028 0.00244140625
0 0.664332215427106 0.9541015625 0.002170053264943776 0.0029296875
0 0.1815446833695009 0.954345703125 0.0022686920497139475 0.00341796875
0 0.5887255869007694 0.9541015625 0.0038469126060366936 0.00390625
0 0.4806667981850464 0.953369140625 0.002170053264943776 0.00244140625
0 0.23801538765042415 0.95556640625 0.002959163543105149 0.0068359375
0 0.22854606431248767 0.95556640625 0.005326494377589268 0.0068359375
0 0.18553955415269283 0.9560546875 0.004142828960347208 0.0078125
0 0.6935786151114618 0.954345703125 0.009173406983625962 0.00537109375
0 0.5831524955612547 0.9541015625 0.006510159794831328 0.0048828125
0 0.4539356875123298 0.953125 0.0039455513908068654 0.0029296875
0 0.4483132767804301 0.952880859375 0.001578220556322746 0.00244140625
0 0.29251331623594395 0.95361328125 0.0036496350364963502 0.00390625
0 0.6815446833695009 0.953369140625 0.005227855592819097 0.00439453125
0 0.5013316235943973 0.95263671875 0.002071414480173604 0.0029296875
0 0.32698757151311897 0.953125 0.002959163543105149 0.00390625
0 0.14406194515683568 0.952880859375 0.003255079897415664 0.00341796875
0 0.7156737028999802 0.951904296875 0.0016768593410929177 0.00244140625
0 0.7046754783981062 0.95263671875 0.004142828960347208 0.00390625
0 0.46158019333201816 0.9521484375 0.002663247188794634 0.0029296875
0 0.2872361412507398 0.95458984375 0.0039455513908068654 0.0078125
0 0.26997435391595975 0.95263671875 0.0039455513908068654 0.00390625
0 0.21010061156046558 0.953125 0.006904714933912014 0.0048828125
0 0.357466956007102 0.951171875 0.001578220556322746 0.001953125
0 0.27776681791280333 0.951904296875 0.001578220556322746 0.00341796875
0 0.2657328861708424 0.95166015625 0.0019727756954034327 0.0029296875
0 0.25532649437758925 0.950927734375 0.001085026632471888 0.00146484375
0 0.6072203590451766 0.9521484375 0.006904714933912014 0.0048828125
0 0.5589859932925626 0.95068359375 0.0011836654172420597 0.001953125
0 0.27549812586308936 0.951171875 0.000789110278161373 0.0029296875
0 0.1710889721838627 0.953857421875 0.008581574275004932 0.00830078125
0 0.4916157032945354 0.9521484375 0.004537384099427895 0.005859375
0 0.41990530676662063 0.950927734375 0.0027618859735648055 0.00341796875
0 0.2820576050503058 0.95068359375 0.0012823042020122311 0.0029296875
0 0.23944565002959164 0.9521484375 0.0028605247583349774 0.005859375
0 0.4703590451765634 0.949951171875 0.0014795817715525744 0.00244140625
0 0.6437660288025252 0.949951171875 0.002465969619254291 0.00341796875
0 0.6141743933714736 0.9501953125 0.0028605247583349774 0.00390625
0 0.3756164924048136 0.9501953125 0.0033537186821858355 0.00390625
0 0.3317715525744723 0.949462890625 0.0014795817715525744 0.00244140625
0 0.3302426514105346 0.94873046875 0.0009863878477017164 0.001953125
0 0.6464785953837049 0.948486328125 0.0025646084040244622 0.00244140625
0 0.62354507792464 0.9501953125 0.0066087985796014995 0.005859375
0 0.5535115407378182 0.948974609375 0.0022686920497139475 0.00341796875
0 0.393124876701519 0.948974609375 0.0030578023278753207 0.00341796875
0 0.3467153284671533 0.948486328125 0.000789110278161373 0.00244140625
0 0.3205760505030578 0.948486328125 0.0023673308344841193 0.00244140625
0 0.29261195502071413 0.948486328125 0.0014795817715525744 0.00244140625
0 0.28038074570921284 0.948486328125 0.0008877490629315447 0.00244140625
0 0.14642927599131977 0.9482421875 0.0014795817715525744 0.0029296875
0 0.14307555730913396 0.9482421875 0.0008877490629315447 0.0029296875
0 0.5789603472085224 0.947509765625 0.0006904714933912014 0.00244140625
0 0.49802722430459656 0.949462890625 0.004340106529887552 0.00634765625
0 0.4721838626948116 0.947265625 0.0017754981258630894 0.001953125
0 0.4397810218978102 0.94873046875 0.005622410731899783 0.0048828125
0 0.4136417439337147 0.947509765625 0.0028605247583349774 0.00244140625
0 0.40698362596172816 0.947509765625 0.001578220556322746 0.00244140625
0 0.3347800355099625 0.948486328125 0.0017754981258630894 0.00439453125
0 0.3262971000197278 0.94921875 0.004142828960347208 0.005859375
0 0.6694121128427698 0.94775390625 0.0036496350364963502 0.00390625
0 0.6749358847898994 0.947998046875 0.001874136910633261 0.00537109375
0 0.6659597553758138 0.947021484375 0.0028605247583349774 0.00341796875
0 0.5914874728743342 0.947021484375 0.003255079897415664 0.00341796875
0 0.34474255277174987 0.947021484375 0.0025646084040244622 0.00341796875
0 0.2773722627737226 0.947021484375 0.0013809429867824028 0.00341796875
0 0.7045275202209509 0.947509765625 0.005622410731899783 0.00537109375
0 0.6561945156835668 0.947998046875 0.007595186427303216 0.00634765625
0 0.6250739790885776 0.9462890625 0.002170053264943776 0.0029296875
0 0.5882817123693036 0.9462890625 0.0025646084040244622 0.0029296875
0 0.4647366344446636 0.9462890625 0.002071414480173604 0.0029296875
0 0.41704478200828565 0.94580078125 0.0023673308344841193 0.001953125
0 0.6836654172420595 0.9462890625 0.006904714933912014 0.00390625
0 0.42207536003156443 0.947509765625 0.004142828960347208 0.00634765625
0 0.3903629907279542 0.945556640625 0.0014795817715525744 0.00244140625
0 0.5983428684158612 0.94970703125 0.010258433616097849 0.01171875
0 0.5833990925231801 0.94677734375 0.0036496350364963502 0.005859375
0 0.2736733083448412 0.945068359375 0.0014795817715525744 0.00244140625
0 0.2669165515880844 0.945068359375 0.0013809429867824028 0.00244140625
0 0.16990530676662063 0.946044921875 0.0012823042020122311 0.00439453125
0 0.5629808640757545 0.94482421875 0.001874136910633261 0.0029296875
0 0.529295719076741 0.9443359375 0.000789110278161373 0.001953125
0 0.34888538173209704 0.944580078125 0.0009863878477017164 0.00244140625
0 0.24146774511738014 0.945556640625 0.003748273821266522 0.00439453125
0 0.20783191951075164 0.946533203125 0.004340106529887552 0.00634765625
0 0.6338035115407378 0.946533203125 0.003255079897415664 0.00732421875
0 0.3871079108305386 0.944091796875 0.0012823042020122311 0.00244140625
0 0.2851154073781811 0.94482421875 0.0036496350364963502 0.00390625
0 0.27036890905504046 0.94677734375 0.003748273821266522 0.0078125
0 0.6901262576445059 0.9462890625 0.0038469126060366936 0.0078125
0 0.6449990136121523 0.94384765625 0.002959163543105149 0.0029296875
0 0.448855790096666 0.944091796875 0.004044190175577037 0.00341796875
0 0.3614618267902939 0.944091796875 0.0012823042020122311 0.00341796875
0 0.35248569737620833 0.943603515625 0.0022686920497139475 0.00244140625
0 0.4303116985598737 0.943115234375 0.002663247188794634 0.00244140625
0 0.37231209311501284 0.943603515625 0.002663247188794634 0.00341796875
0 0.2909844150720063 0.945068359375 0.0019727756954034327 0.00634765625
0 0.1470211086999408 0.943359375 0.0022686920497139475 0.0029296875
0 0.7024561057407773 0.943115234375 0.0028605247583349774 0.00341796875
0 0.3470605642138489 0.942626953125 0.0006904714933912014 0.00244140625
0 0.30642138488853815 0.94287109375 0.0014795817715525744 0.0029296875
0 0.6521010061156046 0.942138671875 0.0017754981258630894 0.00244140625
0 0.5674196093904124 0.94287109375 0.00542513316235944 0.00390625
0 0.5598737423554941 0.942138671875 0.0023673308344841193 0.00244140625
0 0.3097257841783389 0.942626953125 0.002170053264943776 0.00341796875
0 0.17863483921878082 0.944580078125 0.0023673308344841193 0.00732421875
0 0.6399684355888735 0.9453125 0.00907476819885579 0.009765625
0 0.42468928782797394 0.94189453125 0.003255079897415664 0.0029296875
0 0.3563819293746301 0.941650390625 0.0009863878477017164 0.00244140625
0 0.5882817123693036 0.94140625 0.003748273821266522 0.0029296875
0 0.30188400078911026 0.941650390625 0.001874136910633261 0.00341796875
0 0.29576839613335965 0.94140625 0.001085026632471888 0.0029296875
0 0.17330834484119156 0.943603515625 0.0033537186821858355 0.00732421875
0 0.6938745314657724 0.941162109375 0.0028605247583349774 0.00341796875
0 0.5447326888932729 0.94384765625 0.010751627539948707 0.0087890625
0 0.5087788518445453 0.940673828125 0.0017754981258630894 0.00244140625
0 0.4540343262971 0.944091796875 0.006707437364371671 0.00927734375
0 0.3594890510948905 0.940185546875 0.002465969619254291 0.00244140625
0 0.317814164529493 0.940185546875 0.004931939238508582 0.00244140625
0 0.20216018938646677 0.942138671875 0.0066087985796014995 0.00634765625
0 0.16048530282106924 0.941162109375 0.0051292168080489245 0.00439453125
0 0.6863779838232393 0.939453125 0.0012823042020122311 0.001953125
0 0.6040639179325311 0.94091796875 0.005721049516669955 0.0048828125
0 0.505770368909055 0.93994140625 0.003255079897415664 0.0029296875
0 0.4781021897810219 0.940185546875 0.0027618859735648055 0.00341796875
0 0.3215131189583744 0.93994140625 0.001874136910633261 0.0029296875
0 0.24541329650818702 0.943359375 0.0051292168080489245 0.009765625
0 0.709212862497534 0.939453125 0.003748273821266522 0.0029296875
0 0.6632471887946341 0.940673828125 0.00907476819885579 0.00537109375
0 0.6363188005523772 0.93896484375 0.0017754981258630894 0.001953125
0 0.6112152298283685 0.941162109375 0.0038469126060366936 0.00634765625
0 0.34015584927993686 0.939697265625 0.002071414480173604 0.00341796875
0 0.16773525350167687 0.9404296875 0.001874136910633261 0.0048828125
0 0.674738607220359 0.939697265625 0.004044190175577037 0.00439453125
0 0.5922765831524955 0.93896484375 0.0022686920497139475 0.0029296875
0 0.367232195699349 0.93896484375 0.0025646084040244622 0.0029296875
0 0.19638982047741171 0.93896484375 0.0009863878477017164 0.0029296875
0 0.6487472874334188 0.940673828125 0.003550996251726179 0.00732421875
0 0.5969126060366936 0.939208984375 0.005622410731899783 0.00439453125
0 0.5224896429275991 0.9384765625 0.004537384099427895 0.0029296875
0 0.34257249950680607 0.93798828125 0.0009863878477017164 0.001953125
0 0.2766324718879463 0.941162109375 0.005227855592819097 0.00830078125
0 0.255770368909055 0.941650390625 0.005326494377589268 0.00927734375
0 0.18657526139277963 0.9384765625 0.0014795817715525744 0.0029296875
0 0.6562931544683369 0.9384765625 0.002663247188794634 0.00390625
0 0.43938646675872955 0.9375 0.001085026632471888 0.001953125
0 0.38439534424935884 0.9384765625 0.004537384099427895 0.00390625
0 0.4309035312684948 0.93798828125 0.0036496350364963502 0.00390625
0 0.2510357072400868 0.937744140625 0.0011836654172420597 0.00341796875
0 0.23831130400473466 0.939697265625 0.0025646084040244622 0.00732421875
0 0.6280824620240678 0.93798828125 0.0030578023278753207 0.0048828125
0 0.5749161570329454 0.938232421875 0.003452357466956007 0.00537109375
0 0.44343065693430656 0.93896484375 0.0038469126060366936 0.0068359375
0 0.4179818504636023 0.9375 0.0028605247583349774 0.00390625
0 0.2152298283685145 0.93701171875 0.0019727756954034327 0.0029296875
0 0.2071907674097455 0.937255859375 0.0014795817715525744 0.00341796875
0 0.670151903728546 0.9384765625 0.004142828960347208 0.0068359375
0 0.632225290984415 0.9375 0.00424146774511738 0.0048828125
0 0.40910435983428683 0.93603515625 0.001085026632471888 0.001953125
0 0.25966660090747684 0.93798828125 0.0066087985796014995 0.005859375
0 0.5728940619451568 0.935546875 0.000789110278161373 0.001953125
0 0.5488755178536201 0.935791015625 0.0014795817715525744 0.00244140625
0 0.46010061156046556 0.9375 0.0038469126060366936 0.005859375
0 0.364371670941014 0.93701171875 0.0023673308344841193 0.0048828125
0 0.3178634839218781 0.935791015625 0.003255079897415664 0.00244140625
0 0.3140658907082265 0.935546875 0.0011836654172420597 0.001953125
0 0.137354507792464 0.935791015625 0.001085026632471888 0.00244140625
0 0.1119550207141448 0.935791015625 0.0013809429867824028 0.00244140625
0 0.7205070033537186 0.9365234375 0.00542513316235944 0.0048828125
0 0.6214736634444664 0.936279296875 0.00542513316235944 0.00439453125
0 0.558591438153482 0.936767578125 0.006707437364371671 0.00537109375
0 0.6429275991319787 0.93603515625 0.004142828960347208 0.0048828125
0 0.5682580390609587 0.934814453125 0.002959163543105149 0.00244140625
0 0.43647662260800946 0.934814453125 0.001578220556322746 0.00244140625
0 0.35342276583152493 0.934814453125 0.0023673308344841193 0.00244140625
0 0.20980469520615505 0.93701171875 0.003748273821266522 0.0068359375
0 0.19870783191951075 0.93603515625 0.003452357466956007 0.0048828125
0 0.5374334188202802 0.935302734375 0.005622410731899783 0.00439453125
0 0.40348194910238705 0.934326171875 0.0014795817715525744 0.00244140625
0 0.2805780232787532 0.934326171875 0.0014795817715525744 0.00244140625
0 0.1905701321759716 0.937255859375 0.005918327086210298 0.00830078125
0 0.611511146182679 0.93408203125 0.002465969619254291 0.0029296875
0 0.607516275399487 0.93359375 0.0009863878477017164 0.001953125
0 0.4960544486091931 0.93408203125 0.004340106529887552 0.0029296875
0 0.4384493983034129 0.933837890625 0.002170053264943776 0.00244140625
0 0.3292069441704478 0.935791015625 0.005227855592819097 0.00634765625
0 0.2033438548037088 0.935302734375 0.002071414480173604 0.00537109375
0 0.15846320773328074 0.933837890625 0.002071414480173604 0.00244140625
0 0.6809528506608798 0.93505859375 0.006016965870980469 0.005859375
0 0.6604359834286841 0.9345703125 0.0036496350364963502 0.0048828125
0 0.6215723022292365 0.93310546875 0.002071414480173604 0.001953125
0 0.48362596172815153 0.935302734375 0.0033537186821858355 0.00634765625
0 0.4677451173801539 0.93359375 0.002170053264943776 0.0029296875
0 0.2922173998816335 0.9345703125 0.004044190175577037 0.0048828125
0 0.613779838232393 0.932861328125 0.001874136910633261 0.00244140625
0 0.518938646675873 0.93310546875 0.003156441112645492 0.0029296875
0 0.3973170250542513 0.932861328125 0.0011836654172420597 0.00244140625
0 0.3428684158611166 0.932861328125 0.0023673308344841193 0.00244140625
0 0.2697770763464194 0.9345703125 0.004734661668968239 0.005859375
0 0.22963109094495956 0.93310546875 0.0017754981258630894 0.0029296875
0 0.1679325310712172 0.933837890625 0.003255079897415664 0.00439453125
0 0.6895837443282699 0.934326171875 0.003748273821266522 0.00732421875
0 0.674196093904123 0.932373046875 0.0025646084040244622 0.00341796875
0 0.4301144209903334 0.93310546875 0.00483330045373841 0.0048828125
0 0.4061945156835668 0.932373046875 0.0033537186821858355 0.00341796875
0 0.28881436180706255 0.933349609375 0.004340106529887552 0.00537109375
0 0.2441803116985599 0.93310546875 0.0030578023278753207 0.0048828125
0 0.5041921483527323 0.931640625 0.0022686920497139475 0.0029296875
0 0.2631682777668179 0.93359375 0.0025646084040244622 0.0068359375
0 0.7028013414874729 0.932861328125 0.01144209903333991 0.00634765625
0 0.5835470507003354 0.93359375 0.00966660090747682 0.0078125
0 0.5624383507595186 0.930908203125 0.002959163543105149 0.00244140625
0 0.45472479779049124 0.930908203125 0.001578220556322746 0.00244140625
0 0.18489840205168673 0.932861328125 0.007397908857762872 0.00634765625
0 0.1734563030183468 0.933349609375 0.0036496350364963502 0.00732421875
0 0.6716808048924837 0.93017578125 0.0016768593410929177 0.001953125
0 0.4224699151706451 0.931884765625 0.0027618859735648055 0.00634765625
0 0.31806076149141843 0.9296875 0.001085026632471888 0.001953125
0 0.3038567764845137 0.931640625 0.0044387453146577235 0.005859375
0 0.2579404221739988 0.93017578125 0.0025646084040244622 0.0029296875
0 0.25330439928980075 0.929931640625 0.0013809429867824028 0.00244140625
0 0.6527914776089958 0.930908203125 0.008680213059775104 0.00537109375
0 0.46227066482540935 0.92919921875 0.0012823042020122311 0.001953125
0 0.38508581574275 0.9296875 0.0011836654172420597 0.0029296875
0 0.1967843756164924 0.93017578125 0.003550996251726179 0.00390625
0 0.1710889721838627 0.929931640625 0.005227855592819097 0.00341796875
0 0.7152791477608996 0.929443359375 0.002465969619254291 0.00341796875
0 0.5667784572894062 0.92919921875 0.003748273821266522 0.0029296875
0 0.512675083842967 0.92919921875 0.003255079897415664 0.0029296875
0 0.27692838824225685 0.929931640625 0.00424146774511738 0.00439453125
0 0.22455119352929573 0.9306640625 0.0038469126060366936 0.005859375
0 0.1665515880844348 0.92919921875 0.0022686920497139475 0.0029296875
0 0.14978299467350562 0.9306640625 0.005030578023278753 0.005859375
0 0.610919313474058 0.9296875 0.007397908857762872 0.0048828125
0 0.5755079897415664 0.9296875 0.006016965870980469 0.0048828125
0 0.5471986585125271 0.92919921875 0.003452357466956007 0.00390625
0 0.5878378378378378 0.928466796875 0.0036496350364963502 0.00341796875
0 0.49033339909252316 0.9296875 0.004142828960347208 0.005859375
0 0.32314065890708227 0.92919921875 0.0017754981258630894 0.0048828125
0 0.2427500493193924 0.927734375 0.001578220556322746 0.001953125
0 0.22035904517656343 0.928466796875 0.0027618859735648055 0.00341796875
0 0.19347997632669164 0.927734375 0.0022686920497139475 0.001953125
0 0.6055434997040836 0.927734375 0.0023673308344841193 0.0029296875
0 0.23633852830933122 0.92724609375 0.000789110278161373 0.001953125
0 0.14411126454922074 0.928955078125 0.0033537186821858355 0.00537109375
0 0.4382028013414875 0.927001953125 0.002071414480173604 0.00244140625
0 0.4184257249950681 0.929443359375 0.005721049516669955 0.00732421875
0 0.3898697968041034 0.92724609375 0.0016768593410929177 0.0029296875
0 0.334484119155652 0.927490234375 0.0017754981258630894 0.00341796875
0 0.15870980469520615 0.9267578125 0.0011836654172420597 0.001953125
0 0.6640856184651805 0.926513671875 0.0038469126060366936 0.00244140625
0 0.5819195107516275 0.926513671875 0.004044190175577037 0.00244140625
0 0.28812389031367136 0.9267578125 0.001578220556322746 0.0029296875
0 0.21641349378575656 0.928466796875 0.004142828960347208 0.00634765625
0 0.21296113631880056 0.928466796875 0.0027618859735648055 0.00634765625
0 0.2061550601696587 0.92919921875 0.004931939238508582 0.0078125
0 0.7214933912014204 0.9267578125 0.005622410731899783 0.00390625
0 0.6417932531071218 0.9267578125 0.002663247188794634 0.00390625
0 0.47173998816334584 0.92626953125 0.0036496350364963502 0.0029296875
0 0.37911816926415465 0.92626953125 0.0028605247583349774 0.0029296875
0 0.3623988952456106 0.9267578125 0.003748273821266522 0.00390625
0 0.26888932728348786 0.926025390625 0.0011836654172420597 0.00244140625
0 0.263809429867824 0.926513671875 0.001874136910633261 0.00341796875
0 0.20990333399092523 0.9287109375 0.002959163543105149 0.0078125
0 0.5280627342671138 0.927490234375 0.005622410731899783 0.00634765625
0 0.4447129611363188 0.92529296875 0.001085026632471888 0.001953125
0 0.4057999605444861 0.925537109375 0.0019727756954034327 0.00244140625
0 0.3998323140658907 0.925537109375 0.001874136910633261 0.00244140625
0 0.3871079108305386 0.925537109375 0.0028605247583349774 0.00244140625
0 0.2399881633458276 0.9267578125 0.0019727756954034327 0.0048828125
0 0.20516867232195699 0.925537109375 0.0013809429867824028 0.00244140625
0 0.17577431446044584 0.926513671875 0.0025646084040244622 0.00439453125
0 0.628131781416453 0.92529296875 0.0027618859735648055 0.0029296875
0 0.4526533833103176 0.927734375 0.004537384099427895 0.0078125
0 0.2829946735056224 0.9248046875 0.0009863878477017164 0.001953125
0 0.7170053264943775 0.925048828125 0.0019727756954034327 0.00341796875
0 0.5969126060366936 0.92626953125 0.0028605247583349774 0.005859375
0 0.44668573683172225 0.927734375 0.005819688301440126 0.0087890625
0 0.18854803708818307 0.92626953125 0.006411521010061156 0.005859375
0 0.17291378970211088 0.9248046875 0.0013809429867824028 0.0029296875
0 0.13695995265338332 0.924560546875 0.0016768593410929177 0.00244140625
0 0.48313276780430064 0.923828125 0.0011836654172420597 0.001953125
0 0.29818504636022886 0.924072265625 0.001578220556322746 0.00244140625
0 0.18351745906490433 0.92578125 0.006016965870980469 0.005859375
0 0.5790096666009075 0.92431640625 0.0017754981258630894 0.00390625
0 0.5759518642730321 0.924560546875 0.004340106529887552 0.00439453125
0 0.28427697770763466 0.923583984375 0.0009863878477017164 0.00244140625
0 0.27298283685145 0.92529296875 0.00542513316235944 0.005859375
0 0.1794239494969422 0.92529296875 0.003550996251726179 0.005859375
0 0.630992306174788 0.923583984375 0.0017754981258630894 0.00341796875
0 0.3751726178733478 0.923583984375 0.0028605247583349774 0.00341796875
0 0.20146971789307555 0.926025390625 0.005622410731899783 0.00830078125
0 0.6775004931939238 0.922607421875 0.002071414480173604 0.00244140625
0 0.6105740777273624 0.923095703125 0.005523771947129611 0.00341796875
0 0.5384198066679818 0.922607421875 0.0016768593410929177 0.00244140625
0 0.43440520812783584 0.92431640625 0.0023673308344841193 0.005859375
0 0.3803018346813967 0.92236328125 0.001874136910633261 0.001953125
0 0.3607220359045177 0.92333984375 0.004142828960347208 0.00390625
0 0.2816630499112251 0.924560546875 0.0016768593410929177 0.00634765625
0 0.1412507397908858 0.923095703125 0.0013809429867824028 0.00341796875
0 0.32314065890708227 0.922119140625 0.000789110278161373 0.00244140625
0 0.22894061945156835 0.9228515625 0.0033537186821858355 0.00390625
0 0.6918031169855987 0.92138671875 0.0008877490629315447 0.001953125
0 0.6858354705070033 0.922607421875 0.006510159794831328 0.00439453125
0 0.27796409548234363 0.923095703125 0.0033537186821858355 0.00537109375
0 0.24467350562241072 0.922119140625 0.0028605247583349774 0.00341796875
0 0.16157032945354113 0.921875 0.0011836654172420597 0.0029296875
0 0.6250246596961926 0.92138671875 0.0036496350364963502 0.0029296875
0 0.23594397317025054 0.9208984375 0.0011836654172420597 0.001953125
0 0.6389820477411718 0.92724609375 0.010061156046557506 0.015625
0 0.4525054251331624 0.9208984375 0.0014795817715525744 0.0029296875
0 0.26726178733478 0.920654296875 0.0012823042020122311 0.00244140625
0 0.6553067666206353 0.923095703125 0.005227855592819097 0.00830078125
0 0.3834089564016571 0.920166015625 0.0013809429867824028 0.00244140625
0 0.33941605839416056 0.919921875 0.0017754981258630894 0.001953125
0 0.22603077530084828 0.920654296875 0.002465969619254291 0.00341796875
0 0.5961234957585323 0.919677734375 0.0030578023278753207 0.00341796875
0 0.2489149733675281 0.919921875 0.001085026632471888 0.00390625
0 0.7171532846715328 0.918701171875 0.0030578023278753207 0.00244140625
0 0.6014993095285066 0.92138671875 0.005721049516669955 0.0078125
0 0.3616591043598343 0.9189453125 0.001874136910633261 0.0029296875
0 0.23387255869007695 0.91845703125 0.000789110278161373 0.001953125
0 0.1738508581574275 0.919921875 0.001874136910633261 0.0048828125
0 0.5654468336950089 0.91845703125 0.0014795817715525744 0.0029296875
0 0.439090550404419 0.918212890625 0.0012823042020122311 0.00244140625
0 0.23707831919510752 0.91796875 0.0012823042020122311 0.001953125
0 0.21606825803906096 0.919189453125 0.002465969619254291 0.00439453125
0 0.48579601499309527 0.91748046875 0.0017754981258630894 0.001953125
0 0.42868415861116593 0.91748046875 0.0009863878477017164 0.001953125
0 0.3978102189781022 0.919189453125 0.0017754981258630894 0.00537109375
0 0.29877687906884987 0.91796875 0.0013809429867824028 0.0029296875
0 0.24043203787729336 0.919189453125 0.0028605247583349774 0.00537109375
0 0.1648747287433419 0.91796875 0.0014795817715525744 0.0029296875
0 0.15323535214046163 0.91796875 0.002465969619254291 0.0029296875
0 0.5843361609784967 0.91748046875 0.002170053264943776 0.0029296875
0 0.45768396133359635 0.917724609375 0.003550996251726179 0.00341796875
0 0.43144604458473074 0.918701171875 0.0027618859735648055 0.00537109375
0 0.41221148155454723 0.91845703125 0.005918327086210298 0.0048828125
0 0.3890313671335569 0.91748046875 0.0025646084040244622 0.0029296875
0 0.34336160978496744 0.91943359375 0.003550996251726179 0.0068359375
0 0.2956204379562044 0.91845703125 0.004734661668968239 0.0048828125
0 0.22021108699940817 0.919189453125 0.006016965870980469 0.00634765625
0 0.19806667981850465 0.918701171875 0.0033537186821858355 0.00537109375
0 0.6959459459459459 0.91943359375 0.003452357466956007 0.0078125
0 0.447721444071809 0.91748046875 0.002959163543105149 0.00390625
0 0.3320674689287828 0.91845703125 0.0030578023278753207 0.005859375
0 0.681643322154271 0.916015625 0.001085026632471888 0.001953125
0 0.6601400670743737 0.917724609375 0.0036496350364963502 0.00537109375
0 0.5926711382915762 0.918701171875 0.0038469126060366936 0.00732421875
0 0.434503846912606 0.916259765625 0.0011836654172420597 0.00244140625
0 0.7123693036101795 0.916259765625 0.005326494377589268 0.00341796875
0 0.6762675083842967 0.9169921875 0.004340106529887552 0.0048828125
0 0.6684750443874532 0.91552734375 0.0009863878477017164 0.001953125
0 0.6440126257644506 0.91650390625 0.005326494377589268 0.00390625
0 0.5440422173998817 0.918212890625 0.00483330045373841 0.00732421875
0 0.31066285263365556 0.916259765625 0.0014795817715525744 0.00341796875
0 0.2680015782205563 0.915771484375 0.003156441112645492 0.00244140625
0 0.6508680213059775 0.917724609375 0.008384296705464589 0.00732421875
0 0.6001676859341093 0.916015625 0.0044387453146577235 0.00390625
0 0.5012329848096272 0.915771484375 0.0022686920497139475 0.00341796875
0 0.39425922272637604 0.91552734375 0.0033537186821858355 0.0029296875
0 0.3533241270467548 0.91552734375 0.0023673308344841193 0.0029296875
0 0.24501874136910634 0.916748046875 0.004734661668968239 0.00537109375
0 0.19288814361807063 0.92041015625 0.0036496350364963502 0.0126953125
0 0.6719274018544091 0.914794921875 0.0013809429867824028 0.00244140625
0 0.3651607812191754 0.91552734375 0.0019727756954034327 0.00390625
0 0.35036496350364965 0.916748046875 0.004142828960347208 0.00634765625
0 0.2893568751232985 0.9150390625 0.003255079897415664 0.0029296875
0 0.27140461629512724 0.916259765625 0.0016768593410929177 0.00537109375
0 0.21473663444466365 0.91455078125 0.001578220556322746 0.001953125
0 0.16023870585914382 0.914794921875 0.0014795817715525744 0.00244140625
0 0.6640362990727954 0.91796875 0.005326494377589268 0.009765625
0 0.5780725981455909 0.915771484375 0.008187019135924246 0.00537109375
0 0.5691457881238903 0.915283203125 0.006312882225290984 0.00439453125
0 0.3813375419214835 0.91455078125 0.0039455513908068654 0.0029296875
0 0.1892385085815743 0.91455078125 0.001874136910633261 0.0029296875
0 0.17271651213257053 0.91455078125 0.0017754981258630894 0.0029296875
0 0.694269086604853 0.914306640625 0.002465969619254291 0.00341796875
0 0.47090155849279935 0.913818359375 0.0019727756954034327 0.00244140625
0 0.45847307161175777 0.913818359375 0.0011836654172420597 0.00244140625
0 0.4516669954626159 0.914306640625 0.0023673308344841193 0.00341796875
0 0.23599329256263563 0.91357421875 0.0008877490629315447 0.001953125
0 0.2089169461432235 0.917236328125 0.010258433616097849 0.00927734375
0 0.7165121325705267 0.9140625 0.0017754981258630894 0.00390625
0 0.6555533635825607 0.913330078125 0.0017754981258630894 0.00244140625
0 0.40382718484908264 0.913818359375 0.002170053264943776 0.00341796875
0 0.3201814953639771 0.913330078125 0.0023673308344841193 0.00244140625
0 0.29956598934701123 0.913330078125 0.0013809429867824028 0.00244140625
0 0.19545275202209508 0.913330078125 0.0014795817715525744 0.00244140625
0 0.4609883606233971 0.912841796875 0.001874136910633261 0.00244140625
0 0.4401755770368909 0.91357421875 0.004636022884198066 0.00390625
0 0.2962615900572105 0.91259765625 0.003452357466956007 0.001953125
0 0.19727756954034326 0.912841796875 0.001578220556322746 0.00244140625
0 0.2844249358847899 0.912353515625 0.001874136910633261 0.00244140625
0 0.202308147563622 0.91259765625 0.0011836654172420597 0.0029296875
0 0.4129019530479385 0.912109375 0.0017754981258630894 0.0029296875
0 0.563769974353916 0.91259765625 0.005030578023278753 0.0048828125
0 0.48594397317025056 0.912109375 0.0014795817715525744 0.00390625
0 0.2921187610968633 0.911865234375 0.0022686920497139475 0.00341796875
0 0.25843361609784965 0.911865234375 0.0019727756954034327 0.00341796875
0 0.5433024265141053 0.91064453125 0.000789110278161373 0.001953125
0 0.46789307555730913 0.9111328125 0.0022686920497139475 0.0029296875
0 0.3354211876109686 0.91015625 0.0012823042020122311 0.001953125
0 0.3326593016374038 0.910400390625 0.001085026632471888 0.00244140625
0 0.2732787532057605 0.911865234375 0.003452357466956007 0.00537109375
0 0.24279936871177746 0.9111328125 0.00483330045373841 0.00390625
0 0.22968041033734465 0.912841796875 0.004636022884198066 0.00732421875
0 0.1575754586703492 0.9111328125 0.003255079897415664 0.00390625
0 0.708621029788913 0.91015625 0.004142828960347208 0.0029296875
0 0.2768790688498718 0.913330078125 0.004340106529887552 0.00927734375
0 0.23801538765042415 0.9111328125 0.002959163543105149 0.0048828125
0 0.21779443677253896 0.909912109375 0.0011836654172420597 0.00244140625
0 0.5515880844347998 0.909423828125 0.003550996251726179 0.00244140625
0 0.4898402051686723 0.909912109375 0.0017754981258630894 0.00341796875
0 0.42878279739593606 0.909912109375 0.002170053264943776 0.00341796875
0 0.24802722430459656 0.9111328125 0.004044190175577037 0.005859375
0 0.1911619648845926 0.90966796875 0.001578220556322746 0.0029296875
0 0.5599723811402644 0.908935546875 0.0011836654172420597 0.00244140625
0 0.4371177747090156 0.908203125 0.0008877490629315447 0.001953125
0 0.34923061747879264 0.90966796875 0.0016768593410929177 0.0048828125
0 0.26686723219569936 0.908203125 0.0006904714933912014 0.001953125
0 0.20526731110672716 0.90966796875 0.003550996251726179 0.0048828125
0 0.6227066482540935 0.908447265625 0.005326494377589268 0.00341796875
0 0.49743539159597555 0.908203125 0.0013809429867824028 0.0029296875
0 0.4941309923061748 0.907958984375 0.0044387453146577235 0.00244140625
0 0.3594890510948905 0.909423828125 0.0022686920497139475 0.00537109375
0 0.6440126257644506 0.9072265625 0.0019727756954034327 0.001953125
0 0.610919313474058 0.908935546875 0.007397908857762872 0.00537109375
0 0.5900078911027816 0.907470703125 0.002071414480173604 0.00244140625
0 0.5097159202998619 0.9072265625 0.0012823042020122311 0.001953125
0 0.3084434799763267 0.90771484375 0.0011836654172420597 0.0029296875
0 0.30370881830735846 0.90771484375 0.0019727756954034327 0.0029296875
0 0.670102584336161 0.90673828125 0.001085026632471888 0.001953125
0 0.656884987176958 0.90869140625 0.008187019135924246 0.005859375
0 0.2947820082856579 0.906982421875 0.0008877490629315447 0.00244140625
0 0.6615703294535411 0.906494140625 0.001578220556322746 0.00244140625
0 0.6056914578812389 0.907958984375 0.002465969619254291 0.00537109375
0 0.6009074768198855 0.908447265625 0.0061156046557506415 0.00634765625
0 0.5126257644505819 0.90625 0.0009863878477017164 0.001953125
0 0.44106332609982246 0.906494140625 0.0028605247583349774 0.00244140625
0 0.4321365160781219 0.906494140625 0.003550996251726179 0.00244140625
0 0.33320181495363976 0.906494140625 0.0019727756954034327 0.00244140625
0 0.1776484513710791 0.906982421875 0.001578220556322746 0.00341796875
0 0.16457881238903135 0.9072265625 0.002071414480173604 0.00390625
0 0.6900769382521207 0.90673828125 0.003156441112645492 0.00390625
0 0.6796212270664825 0.90771484375 0.006904714933912014 0.005859375
0 0.6351844545275203 0.90625 0.0014795817715525744 0.0029296875
0 0.36836654172420596 0.9072265625 0.003452357466956007 0.0048828125
0 0.17113829157624777 0.906005859375 0.001578220556322746 0.00244140625
0 0.5786644308542119 0.90771484375 0.0022686920497139475 0.0068359375
0 0.29369698165318603 0.906005859375 0.0014795817715525744 0.00341796875
0 0.4686821858354705 0.90478515625 0.0008877490629315447 0.001953125
0 0.4647366344446636 0.905029296875 0.0028605247583349774 0.00244140625
0 0.3073584533438548 0.9052734375 0.003748273821266522 0.0029296875
0 0.18770960741763662 0.905029296875 0.003550996251726179 0.00244140625
0 0.28112053659498915 0.90625 0.0051292168080489245 0.005859375
0 0.6935292957190767 0.904541015625 0.0023673308344841193 0.00341796875
0 0.6640856184651805 0.905517578125 0.003452357466956007 0.00537109375
0 0.5658907082264747 0.90478515625 0.003156441112645492 0.00390625
0 0.5483823239297692 0.905029296875 0.0022686920497139475 0.00439453125
0 0.318405997238114 0.90576171875 0.004931939238508582 0.005859375
0 0.2673604261195502 0.904052734375 0.001874136910633261 0.00244140625
0 0.25710199250345234 0.904296875 0.002071414480173604 0.0029296875
0 0.23984020516867233 0.90478515625 0.00424146774511738 0.00390625
0 0.15836456894851056 0.90478515625 0.0016768593410929177 0.00390625
0 0.3306865259420004 0.903564453125 0.0008877490629315447 0.00244140625
0 0.27031958966265535 0.905517578125 0.0044387453146577235 0.00634765625
0 0.2604063917932531 0.906005859375 0.004931939238508582 0.00732421875
0 0.20112448214637996 0.904541015625 0.0019727756954034327 0.00439453125
0 0.6505227855592819 0.903564453125 0.0011836654172420597 0.00341796875
0 0.5891201420398501 0.903076171875 0.0044387453146577235 0.00244140625
0 0.4414578812389031 0.90283203125 0.001085026632471888 0.001953125
0 0.381584138883409 0.903076171875 0.001874136910633261 0.00244140625
0 0.37625764450581967 0.903564453125 0.0016768593410929177 0.00341796875
0 0.3588972183862695 0.903076171875 0.001874136910633261 0.00244140625
0 0.24768198855790097 0.904541015625 0.0019727756954034327 0.00537109375
0 0.22647464983231408 0.905517578125 0.0033537186821858355 0.00732421875
0 0.21779443677253896 0.90283203125 0.0013809429867824028 0.001953125
0 0.20630301834681397 0.90283203125 0.001085026632471888 0.001953125
0 0.14213848885381733 0.90283203125 0.000789110278161373 0.001953125
0 0.25429078713750247 0.90234375 0.000789110278161373 0.001953125
0 0.5963207733280727 0.902587890625 0.0028605247583349774 0.00341796875
0 0.48870585914381537 0.90185546875 0.0012823042020122311 0.001953125
0 0.45773328072598146 0.9033203125 0.0044387453146577235 0.0048828125
0 0.26262576445058194 0.90234375 0.001874136910633261 0.0029296875
0 0.6110179522588282 0.90283203125 0.006214243440520813 0.0048828125
0 0.2347603077530085 0.903076171875 0.005523771947129611 0.00537109375
0 0.5081376997435392 0.9013671875 0.0022686920497139475 0.0029296875
0 0.48219569934898404 0.90283203125 0.004044190175577037 0.005859375
0 0.39559084632077335 0.901611328125 0.00483330045373841 0.00341796875
0 0.19071809035312684 0.90185546875 0.0066087985796014995 0.00390625
0 0.49432826987571515 0.9013671875 0.005030578023278753 0.00390625
0 0.32432432432432434 0.902587890625 0.0027618859735648055 0.00634765625
0 0.29675478398106137 0.901123046875 0.0014795817715525744 0.00341796875
0 0.2036890905504044 0.900634765625 0.0009863878477017164 0.00244140625
0 0.4530479384493983 0.900146484375 0.001578220556322746 0.00244140625
0 0.6585125271256658 0.900390625 0.004734661668968239 0.00390625
0 0.42227263760110473 0.900146484375 0.0023673308344841193 0.00341796875
0 0.3381830735845334 0.8994140625 0.0008877490629315447 0.001953125
0 0.2886170842375222 0.899658203125 0.0009863878477017164 0.00244140625
0 0.6912606036693628 0.89990234375 0.002170053264943776 0.00390625
0 0.33606233971197474 0.89892578125 0.001578220556322746 0.001953125
0 0.160337344643914 0.899658203125 0.0022686920497139475 0.00341796875
0 0.14480173604261196 0.899169921875 0.0013809429867824028 0.00244140625
0 0.551094890510949 0.8984375 0.0011836654172420597 0.001953125
0 0.6309429867824028 0.89892578125 0.0038469126060366936 0.00390625
0 0.4645886762675084 0.898193359375 0.0019727756954034327 0.00244140625
0 0.26514105346222133 0.898193359375 0.0013809429867824028 0.00244140625
0 0.22070428092325903 0.8984375 0.002465969619254291 0.0029296875
0 0.19717893075557308 0.898193359375 0.0013809429867824028 0.00244140625
0 0.7107417636614717 0.89794921875 0.002071414480173604 0.0029296875
0 0.45556322746103767 0.8974609375 0.003452357466956007 0.001953125
0 0.2520714144801736 0.898193359375 0.0030578023278753207 0.00341796875
0 0.16571315841388834 0.898681640625 0.003550996251726179 0.00439453125
0 0.544831327678043 0.89697265625 0.0014795817715525744 0.001953125
0 0.28112053659498915 0.897705078125 0.0025646084040244622 0.00341796875
0 0.14273032156243834 0.89697265625 0.0009863878477017164 0.001953125
0 0.3168277766817913 0.896728515625 0.0009863878477017164 0.00244140625
0 0.3028210692444269 0.898193359375 0.004537384099427895 0.00537109375
0 0.3733971197474847 0.896728515625 0.002663247188794634 0.00341796875
0 0.271848490826593 0.897705078125 0.0025646084040244622 0.00537109375
0 0.23022292365358057 0.896728515625 0.002959163543105149 0.00341796875
0 0.14031367133556916 0.896728515625 0.0022686920497139475 0.00341796875
0 0.6263069638982047 0.8974609375 0.005030578023278753 0.005859375
0 0.6001183665417242 0.897216796875 0.004340106529887552 0.00537109375
0 0.24348984020516867 0.896484375 0.007003353718682186 0.00390625
0 0.21537778654566975 0.897216796875 0.00483330045373841 0.00537109375
0 0.44308542118761096 0.8955078125 0.0025646084040244622 0.0029296875
0 0.24950680607614914 0.895263671875 0.0012823042020122311 0.00244140625
0 0.1937265732886171 0.896240234375 0.0017754981258630894 0.00439453125
0 0.26721246794239495 0.896240234375 0.0033537186821858355 0.00537109375
0 0.15274215821661077 0.89453125 0.0016768593410929177 0.001953125
0 0.6842572499506806 0.894775390625 0.001578220556322746 0.00341796875
0 0.6520516867232196 0.89501953125 0.00542513316235944 0.00390625
0 0.5766916551588085 0.894775390625 0.003255079897415664 0.00341796875
0 0.45181495363977114 0.89453125 0.0012823042020122311 0.0029296875
0 0.6994969421976721 0.89404296875 0.003452357466956007 0.0029296875
0 0.6907180903531268 0.8935546875 0.002663247188794634 0.001953125
0 0.2771256658117972 0.8955078125 0.002071414480173604 0.005859375
0 0.680410337344644 0.89501953125 0.004340106529887552 0.005859375
0 0.610919313474058 0.894775390625 0.0036496350364963502 0.00537109375
0 0.5945452752022095 0.8935546875 0.005819688301440126 0.0029296875
0 0.5274215821661077 0.89404296875 0.005326494377589268 0.00390625
0 0.22553758137699745 0.89453125 0.003452357466956007 0.0048828125
0 0.6290688498717696 0.89306640625 0.0022686920497139475 0.0029296875
0 0.3355691457881239 0.892822265625 0.001578220556322746 0.00244140625
0 0.2131090944959558 0.892578125 0.001085026632471888 0.001953125
0 0.6368613138686131 0.893798828125 0.002465969619254291 0.00537109375
0 0.28255079897415664 0.89208984375 0.002071414480173604 0.001953125
0 0.25147958177155255 0.892333984375 0.001085026632471888 0.00244140625
0 0.2374728743341882 0.892578125 0.002465969619254291 0.0029296875
0 0.20329453541132372 0.8935546875 0.0023673308344841193 0.0048828125
0 0.200581968830144 0.892333984375 0.002465969619254291 0.00244140625
0 0.19155652002367332 0.893310546875 0.0019727756954034327 0.00439453125
0 0.20842375221937265 0.892333984375 0.002170053264943776 0.00341796875
0 0.1745413296508187 0.8916015625 0.001085026632471888 0.001953125
0 0.5800453738409943 0.892578125 0.0038469126060366936 0.0048828125
0 0.49008680213059774 0.891357421875 0.0012823042020122311 0.00244140625
0 0.2903925823633853 0.89208984375 0.0019727756954034327 0.00390625
0 0.2263760110475439 0.891357421875 0.0011836654172420597 0.00244140625
0 0.572400868021306 0.89111328125 0.0051292168080489245 0.0029296875
0 0.5589859932925626 0.892333984375 0.005523771947129611 0.00537109375
0 0.5376800157822056 0.890869140625 0.003156441112645492 0.00244140625
0 0.4627145393568751 0.890869140625 0.0025646084040244622 0.00244140625
0 0.3237818110080884 0.89111328125 0.002071414480173604 0.0029296875
0 0.2678536200434011 0.8916015625 0.002465969619254291 0.00390625
0 0.25823633852830935 0.890869140625 0.0009863878477017164 0.00244140625
0 0.6858847898993884 0.891357421875 0.002663247188794634 0.00439453125
0 0.21182679029394358 0.890380859375 0.0012823042020122311 0.00244140625
0 0.5767409745511936 0.89013671875 0.001578220556322746 0.0029296875
0 0.2729335174590649 0.8896484375 0.0009863878477017164 0.001953125
0 0.17089169461432235 0.890625 0.002071414480173604 0.00390625
0 0.1349378575655948 0.889892578125 0.001578220556322746 0.00244140625
0 0.6570329453541133 0.889404296875 0.002959163543105149 0.00244140625
0 0.602288419806668 0.89013671875 0.0072992700729927005 0.00390625
0 0.5492700729927007 0.89111328125 0.004636022884198066 0.005859375
0 0.2593706845531663 0.888916015625 0.0006904714933912014 0.00244140625
0 0.6760209114223713 0.888916015625 0.003255079897415664 0.00341796875
0 0.6659597553758138 0.891845703125 0.011343460248569737 0.00927734375
0 0.46019925034523573 0.890380859375 0.002465969619254291 0.00634765625
0 0.2082757940422174 0.888427734375 0.001874136910633261 0.00244140625
0 0.5224403235352141 0.887939453125 0.001874136910633261 0.00244140625
0 0.4751923456303018 0.887939453125 0.001874136910633261 0.00244140625
0 0.29542316038666405 0.887939453125 0.0023673308344841193 0.00244140625
0 0.2765338331031762 0.887939453125 0.0028605247583349774 0.00244140625
0 0.2458078516472677 0.888427734375 0.003748273821266522 0.00341796875
0 0.24980272243045964 0.8876953125 0.002465969619254291 0.0029296875
0 0.23125863089366738 0.887939453125 0.0028605247583349774 0.00341796875
0 0.7099033339909252 0.888671875 0.004340106529887552 0.005859375
0 0.6642828960347209 0.8876953125 0.004044190175577037 0.00390625
0 0.6380942986782403 0.887451171875 0.0033537186821858355 0.00341796875
0 0.42291378970211085 0.887451171875 0.003255079897415664 0.00341796875
0 0.19175379759321365 0.88671875 0.0013809429867824028 0.001953125
0 0.17513316235943974 0.88671875 0.002663247188794634 0.001953125
0 0.6430755573091339 0.88818359375 0.0038469126060366936 0.005859375
0 0.6326691655158808 0.88623046875 0.0009863878477017164 0.001953125
0 0.25700335371868216 0.88671875 0.0014795817715525744 0.0029296875
0 0.6952061550601697 0.885986328125 0.0019727756954034327 0.00244140625
0 0.6253698954428881 0.8857421875 0.0009863878477017164 0.001953125
0 0.23688104162556717 0.88623046875 0.0030578023278753207 0.0029296875
0 0.3508581574275005 0.88525390625 0.0027618859735648055 0.001953125
0 0.1516078121917538 0.885986328125 0.0011836654172420597 0.00341796875
0 0.4109784967449201 0.885009765625 0.0028605247583349774 0.00244140625
0 0.3554448609193135 0.8857421875 0.002071414480173604 0.005859375
0 0.1790787137502466 0.88427734375 0.002465969619254291 0.0029296875
0 0.6565397514302623 0.883544921875 0.0011836654172420597 0.00244140625
0 0.5905997238114027 0.88427734375 0.0036496350364963502 0.00390625
0 0.582807259814559 0.885009765625 0.005622410731899783 0.00537109375
0 0.2527618859735648 0.8837890625 0.005227855592819097 0.00390625
0 0.20645097652396924 0.88330078125 0.0027618859735648055 0.0029296875
0 0.6041132373249162 0.884765625 0.004044190175577037 0.0068359375
0 0.3097257841783389 0.882568359375 0.0023673308344841193 0.00244140625
0 0.3008482935490235 0.883544921875 0.003748273821266522 0.00439453125
0 0.2208522391004143 0.882568359375 0.0017754981258630894 0.00244140625
0 0.7139968435588874 0.8828125 0.003452357466956007 0.00390625
0 0.28639771158019334 0.88427734375 0.0066087985796014995 0.0068359375
0 0.726967843756165 0.88232421875 0.0039455513908068654 0.00390625
0 0.4748964292759913 0.8818359375 0.002071414480173604 0.0029296875
0 0.21759715920299863 0.8818359375 0.0023673308344841193 0.0029296875
0 0.48663444466364175 0.8818359375 0.005227855592819097 0.00390625
0 0.23771947129611362 0.881591796875 0.0011836654172420597 0.00341796875
0 0.6742454132965082 0.883056640625 0.010357072400868021 0.00732421875
0 0.6607812191753798 0.881103515625 0.004931939238508582 0.00341796875
0 0.47104951666995465 0.88037109375 0.0014795817715525744 0.001953125
0 0.27475833497731306 0.88037109375 0.0016768593410929177 0.001953125
0 0.272440323535214 0.881103515625 0.0027618859735648055 0.00341796875
0 0.24605444860919312 0.881591796875 0.0036496350364963502 0.00439453125
0 0.19032353521404616 0.880615234375 0.001085026632471888 0.00244140625
0 0.44703097257841784 0.880126953125 0.003156441112645492 0.00244140625
0 0.6311402643519431 0.87939453125 0.001085026632471888 0.001953125
0 0.23273821266521996 0.880859375 0.004044190175577037 0.0048828125
0 0.4315446833695009 0.879150390625 0.001578220556322746 0.00244140625
0 0.24329256263562832 0.87939453125 0.0022686920497139475 0.0029296875
0 0.2152298283685145 0.879150390625 0.002170053264943776 0.00244140625
0 0.6395245610574077 0.8798828125 0.0014795817715525744 0.0048828125
0 0.5845334385480371 0.87890625 0.003156441112645492 0.0029296875
0 0.565545472479779 0.87890625 0.007200631288222529 0.00390625
0 0.6232491615703295 0.877685546875 0.0016768593410929177 0.00244140625
0 0.5512921680804892 0.877197265625 0.0025646084040244622 0.00244140625
0 0.3619550207141448 0.87646484375 0.0014795817715525744 0.001953125
0 0.21345433024265142 0.87646484375 0.0009863878477017164 0.001953125
0 0.5743243243243243 0.87646484375 0.0014795817715525744 0.0029296875
0 0.4485598737423555 0.87646484375 0.0022686920497139475 0.0029296875
0 0.6543696981653186 0.876220703125 0.0019727756954034327 0.00341796875
0 0.2561156046557506 0.87548828125 0.0014795817715525744 0.001953125
0 0.2509863878477017 0.87890625 0.005030578023278753 0.0087890625
0 0.6598934701124483 0.875244140625 0.0017754981258630894 0.00244140625
0 0.6389327283487868 0.875 0.001874136910633261 0.0029296875
0 0.4582264746498323 0.875 0.002071414480173604 0.0029296875
0 0.6900769382521207 0.875 0.0023673308344841193 0.00390625
0 0.6192049713947524 0.87548828125 0.00424146774511738 0.0048828125
0 0.3248175182481752 0.87548828125 0.005918327086210298 0.0048828125
0 0.26504241467745115 0.874267578125 0.0025646084040244622 0.00244140625
0 0.26094890510948904 0.875 0.003452357466956007 0.00390625
0 0.6640362990727954 0.873779296875 0.0027618859735648055 0.00244140625
0 0.2680015782205563 0.87353515625 0.000789110278161373 0.001953125
0 0.2100019727756954 0.873779296875 0.0011836654172420597 0.00244140625
0 0.6868711777470902 0.87353515625 0.0014795817715525744 0.0029296875
0 0.6849477214440718 0.873046875 0.0013809429867824028 0.001953125
0 0.48722627737226276 0.875 0.009962517261787335 0.0068359375
0 0.35524758334977313 0.872802734375 0.0012823042020122311 0.00244140625
0 0.7002860524758335 0.872802734375 0.0036496350364963502 0.00341796875
0 0.6681791280331426 0.8720703125 0.0009863878477017164 0.001953125
0 0.2576938252120734 0.872802734375 0.0014795817715525744 0.00341796875
0 0.2378674294732689 0.87353515625 0.006016965870980469 0.0048828125
0 0.2225290984415072 0.87255859375 0.0027618859735648055 0.0029296875
0 0.6834188202801341 0.871826171875 0.0016768593410929177 0.00244140625
0 0.631041625567173 0.8720703125 0.002465969619254291 0.0029296875
0 0.6042611955020715 0.871826171875 0.0017754981258630894 0.00244140625
0 0.35934109291773525 0.871826171875 0.0033537186821858355 0.00244140625
0 0.7110376800157822 0.8740234375 0.005819688301440126 0.0078125
0 0.23249161570329455 0.8740234375 0.0061156046557506415 0.0078125
0 0.572400868021306 0.87060546875 0.000789110278161373 0.001953125
0 0.2743144604458473 0.87255859375 0.002959163543105149 0.005859375
0 0.2455612546853423 0.87109375 0.001085026632471888 0.0029296875
0 0.5432037877293352 0.87109375 0.003550996251726179 0.00390625
0 0.2555237719471296 0.870361328125 0.0012823042020122311 0.00244140625
0 0.20822647464983232 0.8701171875 0.002170053264943776 0.0029296875
0 0.2030972578417834 0.87060546875 0.003156441112645492 0.00390625
0 0.64652791477609 0.869140625 0.0022686920497139475 0.0029296875
0 0.639623199842178 0.868896484375 0.0014795817715525744 0.00244140625
0 0.4607417636614717 0.868896484375 0.0009863878477017164 0.00244140625
0 0.15190372854606432 0.869140625 0.002170053264943776 0.0029296875
0 0.14889524561057407 0.869140625 0.0022686920497139475 0.0029296875
0 0.6700532649437759 0.868896484375 0.0019727756954034327 0.00341796875
0 0.5685539554152693 0.86865234375 0.0017754981258630894 0.0029296875
0 0.25 0.871826171875 0.007003353718682186 0.00927734375
0 0.27944367725389624 0.868408203125 0.0025646084040244622 0.00341796875
0 0.6072203590451766 0.8681640625 0.0033537186821858355 0.00390625
0 0.7037384099427895 0.866455078125 0.0030578023278753207 0.00244140625
0 0.6116591043598343 0.86669921875 0.0027618859735648055 0.0029296875
0 0.17365358058788716 0.86669921875 0.0012823042020122311 0.0029296875
0 0.6320773328072599 0.86669921875 0.0027618859735648055 0.00390625
0 0.5386664036299073 0.86572265625 0.0017754981258630894 0.001953125
0 0.19545275202209508 0.865966796875 0.001085026632471888 0.00244140625
0 0.5774314460445847 0.86962890625 0.010455711185638194 0.0107421875
0 0.4328763069638982 0.86669921875 0.003255079897415664 0.0048828125
0 0.2767804300651016 0.86572265625 0.003156441112645492 0.0029296875
0 0.2544387453146577 0.865234375 0.0012823042020122311 0.001953125
0 0.24812586308936674 0.86572265625 0.0028605247583349774 0.0029296875
0 0.19910238705859143 0.865234375 0.0014795817715525744 0.001953125
0 0.5428585519826395 0.86572265625 0.0038469126060366936 0.00390625
0 0.4380055237719471 0.864990234375 0.0022686920497139475 0.00244140625
0 0.23693036101795226 0.865234375 0.0025646084040244622 0.0029296875
0 0.6232984809627146 0.865234375 0.001578220556322746 0.00390625
0 0.20852239100414283 0.865234375 0.005523771947129611 0.00390625
0 0.5806865259420004 0.864501953125 0.0027618859735648055 0.00341796875
0 0.5052771749852042 0.8642578125 0.002663247188794634 0.0029296875
0 0.41176760702308146 0.8642578125 0.0016768593410929177 0.0029296875
0 0.23061747879266128 0.864501953125 0.0017754981258630894 0.00341796875
0 0.6390313671335569 0.864013671875 0.003255079897415664 0.00341796875
0 0.5997731307950286 0.863525390625 0.002071414480173604 0.00244140625
0 0.2840797001380943 0.864501953125 0.0033537186821858355 0.00439453125
0 0.2440816729137897 0.865234375 0.005030578023278753 0.005859375
0 0.2325902544880647 0.8642578125 0.001578220556322746 0.00390625
0 0.6542217399881634 0.865478515625 0.00542513316235944 0.00732421875
0 0.4561057407772736 0.8623046875 0.0011836654172420597 0.001953125
0 0.6662063523377392 0.86181640625 0.0027618859735648055 0.001953125
0 0.5953837048727559 0.862060546875 0.0013809429867824028 0.00244140625
0 0.5524265141053463 0.86181640625 0.0044387453146577235 0.0029296875
0 0.3292562635628329 0.86083984375 0.000789110278161373 0.001953125
0 0.6598934701124483 0.860595703125 0.002959163543105149 0.00244140625
0 0.21907674097455118 0.860595703125 0.0009863878477017164 0.00244140625
0 0.610327480765437 0.861083984375 0.0030578023278753207 0.00439453125
0 0.5588380351154074 0.8603515625 0.002071414480173604 0.0029296875
0 0.21271453935687512 0.85986328125 0.001085026632471888 0.001953125
0 0.6290688498717696 0.860107421875 0.0030578023278753207 0.00341796875
0 0.47701716314855 0.859375 0.000789110278161373 0.001953125
0 0.2110869994081673 0.859619140625 0.0013809429867824028 0.00244140625
0 0.675281120536595 0.861572265625 0.005326494377589268 0.00732421875
0 0.6714835273229434 0.859130859375 0.0028605247583349774 0.00244140625
0 0.2784079700138094 0.859375 0.002663247188794634 0.0029296875
0 0.2388538173209706 0.85888671875 0.0008877490629315447 0.001953125
0 0.20403432629710003 0.859619140625 0.0016768593410929177 0.00341796875
0 0.4675971592029986 0.85888671875 0.002465969619254291 0.0029296875
0 0.2681002170053265 0.858642578125 0.0023673308344841193 0.00244140625
0 0.25646084040244627 0.858642578125 0.0019727756954034327 0.00244140625
0 0.23071611757743143 0.859130859375 0.003156441112645492 0.00341796875
0 0.6684750443874532 0.85791015625 0.0011836654172420597 0.001953125
0 0.6018445452752023 0.858154296875 0.00483330045373841 0.00341796875
0 0.2399388439534425 0.857421875 0.001085026632471888 0.001953125
0 0.6857368317222332 0.85791015625 0.0061156046557506415 0.00390625
0 0.5450779246399684 0.857177734375 0.001578220556322746 0.00244140625
0 0.3410435983428684 0.857666015625 0.0022686920497139475 0.00341796875
0 0.2959163543105149 0.857177734375 0.001578220556322746 0.00244140625
0 0.64080686525942 0.857177734375 0.0016768593410929177 0.00341796875
0 0.6376504241467745 0.85693359375 0.002071414480173604 0.0029296875
0 0.16319786940224895 0.85693359375 0.0028605247583349774 0.0029296875
0 0.5680114420990333 0.85595703125 0.002071414480173604 0.001953125
0 0.563769974353916 0.8564453125 0.0028605247583349774 0.0029296875
0 0.44224699151706454 0.85595703125 0.001085026632471888 0.001953125
0 0.27209508778851843 0.85595703125 0.0008877490629315447 0.001953125
0 0.22460051292168082 0.85595703125 0.000789110278161373 0.001953125
0 0.16665022686920497 0.856201171875 0.0012823042020122311 0.00244140625
0 0.6659104359834287 0.85546875 0.0019727756954034327 0.0029296875
0 0.4558591438153482 0.855224609375 0.002465969619254291 0.00244140625
0 0.3559380548431643 0.855712890625 0.002663247188794634 0.00341796875
0 0.6853422765831525 0.855224609375 0.001578220556322746 0.00341796875
0 0.22662260800946932 0.854736328125 0.0012823042020122311 0.00244140625
0 0.7249950680607615 0.855224609375 0.007496547642533044 0.00439453125
0 0.6440619451568357 0.854736328125 0.003255079897415664 0.00341796875
0 0.2447228250147958 0.854248046875 0.0013809429867824028 0.00244140625
0 0.4630597751035707 0.853515625 0.0008877490629315447 0.001953125
0 0.25710199250345234 0.853759765625 0.0014795817715525744 0.00244140625
0 0.2156243835075952 0.8544921875 0.003550996251726179 0.00390625
0 0.1631485500098639 0.85302734375 0.0009863878477017164 0.001953125
0 0.6270467547839811 0.8525390625 0.0017754981258630894 0.001953125
0 0.2033438548037088 0.852783203125 0.0016768593410929177 0.00244140625
0 0.19629118169264154 0.8525390625 0.0013809429867824028 0.001953125
0 0.6048037088183074 0.85302734375 0.005819688301440126 0.00390625
0 0.6708423752219372 0.852294921875 0.005326494377589268 0.00341796875
0 0.17651410534622214 0.852294921875 0.0030578023278753207 0.00341796875
0 0.31628526336555535 0.851318359375 0.0016768593410929177 0.00244140625
0 0.19002761885973565 0.851318359375 0.002071414480173604 0.00244140625
0 0.44811599921088974 0.8525390625 0.004537384099427895 0.005859375
0 0.5696389820477412 0.850341796875 0.0023673308344841193 0.00244140625
0 0.2388538173209706 0.85205078125 0.002071414480173604 0.005859375
0 0.2096567370289998 0.850341796875 0.0014795817715525744 0.00244140625
0 0.6584632077332807 0.850341796875 0.003255079897415664 0.00341796875
0 0.3337443282698757 0.849609375 0.001085026632471888 0.001953125
0 0.16674886565397515 0.85107421875 0.0016768593410929177 0.0048828125
0 0.5947425527717498 0.849609375 0.00542513316235944 0.0029296875
0 0.513168277766818 0.849365234375 0.002071414480173604 0.00244140625
0 0.180459656737029 0.84912109375 0.0008877490629315447 0.001953125
0 0.6141743933714736 0.84912109375 0.002071414480173604 0.0029296875
0 0.5623397119747485 0.85009765625 0.005523771947129611 0.0048828125
0 0.4053560860130203 0.848876953125 0.003452357466956007 0.00244140625
0 0.19274018544091537 0.84912109375 0.0027618859735648055 0.0029296875
0 0.4656737028999803 0.848388671875 0.001578220556322746 0.00244140625
0 0.29828368514499903 0.8486328125 0.003156441112645492 0.0029296875
0 0.2575951864273032 0.84814453125 0.0008877490629315447 0.001953125
0 0.24487078319195107 0.84814453125 0.001085026632471888 0.001953125
0 0.3015880844347998 0.848388671875 0.0016768593410929177 0.00341796875
0 0.1892385085815743 0.847900390625 0.0012823042020122311 0.00244140625
0 0.2357960149930953 0.848876953125 0.0030578023278753207 0.00537109375
0 0.6972775695403433 0.8486328125 0.0039455513908068654 0.005859375
0 0.5314164529492996 0.84716796875 0.00424146774511738 0.0029296875
0 0.23357664233576642 0.848876953125 0.0033537186821858355 0.00634765625
0 0.6083547050700335 0.84716796875 0.00542513316235944 0.00390625
0 0.6691655158808444 0.84619140625 0.003748273821266522 0.0029296875
0 0.6282797395936082 0.84619140625 0.0036496350364963502 0.0029296875
0 0.6493884395344249 0.84814453125 0.007397908857762872 0.0078125
0 0.30928190964687313 0.845703125 0.002465969619254291 0.0029296875
0 0.2298283685144999 0.845703125 0.002959163543105149 0.0029296875
0 0.6001676859341093 0.84521484375 0.003452357466956007 0.0029296875
0 0.47055632274610376 0.8447265625 0.0014795817715525744 0.001953125
0 0.27717498520418227 0.844970703125 0.0009863878477017164 0.00244140625
0 0.21779443677253896 0.8447265625 0.0011836654172420597 0.001953125
0 0.29058985993292563 0.84375 0.0011836654172420597 0.001953125
0 0.5590846320773328 0.843994140625 0.004734661668968239 0.00341796875
0 0.5965673702899981 0.84326171875 0.0027618859735648055 0.0029296875
0 0.24225685539554154 0.8427734375 0.0025646084040244622 0.0029296875
0 0.4529986190570132 0.8427734375 0.0036496350364963502 0.00390625
0 0.21261590057210494 0.842041015625 0.0016768593410929177 0.00244140625
0 0.6650226869204972 0.84130859375 0.0023673308344841193 0.001953125
0 0.23811402643519433 0.842041015625 0.004142828960347208 0.00439453125
0 0.19796804103373447 0.841064453125 0.0017754981258630894 0.00244140625
0 0.674738607220359 0.8408203125 0.003255079897415664 0.00390625
0 0.6704478200828565 0.840576171875 0.0025646084040244622 0.00341796875
0 0.5539554152692839 0.84033203125 0.0025646084040244622 0.0029296875
0 0.25019727756954036 0.83984375 0.003452357466956007 0.001953125
0 0.17863483921878082 0.84033203125 0.0051292168080489245 0.0029296875
0 0.1724699151706451 0.83984375 0.0016768593410929177 0.001953125
0 0.6125961728151509 0.8408203125 0.0030578023278753207 0.0048828125
0 0.5923752219372658 0.840087890625 0.003452357466956007 0.00439453125
0 0.2755474452554745 0.8388671875 0.0008877490629315447 0.001953125
0 0.6491911619648846 0.83935546875 0.002071414480173604 0.00390625
0 0.6344446636417439 0.839111328125 0.0033537186821858355 0.00341796875
0 0.5849773130795028 0.83837890625 0.0012823042020122311 0.0029296875
0 0.698263957388045 0.837646484375 0.0017754981258630894 0.00244140625
0 0.6445551390806865 0.837890625 0.0030578023278753207 0.0029296875
0 0.639623199842178 0.837646484375 0.002071414480173604 0.00341796875
0 0.5689978299467351 0.839111328125 0.008384296705464589 0.00634765625
0 0.25616492404813573 0.836669921875 0.0013809429867824028 0.00244140625
0 0.7047741171828763 0.836181640625 0.0025646084040244622 0.00244140625
0 0.6856875123298481 0.837646484375 0.0014795817715525744 0.00537109375
0 0.5521305977510357 0.8359375 0.002663247188794634 0.0029296875
0 0.4949694219767212 0.834716796875 0.0011836654172420597 0.00244140625
0 0.6359242454132965 0.83447265625 0.0023673308344841193 0.0029296875
0 0.5803412901953048 0.835693359375 0.009567962122706648 0.00537109375
0 0.6920990333399093 0.83349609375 0.0014795817715525744 0.001953125
0 0.5422667192740186 0.834228515625 0.003452357466956007 0.00341796875
0 0.19308542118761096 0.83349609375 0.0016768593410929177 0.0029296875
0 0.18711777470901558 0.8330078125 0.0009863878477017164 0.001953125
0 0.641941211284277 0.8330078125 0.003156441112645492 0.0029296875
0 0.6010061156046558 0.83251953125 0.0013809429867824028 0.001953125
0 0.19638982047741171 0.832275390625 0.0027618859735648055 0.00244140625
0 0.570082856579207 0.83154296875 0.0016768593410929177 0.001953125
0 0.34617281515091736 0.83154296875 0.0006904714933912014 0.001953125
0 0.7110869994081673 0.831298828125 0.0013809429867824028 0.00244140625
0 0.6296113631880055 0.83154296875 0.003550996251726179 0.0029296875
0 0.6341980666798185 0.8310546875 0.0038469126060366936 0.0029296875
0 0.20822647464983232 0.830810546875 0.0019727756954034327 0.00244140625
0 0.6630992306174788 0.83056640625 0.002465969619254291 0.0029296875
0 0.22701716314855 0.830322265625 0.0014795817715525744 0.00244140625
0 0.5955809824422963 0.83251953125 0.005721049516669955 0.0078125
0 0.5774807654369698 0.830078125 0.004636022884198066 0.0029296875
0 0.5612546853422766 0.82958984375 0.0019727756954034327 0.001953125
0 0.24595580982442297 0.82958984375 0.001085026632471888 0.001953125
0 0.21227066482540935 0.830078125 0.0011836654172420597 0.0029296875
0 0.6722726376011048 0.829345703125 0.002663247188794634 0.00244140625
0 0.29108305385677646 0.829833984375 0.0033537186821858355 0.00341796875
0 0.2823042020122312 0.82958984375 0.0013809429867824028 0.0029296875
0 0.43553955415269285 0.82958984375 0.003255079897415664 0.00390625
0 0.2061550601696587 0.8291015625 0.0019727756954034327 0.0029296875
0 0.6273919905306766 0.828125 0.001874136910633261 0.001953125
0 0.6198461234957585 0.82861328125 0.004142828960347208 0.0029296875
0 0.5719569934898402 0.82763671875 0.0038469126060366936 0.0029296875
0 0.7010751627539948 0.8271484375 0.0016768593410929177 0.0029296875
0 0.6814953639771159 0.829833984375 0.005523771947129611 0.00830078125
0 0.7060071019925035 0.826904296875 0.0016768593410929177 0.00341796875
0 0.40106529887551784 0.826171875 0.0027618859735648055 0.001953125
0 0.6977707634641941 0.825439453125 0.0009863878477017164 0.00244140625
0 0.20245610574077727 0.8251953125 0.0006904714933912014 0.001953125
0 0.6409548234365753 0.824951171875 0.0019727756954034327 0.00244140625
0 0.5630301834681397 0.82421875 0.0009863878477017164 0.001953125
0 0.31110672716512133 0.82421875 0.000789110278161373 0.001953125
0 0.3067173012428487 0.823974609375 0.002663247188794634 0.00244140625
0 0.22593213651607813 0.823974609375 0.002071414480173604 0.00244140625
0 0.21582166107713552 0.825927734375 0.0027618859735648055 0.00634765625
0 0.6828269875715132 0.823486328125 0.0016768593410929177 0.00244140625
0 0.5953343854803709 0.823974609375 0.00424146774511738 0.00341796875
0 0.32565594791872166 0.8232421875 0.0012823042020122311 0.001953125
0 0.7125172617873348 0.823486328125 0.00424146774511738 0.00341796875
0 0.6656638390215033 0.8232421875 0.002465969619254291 0.0029296875
0 0.4884592621818899 0.82275390625 0.0017754981258630894 0.001953125
0 0.7171039652791478 0.822998046875 0.0033537186821858355 0.00341796875
0 0.7081771552574472 0.82275390625 0.002465969619254291 0.0029296875
0 0.6314855000986388 0.823486328125 0.0023673308344841193 0.00439453125
0 0.6854409153679226 0.822021484375 0.0011836654172420597 0.00244140625
0 0.2917242059577826 0.822509765625 0.0030578023278753207 0.00341796875
0 0.28151509173406986 0.82275390625 0.003156441112645492 0.00390625
0 0.25004931939238506 0.822021484375 0.0017754981258630894 0.00244140625
0 0.24388439534424936 0.822021484375 0.001874136910633261 0.00244140625
0 0.6346419412112843 0.821533203125 0.003156441112645492 0.00244140625
0 0.7218879463405011 0.822021484375 0.005030578023278753 0.00537109375
0 0.5754093509567962 0.821044921875 0.003255079897415664 0.00341796875
0 0.5093213651607812 0.820556640625 0.002071414480173604 0.00244140625
0 0.4526040639179325 0.820556640625 0.0030578023278753207 0.00244140625
0 0.19772144407180903 0.820556640625 0.0012823042020122311 0.00244140625
0 0.6176760702308147 0.82177734375 0.0051292168080489245 0.005859375
0 0.5894160583941606 0.820068359375 0.0016768593410929177 0.00244140625
0 0.5529197080291971 0.82080078125 0.0036496350364963502 0.00390625
0 0.47376208325113434 0.8203125 0.004340106529887552 0.0029296875
0 0.2357960149930953 0.820068359375 0.001874136910633261 0.00244140625
0 0.6947622805287039 0.820068359375 0.0044387453146577235 0.00341796875
0 0.6046557506411521 0.8193359375 0.0017754981258630894 0.001953125
0 0.2959163543105149 0.8193359375 0.0011836654172420597 0.001953125
0 0.6744920102584336 0.8193359375 0.0027618859735648055 0.0029296875
0 0.23185046360228842 0.8203125 0.002465969619254291 0.005859375
0 0.2283981061353324 0.818603515625 0.0014795817715525744 0.00244140625
0 0.21537778654566975 0.818115234375 0.0008877490629315447 0.00244140625
0 0.6254685342276584 0.820556640625 0.0039455513908068654 0.00830078125
0 0.608058788715723 0.818115234375 0.004636022884198066 0.00341796875
0 0.5197277569540343 0.818115234375 0.0033537186821858355 0.00341796875
0 0.5863089366739002 0.817626953125 0.0023673308344841193 0.00341796875
0 0.16058394160583941 0.81689453125 0.0011836654172420597 0.0029296875
0 0.5169165515880845 0.815673828125 0.0022686920497139475 0.00244140625
0 0.6744920102584336 0.8154296875 0.003550996251726179 0.0029296875
0 0.6288715723022292 0.814453125 0.0012823042020122311 0.001953125
0 0.7162655356086013 0.814453125 0.0030578023278753207 0.0029296875
0 0.5799467350562241 0.81396484375 0.003255079897415664 0.001953125
0 0.6193036101795226 0.814453125 0.00424146774511738 0.00390625
0 0.610919313474058 0.813720703125 0.0016768593410929177 0.00244140625
0 0.3016867232195699 0.813720703125 0.0016768593410929177 0.00244140625
0 0.592523180114421 0.81591796875 0.005918327086210298 0.0078125
0 0.7071414480173605 0.812744140625 0.0033537186821858355 0.00244140625
0 0.4777569540343263 0.8125 0.0022686920497139475 0.001953125
0 0.3275300848293549 0.812744140625 0.001085026632471888 0.00244140625
0 0.28018346813967254 0.8125 0.0006904714933912014 0.001953125
0 0.20871966857368318 0.812744140625 0.0013809429867824028 0.00244140625
0 0.7021601893864667 0.812255859375 0.0014795817715525744 0.00244140625
0 0.63217597159203 0.812255859375 0.0025646084040244622 0.00341796875
0 0.6151607812191754 0.812744140625 0.0028605247583349774 0.00439453125
0 0.5618465180508976 0.8115234375 0.0011836654172420597 0.0029296875
0 0.3133260998224502 0.8115234375 0.001874136910633261 0.0029296875
0 0.43795620437956206 0.810302734375 0.0027618859735648055 0.00341796875
0 0.6085026632471888 0.810546875 0.002170053264943776 0.0048828125
0 0.5941507200631289 0.80908203125 0.0008877490629315447 0.001953125
0 0.3028210692444269 0.809326171875 0.001578220556322746 0.00244140625
0 0.28378378378378377 0.80908203125 0.0009863878477017164 0.001953125
0 0.2774709015584928 0.809326171875 0.001578220556322746 0.00244140625
0 0.674689287827974 0.81005859375 0.002959163543105149 0.0048828125
0 0.6132866443085421 0.80810546875 0.001085026632471888 0.001953125
0 0.5348194910238706 0.80810546875 0.003156441112645492 0.001953125
0 0.512083251134346 0.808349609375 0.0008877490629315447 0.00244140625
0 0.6525942000394556 0.807861328125 0.0009863878477017164 0.00244140625
0 0.2444269086604853 0.8076171875 0.000789110278161373 0.001953125
0 0.22371276385874925 0.807861328125 0.0017754981258630894 0.00244140625
0 0.5596764647859538 0.8076171875 0.0023673308344841193 0.0029296875
0 0.5995758532254882 0.806884765625 0.0016768593410929177 0.00244140625
0 0.5625863089366739 0.8076171875 0.0030578023278753207 0.0048828125
0 0.46971789307555734 0.80615234375 0.0017754981258630894 0.001953125
0 0.4185736831722233 0.806396484375 0.0016768593410929177 0.00244140625
0 0.2956204379562044 0.80419921875 0.0009863878477017164 0.001953125
0 0.2423554941803117 0.804443359375 0.004340106529887552 0.00244140625
0 0.5574570921286249 0.8037109375 0.0036496350364963502 0.001953125
0 0.5467054645886763 0.8037109375 0.001085026632471888 0.001953125
0 0.22677056618662458 0.8037109375 0.001578220556322746 0.001953125
0 0.6796705464588676 0.803466796875 0.0030578023278753207 0.00244140625
0 0.5485796014993095 0.803466796875 0.0012823042020122311 0.00244140625
0 0.19796804103373447 0.803466796875 0.0013809429867824028 0.00244140625
0 0.5343262971000198 0.802978515625 0.002170053264943776 0.00244140625
0 0.594249358847899 0.803466796875 0.004636022884198066 0.00439453125
0 0.640856184651805 0.80224609375 0.003748273821266522 0.0029296875
0 0.6370092720457684 0.80224609375 0.003156441112645492 0.0029296875
0 0.36545669757348587 0.802001953125 0.0033537186821858355 0.00244140625
0 0.5424639968435588 0.801025390625 0.002071414480173604 0.00244140625
0 0.5885776287236141 0.800537109375 0.0027618859735648055 0.00244140625
0 0.32501479581771553 0.80029296875 0.000789110278161373 0.001953125
0 0.6730617478792661 0.800048828125 0.002663247188794634 0.00244140625
0 0.23244229631090946 0.801513671875 0.0022686920497139475 0.00537109375
0 0.5706746892878279 0.799072265625 0.0030578023278753207 0.00244140625
0 0.5846320773328073 0.79833984375 0.0027618859735648055 0.001953125
0 0.24383507595186427 0.799072265625 0.0017754981258630894 0.00341796875
0 0.5937068455316631 0.798095703125 0.001578220556322746 0.00244140625
0 0.5753600315644112 0.79931640625 0.004931939238508582 0.0048828125
0 0.524709015584928 0.79833984375 0.001085026632471888 0.0029296875
0 0.7023574669560071 0.798583984375 0.0030578023278753207 0.00439453125
0 0.6826790293943579 0.796875 0.0017754981258630894 0.001953125
0 0.47716512132570527 0.79638671875 0.001085026632471888 0.001953125
0 0.2395442888143618 0.796630859375 0.0006904714933912014 0.00244140625
0 0.6376997435391596 0.79638671875 0.003748273821266522 0.00390625
0 0.14578812389031368 0.79541015625 0.0009863878477017164 0.001953125
0 0.6707930558295522 0.794189453125 0.001874136910633261 0.00244140625
0 0.4736141250739791 0.79296875 0.0016768593410929177 0.001953125
0 0.5485796014993095 0.792236328125 0.002465969619254291 0.00244140625
0 0.2730321562438351 0.790771484375 0.0019727756954034327 0.00244140625
0 0.6365160781219176 0.79052734375 0.0011836654172420597 0.0029296875
0 0.6209311501282304 0.7900390625 0.002959163543105149 0.0029296875
0 0.6181692641546657 0.790283203125 0.002170053264943776 0.00341796875
0 0.6685736831722233 0.789306640625 0.0017754981258630894 0.00244140625
0 0.2363878477017163 0.7880859375 0.001085026632471888 0.0029296875
0 0.5656441112645492 0.787841796875 0.0014795817715525744 0.00341796875
0 0.6720753600315644 0.787109375 0.0036496350364963502 0.0029296875
0 0.5742750049319393 0.78662109375 0.0013809429867824028 0.001953125
0 0.6296606825803907 0.78662109375 0.00483330045373841 0.0048828125
0 0.4250345235746696 0.7841796875 0.0017754981258630894 0.001953125
0 0.5612053659498915 0.783935546875 0.0022686920497139475 0.00244140625
0 0.15841388834089565 0.783203125 0.000789110278161373 0.001953125
0 0.6090944959558098 0.781982421875 0.0009863878477017164 0.00244140625
0 0.5193825212073387 0.78173828125 0.0008877490629315447 0.001953125
0 0.5648056815940028 0.78125 0.0013809429867824028 0.001953125
0 0.4761294140856185 0.781005859375 0.0027618859735648055 0.00244140625
0 0.7167587295324521 0.780517578125 0.002465969619254291 0.00244140625
0 0.5886762675083843 0.7802734375 0.0011836654172420597 0.001953125
0 0.617232195699349 0.77978515625 0.0008877490629315447 0.001953125
0 0.584434799763267 0.7802734375 0.0017754981258630894 0.0029296875
0 0.1911619648845926 0.779296875 0.0009863878477017164 0.001953125
0 0.7210988360623397 0.779052734375 0.001085026632471888 0.00244140625
0 0.5730420201223121 0.77880859375 0.001085026632471888 0.001953125
0 0.5911422371276386 0.7783203125 0.0025646084040244622 0.001953125
0 0.5965673702899981 0.77490234375 0.002170053264943776 0.0029296875
0 0.5849279936871178 0.7734375 0.0009863878477017164 0.001953125
0 0.2138982047741172 0.75537109375 0.0008877490629315447 0.001953125
0 0.6164430854211876 0.75390625 0.0016768593410929177 0.0029296875
0 0.6459854014598541 0.751953125 0.004340106529887552 0.0029296875
0 0.6369599526533833 0.74609375 0.0012823042020122311 0.001953125
0 0.6485993292562635 0.74560546875 0.0014795817715525744 0.001953125
0 0.6348885381732097 0.7373046875 0.0012823042020122311 0.001953125
