0 0.4458966265535609 0.998779296875 0.0016768593410929177 0.00244140625
0 0.31031761688695997 0.99853515625 0.0027618859735648055 0.0029296875
0 0.30785164726770564 0.998291015625 0.001578220556322746 0.00341796875
0 0.31485500098638786 0.998046875 0.002170053264943776 0.00390625
0 0.293105148944565 0.997802734375 0.001874136910633261 0.00439453125
0 0.45635233773919903 0.996826171875 0.0016768593410929177 0.00634765625
0 0.11466758729532452 0.996826171875 0.0028605247583349774 0.00634765625
0 0.0987867429473269 0.996337890625 0.0028605247583349774 0.00537109375
0 0.3223022292365358 0.99560546875 0.002071414480173604 0.005859375
0 0.10633260998224502 0.99462890625 0.002170053264943776 0.00390625
0 0.10337344643913987 0.99365234375 0.0019727756954034327 0.0029296875
0 0.5225389623199842 0.9931640625 0.0016768593410929177 0.0029296875
0 0.31312882225290983 0.99365234375 0.0012823042020122311 0.00390625
0 0.2861017952258828 0.995849609375 0.003255079897415664 0.00830078125
0 0.4645393568751233 0.99365234375 0.004044190175577037 0.0048828125
0 0.31820871966857367 0.995361328125 0.005523771947129611 0.00927734375
0 0.5182974945748668 0.99365234375 0.002465969619254291 0.0068359375
0 0.4397810218978102 0.99267578125 0.003452357466956007 0.0048828125
0 0.46823831130400473 0.991943359375 0.003748273821266522 0.01123046875
0 0.09198066679818505 0.98828125 0.0022686920497139475 0.0048828125
0 0.45600710199250344 0.9873046875 0.0025646084040244622 0.00390625
0 0.09903333990925232 0.987548828125 0.002170053264943776 0.00439453125
0 0.5101597948313277 0.986083984375 0.0011836654172420597 0.00244140625
0 0.48042020122312096 0.99072265625 0.0036496350364963502 0.0126953125
0 0.4781021897810219 0.98486328125 0.0011836654172420597 0.001953125
0 0.4529986190570132 0.986572265625 0.0030578023278753207 0.00537109375
0 0.4359341092917735 0.9853515625 0.0022686920497139475 0.0029296875
0 0.4821463799565989 0.9873046875 0.0023673308344841193 0.0087890625
0 0.4324817518248175 0.9833984375 0.001874136910633261 0.0048828125
0 0.46572302229236534 0.981689453125 0.0014795817715525744 0.00341796875
0 0.49985204182284476 0.98046875 0.0016768593410929177 0.00390625
0 0.44944762280528705 0.982177734375 0.0028605247583349774 0.00732421875
0 0.4673998816334583 0.97998046875 0.0016768593410929177 0.0048828125
0 0.4460445847307161 0.980224609375 0.0025646084040244622 0.00537109375
0 0.5032550798974157 0.979248046875 0.003550996251726179 0.00439453125
0 0.11160978496744921 0.97900390625 0.0012823042020122311 0.00390625
0 0.4989642927599132 0.978271484375 0.001874136910633261 0.00341796875
0 0.473564805681594 0.977294921875 0.0019727756954034327 0.00244140625
0 0.5530676662063524 0.974609375 0.000789110278161373 0.001953125
0 0.4617281515091734 0.9775390625 0.005918327086210298 0.0087890625
0 0.45635233773919903 0.975341796875 0.0014795817715525744 0.00537109375
0 0.4336160978496745 0.973876953125 0.0017754981258630894 0.00537109375
0 0.48771947129611365 0.970703125 0.001874136910633261 0.00390625
0 0.43692049713947523 0.968994140625 0.001874136910633261 0.00341796875
0 0.5072499506806076 0.9658203125 0.0016768593410929177 0.0029296875
0 0.10248569737620833 0.96533203125 0.0025646084040244622 0.00390625
0 0.46444071809035314 0.9638671875 0.0016768593410929177 0.0029296875
0 0.5366936279345038 0.963623046875 0.002170053264943776 0.00341796875
0 0.46670941014006706 0.962158203125 0.001085026632471888 0.00244140625
0 0.45388636811994476 0.96240234375 0.0008877490629315447 0.0029296875
0 0.2742158216610771 0.962646484375 0.0039455513908068654 0.00341796875
0 0.4832314065890708 0.962646484375 0.002170053264943776 0.00439453125
0 0.4519135924245413 0.961669921875 0.0012823042020122311 0.00244140625
0 0.10426119550207141 0.961669921875 0.0011836654172420597 0.00341796875
0 0.10140067074373643 0.961181640625 0.0005918327086210298 0.00244140625
0 0.4851055434997041 0.958740234375 0.0013809429867824028 0.00341796875
0 0.4742552771749852 0.96044921875 0.0017754981258630894 0.0068359375
0 0.28136713355691456 0.958984375 0.0030578023278753207 0.0068359375
0 0.49048135726967845 0.96044921875 0.00483330045373841 0.0107421875
0 0.2839810613533241 0.95849609375 0.0019727756954034327 0.0068359375
0 0.4473268889327284 0.9580078125 0.003748273821266522 0.0068359375
0 0.45926218188991913 0.957763671875 0.0023673308344841193 0.00732421875
0 0.30508976129414084 0.955078125 0.0025646084040244622 0.0048828125
0 0.27066482540935094 0.953125 0.0009863878477017164 0.0029296875
0 0.2808246202406786 0.952392578125 0.0009863878477017164 0.00244140625
0 0.4654764253304399 0.950927734375 0.0011836654172420597 0.00244140625
0 0.2899980272243046 0.95068359375 0.0013809429867824028 0.00390625
0 0.1262083251134346 0.950927734375 0.002071414480173604 0.00439453125
0 0.5623890313671336 0.949951171875 0.002465969619254291 0.00341796875
0 0.5602682974945749 0.94970703125 0.000789110278161373 0.0029296875
0 0.4687315052278556 0.951171875 0.004931939238508582 0.005859375
0 0.45842375221937265 0.948486328125 0.0014795817715525744 0.00244140625
0 0.5029591635431051 0.94873046875 0.0019727756954034327 0.00390625
0 0.2709607417636615 0.947998046875 0.001578220556322746 0.00341796875
0 0.285066087985796 0.94873046875 0.002170053264943776 0.005859375
0 0.5418721641349379 0.9462890625 0.0008877490629315447 0.001953125
0 0.3066186624580785 0.947509765625 0.0014795817715525744 0.00439453125
0 0.46330637206549613 0.9462890625 0.0009863878477017164 0.0029296875
0 0.48949496942197673 0.94580078125 0.001085026632471888 0.0029296875
0 0.46715328467153283 0.946044921875 0.0023673308344841193 0.00341796875
0 0.49166502268692047 0.946044921875 0.0014795817715525744 0.00439453125
0 0.4812093115012823 0.945556640625 0.002071414480173604 0.00439453125
0 0.6906687709607418 0.944091796875 0.0023673308344841193 0.00341796875
0 0.4954626159005721 0.944580078125 0.0013809429867824028 0.00439453125
0 0.43864667587295325 0.94677734375 0.0025646084040244622 0.0087890625
0 0.4353422765831525 0.9443359375 0.0030578023278753207 0.00390625
0 0.1119550207141448 0.94384765625 0.002170053264943776 0.0029296875
0 0.2960643124876702 0.943603515625 0.001085026632471888 0.00341796875
0 0.461481554547248 0.9423828125 0.0012823042020122311 0.0029296875
0 0.45087788518445454 0.942138671875 0.0009863878477017164 0.00341796875
0 0.45600710199250344 0.94140625 0.0009863878477017164 0.0029296875
0 0.27801341487472875 0.9443359375 0.005030578023278753 0.0087890625
0 0.43455316630499113 0.93994140625 0.001085026632471888 0.0029296875
0 0.47716512132570527 0.939453125 0.0014795817715525744 0.0029296875
0 0.4588676267508384 0.939208984375 0.0011836654172420597 0.00244140625
0 0.452850660879858 0.9404296875 0.0025646084040244622 0.005859375
0 0.7028506608798579 0.93798828125 0.0014795817715525744 0.0029296875
0 0.43297494574866835 0.938232421875 0.0012823042020122311 0.00341796875
0 0.11969816531860328 0.937744140625 0.0006904714933912014 0.00244140625
0 0.6480568159400276 0.93798828125 0.0023673308344841193 0.00390625
0 0.4486585125271257 0.939697265625 0.002663247188794634 0.00732421875
0 0.44599526533833106 0.937255859375 0.002071414480173604 0.00341796875
0 0.27895048333004535 0.9365234375 0.0023673308344841193 0.0029296875
0 0.5225882817123693 0.9375 0.0039455513908068654 0.0068359375
0 0.31243835075951865 0.93603515625 0.001085026632471888 0.00390625
0 0.10214046162951272 0.937744140625 0.00424146774511738 0.00927734375
0 0.5280627342671138 0.93310546875 0.0008877490629315447 0.001953125
0 0.09479187216413494 0.933837890625 0.0011836654172420597 0.00341796875
0 0.5033537186821858 0.932861328125 0.0013809429867824028 0.00244140625
0 0.11654172420595778 0.93603515625 0.003255079897415664 0.0087890625
0 0.4917143420793056 0.9326171875 0.0009863878477017164 0.0029296875
0 0.3286151114618268 0.932373046875 0.0006904714933912014 0.00244140625
0 0.52589268100217 0.93212890625 0.0014795817715525744 0.0029296875
0 0.4478200828565792 0.932861328125 0.002959163543105149 0.00439453125
0 0.4412606036693628 0.931884765625 0.001085026632471888 0.00244140625
0 0.2834385480370882 0.934814453125 0.003255079897415664 0.00830078125
0 0.2798382323929769 0.931640625 0.0009863878477017164 0.001953125
0 0.5122805287038864 0.932373046875 0.001874136910633261 0.00439453125
0 0.4605444860919313 0.931396484375 0.000789110278161373 0.00244140625
0 0.13750246596961926 0.93115234375 0.000789110278161373 0.001953125
0 0.27608995857171037 0.931640625 0.002170053264943776 0.00390625
0 0.2577924639968436 0.931640625 0.002663247188794634 0.00390625
0 0.3152495561254685 0.9306640625 0.0011836654172420597 0.0029296875
0 0.10618465180508976 0.92919921875 0.0008877490629315447 0.001953125
0 0.49876701519037286 0.929443359375 0.0016768593410929177 0.00341796875
0 0.3058788715723022 0.9267578125 0.0011836654172420597 0.00390625
0 0.19939830341290196 0.927490234375 0.0028605247583349774 0.00537109375
0 0.48209706056421386 0.926025390625 0.002465969619254291 0.00341796875
0 0.47124679423949495 0.926025390625 0.001874136910633261 0.00341796875
0 0.47499506806076147 0.927490234375 0.004044190175577037 0.00732421875
0 0.2698263957388045 0.925048828125 0.0014795817715525744 0.00244140625
0 0.4952160189386467 0.924560546875 0.0008877490629315447 0.00244140625
0 0.2785066087985796 0.924560546875 0.0016768593410929177 0.00244140625
0 0.5017754981258631 0.925048828125 0.002170053264943776 0.00537109375
0 0.16526928388242257 0.92431640625 0.0036496350364963502 0.00390625
0 0.5249556125468534 0.9228515625 0.000789110278161373 0.001953125
0 0.49802722430459656 0.923095703125 0.000789110278161373 0.00244140625
0 0.1404123101203393 0.923583984375 0.002465969619254291 0.00341796875
0 0.44135924245413294 0.92529296875 0.002071414480173604 0.0078125
0 0.2749556125468534 0.9248046875 0.00424146774511738 0.0068359375
0 0.2711580193332018 0.923828125 0.0023673308344841193 0.0048828125
0 0.28388242256855395 0.923828125 0.005326494377589268 0.0068359375
0 0.17276583152495562 0.921142578125 0.001085026632471888 0.00244140625
0 0.3233379364766226 0.921142578125 0.0023673308344841193 0.00341796875
0 0.12744130992306174 0.92041015625 0.000789110278161373 0.0029296875
0 0.20048333004537383 0.921875 0.0030578023278753207 0.0068359375
0 0.4276977707634642 0.9189453125 0.0011836654172420597 0.001953125
0 0.4438745314657723 0.919921875 0.0011836654172420597 0.0048828125
0 0.30272243045965674 0.919677734375 0.003156441112645492 0.00439453125
0 0.10435983428684159 0.919189453125 0.0019727756954034327 0.00439453125
0 0.10051292168080489 0.919677734375 0.002170053264943776 0.00537109375
0 0.4885579009666601 0.91796875 0.0011836654172420597 0.0029296875
0 0.47026040639179323 0.918212890625 0.001085026632471888 0.00341796875
0 0.5461629512724403 0.916748046875 0.0009863878477017164 0.00244140625
0 0.2881732097060564 0.91552734375 0.0012823042020122311 0.0029296875
0 0.4513217597159203 0.915771484375 0.002071414480173604 0.00439453125
0 0.10667784572894062 0.91455078125 0.0008877490629315447 0.001953125
0 0.25473466166896824 0.914306640625 0.0014795817715525744 0.00244140625
0 0.4800749654764253 0.915283203125 0.0023673308344841193 0.00537109375
0 0.17508384296705465 0.915771484375 0.0023673308344841193 0.00634765625
0 0.2739692246991517 0.9150390625 0.002071414480173604 0.005859375
0 0.26805089761294143 0.913330078125 0.001085026632471888 0.00244140625
0 0.27909844150720065 0.91455078125 0.0022686920497139475 0.005859375
0 0.2708621029788913 0.914794921875 0.004340106529887552 0.00634765625
0 0.11506214243440521 0.913818359375 0.0016768593410929177 0.00439453125
0 0.4394851055434997 0.913330078125 0.0022686920497139475 0.00439453125
0 0.2990727954231604 0.91259765625 0.001578220556322746 0.0029296875
0 0.2844249358847899 0.913818359375 0.001874136910633261 0.00537109375
0 0.1043105148944565 0.912841796875 0.0028605247583349774 0.00341796875
0 0.527027027027027 0.911865234375 0.0013809429867824028 0.00244140625
0 0.48288617084237523 0.911865234375 0.0008877490629315447 0.00244140625
0 0.4328763069638982 0.912841796875 0.0014795817715525744 0.00439453125
0 0.28748273821266523 0.911865234375 0.0008877490629315447 0.00244140625
0 0.42616886959952655 0.91162109375 0.001085026632471888 0.00390625
0 0.28186032748076545 0.912841796875 0.0028605247583349774 0.00732421875
0 0.10140067074373643 0.91259765625 0.0027618859735648055 0.0068359375
0 0.43578615111461827 0.90966796875 0.0011836654172420597 0.001953125
0 0.27623791674886566 0.910888671875 0.0014795817715525744 0.00439453125
0 0.20294929966462813 0.910888671875 0.002071414480173604 0.00439453125
0 0.4983231406589071 0.9091796875 0.0009863878477017164 0.001953125
0 0.43756164924048135 0.913818359375 0.005721049516669955 0.01123046875
0 0.29507792463996846 0.911865234375 0.003452357466956007 0.00732421875
0 0.5151410534622214 0.90966796875 0.001874136910633261 0.00390625
0 0.433320181495364 0.90869140625 0.0019727756954034327 0.00390625
0 0.30775300848293546 0.90869140625 0.001578220556322746 0.00390625
0 0.44357861511146185 0.91015625 0.007496547642533044 0.0107421875
0 0.2778654566975735 0.906494140625 0.0017754981258630894 0.00341796875
0 0.191951075162754 0.90966796875 0.004734661668968239 0.009765625
0 0.29058985993292563 0.90869140625 0.002170053264943776 0.0087890625
0 0.29261195502071413 0.905029296875 0.0008877490629315447 0.00244140625
0 0.4565496153087394 0.90478515625 0.002071414480173604 0.0029296875
0 0.3027717498520418 0.9052734375 0.001085026632471888 0.00390625
0 0.24935884789899387 0.905517578125 0.0023673308344841193 0.00439453125
0 0.2656342473860722 0.904541015625 0.0027618859735648055 0.00341796875
0 0.17710593805484318 0.904296875 0.0008877490629315447 0.0029296875
0 0.671828763069639 0.904296875 0.002170053264943776 0.00390625
0 0.42542907871375024 0.9052734375 0.0017754981258630894 0.005859375
0 0.12990727954231604 0.906982421875 0.004142828960347208 0.00927734375
0 0.4731209311501282 0.904296875 0.0044387453146577235 0.0048828125
0 0.10322548826198462 0.90478515625 0.0014795817715525744 0.005859375
0 0.09094495955809824 0.90380859375 0.002170053264943776 0.00390625
0 0.4526533833103176 0.9033203125 0.0013809429867824028 0.00390625
0 0.2834878674294733 0.9052734375 0.004931939238508582 0.0078125
0 0.4926514105346222 0.904541015625 0.005819688301440126 0.00927734375
0 0.45941014006707437 0.903076171875 0.0016768593410929177 0.00634765625
0 0.2575458670349181 0.904296875 0.0027618859735648055 0.0087890625
0 0.48875517853620043 0.901123046875 0.001578220556322746 0.00341796875
0 0.4656737028999803 0.900634765625 0.0019727756954034327 0.00244140625
0 0.2427500493193924 0.900634765625 0.0009863878477017164 0.00244140625
0 0.25581968830144014 0.89990234375 0.0012823042020122311 0.001953125
0 0.2909350956796212 0.89990234375 0.001085026632471888 0.0029296875
0 0.5288518445452752 0.899169921875 0.0014795817715525744 0.00244140625
0 0.4713454330242651 0.89892578125 0.001874136910633261 0.0029296875
0 0.46813967251923455 0.898681640625 0.0013809429867824028 0.00244140625
0 0.287926612744131 0.903564453125 0.0033537186821858355 0.01220703125
0 0.13814361807062536 0.900634765625 0.0044387453146577235 0.00634765625
0 0.4370191359242454 0.899658203125 0.001874136910633261 0.00537109375
0 0.21542710593805484 0.898193359375 0.0013809429867824028 0.00244140625
0 0.5477904912211482 0.897705078125 0.0014795817715525744 0.00244140625
0 0.48387255869007695 0.899169921875 0.0028605247583349774 0.00537109375
0 0.44846123495758533 0.9013671875 0.005622410731899783 0.009765625
0 0.42365358058788716 0.90234375 0.003156441112645492 0.01171875
0 0.5111955020714145 0.897216796875 0.0008877490629315447 0.00244140625
0 0.27313079502860527 0.8994140625 0.0027618859735648055 0.0068359375
0 0.49077727362398893 0.897216796875 0.0012823042020122311 0.00341796875
0 0.3230420201223121 0.899169921875 0.002959163543105149 0.00732421875
0 0.44382521207338727 0.89697265625 0.001085026632471888 0.00390625
0 0.279295719076741 0.899169921875 0.00542513316235944 0.00830078125
0 0.20378772933517458 0.896484375 0.0009863878477017164 0.00390625
0 0.4537384099427895 0.895751953125 0.0009863878477017164 0.00341796875
0 0.31194515683566776 0.895751953125 0.0016768593410929177 0.00341796875
0 0.2768297494574867 0.895263671875 0.0006904714933912014 0.00244140625
0 0.27357466956007104 0.895751953125 0.0008877490629315447 0.00341796875
0 0.11165910435983428 0.89794921875 0.0033537186821858355 0.0078125
0 0.24531465772341685 0.895751953125 0.0013809429867824028 0.00439453125
0 0.182185835470507 0.895751953125 0.003156441112645492 0.00439453125
0 0.15742750049319393 0.89501953125 0.001578220556322746 0.00390625
0 0.5500098638784771 0.89453125 0.0011836654172420597 0.00390625
0 0.43563819293746303 0.895751953125 0.0016768593410929177 0.00634765625
0 0.29877687906884987 0.894287109375 0.001578220556322746 0.00341796875
0 0.2681002170053265 0.893310546875 0.002170053264943776 0.00244140625
0 0.29058985993292563 0.892822265625 0.000789110278161373 0.00244140625
0 0.2843262971000197 0.893798828125 0.0014795817715525744 0.00439453125
0 0.19347997632669164 0.895751953125 0.003452357466956007 0.00927734375
0 0.25833497731307953 0.8935546875 0.004142828960347208 0.005859375
0 0.11318800552377195 0.891845703125 0.0014795817715525744 0.00244140625
0 0.11116591043598342 0.8916015625 0.0013809429867824028 0.0029296875
0 0.3108601302031959 0.8935546875 0.002465969619254291 0.0078125
0 0.27391990530676663 0.890869140625 0.0009863878477017164 0.00244140625
0 0.275300848293549 0.890625 0.0009863878477017164 0.0029296875
0 0.44643913986979683 0.89013671875 0.002170053264943776 0.0029296875
0 0.14208916946143224 0.890380859375 0.0014795817715525744 0.00341796875
0 0.09587689879660682 0.89111328125 0.004537384099427895 0.0048828125
0 0.4778062734267114 0.8896484375 0.0011836654172420597 0.0029296875
0 0.160929177352535 0.892333984375 0.004044190175577037 0.00830078125
0 0.6791280331426317 0.888916015625 0.0009863878477017164 0.00244140625
0 0.2820576050503058 0.89013671875 0.002663247188794634 0.0048828125
0 0.13523377391990532 0.892822265625 0.0025646084040244622 0.01025390625
0 0.25157822055632273 0.888671875 0.0008877490629315447 0.0029296875
0 0.45590846320773326 0.887939453125 0.0009863878477017164 0.00244140625
0 0.30124284868810414 0.89208984375 0.0027618859735648055 0.0107421875
0 0.27273623988952456 0.887939453125 0.0009863878477017164 0.00244140625
0 0.13720654961530873 0.887939453125 0.002170053264943776 0.00341796875
0 0.42602091142237125 0.887451171875 0.0013809429867824028 0.00341796875
0 0.19555139080686526 0.8876953125 0.0016768593410929177 0.00390625
0 0.18164332215427106 0.88916015625 0.002465969619254291 0.0068359375
0 0.13266916551588084 0.8876953125 0.0017754981258630894 0.00390625
0 0.15762477806273426 0.886474609375 0.0011836654172420597 0.00244140625
0 0.15131189583744328 0.8876953125 0.0013809429867824028 0.0048828125
0 0.11762675083842968 0.886474609375 0.001085026632471888 0.00244140625
0 0.5607614914184257 0.885986328125 0.0017754981258630894 0.00244140625
0 0.4898402051686723 0.88623046875 0.0011836654172420597 0.0029296875
0 0.4510258433616098 0.887939453125 0.0022686920497139475 0.00634765625
0 0.17957190767409745 0.886962890625 0.002465969619254291 0.00439453125
0 0.09775103570724009 0.88623046875 0.0013809429867824028 0.0029296875
0 0.463207733280726 0.885986328125 0.0017754981258630894 0.00341796875
0 0.27732294338133756 0.886962890625 0.002465969619254291 0.00537109375
0 0.2658315249556125 0.887939453125 0.0033537186821858355 0.00732421875
0 0.11570329453541132 0.885986328125 0.0019727756954034327 0.00341796875
0 0.19249358847898995 0.886474609375 0.002465969619254291 0.00537109375
0 0.10731899782994674 0.884521484375 0.000789110278161373 0.00244140625
0 0.14031367133556916 0.8857421875 0.0022686920497139475 0.005859375
0 0.28940619451568356 0.887939453125 0.005918327086210298 0.01123046875
0 0.14347011244821464 0.886962890625 0.003452357466956007 0.00927734375
0 0.13449398303412902 0.884033203125 0.0008877490629315447 0.00341796875
0 0.3030183468139673 0.885009765625 0.002170053264943776 0.00634765625
0 0.29458473071611757 0.8828125 0.001085026632471888 0.001953125
0 0.2975932136516078 0.884765625 0.003550996251726179 0.0068359375
0 0.1487472874334188 0.883544921875 0.0033537186821858355 0.00439453125
0 0.0956303018346814 0.883544921875 0.002465969619254291 0.00439453125
0 0.2748076543696982 0.88232421875 0.000789110278161373 0.0029296875
0 0.1533833103176169 0.88232421875 0.000789110278161373 0.0029296875
0 0.13128822252909844 0.88232421875 0.001578220556322746 0.00390625
0 0.2521700532649438 0.8837890625 0.0030578023278753207 0.0078125
0 0.2385579009666601 0.88134765625 0.0014795817715525744 0.0029296875
0 0.4412606036693628 0.880615234375 0.0006904714933912014 0.00244140625
0 0.2718978102189781 0.8828125 0.001874136910633261 0.0068359375
0 0.2142434405208128 0.880126953125 0.0011836654172420597 0.00244140625
0 0.13587492602091142 0.880126953125 0.0016768593410929177 0.00244140625
0 0.49048135726967845 0.87939453125 0.0016768593410929177 0.001953125
0 0.42365358058788716 0.8798828125 0.0013809429867824028 0.0029296875
0 0.28698954428881435 0.88134765625 0.004044190175577037 0.005859375
0 0.26824817518248173 0.880126953125 0.004636022884198066 0.00439453125
0 0.13774906293154468 0.881103515625 0.001874136910633261 0.00634765625
0 0.09015584927993688 0.88037109375 0.0011836654172420597 0.0048828125
0 0.30819688301440124 0.880126953125 0.0028605247583349774 0.00537109375
0 0.20906490432037877 0.87841796875 0.0008877490629315447 0.001953125
0 0.2591240875912409 0.879638671875 0.003156441112645492 0.00537109375
0 0.09972381140264353 0.87939453125 0.001578220556322746 0.0048828125
0 0.16941211284276977 0.878662109375 0.0012823042020122311 0.00439453125
0 0.09272045768396134 0.87744140625 0.0017754981258630894 0.0029296875
0 0.23431643322154272 0.876708984375 0.001085026632471888 0.00244140625
0 0.6096370092720458 0.87646484375 0.0014795817715525744 0.0029296875
0 0.1798185046360229 0.87890625 0.0061156046557506415 0.0078125
0 0.43899191161964884 0.87548828125 0.0014795817715525744 0.0029296875
0 0.2433418820280134 0.874755859375 0.0013809429867824028 0.00244140625
0 0.5408857762872361 0.874267578125 0.0008877490629315447 0.00244140625
0 0.1376504241467745 0.874267578125 0.0014795817715525744 0.00244140625
0 0.13513513513513514 0.874755859375 0.003156441112645492 0.00341796875
0 0.30336358256066287 0.876220703125 0.004636022884198066 0.00732421875
0 0.2801341487472874 0.87353515625 0.0009863878477017164 0.001953125
0 0.1060366936279345 0.874267578125 0.0011836654172420597 0.00341796875
0 0.43376405602682977 0.8740234375 0.002071414480173604 0.00390625
0 0.27668179128033143 0.874755859375 0.0027618859735648055 0.00537109375
0 0.17123693036101795 0.875244140625 0.0019727756954034327 0.00634765625
0 0.3105642138488854 0.87353515625 0.0014795817715525744 0.00390625
0 0.1306963898204774 0.87353515625 0.0013809429867824028 0.00390625
0 0.12073387255869007 0.87353515625 0.002170053264943776 0.00390625
0 0.2586802130597751 0.87255859375 0.0008877490629315447 0.0029296875
0 0.18509567962122705 0.872802734375 0.0014795817715525744 0.00341796875
0 0.10741763661471691 0.872314453125 0.0005918327086210298 0.00244140625
0 0.4588676267508384 0.8740234375 0.003748273821266522 0.0068359375
0 0.47282501479581773 0.87109375 0.001085026632471888 0.0029296875
0 0.11131386861313869 0.871826171875 0.001874136910633261 0.00439453125
0 0.5687019135924245 0.870849609375 0.0016768593410929177 0.00341796875
0 0.48900177549812585 0.87060546875 0.0016768593410929177 0.0029296875
0 0.4521108699940817 0.870849609375 0.0014795817715525744 0.00341796875
0 0.1278851844545275 0.873291015625 0.0028605247583349774 0.00830078125
0 0.28807457092128624 0.871826171875 0.001874136910633261 0.00634765625
0 0.2717005326494378 0.8701171875 0.001085026632471888 0.0029296875
0 0.2502465969619254 0.87353515625 0.003748273821266522 0.009765625
0 0.2458078516472677 0.8701171875 0.0017754981258630894 0.0029296875
0 0.1906194515683567 0.8701171875 0.0014795817715525744 0.0029296875
0 0.12295324521601894 0.870849609375 0.0012823042020122311 0.00439453125
0 0.1147662260800947 0.870849609375 0.002465969619254291 0.00537109375
0 0.5864568948510555 0.868896484375 0.0012823042020122311 0.00244140625
0 0.2943874531465772 0.874267578125 0.00424146774511738 0.01318359375
0 0.2737226277372263 0.868896484375 0.0011836654172420597 0.00244140625
0 0.49176366147169065 0.870361328125 0.004044190175577037 0.00634765625
0 0.4618267902939436 0.869140625 0.002170053264943776 0.00390625
0 0.4377096074176366 0.868896484375 0.001085026632471888 0.00341796875
0 0.3071118563819294 0.870361328125 0.0016768593410929177 0.00634765625
0 0.14100414282896034 0.872314453125 0.0038469126060366936 0.01025390625
0 0.11767607023081475 0.872314453125 0.0025646084040244622 0.01025390625
0 0.47055632274610376 0.868408203125 0.0012823042020122311 0.00341796875
0 0.5468534227658315 0.8671875 0.0011836654172420597 0.001953125
0 0.2801341487472874 0.867431640625 0.0009863878477017164 0.00244140625
0 0.09050108502663247 0.867919921875 0.001874136910633261 0.00341796875
0 0.2613927796409548 0.865478515625 0.001578220556322746 0.00244140625
0 0.32767804300651016 0.86572265625 0.002170053264943776 0.00390625
0 0.3026731110672716 0.864501953125 0.0006904714933912014 0.00244140625
0 0.11634444663641744 0.864501953125 0.0016768593410929177 0.00244140625
0 0.15530676662063522 0.86376953125 0.0006904714933912014 0.001953125
0 0.287926612744131 0.8642578125 0.001578220556322746 0.00390625
0 0.14480173604261196 0.868408203125 0.0033537186821858355 0.01220703125
0 0.48096271453935685 0.864013671875 0.003550996251726179 0.00439453125
0 0.5779739593608206 0.862548828125 0.0012823042020122311 0.00244140625
0 0.4924048135726968 0.86328125 0.0011836654172420597 0.00390625
0 0.4596567370289998 0.862548828125 0.000789110278161373 0.00244140625
0 0.3095285066087986 0.86328125 0.0023673308344841193 0.0048828125
0 0.13932728348786744 0.86328125 0.006214243440520813 0.005859375
0 0.43830144012625766 0.86376953125 0.005622410731899783 0.0078125
0 0.28486881041625567 0.861328125 0.0027618859735648055 0.0029296875
0 0.1342967054645887 0.863525390625 0.002465969619254291 0.00830078125
0 0.1070724008680213 0.863525390625 0.002071414480173604 0.00830078125
0 0.2982343657526139 0.8603515625 0.0012823042020122311 0.0029296875
0 0.2959163543105149 0.8623046875 0.003156441112645492 0.0068359375
0 0.28087393963306373 0.860107421875 0.0008877490629315447 0.00244140625
0 0.2736239889524561 0.860595703125 0.0009863878477017164 0.00341796875
0 0.5414282896034721 0.859375 0.0011836654172420597 0.001953125
0 0.12709607417636615 0.861083984375 0.0016768593410929177 0.00537109375
0 0.46947129611363186 0.859619140625 0.0038469126060366936 0.00341796875
0 0.25665811797198657 0.8603515625 0.0019727756954034327 0.0048828125
0 0.4962517261787335 0.85888671875 0.0009863878477017164 0.0029296875
0 0.30272243045965674 0.859130859375 0.0013809429867824028 0.00341796875
0 0.3104655750641152 0.85791015625 0.001085026632471888 0.001953125
0 0.2624778062734267 0.8583984375 0.0013809429867824028 0.0029296875
0 0.25014795817715524 0.86181640625 0.0025646084040244622 0.009765625
0 0.2694318405997238 0.857421875 0.0008877490629315447 0.001953125
0 0.20418228447425527 0.858154296875 0.0027618859735648055 0.00341796875
0 0.2676563424738607 0.85693359375 0.001085026632471888 0.001953125
0 0.442542907871375 0.8564453125 0.001874136910633261 0.001953125
0 0.2764845137107911 0.863525390625 0.004340106529887552 0.01611328125
0 0.1786841586111659 0.856689453125 0.001085026632471888 0.00244140625
0 0.14213848885381733 0.857177734375 0.0011836654172420597 0.00341796875
0 0.1370585914381535 0.858642578125 0.0030578023278753207 0.00634765625
0 0.49743539159597555 0.856201171875 0.0013809429867824028 0.00244140625
0 0.46562438350759516 0.85595703125 0.0006904714933912014 0.001953125
0 0.4607417636614717 0.856689453125 0.0023673308344841193 0.00341796875
0 0.44796804103373444 0.857421875 0.0016768593410929177 0.0048828125
0 0.15496153087393963 0.858154296875 0.003748273821266522 0.00634765625
0 0.13089366739001776 0.858154296875 0.0017754981258630894 0.00634765625
0 0.29123101203393176 0.856689453125 0.0012823042020122311 0.00439453125
0 0.2600611560465575 0.856201171875 0.0016768593410929177 0.00341796875
0 0.254586703491813 0.85693359375 0.0027618859735648055 0.0048828125
0 0.11289208916946143 0.85595703125 0.0028605247583349774 0.00390625
0 0.2934997040836457 0.85498046875 0.0008877490629315447 0.0029296875
0 0.2833892286447031 0.854248046875 0.0009863878477017164 0.00244140625
0 0.26361215229828366 0.854736328125 0.002663247188794634 0.00341796875
0 0.20748668376405602 0.854248046875 0.0008877490629315447 0.00244140625
0 0.28629907279542316 0.854736328125 0.002071414480173604 0.00439453125
0 0.15629315446833694 0.8544921875 0.001085026632471888 0.00390625
0 0.45294929966462816 0.853515625 0.002170053264943776 0.0029296875
0 0.4349970408364569 0.8564453125 0.0025646084040244622 0.0087890625
0 0.32314065890708227 0.853515625 0.0009863878477017164 0.0029296875
0 0.0980962714539357 0.85400390625 0.001874136910633261 0.00390625
0 0.0935095679621227 0.853759765625 0.003748273821266522 0.00341796875
0 0.29670546458867625 0.85302734375 0.003156441112645492 0.0029296875
0 0.14386466758729533 0.852294921875 0.0012823042020122311 0.00244140625
0 0.4898402051686723 0.852294921875 0.0011836654172420597 0.00341796875
0 0.10613533241270467 0.854248046875 0.0033537186821858355 0.00732421875
0 0.46330637206549613 0.851318359375 0.0013809429867824028 0.00244140625
0 0.3210199250345236 0.8525390625 0.0022686920497139475 0.0048828125
0 0.3091339514697179 0.851806640625 0.001578220556322746 0.00341796875
0 0.26099822450187415 0.852783203125 0.0019727756954034327 0.00537109375
0 0.4387946340501085 0.85107421875 0.0016768593410929177 0.00390625
0 0.18193923850858157 0.851806640625 0.001874136910633261 0.00537109375
0 0.16009074768198855 0.85302734375 0.005721049516669955 0.0078125
0 0.28669362793450387 0.85009765625 0.0008877490629315447 0.0029296875
0 0.5527717498520418 0.849365234375 0.0009863878477017164 0.00244140625
0 0.19219767212467942 0.8525390625 0.003452357466956007 0.0087890625
0 0.28181100808838033 0.848876953125 0.0011836654172420597 0.00244140625
0 0.2555730913395147 0.8486328125 0.0013809429867824028 0.00390625
0 0.1786841586111659 0.849853515625 0.002071414480173604 0.00634765625
0 0.12941408561846518 0.85107421875 0.002170053264943776 0.0087890625
0 0.27465969619254293 0.84716796875 0.0006904714933912014 0.001953125
0 0.440224896429276 0.852294921875 0.003550996251726179 0.01318359375
0 0.16083053856776486 0.846923828125 0.0012823042020122311 0.00244140625
0 0.15619451568356676 0.846923828125 0.0012823042020122311 0.00244140625
0 0.11318800552377195 0.84716796875 0.0012823042020122311 0.0029296875
0 0.2978891300059183 0.847412109375 0.004734661668968239 0.00537109375
0 0.136220161767607 0.84912109375 0.006312882225290984 0.0087890625
0 0.3140165713158414 0.84619140625 0.001874136910633261 0.00390625
0 0.2684947721444072 0.8486328125 0.002959163543105149 0.0087890625
0 0.2658315249556125 0.847412109375 0.0017754981258630894 0.00634765625
0 0.16600907476819884 0.848876953125 0.007496547642533044 0.00927734375
0 0.2727855592819097 0.8447265625 0.001085026632471888 0.001953125
0 0.32205563227461037 0.8447265625 0.000789110278161373 0.0029296875
0 0.2948806470704281 0.8447265625 0.0016768593410929177 0.0029296875
0 0.2927599131978694 0.845458984375 0.0019727756954034327 0.00439453125
0 0.24255277174985204 0.844970703125 0.0017754981258630894 0.00341796875
0 0.47381140264351945 0.84423828125 0.002071414480173604 0.0029296875
0 0.2708621029788913 0.843994140625 0.001578220556322746 0.00244140625
0 0.1533833103176169 0.844482421875 0.0023673308344841193 0.00341796875
0 0.5458670349181298 0.843505859375 0.0009863878477017164 0.00244140625
0 0.6995462615900572 0.84375 0.003156441112645492 0.00390625
0 0.43687117774709017 0.84423828125 0.0072992700729927005 0.0048828125
0 0.12556717301242848 0.846435546875 0.004340106529887552 0.00927734375
0 0.317814164529493 0.846435546875 0.004931939238508582 0.01025390625
0 0.21340501085026634 0.843017578125 0.001085026632471888 0.00341796875
0 0.2033931741960939 0.8427734375 0.0009863878477017164 0.0029296875
0 0.19165515880844347 0.8427734375 0.002170053264943776 0.0029296875
0 0.42641546656145196 0.842041015625 0.0009863878477017164 0.00244140625
0 0.3015880844347998 0.84228515625 0.001085026632471888 0.0029296875
0 0.22987768790688498 0.843017578125 0.0012823042020122311 0.00439453125
0 0.21858354705070032 0.842529296875 0.0013809429867824028 0.00341796875
0 0.4235056224107319 0.844970703125 0.005227855592819097 0.00927734375
0 0.14075754586703493 0.841796875 0.002170053264943776 0.0029296875
0 0.4767212467942395 0.843017578125 0.003550996251726179 0.00634765625
0 0.29640954823436577 0.841796875 0.0009863878477017164 0.00390625
0 0.43193923850858157 0.841064453125 0.0013809429867824028 0.00341796875
0 0.25152890116393767 0.845947265625 0.0051292168080489245 0.01318359375
0 0.15224896429275991 0.840576171875 0.002071414480173604 0.00244140625
0 0.11624580785164727 0.841552734375 0.0014795817715525744 0.00439453125
0 0.10791083053856776 0.841552734375 0.001578220556322746 0.00439453125
0 0.444811599921089 0.84130859375 0.003452357466956007 0.0048828125
0 0.09750443874531466 0.841064453125 0.0022686920497139475 0.00439453125
0 0.2983330045373841 0.8408203125 0.0014795817715525744 0.0048828125
0 0.13449398303412902 0.840087890625 0.002663247188794634 0.00341796875
0 0.1321266521996449 0.839599609375 0.0008877490629315447 0.00244140625
0 0.20077924639968436 0.8408203125 0.0036496350364963502 0.005859375
0 0.14978299467350562 0.839599609375 0.0022686920497139475 0.00341796875
0 0.13015387650424146 0.8408203125 0.001874136910633261 0.005859375
0 0.6711876109686329 0.838623046875 0.001085026632471888 0.00244140625
0 0.3032156243835076 0.839111328125 0.0009863878477017164 0.00341796875
0 0.24102387058591437 0.838623046875 0.0022686920497139475 0.00341796875
0 0.16270467547839812 0.83984375 0.002465969619254291 0.005859375
0 0.27559676464785954 0.841796875 0.004142828960347208 0.0107421875
0 0.5352140461629513 0.83740234375 0.0009863878477017164 0.0029296875
0 0.4654764253304399 0.8369140625 0.001578220556322746 0.001953125
0 0.2809725784178339 0.83740234375 0.002663247188794634 0.00390625
0 0.19772144407180903 0.837890625 0.0014795817715525744 0.0048828125
0 0.5740777273623989 0.836669921875 0.002170053264943776 0.00341796875
0 0.2305681594002762 0.8369140625 0.001085026632471888 0.00390625
0 0.17503452357466956 0.835693359375 0.002663247188794634 0.00244140625
0 0.15579996054448608 0.835693359375 0.0012823042020122311 0.00244140625
0 0.4694219767212468 0.83544921875 0.0027618859735648055 0.0029296875
0 0.46720260406391795 0.83544921875 0.0014795817715525744 0.0029296875
0 0.43923850858157426 0.835205078125 0.0009863878477017164 0.00244140625
0 0.28866640362990725 0.836181640625 0.001085026632471888 0.00439453125
0 0.4785460643124877 0.835205078125 0.001085026632471888 0.00341796875
0 0.4335174590649043 0.834716796875 0.0009863878477017164 0.00244140625
0 0.27036890905504046 0.835693359375 0.0017754981258630894 0.00439453125
0 0.191951075162754 0.835693359375 0.0017754981258630894 0.00439453125
0 0.1446044584730716 0.836669921875 0.001578220556322746 0.00634765625
0 0.11673900177549812 0.8359375 0.001874136910633261 0.005859375
0 0.11417439337147367 0.83447265625 0.0022686920497139475 0.0029296875
0 0.44377589268100215 0.833740234375 0.0009863878477017164 0.00244140625
0 0.32254882619846126 0.833984375 0.000789110278161373 0.0029296875
0 0.12191753797593213 0.83349609375 0.0009863878477017164 0.001953125
0 0.12073387255869007 0.833740234375 0.000789110278161373 0.00244140625
0 0.11230025646084041 0.833740234375 0.0008877490629315447 0.00244140625
0 0.27904912211481553 0.832763671875 0.0009863878477017164 0.00146484375
0 0.23293549023476032 0.83544921875 0.0030578023278753207 0.0068359375
0 0.19520615506016967 0.83544921875 0.0025646084040244622 0.0068359375
0 0.10963700927204577 0.833251953125 0.0014795817715525744 0.00244140625
0 0.44727756954034326 0.83447265625 0.0028605247583349774 0.005859375
0 0.4366739001775498 0.83544921875 0.0039455513908068654 0.0078125
0 0.3077036890905504 0.8359375 0.002465969619254291 0.0087890625
0 0.23027224304596566 0.833251953125 0.0008877490629315447 0.00341796875
0 0.1975734858946538 0.832763671875 0.0017754981258630894 0.00244140625
0 0.6287236141250739 0.832275390625 0.0009863878477017164 0.00244140625
0 0.43021305977510355 0.83349609375 0.002071414480173604 0.0048828125
0 0.27377194712961134 0.832275390625 0.0008877490629315447 0.00244140625
0 0.2673604261195502 0.834228515625 0.002071414480173604 0.00634765625
0 0.16058394160583941 0.839111328125 0.0051292168080489245 0.01611328125
0 0.47267705661866244 0.83251953125 0.0017754981258630894 0.00390625
0 0.28393174196093907 0.833251953125 0.001874136910633261 0.00634765625
0 0.16719274018544092 0.832275390625 0.0011836654172420597 0.00439453125
0 0.545373840994279 0.831298828125 0.0009863878477017164 0.00341796875
0 0.26085026632471886 0.832275390625 0.0014795817715525744 0.00537109375
0 0.17192740185440916 0.830810546875 0.0011836654172420597 0.00244140625
0 0.13252120733872558 0.830810546875 0.0016768593410929177 0.00244140625
0 0.19042217399881634 0.830810546875 0.0014795817715525744 0.00341796875
0 0.2567074373643717 0.837158203125 0.006411521010061156 0.01708984375
0 0.25029591635431053 0.829345703125 0.0006904714933912014 0.00244140625
0 0.17888143618070626 0.82958984375 0.002465969619254291 0.0029296875
0 0.16946143223515486 0.83056640625 0.002959163543105149 0.0048828125
0 0.4981751824817518 0.82958984375 0.003452357466956007 0.00390625
0 0.31076149141842574 0.830322265625 0.0014795817715525744 0.00537109375
0 0.1982146379956599 0.828857421875 0.001085026632471888 0.00244140625
0 0.13760110475438941 0.82958984375 0.0009863878477017164 0.00390625
0 0.6904221739988163 0.828125 0.0016768593410929177 0.001953125
0 0.5697869402248964 0.828369140625 0.001085026632471888 0.00244140625
0 0.28812389031367136 0.829345703125 0.004142828960347208 0.00439453125
0 0.27174985204182284 0.828125 0.001578220556322746 0.001953125
0 0.16571315841388834 0.834716796875 0.0039455513908068654 0.01513671875
0 0.14194121128427697 0.830810546875 0.0017754981258630894 0.00732421875
0 0.30656934306569344 0.828857421875 0.0019727756954034327 0.00439453125
0 0.2645985401459854 0.829345703125 0.002465969619254291 0.00537109375
0 0.10036496350364964 0.82861328125 0.0012823042020122311 0.00390625
0 0.6122509370684553 0.827392578125 0.0011836654172420597 0.00244140625
0 0.46325705267311107 0.827392578125 0.0014795817715525744 0.00244140625
0 0.17523180114420991 0.827392578125 0.0012823042020122311 0.00244140625
0 0.10564213848885382 0.832763671875 0.005918327086210298 0.01318359375
0 0.4562043795620438 0.826904296875 0.0009863878477017164 0.00244140625
0 0.4437265732886171 0.827392578125 0.0014795817715525744 0.00341796875
0 0.315496153087394 0.82666015625 0.0012823042020122311 0.001953125
0 0.26208325113434605 0.827880859375 0.002170053264943776 0.00439453125
0 0.2518248175182482 0.830078125 0.002170053264943776 0.0087890625
0 0.23584533438548036 0.831298828125 0.002959163543105149 0.01123046875
0 0.18884395344249358 0.828369140625 0.0022686920497139475 0.00537109375
0 0.1227559676464786 0.8271484375 0.001874136910633261 0.0029296875
0 0.27520220950877883 0.82861328125 0.0033537186821858355 0.0068359375
0 0.2568553955415269 0.8271484375 0.0019727756954034327 0.00390625
0 0.3135726967843756 0.826416015625 0.0017754981258630894 0.00341796875
0 0.29793844939830344 0.826171875 0.0014795817715525744 0.0029296875
0 0.2823042020122312 0.825927734375 0.000789110278161373 0.00244140625
0 0.1953541132373249 0.827880859375 0.00483330045373841 0.00634765625
0 0.18553955415269283 0.827880859375 0.003550996251726179 0.00634765625
0 0.11506214243440521 0.826171875 0.0014795817715525744 0.0029296875
0 0.4284868810416256 0.826416015625 0.0019727756954034327 0.00439453125
0 0.1706450976523969 0.8251953125 0.000789110278161373 0.001953125
0 0.4403728546064313 0.8251953125 0.003255079897415664 0.0029296875
0 0.1359735648056816 0.825439453125 0.0022686920497139475 0.00341796875
0 0.24773130795028606 0.82470703125 0.003255079897415664 0.0029296875
0 0.11067271651213258 0.824462890625 0.0009863878477017164 0.00244140625
0 0.12477806273426711 0.8251953125 0.0013809429867824028 0.0048828125
0 0.4923061747879266 0.824462890625 0.0023673308344841193 0.00439453125
0 0.31722233182087195 0.824462890625 0.001578220556322746 0.00439453125
0 0.25749654764253305 0.82373046875 0.0016768593410929177 0.0029296875
0 0.18124876701519038 0.823974609375 0.0008877490629315447 0.00341796875
0 0.3020812783586506 0.823486328125 0.0022686920497139475 0.00341796875
0 0.1676366147169067 0.825439453125 0.002663247188794634 0.00732421875
0 0.11792266719274018 0.822998046875 0.0006904714933912014 0.00244140625
0 0.10751627539948708 0.823974609375 0.0011836654172420597 0.00439453125
0 0.6196981653186032 0.822265625 0.0014795817715525744 0.001953125
0 0.2843262971000197 0.82275390625 0.002071414480173604 0.0029296875
0 0.30918327086210295 0.8232421875 0.001874136910633261 0.0048828125
0 0.26469717893075556 0.82177734375 0.0012823042020122311 0.001953125
0 0.20260406391793254 0.82177734375 0.0009863878477017164 0.001953125
0 0.160337344643914 0.82763671875 0.00424146774511738 0.013671875
0 0.447129611363188 0.822998046875 0.003748273821266522 0.00537109375
0 0.2750542513316236 0.821533203125 0.0012823042020122311 0.00244140625
0 0.2702702702702703 0.822265625 0.0011836654172420597 0.00390625
0 0.2437364371670941 0.8232421875 0.0027618859735648055 0.005859375
0 0.16398697968041034 0.821533203125 0.0008877490629315447 0.00244140625
0 0.13099230617478794 0.82177734375 0.0027618859735648055 0.00390625
0 0.26109686328664433 0.820556640625 0.000789110278161373 0.00244140625
0 0.10135135135135136 0.822265625 0.002663247188794634 0.005859375
0 0.4912211481554547 0.820068359375 0.0011836654172420597 0.00244140625
0 0.3122903925823634 0.82080078125 0.003748273821266522 0.00390625
0 0.2972479779049122 0.820556640625 0.0008877490629315447 0.00341796875
0 0.13395146971789307 0.82080078125 0.0013809429867824028 0.0048828125
0 0.4768198855790097 0.8193359375 0.0013809429867824028 0.0029296875
0 0.4429867824028408 0.819580078125 0.0025646084040244622 0.00341796875
0 0.28136713355691456 0.8203125 0.0028605247583349774 0.0048828125
0 0.2565101597948313 0.81982421875 0.001085026632471888 0.00390625
0 0.22213454330242652 0.819580078125 0.0017754981258630894 0.00341796875
0 0.19352929571907673 0.819580078125 0.0017754981258630894 0.00341796875
0 0.1693134740579996 0.819580078125 0.0012823042020122311 0.00341796875
0 0.12093115012823041 0.819580078125 0.001578220556322746 0.00341796875
0 0.11846518050897613 0.820068359375 0.001578220556322746 0.00439453125
0 0.4513710791083054 0.818603515625 0.0017754981258630894 0.00244140625
0 0.46542710593805486 0.818359375 0.001085026632471888 0.0029296875
0 0.43647662260800946 0.818115234375 0.0011836654172420597 0.00244140625
0 0.18766028802525153 0.8193359375 0.0016768593410929177 0.0048828125
0 0.1773525350167686 0.821533203125 0.0027618859735648055 0.00927734375
0 0.11042611955020715 0.818603515625 0.0008877490629315447 0.00341796875
0 0.4451568356677846 0.81787109375 0.0009863878477017164 0.0029296875
0 0.24906293154468337 0.81787109375 0.0009863878477017164 0.0029296875
0 0.2391990530676662 0.82080078125 0.005326494377589268 0.0087890625
0 0.15131189583744328 0.818359375 0.0017754981258630894 0.00390625
0 0.1386861313868613 0.817626953125 0.000789110278161373 0.00244140625
0 0.12566581179719866 0.818115234375 0.0023673308344841193 0.00341796875
0 0.6731603866640363 0.817138671875 0.0016768593410929177 0.00244140625
0 0.25951864273032155 0.817626953125 0.0011836654172420597 0.00341796875
0 0.10238705859143815 0.817138671875 0.0011836654172420597 0.00244140625
0 0.1432728348786743 0.8173828125 0.0012823042020122311 0.00390625
0 0.30775300848293546 0.81787109375 0.0023673308344841193 0.005859375
0 0.1992010258433616 0.816650390625 0.0014795817715525744 0.00341796875
0 0.12975932136516077 0.81640625 0.0016768593410929177 0.0029296875
0 0.6036200434010653 0.815673828125 0.0014795817715525744 0.00244140625
0 0.16265535608601303 0.816162109375 0.0013809429867824028 0.00341796875
0 0.15560268297494576 0.817626953125 0.001874136910633261 0.00634765625
0 0.4727756954034326 0.815185546875 0.0009863878477017164 0.00244140625
0 0.1898303412901953 0.815673828125 0.002465969619254291 0.00341796875
0 0.18381337541921483 0.818359375 0.004636022884198066 0.0087890625
0 0.29710001972775696 0.81494140625 0.001578220556322746 0.0029296875
0 0.22208522391004143 0.815185546875 0.001874136910633261 0.00341796875
0 0.1171828763069639 0.814697265625 0.0017754981258630894 0.00341796875
0 0.6451469717893076 0.813720703125 0.0008877490629315447 0.00244140625
0 0.5242158216610772 0.814453125 0.0028605247583349774 0.00390625
0 0.4220260406391793 0.815185546875 0.0022686920497139475 0.00537109375
0 0.24605444860919312 0.814208984375 0.001874136910633261 0.00341796875
0 0.19717893075557308 0.814453125 0.0009863878477017164 0.00390625
0 0.28486881041625567 0.81298828125 0.0013809429867824028 0.001953125
0 0.1797691852436378 0.814697265625 0.002465969619254291 0.00537109375
0 0.4683369500887749 0.8134765625 0.0017754981258630894 0.00390625
0 0.4474255277174985 0.813232421875 0.0011836654172420597 0.00341796875
0 0.21291181692641548 0.814453125 0.0036496350364963502 0.005859375
0 0.1370092720457684 0.812744140625 0.001578220556322746 0.00244140625
0 0.28319195107516276 0.812255859375 0.0005918327086210298 0.00244140625
0 0.21794239494969422 0.812744140625 0.0022686920497139475 0.00341796875
0 0.21064312487670153 0.8125 0.0014795817715525744 0.0029296875
0 0.17685934109291773 0.813232421875 0.0039455513908068654 0.00439453125
0 0.12359439731702505 0.81298828125 0.0017754981258630894 0.00390625
0 0.4290293943578615 0.814208984375 0.0036496350364963502 0.00732421875
0 0.18766028802525153 0.8115234375 0.001085026632471888 0.001953125
0 0.13922864470309726 0.8115234375 0.0008877490629315447 0.0029296875
0 0.5760011836654172 0.810791015625 0.0012823042020122311 0.00244140625
0 0.4405701321759716 0.810791015625 0.0008877490629315447 0.00244140625
0 0.2892089169461432 0.811279296875 0.0017754981258630894 0.00341796875
0 0.255178536200434 0.81103515625 0.0013809429867824028 0.0029296875
0 0.21567370289998028 0.812744140625 0.0016768593410929177 0.00634765625
0 0.16610771355296902 0.8115234375 0.001578220556322746 0.00390625
0 0.1478102189781022 0.812255859375 0.0014795817715525744 0.00537109375
0 0.44283882422568555 0.810302734375 0.0014795817715525744 0.00244140625
0 0.3099723811402644 0.812744140625 0.002071414480173604 0.00732421875
0 0.16216216216216217 0.810546875 0.000789110278161373 0.0029296875
0 0.4335667784572894 0.810546875 0.0030578023278753207 0.00390625
0 0.24575853225488262 0.8095703125 0.0006904714933912014 0.001953125
0 0.1436180706253699 0.810302734375 0.002170053264943776 0.00341796875
0 0.4596074176366147 0.81005859375 0.0022686920497139475 0.00390625
0 0.3139179325310712 0.809326171875 0.0008877490629315447 0.00244140625
0 0.13227461037680016 0.8125 0.0023673308344841193 0.0087890625
0 0.26681791280331424 0.808837890625 0.000789110278161373 0.00244140625
0 0.25823633852830935 0.810546875 0.003156441112645492 0.005859375
0 0.2128131781416453 0.809326171875 0.002071414480173604 0.00341796875
0 0.49575853225488264 0.8095703125 0.0023673308344841193 0.0048828125
0 0.301144209903334 0.812255859375 0.002959163543105149 0.01025390625
0 0.2753994870783192 0.808837890625 0.0013809429867824028 0.00341796875
0 0.26864273032156244 0.80908203125 0.0016768593410929177 0.00390625
0 0.4363286644308542 0.807861328125 0.0022686920497139475 0.00244140625
0 0.3174196093904123 0.80810546875 0.000789110278161373 0.0029296875
0 0.236782402840797 0.81005859375 0.0016768593410929177 0.0068359375
0 0.23273821266521996 0.810302734375 0.00483330045373841 0.00732421875
0 0.12877293351745905 0.807861328125 0.0014795817715525744 0.00244140625
0 0.6305977510357073 0.807373046875 0.0005918327086210298 0.00244140625
0 0.2141941211284277 0.80712890625 0.0008877490629315447 0.0029296875
0 0.19096468731505228 0.80712890625 0.0009863878477017164 0.0029296875
0 0.4669066877096074 0.806640625 0.001085026632471888 0.0029296875
0 0.4486585125271257 0.8076171875 0.003255079897415664 0.0048828125
0 0.29468336950088775 0.806396484375 0.001085026632471888 0.00244140625
0 0.2208029197080292 0.80908203125 0.0066087985796014995 0.0078125
0 0.43410929177352536 0.80615234375 0.000789110278161373 0.0029296875
0 0.23392187808246204 0.806396484375 0.0016768593410929177 0.00341796875
0 0.13858749260209113 0.8056640625 0.000789110278161373 0.001953125
0 0.27357466956007104 0.8076171875 0.001874136910633261 0.0068359375
0 0.2548826198461235 0.80517578125 0.0009863878477017164 0.001953125
0 0.2509370684553166 0.805419921875 0.0009863878477017164 0.00244140625
0 0.15491221148155454 0.8076171875 0.002663247188794634 0.0068359375
0 0.547741171828763 0.8046875 0.000789110278161373 0.001953125
0 0.43825212073387254 0.804931640625 0.000789110278161373 0.00244140625
0 0.1651706450976524 0.806640625 0.002663247188794634 0.005859375
0 0.3071118563819294 0.806396484375 0.0028605247583349774 0.00634765625
0 0.2388538173209706 0.8046875 0.0008877490629315447 0.0029296875
0 0.22972972972972974 0.8046875 0.0011836654172420597 0.0029296875
0 0.17572499506806077 0.805908203125 0.0028605247583349774 0.00537109375
0 0.11570329453541132 0.80419921875 0.0009863878477017164 0.001953125
0 0.3132767804300651 0.80517578125 0.0023673308344841193 0.0048828125
0 0.23683172223318208 0.80419921875 0.0017754981258630894 0.0029296875
0 0.16837640560268297 0.80810546875 0.0033537186821858355 0.0107421875
0 0.29951666995462617 0.80419921875 0.003255079897415664 0.00390625
0 0.11836654172420595 0.8046875 0.0017754981258630894 0.0048828125
0 0.6754783981061353 0.802734375 0.0009863878477017164 0.001953125
0 0.24225685539554154 0.802978515625 0.0017754981258630894 0.00244140625
0 0.26124482146379957 0.805419921875 0.002465969619254291 0.00830078125
0 0.28102189781021897 0.8017578125 0.0013809429867824028 0.001953125
0 0.2645985401459854 0.80322265625 0.0036496350364963502 0.0048828125
0 0.25710199250345234 0.8037109375 0.0030578023278753207 0.005859375
0 0.19762280528703888 0.806640625 0.00542513316235944 0.01171875
0 0.15910435983428683 0.806640625 0.004340106529887552 0.0126953125
0 0.12162162162162163 0.801513671875 0.0009863878477017164 0.00244140625
0 0.46621621621621623 0.800537109375 0.0012823042020122311 0.00244140625
0 0.28876504241467743 0.800537109375 0.0012823042020122311 0.00341796875
0 0.23910041428289602 0.7998046875 0.0023673308344841193 0.001953125
0 0.1894851055434997 0.802490234375 0.005326494377589268 0.00732421875
0 0.1766620635233774 0.800048828125 0.0013809429867824028 0.00244140625
0 0.24561057407772735 0.801025390625 0.0019727756954034327 0.00537109375
0 0.2117774709015585 0.79931640625 0.0017754981258630894 0.001953125
0 0.4748964292759913 0.799072265625 0.0016768593410929177 0.00244140625
0 0.2944860919313474 0.80029296875 0.001874136910633261 0.0048828125
0 0.25399487078319194 0.801025390625 0.002959163543105149 0.00732421875
0 0.2148845926218189 0.801513671875 0.0036496350364963502 0.00830078125
0 0.09710988360623397 0.80029296875 0.0014795817715525744 0.005859375
0 0.4411126454922075 0.7978515625 0.0009863878477017164 0.001953125
0 0.12339711974748471 0.798095703125 0.0009863878477017164 0.00244140625
0 0.30859143815348195 0.797607421875 0.0008877490629315447 0.00244140625
0 0.21843558887354508 0.798583984375 0.002663247188794634 0.00439453125
0 0.20294929966462813 0.798095703125 0.002465969619254291 0.00341796875
0 0.11950088774906294 0.797607421875 0.0022686920497139475 0.00244140625
0 0.2239593608206747 0.800537109375 0.005622410731899783 0.00927734375
0 0.19076740974551193 0.797119140625 0.001578220556322746 0.00244140625
0 0.17089169461432235 0.797607421875 0.002465969619254291 0.00341796875
0 0.1891398697968041 0.796875 0.0012823042020122311 0.0029296875
0 0.48352732294338135 0.796142578125 0.0013809429867824028 0.00244140625
0 0.30079897415663837 0.79736328125 0.002465969619254291 0.0048828125
0 0.23658512527125666 0.796142578125 0.0016768593410929177 0.00244140625
0 0.20837443282698756 0.79931640625 0.002465969619254291 0.0087890625
0 0.1936279345038469 0.798828125 0.0023673308344841193 0.0078125
0 0.1756263562832906 0.796630859375 0.001085026632471888 0.00341796875
0 0.13794634050108504 0.79638671875 0.001085026632471888 0.0029296875
0 0.12783586506214242 0.79638671875 0.002170053264943776 0.0029296875
0 0.47267705661866244 0.795654296875 0.0011836654172420597 0.00244140625
0 0.1630499112250937 0.796630859375 0.001578220556322746 0.00439453125
0 0.15811797198658512 0.79541015625 0.000789110278161373 0.001953125
0 0.3258039060958769 0.79736328125 0.0033537186821858355 0.0068359375
0 0.3190964687315052 0.79443359375 0.0013809429867824028 0.001953125
0 0.543696981653186 0.7939453125 0.0011836654172420597 0.001953125
0 0.24186230025646083 0.795654296875 0.0025646084040244622 0.00634765625
0 0.2287926612744131 0.797119140625 0.005622410731899783 0.00927734375
0 0.19801736042611956 0.795166015625 0.002071414480173604 0.00537109375
0 0.16556520023673307 0.796630859375 0.003452357466956007 0.00830078125
0 0.32817123693036104 0.794189453125 0.0019727756954034327 0.00537109375
0 0.18484908265930164 0.792724609375 0.0009863878477017164 0.00244140625
0 0.14268100217005328 0.793212890625 0.0012823042020122311 0.00341796875
0 0.7148845926218189 0.793212890625 0.0016768593410929177 0.00439453125
0 0.4748964292759913 0.79248046875 0.0022686920497139475 0.0029296875
0 0.1456894851055435 0.794921875 0.002170053264943776 0.0078125
0 0.323535214046163 0.7919921875 0.0011836654172420597 0.0029296875
0 0.20225882817123694 0.7919921875 0.0014795817715525744 0.0029296875
0 0.15870980469520615 0.792236328125 0.0013809429867824028 0.00341796875
0 0.30908463207733283 0.791259765625 0.0012823042020122311 0.00244140625
0 0.30079897415663837 0.791015625 0.001874136910633261 0.001953125
0 0.2917242059577826 0.791748046875 0.0008877490629315447 0.00341796875
0 0.21744920102584336 0.792236328125 0.0012823042020122311 0.00439453125
0 0.33389228644703095 0.79248046875 0.0023673308344841193 0.005859375
0 0.19002761885973565 0.792236328125 0.004636022884198066 0.00537109375
0 0.16921483527322945 0.791259765625 0.002071414480173604 0.00341796875
0 0.16748865653975142 0.7919921875 0.0011836654172420597 0.0048828125
0 0.13967251923456303 0.791259765625 0.0011836654172420597 0.00341796875
0 0.20378772933517458 0.790771484375 0.0011836654172420597 0.00341796875
0 0.15634247386072203 0.792724609375 0.0017754981258630894 0.00732421875
0 0.31559479187216416 0.791015625 0.003255079897415664 0.005859375
0 0.2894555139080687 0.790283203125 0.002465969619254291 0.00439453125
0 0.26647267705661865 0.789306640625 0.0008877490629315447 0.00244140625
0 0.43193923850858157 0.789794921875 0.002959163543105149 0.00439453125
0 0.19569934898402053 0.7900390625 0.0023673308344841193 0.0048828125
0 0.24842177944367724 0.792236328125 0.003452357466956007 0.01025390625
0 0.22262773722627738 0.78857421875 0.0017754981258630894 0.0029296875
0 0.2102978891300059 0.788330078125 0.0025646084040244622 0.00244140625
0 0.13242256855395543 0.78759765625 0.0008877490629315447 0.001953125
0 0.28008482935490236 0.787353515625 0.0014795817715525744 0.00244140625
0 0.19841191556520024 0.788818359375 0.0016768593410929177 0.00537109375
0 0.2605543499704084 0.788330078125 0.001874136910633261 0.00537109375
0 0.2451173801538765 0.787841796875 0.0011836654172420597 0.00439453125
0 0.24018544091536792 0.787353515625 0.0019727756954034327 0.00341796875
0 0.2278062734267114 0.787109375 0.0008877490629315447 0.0029296875
0 0.22455119352929573 0.788330078125 0.0016768593410929177 0.00537109375
0 0.49950680607614917 0.785888671875 0.0011836654172420597 0.00244140625
0 0.23096271453935688 0.786865234375 0.0012823042020122311 0.00439453125
0 0.18312290392582364 0.786865234375 0.0022686920497139475 0.00439453125
0 0.44032353521404616 0.785400390625 0.0011836654172420597 0.00244140625
0 0.3325113434602486 0.787841796875 0.002170053264943776 0.00732421875
0 0.17898007496547644 0.78515625 0.001085026632471888 0.001953125
0 0.42967054645886765 0.787109375 0.002170053264943776 0.0068359375
0 0.33621029788913 0.78662109375 0.0022686920497139475 0.0068359375
0 0.32531071217202606 0.784912109375 0.0013809429867824028 0.00341796875
0 0.16329650818701913 0.78466796875 0.001085026632471888 0.0029296875
0 0.20359045176563426 0.78466796875 0.0019727756954034327 0.00390625
0 0.3017853620043401 0.7841796875 0.002071414480173604 0.00390625
0 0.2079305582955218 0.78759765625 0.0039455513908068654 0.0107421875
0 0.26376011047543896 0.786376953125 0.0039455513908068654 0.00927734375
0 0.16561451962911816 0.783447265625 0.001578220556322746 0.00341796875
0 0.47484710988360623 0.7822265625 0.0009863878477017164 0.001953125
0 0.3340895640165713 0.782470703125 0.0019727756954034327 0.00341796875
0 0.2852633655553364 0.78173828125 0.000789110278161373 0.001953125
0 0.23411915565200236 0.782958984375 0.0012823042020122311 0.00439453125
0 0.198855790096666 0.7822265625 0.0009863878477017164 0.0029296875
0 0.49718879463405014 0.78125 0.001085026632471888 0.001953125
0 0.24427895048333004 0.781494140625 0.001874136910633261 0.00244140625
0 0.216660090747682 0.784912109375 0.0028605247583349774 0.00927734375
0 0.4347011244821464 0.7822265625 0.0023673308344841193 0.0048828125
0 0.23293549023476032 0.781005859375 0.001085026632471888 0.00244140625
0 0.4277470901558493 0.781982421875 0.0014795817715525744 0.00537109375
0 0.27752022095087786 0.78076171875 0.001085026632471888 0.0029296875
0 0.1443085421187611 0.781982421875 0.0013809429867824028 0.00537109375
0 0.5561254685342276 0.77978515625 0.000789110278161373 0.001953125
0 0.19288814361807063 0.78076171875 0.0044387453146577235 0.0048828125
0 0.43682185835470505 0.779052734375 0.001085026632471888 0.00244140625
0 0.2249457486683764 0.78076171875 0.0016768593410929177 0.005859375
0 0.1720753600315644 0.7802734375 0.0012823042020122311 0.0048828125
0 0.1589564016571316 0.778564453125 0.0008877490629315447 0.00244140625
0 0.2499506806076149 0.780029296875 0.003550996251726179 0.00634765625
0 0.24230617478792663 0.781494140625 0.004044190175577037 0.00927734375
0 0.16817912803314264 0.779296875 0.002170053264943776 0.0048828125
0 0.4239001775498126 0.77880859375 0.0014795817715525744 0.0048828125
0 0.4218780824620241 0.777587890625 0.0011836654172420597 0.00244140625
0 0.28289603472085223 0.778564453125 0.0013809429867824028 0.00439453125
0 0.18647662260800946 0.777587890625 0.0016768593410929177 0.00244140625
0 0.3151015979483133 0.77978515625 0.0044387453146577235 0.0078125
0 0.2868415861116591 0.7763671875 0.0009863878477017164 0.001953125
0 0.32156243835075954 0.7763671875 0.0011836654172420597 0.0029296875
0 0.1989051094890511 0.7763671875 0.001085026632471888 0.0029296875
0 0.1759715920299862 0.776123046875 0.0009863878477017164 0.00244140625
0 0.14978299467350562 0.777587890625 0.002071414480173604 0.00537109375
0 0.66669954626159 0.7744140625 0.0023673308344841193 0.001953125
0 0.3301440126257644 0.776123046875 0.001578220556322746 0.00537109375
0 0.2075360031564411 0.774169921875 0.0017754981258630894 0.00341796875
0 0.1951075162753995 0.773681640625 0.001578220556322746 0.00244140625
0 0.5470507003353718 0.773193359375 0.0011836654172420597 0.00244140625
0 0.25256460840402445 0.77294921875 0.001085026632471888 0.001953125
0 0.42996646281317813 0.776123046875 0.004340106529887552 0.00927734375
0 0.2781120536594989 0.77197265625 0.0008877490629315447 0.001953125
0 0.21320773328072598 0.771484375 0.0014795817715525744 0.001953125
0 0.18327086210297888 0.771728515625 0.0013809429867824028 0.00244140625
0 0.16073189978299468 0.7734375 0.0030578023278753207 0.005859375
0 0.4237028999802722 0.772705078125 0.005030578023278753 0.00537109375
0 0.2993193923850858 0.77197265625 0.001085026632471888 0.00390625
0 0.23530282106924444 0.771484375 0.0012823042020122311 0.0029296875
0 0.22233182087196685 0.771484375 0.001578220556322746 0.0029296875
0 0.3326593016374038 0.7734375 0.002071414480173604 0.0078125
0 0.3037581376997435 0.77099609375 0.0022686920497139475 0.0029296875
0 0.215525744722825 0.77099609375 0.0011836654172420597 0.0029296875
0 0.1853422765831525 0.771240234375 0.002170053264943776 0.00341796875
0 0.1512625764450582 0.7705078125 0.0008877490629315447 0.001953125
0 0.2514302623791675 0.770263671875 0.0011836654172420597 0.00244140625
0 0.32289406194515685 0.77099609375 0.0012823042020122311 0.0048828125
0 0.4318405997238114 0.76953125 0.0011836654172420597 0.0029296875
0 0.329897415663839 0.77001953125 0.0014795817715525744 0.00390625
0 0.26795225882817125 0.769287109375 0.0006904714933912014 0.00244140625
0 0.32560662852633654 0.77392578125 0.0033537186821858355 0.0126953125
0 0.16383902150325508 0.7705078125 0.0019727756954034327 0.005859375
0 0.43563819293746303 0.768798828125 0.0008877490629315447 0.00341796875
0 0.2417143420793056 0.768310546875 0.0012823042020122311 0.00244140625
0 0.1412014203985007 0.76953125 0.002071414480173604 0.0048828125
0 0.43381337541921483 0.768798828125 0.002170053264943776 0.00439453125
0 0.2116788321167883 0.767822265625 0.001578220556322746 0.00244140625
0 0.19313474057999605 0.77001953125 0.002959163543105149 0.0068359375
0 0.556865259420004 0.767333984375 0.0008877490629315447 0.00244140625
0 0.43780824620240677 0.76708984375 0.0006904714933912014 0.001953125
0 0.6213750246596962 0.7666015625 0.0008877490629315447 0.001953125
0 0.5793549023476031 0.76611328125 0.0006904714933912014 0.001953125
0 0.42883211678832117 0.76708984375 0.0036496350364963502 0.00390625
0 0.26795225882817125 0.765625 0.0012823042020122311 0.001953125
0 0.19742552771749852 0.765625 0.0016768593410929177 0.001953125
0 0.154024462418623 0.765625 0.001085026632471888 0.001953125
0 0.26627539948707835 0.764892578125 0.001085026632471888 0.00244140625
0 0.23254093509567964 0.76513671875 0.001085026632471888 0.0029296875
0 0.5475932136516078 0.76416015625 0.001085026632471888 0.001953125
0 0.5039455513908069 0.76416015625 0.0011836654172420597 0.001953125
0 0.2256855395541527 0.76708984375 0.0023673308344841193 0.0078125
0 0.33187019135924245 0.766357421875 0.003255079897415664 0.00732421875
0 0.22400868021305978 0.76416015625 0.000789110278161373 0.0029296875
0 0.4197080291970803 0.76513671875 0.005326494377589268 0.005859375
0 0.20625369895442888 0.762939453125 0.0005918327086210298 0.00244140625
0 0.451173801538765 0.762451171875 0.0013809429867824028 0.00244140625
0 0.32457092128624976 0.762451171875 0.002465969619254291 0.00244140625
0 0.423554941803117 0.761962890625 0.000789110278161373 0.00244140625
0 0.33394160583941607 0.762451171875 0.001874136910633261 0.00439453125
0 0.2705168672321957 0.761962890625 0.001085026632471888 0.00341796875
0 0.12606036693627934 0.76123046875 0.0011836654172420597 0.0029296875
0 0.32703689090550403 0.76171875 0.001874136910633261 0.0048828125
0 0.30785164726770564 0.76123046875 0.0019727756954034327 0.00390625
0 0.6642335766423357 0.76025390625 0.001578220556322746 0.0029296875
0 0.2239100414282896 0.760009765625 0.0013809429867824028 0.00439453125
0 0.20812783586506214 0.75927734375 0.0011836654172420597 0.0029296875
0 0.4164036299072795 0.75927734375 0.001874136910633261 0.00390625
0 0.19851055434997042 0.758544921875 0.0008877490629315447 0.00244140625
0 0.17399881633458275 0.758544921875 0.000789110278161373 0.00244140625
0 0.4934898402051687 0.75830078125 0.0023673308344841193 0.00390625
0 0.12384099427895048 0.75732421875 0.0008877490629315447 0.001953125
0 0.25942000394555137 0.757080078125 0.0011836654172420597 0.00244140625
0 0.26124482146379957 0.756591796875 0.0008877490629315447 0.00244140625
0 0.3282205563227461 0.756103515625 0.002071414480173604 0.00244140625
0 0.6184158611165911 0.7548828125 0.001085026632471888 0.001953125
0 0.2173505622410732 0.754638671875 0.001085026632471888 0.00244140625
0 0.2567074373643717 0.75390625 0.0006904714933912014 0.001953125
0 0.16462813178141644 0.754150390625 0.0009863878477017164 0.00244140625
0 0.4349970408364569 0.754638671875 0.0025646084040244622 0.00439453125
0 0.42434405208127834 0.75537109375 0.004734661668968239 0.005859375
0 0.41852436377983826 0.755859375 0.0027618859735648055 0.0078125
0 0.19826395738804498 0.753662109375 0.0019727756954034327 0.00341796875
0 0.43262971000197276 0.752197265625 0.0011836654172420597 0.00244140625
0 0.30933122903925825 0.75244140625 0.000789110278161373 0.0029296875
0 0.22588281712369304 0.75341796875 0.001578220556322746 0.0048828125
0 0.203442493588479 0.752197265625 0.001874136910633261 0.00341796875
0 0.1832215427105938 0.751220703125 0.001085026632471888 0.00244140625
0 0.33621029788913 0.752685546875 0.003255079897415664 0.00634765625
0 0.2652396922469915 0.750732421875 0.0011836654172420597 0.00244140625
0 0.28319195107516276 0.74951171875 0.0009863878477017164 0.001953125
0 0.23416847504438745 0.7509765625 0.0023673308344841193 0.0048828125
0 0.3332511343460249 0.749267578125 0.002071414480173604 0.00341796875
0 0.42794436772538963 0.748291015625 0.0006904714933912014 0.00244140625
0 0.3369007693825212 0.748779296875 0.001085026632471888 0.00341796875
0 0.1974748471098836 0.748046875 0.0009863878477017164 0.0029296875
0 0.2902939435786151 0.746826171875 0.001578220556322746 0.00244140625
0 0.1533833103176169 0.748046875 0.0017754981258630894 0.005859375
0 0.4239001775498126 0.7451171875 0.002071414480173604 0.001953125
0 0.3340895640165713 0.744873046875 0.0017754981258630894 0.00244140625
0 0.3410435983428684 0.744140625 0.0008877490629315447 0.001953125
0 0.3260505030578023 0.742919921875 0.0014795817715525744 0.00244140625
0 0.31628526336555535 0.74365234375 0.002465969619254291 0.00390625
0 0.42888143618070623 0.7412109375 0.0011836654172420597 0.001953125
0 0.16147169066877096 0.7412109375 0.0013809429867824028 0.00390625
0 0.6537285460643125 0.740234375 0.0022686920497139475 0.0029296875
0 0.4217794436772539 0.7431640625 0.0023673308344841193 0.009765625
0 0.3404024462418623 0.740478515625 0.002170053264943776 0.00537109375
0 0.4276977707634642 0.737060546875 0.0013809429867824028 0.00244140625
0 0.2520220950877885 0.73681640625 0.000789110278161373 0.001953125
0 0.15584927993687117 0.737060546875 0.0011836654172420597 0.00341796875
0 0.671286249753403 0.7353515625 0.0008877490629315447 0.001953125
0 0.33680213059775105 0.738037109375 0.0028605247583349774 0.01025390625
0 0.6455415269283883 0.732177734375 0.0008877490629315447 0.00244140625
0 0.22751035707240086 0.731689453125 0.0016768593410929177 0.00244140625
0 0.4332708621029789 0.73095703125 0.0008877490629315447 0.0029296875
0 0.34627145393568753 0.732177734375 0.001874136910633261 0.00634765625
0 0.3372953245216019 0.729248046875 0.0006904714933912014 0.00244140625
0 0.4255277174985204 0.72900390625 0.0019727756954034327 0.0029296875
0 0.40900572104951666 0.729248046875 0.003452357466956007 0.00537109375
0 0.36535805878871574 0.727783203125 0.0011836654172420597 0.00341796875
0 0.4202505425133162 0.7275390625 0.001874136910633261 0.00390625
0 0.31460840402446244 0.7265625 0.0008877490629315447 0.001953125
0 0.3451371079108305 0.727294921875 0.0013809429867824028 0.00439453125
0 0.41092917735253504 0.725830078125 0.0072992700729927005 0.00634765625
0 0.33921878082462026 0.7236328125 0.0009863878477017164 0.0029296875
0 0.7089169461432235 0.722412109375 0.0017754981258630894 0.00244140625
0 0.3865160781219175 0.72216796875 0.001085026632471888 0.001953125
0 0.42232195699348984 0.72265625 0.002465969619254291 0.0048828125
0 0.36185638192937464 0.7216796875 0.0014795817715525744 0.0029296875
0 0.38429670546458866 0.7236328125 0.0025646084040244622 0.0078125
0 0.3434602485697376 0.722412109375 0.0017754981258630894 0.00537109375
0 0.37783586506214245 0.723876953125 0.0028605247583349774 0.01123046875
0 0.11496350364963503 0.719482421875 0.001085026632471888 0.00244140625
0 0.345383704872756 0.7197265625 0.0014795817715525744 0.00390625
0 0.334484119155652 0.71923828125 0.000789110278161373 0.0029296875
0 0.6437660288025252 0.717529296875 0.0016768593410929177 0.00244140625
0 0.34760307753008485 0.7177734375 0.0013809429867824028 0.0029296875
0 0.3387749062931545 0.717529296875 0.001085026632471888 0.00341796875
0 0.40831524955612547 0.71728515625 0.004044190175577037 0.0048828125
0 0.7009765239692247 0.71484375 0.0022686920497139475 0.001953125
0 0.4248865653975143 0.71484375 0.0008877490629315447 0.001953125
0 0.366097849674492 0.715576171875 0.0008877490629315447 0.00341796875
0 0.4210889721838627 0.716064453125 0.0019727756954034327 0.00537109375
0 0.38429670546458866 0.716552734375 0.002959163543105149 0.00634765625
0 0.37675083842967055 0.7158203125 0.0044387453146577235 0.005859375
0 0.3392681002170053 0.713623046875 0.001085026632471888 0.00244140625
0 0.3748767015190373 0.71337890625 0.0008877490629315447 0.0029296875
0 0.3483921878082462 0.713134765625 0.000789110278161373 0.00244140625
0 0.6050009863878477 0.712646484375 0.0022686920497139475 0.00244140625
0 0.39149733675281123 0.711181640625 0.0013809429867824028 0.00244140625
0 0.3645689485105543 0.71240234375 0.001578220556322746 0.0048828125
0 0.35919313474058 0.7109375 0.0014795817715525744 0.00390625
0 0.3696981653186033 0.71337890625 0.003156441112645492 0.009765625
0 0.3376898796606826 0.70849609375 0.0006904714933912014 0.001953125
0 0.42029986190570134 0.70849609375 0.0013809429867824028 0.0029296875
0 0.3543598342868416 0.708251953125 0.0008877490629315447 0.00244140625
0 0.37625764450581967 0.708740234375 0.001085026632471888 0.00439453125
0 0.3469126060366936 0.70947265625 0.0019727756954034327 0.005859375
0 0.3525350167685934 0.705810546875 0.0009863878477017164 0.00341796875
0 0.38898204774117184 0.704345703125 0.001874136910633261 0.00244140625
0 0.41847504438745314 0.70361328125 0.0012823042020122311 0.00390625
0 0.39736634444663643 0.702392578125 0.001085026632471888 0.00244140625
0 0.343115012823042 0.702880859375 0.001874136910633261 0.00439453125
0 0.39460445847307163 0.70361328125 0.0028605247583349774 0.0068359375
0 0.3704379562043796 0.701416015625 0.0016768593410929177 0.00244140625
0 0.39159597553758135 0.70263671875 0.0025646084040244622 0.005859375
0 0.3885381732097061 0.701171875 0.0009863878477017164 0.0029296875
0 0.3595383704872756 0.701904296875 0.0013809429867824028 0.00439453125
0 0.36733083448411913 0.699462890625 0.000789110278161373 0.00244140625
0 0.39080686525942 0.697998046875 0.0023673308344841193 0.00244140625
0 0.37793450384691263 0.697509765625 0.0008877490629315447 0.00244140625
0 0.3442000394555139 0.69775390625 0.001085026632471888 0.00390625
0 0.3957388044979286 0.6962890625 0.0011836654172420597 0.00390625
