0 0.34232590254488066 0.999267578125 0.0014795817715525744 0.00146484375
0 0.19466364174393372 0.99853515625 0.00424146774511738 0.0029296875
0 0.36377983823239296 0.998291015625 0.006510159794831328 0.00341796875
0 0.20487275596764648 0.998291015625 0.002170053264943776 0.00341796875
0 0.5584434799763267 0.99658203125 0.0022686920497139475 0.001953125
0 0.3705859143815348 0.997802734375 0.0039455513908068654 0.00439453125
0 0.15190372854606432 0.9970703125 0.0019727756954034327 0.005859375
0 0.46961925429078716 0.9921875 0.0019727756954034327 0.001953125
0 0.2815644111264549 0.99169921875 0.00424146774511738 0.0029296875
0 0.13913000591832708 0.99169921875 0.002071414480173604 0.0048828125
0 0.5638686131386861 0.9912109375 0.005622410731899783 0.005859375
0 0.2889623199842178 0.9912109375 0.006214243440520813 0.0068359375
0 0.5716117577431447 0.989013671875 0.0039455513908068654 0.00439453125
0 0.24112250937068455 0.987548828125 0.005030578023278753 0.00341796875
0 0.38508581574275 0.9853515625 0.0013809429867824028 0.001953125
0 0.2675083842967055 0.98681640625 0.0011836654172420597 0.0048828125
0 0.28314263168277765 0.98388671875 0.0036496350364963502 0.0029296875
0 0.23411915565200236 0.984375 0.004044190175577037 0.0048828125
0 0.6754783981061353 0.983154296875 0.002959163543105149 0.00341796875
0 0.5548924837246005 0.983642578125 0.003255079897415664 0.00439453125
0 0.47164134937857566 0.9833984375 0.005030578023278753 0.00390625
0 0.2644012625764451 0.98486328125 0.0016768593410929177 0.0068359375
0 0.27456105740777276 0.982421875 0.0014795817715525744 0.0029296875
0 0.6926908660485303 0.982421875 0.0036496350364963502 0.00390625
0 0.14021503255079898 0.9833984375 0.002071414480173604 0.0068359375
0 0.2691852436377984 0.9814453125 0.0011836654172420597 0.00390625
0 0.25951864273032155 0.980224609375 0.000789110278161373 0.00244140625
0 0.26159005721049516 0.9794921875 0.0011836654172420597 0.0029296875
0 0.2532550798974157 0.98193359375 0.003452357466956007 0.0078125
0 0.13587492602091142 0.980224609375 0.0014795817715525744 0.00439453125
0 0.39302623791674884 0.980224609375 0.00897612941408562 0.00634765625
0 0.139080686525942 0.9794921875 0.0017754981258630894 0.0048828125
0 0.26588084434799764 0.978759765625 0.0016768593410929177 0.00439453125
0 0.2332807259814559 0.97802734375 0.0039455513908068654 0.0029296875
0 0.5723515486289209 0.978515625 0.00424146774511738 0.0048828125
0 0.3636318800552377 0.978759765625 0.005227855592819097 0.00537109375
0 0.5842868415861117 0.97802734375 0.007397908857762872 0.005859375
0 0.3602781613730519 0.97607421875 0.0036496350364963502 0.001953125
0 0.5556815940027618 0.976806640625 0.0038469126060366936 0.00537109375
0 0.1495857171039653 0.974365234375 0.001085026632471888 0.00244140625
0 0.2621818899191162 0.974609375 0.002170053264943776 0.00390625
0 0.36387847701716314 0.973876953125 0.002959163543105149 0.00341796875
0 0.26888932728348786 0.97265625 0.0025646084040244622 0.0029296875
0 0.12946340501085027 0.973388671875 0.0014795817715525744 0.00439453125
0 0.3594890510948905 0.97119140625 0.0014795817715525744 0.001953125
0 0.5485302821069244 0.971923828125 0.006312882225290984 0.00439453125
0 0.49043203787729334 0.971435546875 0.0033537186821858355 0.00341796875
0 0.3192444269086605 0.971435546875 0.001874136910633261 0.00341796875
0 0.3085421187610969 0.970703125 0.004340106529887552 0.0029296875
0 0.38784770171631483 0.969970703125 0.005523771947129611 0.00341796875
0 0.5634247386072203 0.97216796875 0.009863878477017163 0.0087890625
0 0.31687709607417636 0.96923828125 0.002071414480173604 0.0029296875
0 0.5821661077135529 0.9697265625 0.006904714933912014 0.0048828125
0 0.5733379364766226 0.969482421875 0.0066087985796014995 0.00439453125
0 0.37004340106529887 0.968505859375 0.002465969619254291 0.00244140625
0 0.1401657131584139 0.969482421875 0.0027618859735648055 0.00439453125
0 0.3829157624778063 0.96826171875 0.0023673308344841193 0.0029296875
0 0.1348392187808246 0.97216796875 0.003550996251726179 0.0107421875
0 0.22795423160386663 0.967529296875 0.003156441112645492 0.00244140625
0 0.5579996054448609 0.969970703125 0.011639376602880253 0.00830078125
0 0.2444269086604853 0.969482421875 0.006904714933912014 0.00732421875
0 0.26627539948707835 0.968017578125 0.00542513316235944 0.00537109375
0 0.29369698165318603 0.968505859375 0.00424146774511738 0.00732421875
0 0.2712073387255869 0.96630859375 0.0014795817715525744 0.0029296875
0 0.2615407378181101 0.96728515625 0.002663247188794634 0.005859375
0 0.31697573485894653 0.9658203125 0.002071414480173604 0.0048828125
0 0.7003353718682186 0.965087890625 0.006312882225290984 0.00439453125
0 0.3759124087591241 0.962890625 0.003156441112645492 0.001953125
0 0.5731899782994674 0.962158203125 0.004340106529887552 0.00341796875
0 0.14470309725784178 0.962158203125 0.0017754981258630894 0.00439453125
0 0.32945354113237324 0.9609375 0.0011836654172420597 0.00390625
0 0.2633162359439732 0.959716796875 0.0022686920497139475 0.00244140625
0 0.22997632669165516 0.9599609375 0.0014795817715525744 0.0029296875
0 0.5796014993095285 0.96240234375 0.011639376602880253 0.009765625
0 0.565496153087394 0.959716796875 0.0051292168080489245 0.00439453125
0 0.2840797001380943 0.958984375 0.002170053264943776 0.0029296875
0 0.2055139080686526 0.9599609375 0.003255079897415664 0.0048828125
0 0.364371670941014 0.958251953125 0.003156441112645492 0.00439453125
0 0.3317715525744723 0.957275390625 0.0012823042020122311 0.00244140625
0 0.6923949496942198 0.95849609375 0.01213257052673111 0.0087890625
0 0.5715624383507595 0.95703125 0.0066087985796014995 0.0068359375
0 0.1487472874334188 0.955322265625 0.0019727756954034327 0.00439453125
0 0.5447820082856579 0.954345703125 0.003748273821266522 0.00341796875
0 0.5953343854803709 0.953857421875 0.0036496350364963502 0.00341796875
0 0.26119550207141445 0.95458984375 0.0019727756954034327 0.0068359375
0 0.1470704280923259 0.952880859375 0.0011836654172420597 0.00341796875
0 0.24847109883606233 0.952880859375 0.0027618859735648055 0.00439453125
0 0.20842375221937265 0.951416015625 0.0023673308344841193 0.00244140625
0 0.1508680213059775 0.95361328125 0.002071414480173604 0.0068359375
0 0.31204379562043794 0.9501953125 0.002071414480173604 0.001953125
0 0.3069638982047741 0.950927734375 0.0025646084040244622 0.00341796875
0 0.30365949891497335 0.95068359375 0.00424146774511738 0.0048828125
0 0.08985993292562636 0.94921875 0.0009863878477017164 0.001953125
0 0.37650424146774514 0.949951171875 0.0017754981258630894 0.00537109375
0 0.5484316433221542 0.947998046875 0.0013809429867824028 0.00244140625
0 0.41536792266719275 0.949462890625 0.007693825212073387 0.00537109375
0 0.0948905109489051 0.9482421875 0.0011836654172420597 0.00390625
0 0.5016275399487078 0.947021484375 0.0014795817715525744 0.00244140625
0 0.5529690274215822 0.947265625 0.006904714933912014 0.00390625
0 0.5429078713750246 0.94677734375 0.0025646084040244622 0.0029296875
0 0.26888932728348786 0.950927734375 0.007496547642533044 0.01123046875
0 0.14130005918327085 0.946533203125 0.002663247188794634 0.00341796875
0 0.24669560071019925 0.947265625 0.0017754981258630894 0.005859375
0 0.2318997829946735 0.94921875 0.004340106529887552 0.009765625
0 0.6221148155454724 0.94482421875 0.002959163543105149 0.0029296875
0 0.29256263562832907 0.944091796875 0.001578220556322746 0.00244140625
0 0.5799467350562241 0.94287109375 0.002465969619254291 0.001953125
0 0.5268790688498718 0.944091796875 0.007200631288222529 0.00439453125
0 0.2749556125468534 0.943359375 0.003452357466956007 0.0029296875
0 0.24181298086407577 0.945556640625 0.009962517261787335 0.00732421875
0 0.22894061945156835 0.943115234375 0.000789110278161373 0.00244140625
0 0.6363188005523772 0.945068359375 0.008877490629315447 0.00830078125
0 0.23633852830933122 0.94091796875 0.0039455513908068654 0.001953125
0 0.7074373643716709 0.94140625 0.004340106529887552 0.00390625
0 0.29843164332215427 0.94140625 0.005030578023278753 0.00390625
0 0.2576938252120734 0.941650390625 0.00483330045373841 0.00439453125
0 0.5019727756954034 0.940185546875 0.004931939238508582 0.00244140625
0 0.11738015387650425 0.94189453125 0.0027618859735648055 0.005859375
0 0.6900769382521207 0.9404296875 0.006510159794831328 0.00390625
0 0.4736141250739791 0.939697265625 0.0028605247583349774 0.00244140625
0 0.3947030972578418 0.940185546875 0.007200631288222529 0.00439453125
0 0.26405602682974944 0.93994140625 0.002959163543105149 0.00390625
0 0.15269283882422569 0.939453125 0.000789110278161373 0.0029296875
0 0.6051982639573881 0.939208984375 0.003255079897415664 0.00341796875
0 0.3017853620043401 0.9384765625 0.0008877490629315447 0.001953125
0 0.27179917143420795 0.94091796875 0.001874136910633261 0.0068359375
0 0.5496646281317814 0.939453125 0.006411521010061156 0.0048828125
0 0.28008482935490236 0.94091796875 0.005819688301440126 0.0078125
0 0.26923456303018345 0.939697265625 0.001874136910633261 0.00634765625
0 0.1279838232392977 0.939453125 0.002465969619254291 0.005859375
0 0.6352337739199053 0.93994140625 0.008877490629315447 0.0078125
0 0.5665318603274808 0.9375 0.0038469126060366936 0.0029296875
0 0.6452456105740777 0.9375 0.004044190175577037 0.00390625
0 0.3085421187610969 0.93798828125 0.007496547642533044 0.005859375
0 0.13607220359045177 0.939453125 0.006016965870980469 0.0087890625
0 0.5593805484316433 0.936279296875 0.0061156046557506415 0.00537109375
0 0.47104951666995465 0.93505859375 0.002071414480173604 0.0029296875
0 0.5529690274215822 0.9345703125 0.001578220556322746 0.0029296875
0 0.09267113829157625 0.937255859375 0.005227855592819097 0.00830078125
0 0.3900177549812586 0.93505859375 0.008680213059775104 0.0048828125
0 0.36402643519431843 0.93310546875 0.001085026632471888 0.001953125
0 0.5703787729335175 0.932373046875 0.0030578023278753207 0.00244140625
0 0.09720852239100414 0.932373046875 0.0012823042020122311 0.00244140625
0 0.1272933517459065 0.9326171875 0.0014795817715525744 0.00390625
0 0.1140264351943184 0.932861328125 0.0051292168080489245 0.00439453125
0 0.6377983823239298 0.932373046875 0.005918327086210298 0.00439453125
0 0.15579996054448608 0.9326171875 0.0016768593410929177 0.0048828125
0 0.5768889327283487 0.931640625 0.005622410731899783 0.00390625
0 0.2750542513316236 0.931884765625 0.00424146774511738 0.00439453125
0 0.17123693036101795 0.930908203125 0.002170053264943776 0.00244140625
0 0.6926908660485303 0.9306640625 0.0038469126060366936 0.0029296875
0 0.5641645294929967 0.93115234375 0.006016965870980469 0.0048828125
0 0.16191556520023673 0.929443359375 0.001085026632471888 0.00244140625
0 0.1317320970605642 0.929931640625 0.0014795817715525744 0.00341796875
0 0.2552771749852042 0.928955078125 0.002959163543105149 0.00244140625
0 0.1412507397908858 0.929931640625 0.0027618859735648055 0.00439453125
0 0.130449792858552 0.929443359375 0.001085026632471888 0.00341796875
0 0.1516078121917538 0.93115234375 0.004734661668968239 0.0078125
0 0.3323140658907082 0.927978515625 0.0025646084040244622 0.00244140625
0 0.30622410731899785 0.928955078125 0.006214243440520813 0.00537109375
0 0.2319491023870586 0.927490234375 0.0028605247583349774 0.00439453125
0 0.49778062734267114 0.92578125 0.0036496350364963502 0.0029296875
0 0.5905997238114027 0.925537109375 0.006411521010061156 0.00341796875
0 0.5724995068060762 0.9267578125 0.00907476819885579 0.005859375
0 0.31219175379759323 0.92578125 0.003748273821266522 0.00390625
0 0.26755770368909054 0.927978515625 0.006411521010061156 0.00830078125
0 0.2058098244229631 0.925048828125 0.002465969619254291 0.00244140625
0 0.3371966857368317 0.92431640625 0.0012823042020122311 0.001953125
0 0.11422371276385875 0.926513671875 0.005918327086210298 0.00634765625
0 0.5525251528901164 0.925537109375 0.005819688301440126 0.00634765625
0 0.5146971789307556 0.924072265625 0.005918327086210298 0.00341796875
0 0.4675971592029986 0.92431640625 0.0044387453146577235 0.00390625
0 0.3443973170250543 0.92431640625 0.002071414480173604 0.00390625
0 0.5668770960741764 0.92333984375 0.004931939238508582 0.0029296875
0 0.16349378575655948 0.924072265625 0.0022686920497139475 0.00439453125
0 0.32240086802130596 0.922119140625 0.0022686920497139475 0.00244140625
0 0.16107713552969027 0.921875 0.0013809429867824028 0.001953125
0 0.1412014203985007 0.922607421875 0.0044387453146577235 0.00341796875
0 0.15851252712566583 0.9228515625 0.002170053264943776 0.0048828125
0 0.1784375616492405 0.9208984375 0.0023673308344841193 0.001953125
0 0.12241073189978299 0.92138671875 0.000789110278161373 0.0029296875
0 0.2780627342671138 0.920654296875 0.0033537186821858355 0.00244140625
0 0.1320773328072598 0.921875 0.0019727756954034327 0.0048828125
0 0.608058788715723 0.92236328125 0.008581574275004932 0.0068359375
0 0.4028407970013809 0.920654296875 0.003550996251726179 0.00341796875
0 0.12606036693627934 0.920166015625 0.0013809429867824028 0.00244140625
0 0.2941901755770369 0.9208984375 0.0030578023278753207 0.0048828125
0 0.3929769185243638 0.919921875 0.004340106529887552 0.00390625
0 0.15387650424146773 0.91943359375 0.0011836654172420597 0.0029296875
0 0.09710988360623397 0.91796875 0.0028605247583349774 0.001953125
0 0.41221148155454723 0.918212890625 0.0039455513908068654 0.00341796875
0 0.3247681988557901 0.91845703125 0.006016965870980469 0.00390625
0 0.2726869204971395 0.921142578125 0.006411521010061156 0.01123046875
0 0.1202899980272243 0.917236328125 0.002071414480173604 0.00341796875
0 0.3501183665417242 0.91650390625 0.0022686920497139475 0.0029296875
0 0.2801341487472874 0.9169921875 0.002959163543105149 0.00390625
0 0.5706746892878279 0.91650390625 0.00424146774511738 0.00390625
0 0.5530676662063524 0.917236328125 0.006707437364371671 0.00537109375
0 0.1776484513710791 0.91552734375 0.0011836654172420597 0.001953125
0 0.5914381534819491 0.916748046875 0.006510159794831328 0.00537109375
0 0.1272933517459065 0.916259765625 0.0016768593410929177 0.00439453125
0 0.0928190964687315 0.918212890625 0.003156441112645492 0.00830078125
0 0.4193134740579996 0.9140625 0.002170053264943776 0.001953125
0 0.3088873545077925 0.916748046875 0.010357072400868021 0.00732421875
0 0.3305878871572302 0.914306640625 0.003452357466956007 0.00341796875
0 0.1745413296508187 0.9140625 0.0014795817715525744 0.0029296875
0 0.3111560465575064 0.913818359375 0.004636022884198066 0.00341796875
0 0.19426908660485304 0.9130859375 0.001085026632471888 0.001953125
0 0.17661274413099232 0.9130859375 0.0008877490629315447 0.001953125
0 0.17133556914578812 0.91455078125 0.0039455513908068654 0.005859375
0 0.1290688498717696 0.9140625 0.001874136910633261 0.0068359375
0 0.12443282698757151 0.9130859375 0.003255079897415664 0.0048828125
0 0.10756559479187217 0.911865234375 0.0014795817715525744 0.00244140625
0 0.3462221345433024 0.913818359375 0.002959163543105149 0.00732421875
0 0.2100512921680805 0.911376953125 0.002071414480173604 0.00244140625
0 0.16152101006115605 0.911865234375 0.0044387453146577235 0.00341796875
0 0.5644604458473071 0.91259765625 0.006214243440520813 0.005859375
0 0.5508482935490234 0.910888671875 0.003452357466956007 0.00244140625
0 0.48974156638390215 0.909912109375 0.0025646084040244622 0.00341796875
0 0.46947129611363186 0.90966796875 0.0022686920497139475 0.0029296875
0 0.22331820871966857 0.909912109375 0.003156441112645492 0.00341796875
0 0.3547050700335372 0.90869140625 0.000789110278161373 0.001953125
0 0.32141448017360424 0.90966796875 0.0038469126060366936 0.00390625
0 0.26376011047543896 0.911376953125 0.002959163543105149 0.00732421875
0 0.6144703097257842 0.90966796875 0.0044387453146577235 0.0048828125
0 0.25029591635431053 0.907958984375 0.001874136910633261 0.00244140625
0 0.2200138094298678 0.9091796875 0.0030578023278753207 0.0048828125
0 0.12714539356875124 0.909912109375 0.0019727756954034327 0.00634765625
0 0.5544979285855198 0.9072265625 0.0038469126060366936 0.0029296875
0 0.26760702308147566 0.91015625 0.003550996251726179 0.0087890625
0 0.1216709410140067 0.906982421875 0.0012823042020122311 0.00341796875
0 0.32703689090550403 0.906982421875 0.007397908857762872 0.00439453125
0 0.27298283685145 0.90673828125 0.0014795817715525744 0.00390625
0 0.47608009469323337 0.905517578125 0.002663247188794634 0.00244140625
0 0.11274413099230618 0.90673828125 0.0017754981258630894 0.0048828125
0 0.11121522982836851 0.9052734375 0.0008877490629315447 0.001953125
0 0.12339711974748471 0.906494140625 0.001578220556322746 0.00537109375
0 0.17089169461432235 0.905029296875 0.0044387453146577235 0.00341796875
0 0.5714144801736043 0.904052734375 0.0025646084040244622 0.00244140625
0 0.12477806273426711 0.905029296875 0.0013809429867824028 0.00439453125
0 0.39652791477608995 0.903076171875 0.0013809429867824028 0.00146484375
0 0.3415367922667193 0.90380859375 0.002663247188794634 0.0029296875
0 0.10909449595580982 0.90380859375 0.0023673308344841193 0.0029296875
0 0.1624087591240876 0.90185546875 0.0014795817715525744 0.001953125
0 0.3317715525744723 0.9033203125 0.004636022884198066 0.005859375
0 0.20211086999408168 0.90185546875 0.002170053264943776 0.00390625
0 0.1961432235154863 0.90087890625 0.002465969619254291 0.001953125
0 0.34474255277174987 0.90087890625 0.0011836654172420597 0.0029296875
0 0.20008877490629315 0.900634765625 0.0008877490629315447 0.00244140625
0 0.23318208719668573 0.900634765625 0.005918327086210298 0.00341796875
0 0.22159202998619057 0.900390625 0.0014795817715525744 0.00390625
0 0.12576445058196883 0.900390625 0.004931939238508582 0.00390625
0 0.19076740974551193 0.900146484375 0.006707437364371671 0.00439453125
0 0.18588478989938845 0.899658203125 0.002663247188794634 0.00341796875
0 0.10209114223712763 0.90234375 0.002959163543105149 0.0087890625
0 0.09084632077332808 0.8994140625 0.0033537186821858355 0.0029296875
0 0.5633754192148352 0.900146484375 0.005622410731899783 0.00537109375
0 0.18272834878674293 0.8984375 0.004044190175577037 0.0029296875
0 0.2732787532057605 0.8984375 0.007595186427303216 0.00390625
0 0.13715723022292364 0.89697265625 0.00424146774511738 0.00390625
0 0.17671138291576247 0.8955078125 0.001085026632471888 0.001953125
0 0.11590057210495167 0.895751953125 0.0005918327086210298 0.00244140625
0 0.17153284671532848 0.895263671875 0.004142828960347208 0.00244140625
0 0.3897711580193332 0.894287109375 0.002071414480173604 0.00244140625
0 0.32240086802130596 0.895263671875 0.0022686920497139475 0.00439453125
0 0.3182580390609588 0.894287109375 0.004044190175577037 0.00244140625
0 0.2767804300651016 0.8955078125 0.007496547642533044 0.0048828125
0 0.2670645097652397 0.89599609375 0.005030578023278753 0.005859375
0 0.2820576050503058 0.89404296875 0.0028605247583349774 0.0029296875
0 0.13163345827579404 0.89501953125 0.003255079897415664 0.0048828125
0 0.12768790688498718 0.893798828125 0.0016768593410929177 0.00244140625
0 0.16290195304793845 0.89453125 0.0030578023278753207 0.0048828125
0 0.15289011639376604 0.89306640625 0.0009863878477017164 0.001953125
0 0.41645294929966464 0.892822265625 0.002959163543105149 0.00244140625
0 0.12107910830538568 0.892578125 0.0012823042020122311 0.001953125
0 0.18682185835470508 0.89208984375 0.001578220556322746 0.001953125
0 0.19461432235154863 0.891357421875 0.0023673308344841193 0.00244140625
0 0.19071809035312684 0.891845703125 0.002465969619254291 0.00341796875
0 0.18544091536792268 0.89111328125 0.0009863878477017164 0.001953125
0 0.1445551390806865 0.89111328125 0.002663247188794634 0.0029296875
0 0.13400078911027816 0.890869140625 0.002071414480173604 0.00341796875
0 0.12497534030380746 0.893310546875 0.0039455513908068654 0.00830078125
0 0.26405602682974944 0.88916015625 0.0023673308344841193 0.0029296875
0 0.17888143618070626 0.888671875 0.0008877490629315447 0.001953125
0 0.3237324916157033 0.888427734375 0.001578220556322746 0.00244140625
0 0.17222331820871967 0.8896484375 0.004931939238508582 0.005859375
0 0.31899782994673503 0.88720703125 0.002170053264943776 0.0029296875
0 0.33596370092720457 0.886474609375 0.0011836654172420597 0.00244140625
0 0.2697770763464194 0.88720703125 0.007101992503452358 0.00390625
0 0.15451765634247386 0.886474609375 0.001874136910633261 0.00244140625
0 0.18756164924048135 0.8857421875 0.0016768593410929177 0.001953125
0 0.1022391004142829 0.888671875 0.006806076149141842 0.0078125
0 0.34232590254488066 0.887939453125 0.008581574275004932 0.00732421875
0 0.25162753994870785 0.886962890625 0.001578220556322746 0.00537109375
0 0.19846123495758533 0.885498046875 0.0011836654172420597 0.00244140625
0 0.1154566975734859 0.886962890625 0.006016965870980469 0.00537109375
0 0.12329848096271454 0.887451171875 0.004340106529887552 0.00732421875
0 0.2468928782797396 0.88525390625 0.0025646084040244622 0.00390625
0 0.20329453541132372 0.88427734375 0.0013809429867824028 0.001953125
0 0.17947326888932727 0.885009765625 0.0022686920497139475 0.00341796875
0 0.1595975537581377 0.885009765625 0.0017754981258630894 0.00341796875
0 0.6082067468928782 0.885009765625 0.006510159794831328 0.00439453125
0 0.1491911619648846 0.88427734375 0.001874136910633261 0.0029296875
0 0.41354310514894455 0.88427734375 0.00424146774511738 0.00390625
0 0.3201814953639771 0.8837890625 0.0023673308344841193 0.0029296875
0 0.1282797395936082 0.8837890625 0.0016768593410929177 0.0029296875
0 0.11086999408167292 0.884521484375 0.0013809429867824028 0.00537109375
0 0.1631485500098639 0.88134765625 0.0023673308344841193 0.0029296875
0 0.10554349970408365 0.882568359375 0.0051292168080489245 0.00537109375
0 0.40555336358256067 0.881103515625 0.00483330045373841 0.00341796875
0 0.3442000394555139 0.882080078125 0.002663247188794634 0.00537109375
0 0.21019925034523573 0.881591796875 0.007496547642533044 0.00439453125
0 0.19520615506016967 0.882080078125 0.004142828960347208 0.00537109375
0 0.1415466561451963 0.88037109375 0.003748273821266522 0.001953125
0 0.34227658315249554 0.8798828125 0.0009863878477017164 0.001953125
0 0.3401065298875518 0.87939453125 0.0025646084040244622 0.001953125
0 0.17602091142237128 0.879638671875 0.002465969619254291 0.00244140625
0 0.2717005326494378 0.8798828125 0.005030578023278753 0.00390625
0 0.24911225093706846 0.880615234375 0.001874136910633261 0.00537109375
0 0.13577628723614124 0.878662109375 0.001085026632471888 0.00244140625
0 0.1279838232392977 0.878662109375 0.001874136910633261 0.00244140625
0 0.6211777470901558 0.878173828125 0.0028605247583349774 0.00244140625
0 0.15624383507595185 0.878662109375 0.003156441112645492 0.00341796875
0 0.16985598737423555 0.877685546875 0.001578220556322746 0.00244140625
0 0.13257052673111067 0.877685546875 0.003550996251726179 0.00341796875
0 0.09893470112448215 0.87890625 0.003748273821266522 0.005859375
0 0.39657723416847507 0.877197265625 0.004044190175577037 0.00341796875
0 0.24492010258433616 0.877685546875 0.0025646084040244622 0.00439453125
0 0.41068258039060956 0.8779296875 0.005030578023278753 0.005859375
0 0.147119747484711 0.87646484375 0.002071414480173604 0.0029296875
0 0.3226967843756165 0.87841796875 0.007595186427303216 0.0078125
0 0.19130992306174788 0.875732421875 0.0028605247583349774 0.00244140625
0 0.1864273032156244 0.875 0.0013809429867824028 0.001953125
0 0.1515584927993687 0.875244140625 0.002071414480173604 0.00244140625
0 0.17306174787926612 0.874755859375 0.002465969619254291 0.00244140625
0 0.26938252120733874 0.874267578125 0.0013809429867824028 0.00244140625
0 0.16265535608601303 0.87451171875 0.002170053264943776 0.00390625
0 0.27702702702702703 0.87353515625 0.0028605247583349774 0.0029296875
0 0.22681988557900967 0.873046875 0.0012823042020122311 0.001953125
0 0.1446537778654567 0.872802734375 0.0014795817715525744 0.00244140625
0 0.13996843558887354 0.872802734375 0.0013809429867824028 0.00244140625
0 0.3748273821266522 0.873291015625 0.004142828960347208 0.00439453125
0 0.3423752219372657 0.87255859375 0.004734661668968239 0.0029296875
0 0.16043598342868415 0.87255859375 0.0016768593410929177 0.0029296875
0 0.1259124087591241 0.873779296875 0.003255079897415664 0.00537109375
0 0.16600907476819884 0.874755859375 0.004734661668968239 0.00830078125
0 0.2079305582955218 0.87255859375 0.004931939238508582 0.0048828125
0 0.30341290195304793 0.870361328125 0.0027618859735648055 0.00341796875
0 0.2985796014993095 0.8701171875 0.004931939238508582 0.0029296875
0 0.26864273032156244 0.8701171875 0.006016965870980469 0.0068359375
0 0.1877589268100217 0.868408203125 0.004636022884198066 0.00341796875
0 0.14065890708226475 0.8681640625 0.000789110278161373 0.0029296875
0 0.18415861116591042 0.866943359375 0.0013809429867824028 0.00244140625
0 0.24837246005129215 0.86669921875 0.002959163543105149 0.0029296875
0 0.33428684158611166 0.865966796875 0.002170053264943776 0.00244140625
0 0.2713552969027422 0.865966796875 0.0023673308344841193 0.00244140625
0 0.16403629907279543 0.865966796875 0.002959163543105149 0.00244140625
0 0.3376405602682975 0.865478515625 0.003156441112645492 0.00244140625
0 0.4165022686920497 0.8662109375 0.00424146774511738 0.0048828125
0 0.29685342276583154 0.864990234375 0.00424146774511738 0.00439453125
0 0.23831130400473466 0.8642578125 0.005918327086210298 0.0048828125
0 0.15870980469520615 0.864013671875 0.005326494377589268 0.00439453125
0 0.3399585717103965 0.862548828125 0.001085026632471888 0.00341796875
0 0.1540737818110081 0.8623046875 0.0027618859735648055 0.00390625
0 0.15081870191359242 0.863037109375 0.0027618859735648055 0.00537109375
0 0.3344347997632669 0.8603515625 0.0016768593410929177 0.001953125
0 0.3303906095876899 0.860595703125 0.0016768593410929177 0.00244140625
0 0.30336358256066287 0.861328125 0.0038469126060366936 0.00390625
0 0.3102189781021898 0.861328125 0.00848293549023476 0.0048828125
0 0.16364174393371472 0.85986328125 0.0013809429867824028 0.001953125
0 0.20960741763661472 0.861083984375 0.006312882225290984 0.00537109375
0 0.16640362990727955 0.85986328125 0.0033537186821858355 0.00390625
0 0.27036890905504046 0.859619140625 0.005721049516669955 0.00537109375
0 0.2474847109883606 0.85888671875 0.0039455513908068654 0.00390625
0 0.15969619254290787 0.858154296875 0.004340106529887552 0.00244140625
0 0.18849871769579798 0.85791015625 0.0017754981258630894 0.0029296875
0 0.2958177155257447 0.856689453125 0.0013809429867824028 0.00244140625
0 0.30070033537186824 0.8564453125 0.007595186427303216 0.00390625
0 0.3240284079700138 0.855224609375 0.0023673308344841193 0.00244140625
0 0.13276780430065102 0.856201171875 0.00848293549023476 0.00439453125
0 0.3675281120536595 0.854736328125 0.0009863878477017164 0.00244140625
0 0.31722233182087195 0.8564453125 0.006312882225290984 0.005859375
0 0.3066679818504636 0.855224609375 0.0025646084040244622 0.00341796875
0 0.31159992108897216 0.8544921875 0.0011836654172420597 0.0029296875
0 0.3337443282698757 0.8544921875 0.001874136910633261 0.00390625
0 0.17158216610771354 0.854248046875 0.002663247188794634 0.00341796875
0 0.30957782600118366 0.853271484375 0.0012823042020122311 0.00244140625
0 0.09553166304991123 0.8544921875 0.005819688301440126 0.0048828125
0 0.372410731899783 0.852294921875 0.0022686920497139475 0.00244140625
0 0.3411422371276386 0.852783203125 0.010159794831327678 0.00537109375
0 0.37818110080883804 0.850341796875 0.0019727756954034327 0.00341796875
0 0.17237127638587493 0.84814453125 0.0038469126060366936 0.0029296875
0 0.4181791280331426 0.8486328125 0.007989741566383901 0.005859375
0 0.3448905109489051 0.8447265625 0.003452357466956007 0.00390625
0 0.378723614125074 0.84423828125 0.0030578023278753207 0.00390625
0 0.38128822252909844 0.842529296875 0.0016768593410929177 0.00244140625
0 0.6722726376011048 0.84228515625 0.0038469126060366936 0.0029296875
0 0.3843460248569738 0.841796875 0.0012823042020122311 0.001953125
0 0.36244821463799565 0.843017578125 0.006214243440520813 0.00439453125
0 0.3669362793450385 0.841552734375 0.0011836654172420597 0.00244140625
0 0.3104655750641152 0.842041015625 0.00424146774511738 0.00341796875
0 0.21887946340501085 0.845458984375 0.0051292168080489245 0.01123046875
0 0.31559479187216416 0.8427734375 0.005622410731899783 0.0068359375
0 0.2148845926218189 0.841064453125 0.00424146774511738 0.00341796875
0 0.16975734858946537 0.841552734375 0.002959163543105149 0.00439453125
0 0.16142237127638587 0.839111328125 0.0038469126060366936 0.00244140625
0 0.17932531071217203 0.838623046875 0.0017754981258630894 0.00244140625
0 0.1575754586703492 0.83837890625 0.0030578023278753207 0.0029296875
0 0.1912606036693628 0.83935546875 0.0061156046557506415 0.005859375
0 0.3028210692444269 0.837646484375 0.003748273821266522 0.00341796875
0 0.4273032156243835 0.837890625 0.0061156046557506415 0.0048828125
0 0.1960939041231012 0.836669921875 0.0027618859735648055 0.00439453125
0 0.16660090747681988 0.8359375 0.0017754981258630894 0.0029296875
0 0.6289208916946143 0.834228515625 0.0033537186821858355 0.00244140625
0 0.34375616492404815 0.83349609375 0.0027618859735648055 0.001953125
0 0.21616689682383114 0.834716796875 0.00542513316235944 0.00537109375
0 0.32348589465377786 0.83251953125 0.0008877490629315447 0.001953125
0 0.3602288419806668 0.832275390625 0.0039455513908068654 0.00244140625
0 0.33127835865062144 0.831787109375 0.005030578023278753 0.00439453125
0 0.3759124087591241 0.830078125 0.0039455513908068654 0.0029296875
0 0.3052870388636812 0.8291015625 0.0013809429867824028 0.001953125
0 0.3195896626553561 0.83056640625 0.003748273821266522 0.005859375
0 0.3080982442296311 0.8291015625 0.0014795817715525744 0.0029296875
0 0.20324521601893863 0.827880859375 0.0014795817715525744 0.00244140625
0 0.3634839218780825 0.8271484375 0.005918327086210298 0.0029296875
0 0.35238705859143815 0.82666015625 0.00483330045373841 0.00390625
0 0.18652594200039455 0.826416015625 0.0019727756954034327 0.00341796875
0 0.0921286249753403 0.82421875 0.004931939238508582 0.0029296875
0 0.3066186624580785 0.82177734375 0.0014795817715525744 0.001953125
0 0.30296902742158216 0.822509765625 0.0030578023278753207 0.00341796875
0 0.2413197869402249 0.82275390625 0.003452357466956007 0.00390625
0 0.21952061550601695 0.82177734375 0.0038469126060366936 0.0029296875
0 0.09341092917735254 0.820068359375 0.0051292168080489245 0.00341796875
0 0.43405997238114025 0.818603515625 0.0014795817715525744 0.00244140625
0 0.31307950286052477 0.8193359375 0.007101992503452358 0.0048828125
0 0.6321266521996449 0.817626953125 0.002663247188794634 0.00244140625
0 0.19412112842769777 0.817138671875 0.0009863878477017164 0.00244140625
0 0.30617478792661273 0.816650390625 0.0023673308344841193 0.00244140625
0 0.19801736042611956 0.817138671875 0.002071414480173604 0.00341796875
0 0.3817814164529493 0.8154296875 0.0014795817715525744 0.001953125
0 0.36629512724403235 0.81591796875 0.0028605247583349774 0.0029296875
0 0.5961728151509174 0.815185546875 0.003156441112645492 0.00244140625
0 0.3136713355691458 0.814208984375 0.001578220556322746 0.00244140625
0 0.183912014203985 0.812744140625 0.0012823042020122311 0.00244140625
0 0.3455809824422963 0.811279296875 0.0022686920497139475 0.00244140625
0 0.3988952456105741 0.809814453125 0.004142828960347208 0.00244140625
0 0.19347997632669164 0.8115234375 0.003452357466956007 0.0068359375
0 0.3305878871572302 0.809326171875 0.005030578023278753 0.00341796875
0 0.37684947721444073 0.807861328125 0.002663247188794634 0.00244140625
0 0.31303018346813966 0.807373046875 0.002071414480173604 0.00244140625
0 0.3152495561254685 0.807373046875 0.0023673308344841193 0.00341796875
0 0.35342276583152493 0.806640625 0.004931939238508582 0.0048828125
0 0.30094693233379366 0.804931640625 0.0023673308344841193 0.00244140625
0 0.20122312093115013 0.805419921875 0.003748273821266522 0.00341796875
0 0.5664332215427106 0.8037109375 0.0008877490629315447 0.001953125
0 0.32205563227461037 0.803955078125 0.0023673308344841193 0.00244140625
0 0.5621424344052082 0.80322265625 0.0019727756954034327 0.001953125
0 0.5596764647859538 0.803466796875 0.0019727756954034327 0.00244140625
0 0.1950088774906293 0.8056640625 0.005918327086210298 0.0078125
0 0.43243243243243246 0.80224609375 0.0023673308344841193 0.001953125
0 0.09449595580982442 0.80224609375 0.0019727756954034327 0.001953125
0 0.6617676070230815 0.801025390625 0.004931939238508582 0.00244140625
0 0.6288715723022292 0.800537109375 0.006016965870980469 0.00439453125
0 0.390215032550799 0.800537109375 0.0033537186821858355 0.00439453125
0 0.19140856184651805 0.798828125 0.001874136910633261 0.001953125
0 0.3062734267113829 0.798095703125 0.0033537186821858355 0.00244140625
0 0.212073387255869 0.79638671875 0.003748273821266522 0.001953125
0 0.3002564608404025 0.79638671875 0.006707437364371671 0.0048828125
0 0.1843065693430657 0.796630859375 0.00483330045373841 0.00537109375
0 0.0952850660879858 0.795654296875 0.0027618859735648055 0.00439453125
0 0.35756559479187217 0.794189453125 0.0025646084040244622 0.00244140625
0 0.37527125665811795 0.793701171875 0.0028605247583349774 0.00244140625
0 0.34064904320378775 0.79345703125 0.0038469126060366936 0.001953125
0 0.39963503649635035 0.793212890625 0.001874136910633261 0.00244140625
0 0.21305977510357071 0.792724609375 0.004931939238508582 0.00244140625
0 0.391941211284277 0.7958984375 0.007397908857762872 0.009765625
0 0.5667291378970211 0.7919921875 0.002071414480173604 0.0029296875
0 0.3978102189781022 0.789306640625 0.0011836654172420597 0.00146484375
0 0.243095285066088 0.7890625 0.0016768593410929177 0.001953125
0 0.5633754192148352 0.790283203125 0.003452357466956007 0.00634765625
0 0.0963207733280726 0.787109375 0.0012823042020122311 0.001953125
0 0.34370684553166303 0.78759765625 0.002663247188794634 0.00390625
0 0.2100019727756954 0.785400390625 0.0033537186821858355 0.00439453125
0 0.23959360820674688 0.783203125 0.001578220556322746 0.001953125
0 0.23485894653777867 0.783447265625 0.002959163543105149 0.00244140625
0 0.5732392976918524 0.78271484375 0.001085026632471888 0.001953125
0 0.22479779049122114 0.78271484375 0.002170053264943776 0.001953125
0 0.29468336950088775 0.781494140625 0.0036496350364963502 0.00244140625
0 0.34819491023870586 0.78076171875 0.0023673308344841193 0.001953125
0 0.5607614914184257 0.7802734375 0.002959163543105149 0.0029296875
0 0.3428684158611166 0.7783203125 0.0023673308344841193 0.0029296875
0 0.5610574077727363 0.77587890625 0.0013809429867824028 0.001953125
0 0.3489840205168672 0.775146484375 0.0033537186821858355 0.00244140625
0 0.23648648648648649 0.773681640625 0.003452357466956007 0.00244140625
0 0.5575557309133952 0.77294921875 0.0008877490629315447 0.001953125
0 0.2030479384493983 0.77294921875 0.0028605247583349774 0.001953125
0 0.5761984612349575 0.773193359375 0.0044387453146577235 0.00439453125
0 0.5245117380153876 0.771484375 0.003255079897415664 0.001953125
0 0.41595975537581376 0.76904296875 0.0027618859735648055 0.001953125
0 0.5202209508778852 0.767822265625 0.0017754981258630894 0.00244140625
0 0.2210988360623397 0.767822265625 0.002465969619254291 0.00244140625
0 0.3128822252909844 0.76806640625 0.006707437364371671 0.0048828125
0 0.21601893864667587 0.766845703125 0.003156441112645492 0.00341796875
0 0.5600217005326494 0.765625 0.003452357466956007 0.0029296875
0 0.24901361215229828 0.765380859375 0.003452357466956007 0.00244140625
0 0.23002564608404025 0.764892578125 0.002959163543105149 0.00244140625
0 0.41595975537581376 0.763916015625 0.003748273821266522 0.00341796875
0 0.5629808640757545 0.760986328125 0.00483330045373841 0.00244140625
0 0.4167488656539751 0.76025390625 0.001578220556322746 0.001953125
0 0.5273722627737226 0.759765625 0.005819688301440126 0.0029296875
0 0.42602091142237125 0.76025390625 0.004537384099427895 0.00390625
0 0.2963109094495956 0.758544921875 0.004734661668968239 0.00244140625
0 0.2180903531268495 0.758544921875 0.004734661668968239 0.00244140625
0 0.22440323535214046 0.7578125 0.003156441112645492 0.001953125
0 0.5768889327283487 0.757080078125 0.0022686920497139475 0.00244140625
0 0.09030380745709213 0.7568359375 0.0008877490629315447 0.001953125
0 0.5357072400868022 0.757080078125 0.004142828960347208 0.00341796875
0 0.5802426514105347 0.755859375 0.001874136910633261 0.001953125
0 0.5291970802919708 0.755859375 0.005721049516669955 0.0029296875
0 0.4199546261590057 0.754638671875 0.0022686920497139475 0.00244140625
0 0.42483724600512923 0.7548828125 0.003748273821266522 0.0048828125
0 0.555139080686526 0.753173828125 0.0025646084040244622 0.00244140625
0 0.23515486289208917 0.7529296875 0.0027618859735648055 0.001953125
0 0.2059084632077333 0.75439453125 0.0044387453146577235 0.0048828125
0 0.20995265338331032 0.752685546875 0.002071414480173604 0.00244140625
0 0.30365949891497335 0.7529296875 0.0044387453146577235 0.00390625
0 0.24260209114223713 0.752685546875 0.00424146774511738 0.00439453125
0 0.16956007101992504 0.751953125 0.0019727756954034327 0.0029296875
0 0.5883803511540738 0.7509765625 0.001578220556322746 0.001953125
0 0.5756066285263366 0.751953125 0.0030578023278753207 0.00390625
0 0.5437956204379562 0.7509765625 0.003156441112645492 0.001953125
0 0.5224403235352141 0.75048828125 0.002071414480173604 0.001953125
0 0.24812586308936674 0.750732421875 0.002071414480173604 0.00244140625
0 0.22588281712369304 0.75 0.0025646084040244622 0.001953125
0 0.16329650818701913 0.75 0.0008877490629315447 0.001953125
0 0.5308246202406787 0.74951171875 0.00424146774511738 0.0029296875
0 0.3168277766817913 0.74951171875 0.002170053264943776 0.0029296875
0 0.30020714144801736 0.74951171875 0.00424146774511738 0.0029296875
0 0.2013217597159203 0.7509765625 0.004142828960347208 0.0068359375
0 0.16719274018544092 0.748291015625 0.0011836654172420597 0.00146484375
0 0.572943381337542 0.748291015625 0.002465969619254291 0.00244140625
0 0.4277470901558493 0.749267578125 0.003452357466956007 0.00537109375
0 0.4164036299072795 0.749755859375 0.00424146774511738 0.00634765625
0 0.20492207536003157 0.748046875 0.001874136910633261 0.0029296875
0 0.21636417439337147 0.748779296875 0.006411521010061156 0.00537109375
0 0.24176366147169068 0.747314453125 0.0033537186821858355 0.00341796875
0 0.4031860327480765 0.746337890625 0.001874136910633261 0.00244140625
0 0.22884198066679817 0.746337890625 0.0027618859735648055 0.00244140625
0 0.5336851449990136 0.7451171875 0.003255079897415664 0.0029296875
0 0.5165713158413888 0.7451171875 0.0025646084040244622 0.0029296875
0 0.21074176366147168 0.7451171875 0.004044190175577037 0.00390625
0 0.23530282106924444 0.745361328125 0.006016965870980469 0.00537109375
0 0.18036101795225884 0.745849609375 0.00483330045373841 0.00634765625
0 0.5994772144407181 0.7431640625 0.001874136910633261 0.001953125
0 0.5839909252318012 0.744140625 0.00424146774511738 0.00390625
0 0.5423653580587887 0.745361328125 0.003255079897415664 0.00634765625
0 0.5468041033734464 0.744873046875 0.004044190175577037 0.00634765625
0 0.5489741566383902 0.741943359375 0.001874136910633261 0.00244140625
0 0.5738311304004735 0.74169921875 0.001874136910633261 0.0029296875
0 0.5631781416452949 0.740966796875 0.00483330045373841 0.00244140625
0 0.5556815940027618 0.74169921875 0.002071414480173604 0.00390625
0 0.31939238508581574 0.742431640625 0.010061156046557506 0.00732421875
0 0.514401262576445 0.7392578125 0.0013809429867824028 0.0029296875
0 0.3086900769382521 0.74267578125 0.009962517261787335 0.009765625
0 0.5789110278161373 0.743896484375 0.004734661668968239 0.01318359375
0 0.24782994673505623 0.73828125 0.0016768593410929177 0.001953125
0 0.18933714736634444 0.739013671875 0.0014795817715525744 0.00341796875
0 0.5431544683369501 0.7392578125 0.007989741566383901 0.0048828125
0 0.4252318011442099 0.738525390625 0.0027618859735648055 0.00341796875
0 0.28980074965476427 0.738037109375 0.0023673308344841193 0.00341796875
0 0.2065496153087394 0.736572265625 0.0009863878477017164 0.00146484375
0 0.467251923456303 0.736328125 0.0013809429867824028 0.001953125
0 0.16378970211087 0.73876953125 0.011343460248569737 0.0068359375
0 0.5165713158413888 0.73681640625 0.0027618859735648055 0.00390625
0 0.4360820674689288 0.737548828125 0.004142828960347208 0.00537109375
0 0.15520812783586507 0.737060546875 0.0028605247583349774 0.00439453125
0 0.17113829157624777 0.735595703125 0.0027618859735648055 0.00341796875
0 0.2796409548234366 0.736572265625 0.0039455513908068654 0.00634765625
0 0.5846813967251924 0.734375 0.0028605247583349774 0.0029296875
0 0.2933024265141053 0.73486328125 0.0036496350364963502 0.00390625
0 0.5789110278161373 0.733642578125 0.002959163543105149 0.00341796875
0 0.15180508976129414 0.734130859375 0.003550996251726179 0.00439453125
0 0.5626849477214441 0.732666015625 0.001874136910633261 0.00244140625
0 0.23106135332412706 0.734130859375 0.006411521010061156 0.00537109375
0 0.2250443874531466 0.733642578125 0.006411521010061156 0.00439453125
0 0.19999013612152297 0.73291015625 0.0016768593410929177 0.0029296875
0 0.3152988755178536 0.734375 0.006016965870980469 0.0068359375
0 0.23910041428289602 0.731689453125 0.0019727756954034327 0.00244140625
0 0.5884296705464589 0.732421875 0.004044190175577037 0.005859375
0 0.24926020911422372 0.73095703125 0.0023673308344841193 0.0029296875
0 0.5703294535411324 0.730712890625 0.004340106529887552 0.00439453125
0 0.43179128033142633 0.7294921875 0.0016768593410929177 0.001953125
0 0.42991714342079307 0.72998046875 0.001874136910633261 0.0029296875
0 0.31914578812389033 0.729736328125 0.0014795817715525744 0.00244140625
0 0.593065693430657 0.729248046875 0.0012823042020122311 0.00244140625
0 0.5590353126849478 0.73046875 0.00483330045373841 0.0048828125
0 0.4478200828565792 0.72705078125 0.0027618859735648055 0.0029296875
0 0.310909449595581 0.727783203125 0.004734661668968239 0.00439453125
0 0.2552771749852042 0.726806640625 0.002170053264943776 0.00244140625
0 0.17547839810613533 0.72705078125 0.0013809429867824028 0.00390625
0 0.5847307161175774 0.7275390625 0.004537384099427895 0.005859375
0 0.5572104951666995 0.7255859375 0.0011836654172420597 0.001953125
0 0.13188005523771948 0.731201171875 0.0033537186821858355 0.01318359375
0 0.30775300848293546 0.725830078125 0.004142828960347208 0.00439453125
0 0.26302031958966265 0.725341796875 0.0016768593410929177 0.00341796875
0 0.5624876701519037 0.72412109375 0.0012823042020122311 0.001953125
0 0.5173111067271651 0.7236328125 0.0016768593410929177 0.001953125
0 0.18963306372065497 0.725830078125 0.006806076149141842 0.00634765625
0 0.2591240875912409 0.724365234375 0.0027618859735648055 0.00439453125
0 0.21059380548431644 0.723388671875 0.0011836654172420597 0.00244140625
0 0.13168277766817912 0.72412109375 0.0019727756954034327 0.00390625
0 0.3032649437758927 0.723388671875 0.002071414480173604 0.00341796875
0 0.2951765634247386 0.720947265625 0.0022686920497139475 0.00341796875
0 0.2791477608995857 0.7197265625 0.0013809429867824028 0.0029296875
0 0.5742256855395541 0.71875 0.0022686920497139475 0.001953125
0 0.2906391793253107 0.71875 0.0014795817715525744 0.001953125
0 0.19155652002367332 0.71875 0.001578220556322746 0.001953125
0 0.5949398303412902 0.72119140625 0.006214243440520813 0.0087890625
0 0.19357861511146182 0.71728515625 0.0012823042020122311 0.001953125
0 0.3102189781021898 0.71630859375 0.0009863878477017164 0.001953125
0 0.26050503057802327 0.71728515625 0.003156441112645492 0.00390625
0 0.28457289406194514 0.71875 0.0051292168080489245 0.0078125
0 0.5968139672519235 0.71533203125 0.0014795817715525744 0.001953125
0 0.2962122706648254 0.718994140625 0.006510159794831328 0.00927734375
0 0.1887946340501085 0.71533203125 0.002170053264943776 0.001953125
0 0.279887551785362 0.71533203125 0.0028605247583349774 0.0029296875
0 0.2656835667784573 0.715087890625 0.002071414480173604 0.00244140625
0 0.22159202998619057 0.714599609375 0.003255079897415664 0.00244140625
0 0.4421976721246794 0.7138671875 0.0009863878477017164 0.001953125
0 0.27174985204182284 0.716796875 0.004142828960347208 0.0078125
0 0.43973170250542515 0.715576171875 0.0025646084040244622 0.00634765625
0 0.5921779443677254 0.712890625 0.0036496350364963502 0.0029296875
0 0.2305681594002762 0.712890625 0.0028605247583349774 0.0029296875
0 0.5346715328467153 0.714111328125 0.002663247188794634 0.00634765625
0 0.43613138686131386 0.71484375 0.00424146774511738 0.0078125
0 0.6008581574275005 0.71240234375 0.0030578023278753207 0.00390625
0 0.2914776089958572 0.713134765625 0.0027618859735648055 0.00537109375
0 0.26119550207141445 0.711669921875 0.001578220556322746 0.00244140625
0 0.23446439139869796 0.71435546875 0.004340106529887552 0.0078125
0 0.5801440126257644 0.71044921875 0.0008877490629315447 0.0029296875
0 0.2893075557309134 0.71142578125 0.0027618859735648055 0.0048828125
0 0.27978891300059183 0.710205078125 0.002071414480173604 0.00244140625
0 0.212073387255869 0.71044921875 0.0011836654172420597 0.0029296875
0 0.4554645886762675 0.709716796875 0.0012823042020122311 0.00244140625
0 0.2566087985796015 0.711669921875 0.003255079897415664 0.00634765625
0 0.24496942197672125 0.710205078125 0.0030578023278753207 0.00341796875
0 0.2639573880449793 0.709716796875 0.004142828960347208 0.00537109375
0 0.28284671532846717 0.707763671875 0.0022686920497139475 0.00244140625
0 0.5956303018346814 0.708984375 0.003255079897415664 0.005859375
0 0.29468336950088775 0.7080078125 0.0030578023278753207 0.00390625
0 0.280479384493983 0.70703125 0.001085026632471888 0.001953125
0 0.21739988163345828 0.70703125 0.0009863878477017164 0.001953125
0 0.2767311106727165 0.7080078125 0.0030578023278753207 0.0048828125
0 0.590205168672322 0.7060546875 0.001874136910633261 0.001953125
0 0.5299368711777471 0.70703125 0.0038469126060366936 0.00390625
0 0.4446636417439337 0.70751953125 0.003748273821266522 0.0048828125
0 0.28555928190964686 0.70849609375 0.003156441112645492 0.0068359375
0 0.2322450187413691 0.707275390625 0.0016768593410929177 0.00439453125
0 0.2576938252120734 0.707275390625 0.002663247188794634 0.00634765625
0 0.22662260800946932 0.70703125 0.0036496350364963502 0.005859375
0 0.5823140658907082 0.706298828125 0.0014795817715525744 0.00537109375
0 0.2458571710396528 0.705078125 0.0012823042020122311 0.00390625
0 0.542513316235944 0.703857421875 0.004142828960347208 0.00732421875
0 0.44278950483330043 0.701416015625 0.0013809429867824028 0.00244140625
0 0.5922272637601105 0.700927734375 0.001578220556322746 0.00244140625
0 0.5847800355099625 0.701171875 0.002663247188794634 0.0029296875
0 0.23604261195502071 0.700927734375 0.001578220556322746 0.00244140625
0 0.2709114223712764 0.70166015625 0.004636022884198066 0.005859375
0 0.5898106135332413 0.7001953125 0.0028605247583349774 0.0048828125
0 0.23392187808246204 0.697509765625 0.001874136910633261 0.00244140625
0 0.26302031958966265 0.69921875 0.007595186427303216 0.0087890625
0 0.5955316630499112 0.697509765625 0.003255079897415664 0.00634765625
0 0.5849279936871178 0.69580078125 0.0013809429867824028 0.0029296875
0 0.2757447228250148 0.69873046875 0.00424146774511738 0.0107421875
0 0.28772933517459065 0.693359375 0.0009863878477017164 0.001953125
0 0.2736239889524561 0.69384765625 0.000789110278161373 0.0029296875
0 0.44836259617281515 0.694580078125 0.006016965870980469 0.00537109375
0 0.44042217399881634 0.6943359375 0.004734661668968239 0.0087890625
0 0.27791477608995857 0.691162109375 0.0008877490629315447 0.00341796875
0 0.2807259814559085 0.688720703125 0.0023673308344841193 0.00244140625
0 0.2744624186230026 0.685791015625 0.0016768593410929177 0.00439453125
