0 0.23554941803116985 0.99755859375 0.004537384099427895 0.0048828125
0 0.6888439534424936 0.99560546875 0.003255079897415664 0.00390625
0 0.2267212467942395 0.996826171875 0.00424146774511738 0.00634765625
0 0.10273229433813376 0.994873046875 0.0014795817715525744 0.00244140625
0 0.2518248175182482 0.992919921875 0.0011836654172420597 0.00341796875
0 0.10406391793253107 0.9892578125 0.004142828960347208 0.0029296875
0 0.09854014598540146 0.988525390625 0.0023673308344841193 0.00439453125
0 0.6942197672124679 0.9873046875 0.0025646084040244622 0.0029296875
0 0.21961925429078713 0.987060546875 0.0038469126060366936 0.00634765625
0 0.25187413691063326 0.98486328125 0.002663247188794634 0.0029296875
0 0.24250345235746695 0.985595703125 0.006411521010061156 0.00537109375
0 0.23175182481751824 0.982666015625 0.0006904714933912014 0.00244140625
0 0.22657328861708423 0.9853515625 0.004931939238508582 0.0078125
0 0.10297889130005919 0.979248046875 0.0009863878477017164 0.00244140625
0 0.17439337147366343 0.98095703125 0.015387650424146774 0.0078125
0 0.24156638390215032 0.97705078125 0.005326494377589268 0.00390625
0 0.25606628526336556 0.97509765625 0.004537384099427895 0.0068359375
0 0.7213947524166502 0.972412109375 0.002663247188794634 0.00341796875
0 0.22479779049122114 0.972900390625 0.003550996251726179 0.00439453125
0 0.21843558887354508 0.97314453125 0.007595186427303216 0.0048828125
0 0.09533438548037088 0.972412109375 0.004636022884198066 0.00341796875
0 0.2526632471887946 0.972412109375 0.0036496350364963502 0.00439453125
0 0.6923456303018347 0.968994140625 0.0019727756954034327 0.00244140625
0 0.2511836654172421 0.96875 0.0030578023278753207 0.0029296875
0 0.23693036101795226 0.96630859375 0.0027618859735648055 0.00390625
0 0.24625172617873348 0.96533203125 0.004044190175577037 0.0029296875
0 0.7218879463405011 0.964111328125 0.002663247188794634 0.00341796875
0 0.2451173801538765 0.9609375 0.003156441112645492 0.0029296875
0 0.2506411521010061 0.95703125 0.002170053264943776 0.001953125
0 0.23347800355099624 0.95947265625 0.011047543894259222 0.0068359375
0 0.602880252515289 0.956298828125 0.003748273821266522 0.00341796875
0 0.15515880844347998 0.957275390625 0.009272045768396133 0.00537109375
0 0.7270664825409351 0.9541015625 0.002170053264943776 0.0029296875
0 0.24383507595186427 0.955078125 0.007891102781613731 0.005859375
0 0.10692444269086605 0.95654296875 0.013809429867824028 0.009765625
0 0.6945650029591636 0.952392578125 0.0036496350364963502 0.00341796875
0 0.7162655356086013 0.951416015625 0.002465969619254291 0.00244140625
0 0.6916551588084435 0.950927734375 0.002170053264943776 0.00244140625
0 0.22090155849279938 0.953125 0.0077924639968435586 0.0068359375
0 0.19530479384493982 0.951904296875 0.006510159794831328 0.00439453125
0 0.6611264549220753 0.9501953125 0.002663247188794634 0.001953125
0 0.09370684553166304 0.95068359375 0.0039455513908068654 0.0029296875
0 0.6768100217005326 0.95068359375 0.003452357466956007 0.0048828125
0 0.7041822844742552 0.948974609375 0.0023673308344841193 0.00244140625
0 0.25355099625172617 0.94873046875 0.005030578023278753 0.0048828125
0 0.616147169066877 0.94677734375 0.006411521010061156 0.0048828125
0 0.18933714736634444 0.9462890625 0.005030578023278753 0.0048828125
0 0.7089169461432235 0.945556640625 0.0051292168080489245 0.00537109375
0 0.696537778654567 0.943603515625 0.002071414480173604 0.00244140625
0 0.6769086604853028 0.944091796875 0.005227855592819097 0.00439453125
0 0.7008778851844545 0.943603515625 0.002465969619254291 0.00439453125
0 0.15362990727954232 0.943603515625 0.0036496350364963502 0.00439453125
0 0.19629118169264154 0.943115234375 0.006904714933912014 0.00439453125
0 0.09232590254488064 0.9423828125 0.003156441112645492 0.00390625
0 0.6711382915762478 0.9423828125 0.003748273821266522 0.0048828125
0 0.18484908265930164 0.941650390625 0.006312882225290984 0.00341796875
0 0.7235154862892089 0.937255859375 0.003156441112645492 0.00341796875
0 0.6894851055434997 0.937744140625 0.0027618859735648055 0.00439453125
0 0.1578713750246597 0.9375 0.008778851844545275 0.0048828125
0 0.14998027224304597 0.936767578125 0.00483330045373841 0.00341796875
0 0.22400868021305978 0.9365234375 0.003550996251726179 0.00390625
0 0.7038863681199448 0.93505859375 0.0023673308344841193 0.0029296875
0 0.6957979877687906 0.93310546875 0.00907476819885579 0.0048828125
0 0.6829749457486683 0.93212890625 0.003550996251726179 0.0029296875
0 0.2636614716906688 0.931884765625 0.005326494377589268 0.00732421875
0 0.6616196488459262 0.929443359375 0.0036496350364963502 0.00341796875
0 0.2523673308344841 0.92919921875 0.006214243440520813 0.0048828125
0 0.2527618859735648 0.926513671875 0.0030578023278753207 0.00244140625
0 0.35973564805681596 0.92626953125 0.001578220556322746 0.0029296875
0 0.3567764845137108 0.9248046875 0.0019727756954034327 0.001953125
0 0.19017557703689092 0.927978515625 0.009469323337936477 0.00830078125
0 0.6980666798185047 0.924560546875 0.006510159794831328 0.00439453125
0 0.6584138883408956 0.92431640625 0.0027618859735648055 0.00390625
0 0.1686230025646084 0.922607421875 0.0044387453146577235 0.00341796875
0 0.09424935884789899 0.9228515625 0.0036496350364963502 0.00390625
0 0.1578713750246597 0.924560546875 0.014105346222134543 0.00830078125
0 0.0980962714539357 0.922607421875 0.0012823042020122311 0.00439453125
0 0.6656145196291182 0.920654296875 0.002959163543105149 0.00244140625
0 0.6490432037877293 0.921630859375 0.008088380351154074 0.00439453125
0 0.701765634247386 0.920654296875 0.00424146774511738 0.00341796875
0 0.5705267311106728 0.920654296875 0.006904714933912014 0.00341796875
0 0.2654862892089169 0.92041015625 0.0022686920497139475 0.0029296875
0 0.6955020714144802 0.918701171875 0.0027618859735648055 0.00439453125
0 0.7184355888735451 0.919921875 0.013710791083053857 0.0087890625
0 0.09592621818899191 0.91748046875 0.00542513316235944 0.005859375
0 0.09242454132965082 0.91650390625 0.0011836654172420597 0.0048828125
0 0.1571315841388834 0.91455078125 0.007496547642533044 0.00390625
0 0.5908956401657132 0.91064453125 0.0077924639968435586 0.00390625
0 0.35021700532649436 0.90966796875 0.001085026632471888 0.001953125
0 0.16956007101992504 0.90966796875 0.003550996251726179 0.0029296875
0 0.6805089761294141 0.911376953125 0.008088380351154074 0.00732421875
0 0.17769777076346419 0.91064453125 0.0022686920497139475 0.005859375
0 0.12019135924245414 0.90771484375 0.0008877490629315447 0.001953125
0 0.3961333596370093 0.9072265625 0.002959163543105149 0.00390625
0 0.3898697968041034 0.906982421875 0.003452357466956007 0.00439453125
0 0.15249556125468533 0.90673828125 0.0025646084040244622 0.00390625
0 0.09903333990925232 0.907470703125 0.0017754981258630894 0.00634765625
0 0.7277076346419412 0.905517578125 0.006214243440520813 0.00439453125
0 0.11767607023081475 0.90380859375 0.0009863878477017164 0.001953125
0 0.10485302821069245 0.904541015625 0.0027618859735648055 0.00341796875
0 0.7215427105938055 0.90869140625 0.015584927993687117 0.0126953125
0 0.3536693627934504 0.9033203125 0.001874136910633261 0.0029296875
0 0.3994870783191951 0.902587890625 0.0013809429867824028 0.00244140625
0 0.3939139869796804 0.9013671875 0.003452357466956007 0.0029296875
0 0.386762675083843 0.90185546875 0.004142828960347208 0.005859375
0 0.351154073781811 0.900634765625 0.0017754981258630894 0.00341796875
0 0.39687315052278554 0.89990234375 0.001874136910633261 0.0029296875
0 0.23372460051292168 0.901611328125 0.006214243440520813 0.00634765625
0 0.7067962122706648 0.89990234375 0.007003353718682186 0.00390625
0 0.15244624186230027 0.89892578125 0.0008877490629315447 0.001953125
0 0.6531367133556915 0.898681640625 0.005622410731899783 0.00439453125
0 0.3587985796014993 0.8984375 0.0038469126060366936 0.00390625
0 0.23988952456105742 0.898193359375 0.005523771947129611 0.00439453125
0 0.6589564016571315 0.89892578125 0.008384296705464589 0.0078125
0 0.35154862892089167 0.89599609375 0.0013809429867824028 0.001953125
0 0.10529690274215822 0.8984375 0.00424146774511738 0.0078125
0 0.39460445847307163 0.894775390625 0.003452357466956007 0.00439453125
0 0.16709410140067074 0.893798828125 0.0033537186821858355 0.00244140625
0 0.3612152298283685 0.893310546875 0.0027618859735648055 0.00341796875
0 0.1829256263562833 0.893798828125 0.008384296705464589 0.00439453125
0 0.4125567173012428 0.891845703125 0.0016768593410929177 0.00244140625
0 0.658611165910436 0.89208984375 0.005326494377589268 0.00390625
0 0.6937265732886171 0.892333984375 0.005523771947129611 0.00634765625
0 0.17029986190570132 0.89013671875 0.003452357466956007 0.001953125
0 0.09183270862102978 0.890380859375 0.002170053264943776 0.00244140625
0 0.24492010258433616 0.888916015625 0.004340106529887552 0.00244140625
0 0.34923061747879264 0.887939453125 0.0022686920497139475 0.00244140625
0 0.1967843756164924 0.888916015625 0.006904714933912014 0.00537109375
0 0.3964292759913198 0.8876953125 0.0039455513908068654 0.005859375
0 0.40170645097652397 0.885498046875 0.0014795817715525744 0.00244140625
0 0.3998323140658907 0.88525390625 0.0008877490629315447 0.001953125
0 0.17917735253501677 0.885986328125 0.005819688301440126 0.00341796875
0 0.2399388439534425 0.8837890625 0.0028605247583349774 0.0029296875
0 0.3981554547247978 0.88232421875 0.001874136910633261 0.001953125
0 0.1456894851055435 0.88134765625 0.0013809429867824028 0.001953125
0 0.250591832708621 0.882080078125 0.005227855592819097 0.00537109375
0 0.19392385085815741 0.880126953125 0.0023673308344841193 0.00244140625
0 0.09622213454330243 0.881103515625 0.002465969619254291 0.00439453125
0 0.40121325705267313 0.879638671875 0.0016768593410929177 0.00244140625
0 0.34064904320378775 0.8798828125 0.0022686920497139475 0.0029296875
0 0.09883606233971197 0.87841796875 0.0025646084040244622 0.001953125
0 0.34952653383310317 0.877197265625 0.00424146774511738 0.00341796875
0 0.14938843953442493 0.876220703125 0.0030578023278753207 0.00244140625
0 0.12004340106529887 0.876708984375 0.004142828960347208 0.00341796875
0 0.4048628920891695 0.8779296875 0.004636022884198066 0.0078125
0 0.35312684947721446 0.87548828125 0.0027618859735648055 0.0029296875
0 0.2409252318011442 0.87548828125 0.002663247188794634 0.0029296875
0 0.17784572894061945 0.875 0.0019727756954034327 0.001953125
0 0.40944959558098243 0.870361328125 0.0025646084040244622 0.00244140625
0 0.3495758532254883 0.870361328125 0.002959163543105149 0.00341796875
0 0.3884395344249359 0.8681640625 0.001578220556322746 0.001953125
0 0.3410435983428684 0.868408203125 0.0028605247583349774 0.00244140625
0 0.1328664430854212 0.86865234375 0.002959163543105149 0.0029296875
0 0.11116591043598342 0.8701171875 0.006510159794831328 0.005859375
0 0.3470112448214638 0.867919921875 0.0019727756954034327 0.00244140625
0 0.41418425724995067 0.8681640625 0.004142828960347208 0.0068359375
0 0.4010159794831328 0.865234375 0.0028605247583349774 0.0048828125
0 0.15698362596172816 0.86376953125 0.002071414480173604 0.001953125
0 0.42449201025843364 0.86279296875 0.0012823042020122311 0.001953125
0 0.2670645097652397 0.863037109375 0.0012823042020122311 0.00244140625
0 0.4035805878871572 0.864990234375 0.00483330045373841 0.00830078125
0 0.41058394160583944 0.862548828125 0.006016965870980469 0.00537109375
0 0.38464194121128426 0.860595703125 0.00483330045373841 0.00439453125
0 0.1317814164529493 0.85986328125 0.005918327086210298 0.0029296875
0 0.3412901953047938 0.85986328125 0.003550996251726179 0.00390625
0 0.14085618465180508 0.85888671875 0.003156441112645492 0.001953125
0 0.152298283685145 0.85791015625 0.001578220556322746 0.001953125
0 0.15570132175971593 0.857421875 0.00424146774511738 0.0029296875
0 0.34434799763266916 0.85595703125 0.001578220556322746 0.001953125
0 0.2458078516472677 0.85595703125 0.002170053264943776 0.0029296875
0 0.4158611165910436 0.854736328125 0.0011836654172420597 0.00244140625
0 0.13104162556717303 0.85498046875 0.003452357466956007 0.0029296875
0 0.4123594397317025 0.85400390625 0.0036496350364963502 0.005859375
0 0.3400078911027816 0.853759765625 0.003156441112645492 0.00537109375
0 0.3352732294338134 0.8544921875 0.005918327086210298 0.0068359375
0 0.15727954231603866 0.85205078125 0.005030578023278753 0.00390625
0 0.33290589859932923 0.850830078125 0.0017754981258630894 0.00244140625
0 0.14485105543499704 0.850341796875 0.001085026632471888 0.00244140625
0 0.1617676070230815 0.848388671875 0.003156441112645492 0.00244140625
0 0.1412014203985007 0.84814453125 0.0036496350364963502 0.001953125
0 0.1321266521996449 0.845703125 0.00483330045373841 0.0029296875
0 0.32575458670349183 0.845458984375 0.0028605247583349774 0.00341796875
0 0.16556520023673307 0.84619140625 0.0028605247583349774 0.005859375
0 0.3341882028013415 0.844482421875 0.0039455513908068654 0.00439453125
0 0.33921878082462026 0.84521484375 0.004537384099427895 0.0068359375
0 0.15145985401459855 0.84375 0.002663247188794634 0.0048828125
0 0.14435786151114618 0.84326171875 0.006806076149141842 0.00390625
0 0.14909252318011443 0.84228515625 0.0012823042020122311 0.0029296875
0 0.15639179325310712 0.841552734375 0.0038469126060366936 0.00244140625
0 0.13760110475438941 0.840087890625 0.004734661668968239 0.00537109375
0 0.38991911619648845 0.838623046875 0.0023673308344841193 0.00341796875
0 0.14470309725784178 0.8388671875 0.0017754981258630894 0.00390625
0 0.3933714736634445 0.837646484375 0.003550996251726179 0.00537109375
0 0.15530676662063522 0.8349609375 0.002465969619254291 0.001953125
0 0.16600907476819884 0.83447265625 0.0023673308344841193 0.001953125
0 0.3317715525744723 0.834228515625 0.002071414480173604 0.00244140625
0 0.42064509765239694 0.833251953125 0.0012823042020122311 0.00244140625
0 0.4247879266127441 0.832763671875 0.0022686920497139475 0.00244140625
0 0.4138390215032551 0.8330078125 0.0038469126060366936 0.0048828125
0 0.3610672716512133 0.831298828125 0.0030578023278753207 0.00341796875
0 0.335075951864273 0.830810546875 0.0027618859735648055 0.00341796875
0 0.41743933714736636 0.829833984375 0.001578220556322746 0.00244140625
0 0.3933714736634445 0.82958984375 0.0023673308344841193 0.0029296875
0 0.39943775892681005 0.82666015625 0.001085026632471888 0.001953125
0 0.3338429670546459 0.82666015625 0.002663247188794634 0.001953125
0 0.4198559873742356 0.82666015625 0.002663247188794634 0.005859375
0 0.32146379956598936 0.82373046875 0.0023673308344841193 0.0029296875
0 0.42542907871375024 0.822265625 0.0013809429867824028 0.001953125
0 0.1661570329453541 0.82275390625 0.003452357466956007 0.0029296875
0 0.3963799565989347 0.821044921875 0.005030578023278753 0.00537109375
0 0.19219767212467942 0.8193359375 0.002663247188794634 0.00390625
0 0.4030380745709213 0.818359375 0.0025646084040244622 0.00390625
0 0.43070625369895443 0.816162109375 0.0016768593410929177 0.00244140625
0 0.39662655356086013 0.816162109375 0.0013809429867824028 0.00244140625
0 0.4280430065101598 0.815185546875 0.0030578023278753207 0.00244140625
0 0.3220063128822253 0.815185546875 0.0028605247583349774 0.00341796875
0 0.3055336358256066 0.813720703125 0.002071414480173604 0.00244140625
0 0.09015584927993688 0.8134765625 0.001578220556322746 0.001953125
0 0.3556914578812389 0.81298828125 0.0017754981258630894 0.001953125
0 0.3995857171039653 0.812255859375 0.000789110278161373 0.00244140625
0 0.42207536003156443 0.814453125 0.0051292168080489245 0.0087890625
0 0.3582067468928783 0.810302734375 0.0022686920497139475 0.00244140625
0 0.39480173604261193 0.80712890625 0.001874136910633261 0.0029296875
0 0.1741960939041231 0.80712890625 0.004340106529887552 0.0029296875
0 0.18549023476030777 0.803466796875 0.0038469126060366936 0.00244140625
0 0.18909055040441902 0.802734375 0.002170053264943776 0.001953125
0 0.18090353126849476 0.802490234375 0.004537384099427895 0.00341796875
0 0.3470605642138489 0.8017578125 0.003255079897415664 0.0029296875
0 0.299418031169856 0.799560546875 0.0022686920497139475 0.00244140625
0 0.20220950877885185 0.799560546875 0.0023673308344841193 0.00244140625
0 0.5641152101006116 0.798583984375 0.0023673308344841193 0.00244140625
0 0.42853620043401064 0.79833984375 0.004044190175577037 0.0048828125
0 0.09765239692246991 0.797119140625 0.0025646084040244622 0.00244140625
0 0.31322746103768 0.797607421875 0.001874136910633261 0.00439453125
0 0.40698362596172816 0.796630859375 0.001578220556322746 0.00341796875
0 0.30819688301440124 0.797119140625 0.003452357466956007 0.00537109375
0 0.40249556125468533 0.795166015625 0.0012823042020122311 0.00244140625
0 0.3481455908463208 0.7939453125 0.0014795817715525744 0.001953125
0 0.19392385085815741 0.7939453125 0.003550996251726179 0.00390625
0 0.4046656145196291 0.79248046875 0.0014795817715525744 0.001953125
0 0.18213651607812192 0.793701171875 0.006806076149141842 0.00537109375
0 0.436180706253699 0.790283203125 0.0009863878477017164 0.00244140625
0 0.13237324916157034 0.791259765625 0.003156441112645492 0.00439453125
0 0.566679818504636 0.7880859375 0.0017754981258630894 0.001953125
0 0.3133260998224502 0.789306640625 0.003255079897415664 0.00439453125
0 0.409794831327678 0.7880859375 0.001874136910633261 0.0029296875
0 0.4077727362398895 0.787841796875 0.0019727756954034327 0.00244140625
0 0.10376800157822055 0.787353515625 0.0013809429867824028 0.00146484375
0 0.09622213454330243 0.787841796875 0.002071414480173604 0.00244140625
0 0.5589859932925626 0.787353515625 0.0019727756954034327 0.00244140625
0 0.19185243637798383 0.787841796875 0.0019727756954034327 0.00341796875
0 0.5633754192148352 0.786865234375 0.003255079897415664 0.00341796875
0 0.43381337541921483 0.78515625 0.0019727756954034327 0.0029296875
0 0.12694811599921088 0.784423828125 0.004537384099427895 0.00341796875
0 0.11767607023081475 0.783447265625 0.005918327086210298 0.00341796875
0 0.20398500690471494 0.7822265625 0.0023673308344841193 0.001953125
0 0.19047149339120142 0.782470703125 0.003550996251726179 0.00244140625
0 0.13380351154073783 0.782958984375 0.002465969619254291 0.00341796875
0 0.13587492602091142 0.781494140625 0.001874136910633261 0.00244140625
0 0.5618465180508976 0.78271484375 0.005326494377589268 0.005859375
0 0.43657526139277963 0.78125 0.0011836654172420597 0.0029296875
0 0.3179128033142632 0.78076171875 0.0017754981258630894 0.001953125
0 0.30232787532057603 0.7802734375 0.0011836654172420597 0.001953125
0 0.21153087393963307 0.780517578125 0.002071414480173604 0.00244140625
0 0.10973564805681595 0.781982421875 0.008581574275004932 0.00537109375
0 0.3059775103570724 0.781494140625 0.0025646084040244622 0.00537109375
0 0.5659400276188598 0.779296875 0.0016768593410929177 0.001953125
0 0.11895837443282699 0.77880859375 0.0017754981258630894 0.001953125
0 0.341388834089564 0.7783203125 0.0013809429867824028 0.001953125
0 0.206894851055435 0.779052734375 0.007003353718682186 0.00732421875
0 0.34903333990925234 0.77587890625 0.0008877490629315447 0.001953125
0 0.19111264549220752 0.77685546875 0.0036496350364963502 0.00390625
0 0.5680114420990333 0.776123046875 0.0028605247583349774 0.00341796875
0 0.4140856184651805 0.77587890625 0.0017754981258630894 0.0029296875
0 0.12778654566975736 0.77685546875 0.005622410731899783 0.0048828125
0 0.10835470507003354 0.7763671875 0.003255079897415664 0.0048828125
0 0.3032649437758927 0.773681640625 0.0028605247583349774 0.00244140625
0 0.1953541132373249 0.77392578125 0.004044190175577037 0.0029296875
0 0.11308936673900177 0.773681640625 0.0016768593410929177 0.00244140625
0 0.568356677845729 0.77294921875 0.001578220556322746 0.001953125
0 0.4165022686920497 0.773193359375 0.0014795817715525744 0.00244140625
0 0.1223614125073979 0.773193359375 0.002465969619254291 0.00244140625
0 0.24319392385085817 0.7724609375 0.0012823042020122311 0.001953125
0 0.20536594989149734 0.772216796875 0.0025646084040244622 0.00244140625
0 0.1445551390806865 0.7724609375 0.002465969619254291 0.0029296875
0 0.41319786940224895 0.772216796875 0.0027618859735648055 0.00341796875
0 0.15900572104951666 0.771484375 0.001578220556322746 0.001953125
0 0.20191359242454132 0.77099609375 0.002170053264943776 0.001953125
0 0.4352929571907674 0.771484375 0.001578220556322746 0.00390625
0 0.19762280528703888 0.770751953125 0.004636022884198066 0.00244140625
0 0.2297790491221148 0.770263671875 0.0014795817715525744 0.00244140625
0 0.1345926218188992 0.772705078125 0.00483330045373841 0.00732421875
0 0.23288617084237523 0.769287109375 0.0017754981258630894 0.00244140625
0 0.1905208127835865 0.770263671875 0.006411521010061156 0.00439453125
0 0.5292463996843559 0.768798828125 0.002071414480173604 0.00244140625
0 0.4347011244821464 0.768310546875 0.0025646084040244622 0.00244140625
0 0.17197672124679425 0.76806640625 0.001874136910633261 0.001953125
0 0.5507003353718682 0.768310546875 0.0019727756954034327 0.00341796875
0 0.5212073387255869 0.768310546875 0.0017754981258630894 0.00341796875
0 0.10919313474058 0.767333984375 0.002959163543105149 0.00244140625
0 0.5147464983231407 0.7666015625 0.001874136910633261 0.001953125
0 0.14914184257249952 0.769287109375 0.004931939238508582 0.00732421875
0 0.4193134740579996 0.76611328125 0.0013809429867824028 0.0029296875
0 0.1832215427105938 0.76806640625 0.008187019135924246 0.0068359375
0 0.09567962122706648 0.765380859375 0.0025646084040244622 0.00244140625
0 0.30203195896626556 0.766357421875 0.0033537186821858355 0.00537109375
0 0.1870191359242454 0.76513671875 0.002170053264943776 0.0029296875
0 0.14307555730913396 0.764892578125 0.0008877490629315447 0.00244140625
0 0.10648056815940028 0.764892578125 0.0014795817715525744 0.00244140625
0 0.15427105938054844 0.7646484375 0.0025646084040244622 0.00390625
0 0.24630104557111857 0.7626953125 0.0011836654172420597 0.001953125
0 0.1818405997238114 0.7626953125 0.002071414480173604 0.001953125
0 0.20595778260011838 0.764892578125 0.003748273821266522 0.00732421875
0 0.5543992898007497 0.76171875 0.001085026632471888 0.001953125
0 0.3053363582560663 0.764404296875 0.006806076149141842 0.00732421875
0 0.5645097652396922 0.761474609375 0.003156441112645492 0.00244140625
0 0.13434602485697375 0.761474609375 0.001578220556322746 0.00244140625
0 0.23106135332412706 0.7607421875 0.0022686920497139475 0.001953125
0 0.17044782008285658 0.7626953125 0.006904714933912014 0.005859375
0 0.13898204774117182 0.76171875 0.004734661668968239 0.0048828125
0 0.11101795225882817 0.760986328125 0.001085026632471888 0.00341796875
0 0.3389721838626948 0.759765625 0.0014795817715525744 0.001953125
0 0.14332215427105938 0.759765625 0.0017754981258630894 0.001953125
0 0.5732392976918524 0.759765625 0.0030578023278753207 0.0029296875
0 0.12734267113829156 0.759521484375 0.0025646084040244622 0.00244140625
0 0.29719865851252714 0.7587890625 0.004537384099427895 0.0029296875
0 0.17676070230814755 0.760498046875 0.004142828960347208 0.00634765625
0 0.3098244229631091 0.7578125 0.003550996251726179 0.0029296875
0 0.20699348984020516 0.757568359375 0.003452357466956007 0.00244140625
0 0.15806865259420003 0.759765625 0.0066087985796014995 0.0068359375
0 0.15989347011244823 0.75732421875 0.0023673308344841193 0.0029296875
0 0.5561254685342276 0.75634765625 0.0019727756954034327 0.0029296875
0 0.5450286052475833 0.756591796875 0.002071414480173604 0.00341796875
0 0.5318110080883803 0.757080078125 0.0038469126060366936 0.00537109375
0 0.3278260011836654 0.75537109375 0.0022686920497139475 0.001953125
0 0.1446537778654567 0.755615234375 0.002663247188794634 0.00244140625
0 0.4409646873150523 0.75537109375 0.001874136910633261 0.0029296875
0 0.4385480370881831 0.755615234375 0.0019727756954034327 0.00341796875
0 0.42054645886762676 0.755615234375 0.0022686920497139475 0.00341796875
0 0.20378772933517458 0.75537109375 0.003550996251726179 0.00390625
0 0.5371375024659696 0.75390625 0.0012823042020122311 0.001953125
0 0.17251923456303017 0.755126953125 0.005326494377589268 0.00439453125
0 0.5142533043992898 0.758056640625 0.0038469126060366936 0.01123046875
0 0.31278358650621424 0.75390625 0.0023673308344841193 0.0029296875
0 0.19658709804695207 0.753662109375 0.004340106529887552 0.00439453125
0 0.1383902150325508 0.753662109375 0.004734661668968239 0.00439453125
0 0.23066679818504637 0.75146484375 0.0016768593410929177 0.001953125
0 0.12127638587492602 0.751220703125 0.002071414480173604 0.00244140625
0 0.31998421779443675 0.751708984375 0.0027618859735648055 0.00439453125
0 0.18169264154665615 0.751220703125 0.002959163543105149 0.00439453125
0 0.17754981258630895 0.7509765625 0.0033537186821858355 0.00390625
0 0.20521799171434207 0.749755859375 0.0028605247583349774 0.00244140625
0 0.5905504044190175 0.748779296875 0.002170053264943776 0.00244140625
0 0.5765436969816532 0.748779296875 0.002170053264943776 0.00244140625
0 0.30045373840994277 0.748779296875 0.0017754981258630894 0.00244140625
0 0.5403925823633853 0.748291015625 0.001874136910633261 0.00244140625
0 0.15555336358256067 0.74755859375 0.0009863878477017164 0.001953125
0 0.22573485894653778 0.74755859375 0.001874136910633261 0.0029296875
0 0.5722529098441507 0.74658203125 0.002071414480173604 0.001953125
0 0.16398697968041034 0.74755859375 0.007003353718682186 0.0048828125
0 0.14342079305582955 0.748046875 0.0027618859735648055 0.005859375
0 0.5372361412507398 0.74560546875 0.0008877490629315447 0.001953125
0 0.5130203195896627 0.745849609375 0.0013809429867824028 0.00244140625
0 0.5668277766817913 0.7470703125 0.0077924639968435586 0.005859375
0 0.19900374827382128 0.74609375 0.0030578023278753207 0.0048828125
0 0.5388636811994476 0.744140625 0.0013809429867824028 0.001953125
0 0.20462615900572104 0.744873046875 0.003452357466956007 0.00341796875
0 0.19466364174393372 0.7451171875 0.002465969619254291 0.0048828125
0 0.30716117577431445 0.7431640625 0.001578220556322746 0.001953125
0 0.30203195896626556 0.744384765625 0.005918327086210298 0.00439453125
0 0.23461234957585322 0.7431640625 0.001874136910633261 0.0029296875
0 0.3110574077727362 0.744384765625 0.002465969619254291 0.00634765625
0 0.3202801341487473 0.74169921875 0.0013809429867824028 0.001953125
0 0.555139080686526 0.741943359375 0.002170053264943776 0.00341796875
0 0.17789504833300454 0.74267578125 0.0028605247583349774 0.0048828125
0 0.5656441112645492 0.740966796875 0.0022686920497139475 0.00244140625
0 0.3262971000197278 0.7412109375 0.001578220556322746 0.0029296875
0 0.42685934109291773 0.740234375 0.0012823042020122311 0.0029296875
0 0.3232886170842375 0.739501953125 0.001874136910633261 0.00244140625
0 0.5558295521799171 0.7392578125 0.001578220556322746 0.0029296875
0 0.2239593608206747 0.73779296875 0.0012823042020122311 0.001953125
0 0.11254685342276582 0.73779296875 0.0013809429867824028 0.001953125
0 0.5199250345235746 0.739990234375 0.004142828960347208 0.00732421875
0 0.3178634839218781 0.738525390625 0.003452357466956007 0.00439453125
0 0.44180311698559876 0.739013671875 0.003748273821266522 0.00634765625
0 0.32757940422174 0.737060546875 0.001578220556322746 0.00244140625
0 0.1662063523377392 0.73681640625 0.0017754981258630894 0.001953125
0 0.5152890116393766 0.73876953125 0.003156441112645492 0.0068359375
0 0.5326494377589268 0.73583984375 0.0011836654172420597 0.001953125
0 0.15663839021503256 0.736083984375 0.0013809429867824028 0.00244140625
0 0.5605642138488853 0.736083984375 0.0011836654172420597 0.00341796875
0 0.3115506016965871 0.737060546875 0.004636022884198066 0.00634765625
0 0.3060268297494575 0.73583984375 0.0036496350364963502 0.00390625
0 0.19111264549220752 0.736328125 0.002663247188794634 0.0048828125
0 0.17537975932136515 0.734375 0.0013809429867824028 0.0029296875
0 0.3118958374432827 0.7333984375 0.003550996251726179 0.0029296875
0 0.5268790688498718 0.7333984375 0.002071414480173604 0.00390625
0 0.5208621029788914 0.7333984375 0.0016768593410929177 0.00390625
0 0.3205267311106727 0.735107421875 0.0036496350364963502 0.00732421875
0 0.18963306372065497 0.732421875 0.0012823042020122311 0.001953125
0 0.5234760307753008 0.735107421875 0.004142828960347208 0.00830078125
0 0.16704478200828565 0.7314453125 0.0008877490629315447 0.001953125
0 0.29946735056224105 0.73095703125 0.0023673308344841193 0.001953125
0 0.21074176366147168 0.73095703125 0.0012823042020122311 0.001953125
0 0.4419017557703689 0.73046875 0.0013809429867824028 0.0029296875
0 0.3060268297494575 0.730712890625 0.0036496350364963502 0.00341796875
0 0.17784572894061945 0.73046875 0.003156441112645492 0.0029296875
0 0.2124679423949497 0.731201171875 0.002170053264943776 0.00537109375
0 0.5237226277372263 0.727783203125 0.001085026632471888 0.00244140625
0 0.2128131781416453 0.726806640625 0.001085026632471888 0.00244140625
0 0.43677253896232 0.7265625 0.0025646084040244622 0.0048828125
0 0.5131189583744328 0.724853515625 0.001578220556322746 0.00341796875
0 0.19017557703689092 0.72314453125 0.0009863878477017164 0.001953125
0 0.442542907871375 0.722900390625 0.0022686920497139475 0.00244140625
0 0.5317123693036102 0.723388671875 0.002465969619254291 0.00537109375
0 0.5249062931544684 0.723876953125 0.0028605247583349774 0.00732421875
0 0.44032353521404616 0.720458984375 0.003748273821266522 0.00732421875
0 0.43687117774709017 0.718505859375 0.0025646084040244622 0.00439453125
0 0.2983330045373841 0.71875 0.0028605247583349774 0.0048828125
0 0.5320082856579207 0.716796875 0.001085026632471888 0.00390625
0 0.5389130005918327 0.716064453125 0.001085026632471888 0.00341796875
0 0.19150720063128823 0.716796875 0.0014795817715525744 0.005859375
0 0.5409844150720063 0.712890625 0.001874136910633261 0.0029296875
0 0.5351647267705661 0.713623046875 0.001874136910633261 0.00439453125
0 0.3002564608404025 0.71142578125 0.002170053264943776 0.0048828125
