0 0.7252416650226869 0.9921875 0.0012823042020122311 0.001953125
0 0.7232195699348984 0.988037109375 0.0009863878477017164 0.00244140625
0 0.7221345433024265 0.9833984375 0.0009863878477017164 0.001953125
0 0.724156638390215 0.976806640625 0.0008877490629315447 0.00244140625
0 0.7205563227461038 0.974365234375 0.0009863878477017164 0.00244140625
0 0.7194712961136319 0.963623046875 0.0009863878477017164 0.00244140625
0 0.3853324127046755 0.9638671875 0.0012823042020122311 0.0048828125
0 0.7258828171236931 0.950927734375 0.000789110278161373 0.00244140625
0 0.721838626948116 0.949462890625 0.0027618859735648055 0.00634765625
0 0.7193726573288617 0.946533203125 0.0011836654172420597 0.00244140625
0 0.7202110869994082 0.934814453125 0.0030578023278753207 0.00537109375
0 0.7239593608206747 0.932373046875 0.001874136910633261 0.00634765625
0 0.7166107713552969 0.9248046875 0.0009863878477017164 0.001953125
0 0.7235154862892089 0.9228515625 0.001578220556322746 0.0048828125
0 0.718978102189781 0.91796875 0.0013809429867824028 0.0029296875
0 0.7220359045176563 0.9169921875 0.001578220556322746 0.005859375
0 0.7250937068455316 0.91259765625 0.000789110278161373 0.001953125
0 0.723564805681594 0.909912109375 0.0016768593410929177 0.00244140625
0 0.7230716117577431 0.90380859375 0.0044387453146577235 0.0048828125
0 0.7186821858354705 0.89404296875 0.0017754981258630894 0.00390625
0 0.7198165318603275 0.879150390625 0.001085026632471888 0.00244140625
0 0.722972972972973 0.870361328125 0.002071414480173604 0.00341796875
0 0.15949891497336752 0.734130859375 0.0019727756954034327 0.00537109375
0 0.3971690668770961 0.66650390625 0.0044387453146577235 0.0068359375
0 0.15417242059577826 0.67041015625 0.015782205563227462 0.021484375
0 0.7217893075557309 0.658447265625 0.003255079897415664 0.00341796875
0 0.09775103570724009 0.65380859375 0.0009863878477017164 0.00390625
0 0.18943578615111462 0.660400390625 0.017064509765239693 0.02099609375
0 0.1804103373446439 0.64697265625 0.0017754981258630894 0.0068359375
