0 0.48875517853620043 0.99951171875 0.001578220556322746 0.0009765625
0 0.09469323337936476 0.999267578125 0.0019727756954034327 0.00146484375
0 0.34646873150522783 0.9990234375 0.002663247188794634 0.001953125
0 0.4818997829946735 0.998779296875 0.0038469126060366936 0.00244140625
0 0.5072499506806076 0.99853515625 0.002663247188794634 0.0029296875
0 0.5024166502268692 0.997802734375 0.003452357466956007 0.00439453125
0 0.35179522588281714 0.997802734375 0.003255079897415664 0.00439453125
0 0.6453442493588479 0.997314453125 0.006016965870980469 0.00537109375
0 0.44668573683172225 0.996337890625 0.0016768593410929177 0.00439453125
0 0.5497139475241665 0.99560546875 0.0039455513908068654 0.00390625
0 0.5058690076938253 0.995361328125 0.001874136910633261 0.00341796875
0 0.6021404616295127 0.99462890625 0.002465969619254291 0.0029296875
0 0.5308246202406787 0.99658203125 0.0030578023278753207 0.0068359375
0 0.45423160386664035 0.995849609375 0.004340106529887552 0.00537109375
0 0.4486585125271257 0.99560546875 0.002071414480173604 0.0068359375
0 0.09760307753008483 0.994140625 0.0014795817715525744 0.00390625
0 0.5087295324521602 0.993896484375 0.0038469126060366936 0.00439453125
0 0.4308048924837246 0.993896484375 0.001085026632471888 0.00439453125
0 0.3304892483724601 0.995849609375 0.006214243440520813 0.00830078125
0 0.5672716512132571 0.992919921875 0.003748273821266522 0.00341796875
0 0.40599723811402644 0.99365234375 0.004340106529887552 0.0048828125
0 0.3415367922667193 0.99560546875 0.004636022884198066 0.0087890625
0 0.6052969027421582 0.992431640625 0.002663247188794634 0.00341796875
0 0.447129611363188 0.99169921875 0.0009863878477017164 0.001953125
0 0.4605444860919313 0.991455078125 0.0013809429867824028 0.00244140625
0 0.13380351154073783 0.9931640625 0.0030578023278753207 0.005859375
0 0.4343558887354508 0.99462890625 0.005819688301440126 0.0107421875
0 0.40313671335569146 0.990234375 0.0027618859735648055 0.001953125
0 0.3942099033339909 0.99169921875 0.004636022884198066 0.005859375
0 0.35860130203195895 0.991943359375 0.00483330045373841 0.00732421875
0 0.5092720457683961 0.987060546875 0.001578220556322746 0.00244140625
0 0.554004734661669 0.9873046875 0.005622410731899783 0.0048828125
0 0.33882422568553955 0.98681640625 0.0025646084040244622 0.00390625
0 0.35756559479187217 0.985595703125 0.0013809429867824028 0.00244140625
0 0.43583547050700333 0.98486328125 0.001085026632471888 0.001953125
0 0.5512921680804892 0.986572265625 0.004142828960347208 0.00634765625
0 0.5290984415072006 0.9873046875 0.0072992700729927005 0.0078125
0 0.45497139475241666 0.986083984375 0.0038469126060366936 0.00537109375
0 0.3319688301440126 0.989013671875 0.009370684553166305 0.01220703125
0 0.40693430656934304 0.984130859375 0.004044190175577037 0.00341796875
0 0.3414381534819491 0.984619140625 0.002465969619254291 0.00439453125
0 0.5515880844347998 0.98193359375 0.0011836654172420597 0.001953125
0 0.5051292168080489 0.984130859375 0.010455711185638194 0.00634765625
0 0.5673209706056421 0.982421875 0.0038469126060366936 0.00390625
0 0.3441507200631288 0.98046875 0.0009863878477017164 0.001953125
0 0.43144604458473074 0.978271484375 0.0051292168080489245 0.00537109375
0 0.3348293549023476 0.9775390625 0.002465969619254291 0.0048828125
0 0.33645689485105545 0.97509765625 0.0013809429867824028 0.0029296875
0 0.4906293154468337 0.974853515625 0.0025646084040244622 0.00341796875
0 0.5052771749852042 0.97705078125 0.004636022884198066 0.0087890625
0 0.40974551193529296 0.974609375 0.004142828960347208 0.00390625
0 0.7065496153087394 0.97412109375 0.0033537186821858355 0.00390625
0 0.6656638390215033 0.974609375 0.00424146774511738 0.0048828125
0 0.551144209903334 0.97607421875 0.00542513316235944 0.0078125
0 0.41595975537581376 0.974365234375 0.0023673308344841193 0.00537109375
0 0.4997534030380746 0.972900390625 0.0038469126060366936 0.00341796875
0 0.4968435588873545 0.97216796875 0.0017754981258630894 0.001953125
0 0.45363977115801934 0.973388671875 0.0023673308344841193 0.00439453125
0 0.5749654764253305 0.97314453125 0.006312882225290984 0.0048828125
0 0.3417340698362596 0.970458984375 0.0014795817715525744 0.00244140625
0 0.6762181889919117 0.973876953125 0.01686723219569935 0.01220703125
0 0.5673702899980272 0.96826171875 0.0019727756954034327 0.001953125
0 0.43455316630499113 0.968017578125 0.0016768593410929177 0.00244140625
0 0.4276977707634642 0.968505859375 0.0009863878477017164 0.00341796875
0 0.5208127835865062 0.966796875 0.0027618859735648055 0.001953125
0 0.4521108699940817 0.967529296875 0.00424146774511738 0.00341796875
0 0.41014006707437367 0.967529296875 0.0033537186821858355 0.00341796875
0 0.5365456697573486 0.966552734375 0.0022686920497139475 0.00244140625
0 0.7095087788518445 0.96728515625 0.005918327086210298 0.0048828125
0 0.4377096074176366 0.966552734375 0.0016768593410929177 0.00341796875
0 0.3351745906490432 0.9677734375 0.004142828960347208 0.0068359375
0 0.5932629710001973 0.965087890625 0.002071414480173604 0.00244140625
0 0.5056224107318997 0.96728515625 0.0061156046557506415 0.0068359375
0 0.6606825803906096 0.9658203125 0.0061156046557506415 0.0048828125
0 0.6691161964884592 0.965087890625 0.008581574275004932 0.00439453125
0 0.5118859735648057 0.9638671875 0.0012823042020122311 0.001953125
0 0.5706746892878279 0.963623046875 0.0036496350364963502 0.00341796875
0 0.43026237916748866 0.965576171875 0.003550996251726179 0.00732421875
0 0.3300453738409943 0.963623046875 0.005721049516669955 0.00439453125
0 0.4371177747090156 0.962158203125 0.0012823042020122311 0.00244140625
0 0.3602288419806668 0.962158203125 0.001578220556322746 0.00439453125
0 0.6667488656539752 0.9599609375 0.003255079897415664 0.0029296875
0 0.47203590451765637 0.9599609375 0.003255079897415664 0.0048828125
0 0.6859341092917736 0.958251953125 0.0072992700729927005 0.00537109375
0 0.5329453541132373 0.9560546875 0.0011836654172420597 0.001953125
0 0.6704971394752417 0.95654296875 0.004044190175577037 0.00390625
0 0.5371868218583548 0.955810546875 0.005721049516669955 0.00439453125
0 0.517804300651016 0.953857421875 0.002663247188794634 0.00244140625
0 0.4120142039850069 0.953857421875 0.000789110278161373 0.00244140625
0 0.5607614914184257 0.9560546875 0.008088380351154074 0.0078125
0 0.43973170250542515 0.95556640625 0.003748273821266522 0.0068359375
0 0.5147464983231407 0.95263671875 0.002663247188794634 0.001953125
0 0.4654764253304399 0.952880859375 0.001578220556322746 0.00341796875
0 0.33147563622016174 0.95361328125 0.007397908857762872 0.0068359375
0 0.4680410337344644 0.952880859375 0.004340106529887552 0.00634765625
0 0.47474847109883606 0.950439453125 0.0025646084040244622 0.00244140625
0 0.64080686525942 0.950439453125 0.00424146774511738 0.00439453125
0 0.5504537384099428 0.950927734375 0.007200631288222529 0.00732421875
0 0.48796606825803907 0.95166015625 0.007891102781613731 0.0087890625
0 0.4110278161373052 0.9482421875 0.0011836654172420597 0.0029296875
0 0.40772341684750446 0.94873046875 0.00424146774511738 0.0048828125
0 0.4346518050897613 0.947509765625 0.003255079897415664 0.00341796875
0 0.3975636220161768 0.947265625 0.0012823042020122311 0.0029296875
0 0.3946537778654567 0.94775390625 0.004142828960347208 0.00390625
0 0.3800552377194713 0.947021484375 0.000789110278161373 0.00244140625
0 0.5667784572894062 0.947265625 0.009469323337936477 0.0048828125
0 0.3752219372657329 0.946044921875 0.000789110278161373 0.00244140625
0 0.33369500887749065 0.946044921875 0.009863878477017163 0.00634765625
0 0.47114815545472477 0.94482421875 0.0036496350364963502 0.0048828125
0 0.37749062931544686 0.943603515625 0.0009863878477017164 0.00244140625
0 0.13750246596961926 0.94384765625 0.0017754981258630894 0.0029296875
0 0.10544486091931347 0.943603515625 0.0011836654172420597 0.00341796875
0 0.6723712763858749 0.945556640625 0.007989741566383901 0.00927734375
0 0.43036101795225884 0.9423828125 0.0025646084040244622 0.00390625
0 0.34336160978496744 0.94189453125 0.0017754981258630894 0.0029296875
0 0.5344249358847899 0.94140625 0.0013809429867824028 0.0029296875
0 0.4246399684355889 0.94482421875 0.0072992700729927005 0.0107421875
0 0.4364273032156244 0.94140625 0.0016768593410929177 0.0048828125
0 0.5176563424738607 0.940673828125 0.008877490629315447 0.00634765625
0 0.4882619846123496 0.939697265625 0.0061156046557506415 0.00537109375
0 0.42888143618070623 0.93798828125 0.000789110278161373 0.001953125
0 0.4429374630104557 0.93798828125 0.0038469126060366936 0.0029296875
0 0.41378970211087 0.9375 0.0013809429867824028 0.001953125
0 0.4016571315841389 0.938232421875 0.005721049516669955 0.00634765625
0 0.3411915565200237 0.936279296875 0.0009863878477017164 0.00244140625
0 0.33162359439731703 0.9384765625 0.004931939238508582 0.0068359375
0 0.47272637601104756 0.93798828125 0.010948905109489052 0.0068359375
0 0.44244426908660484 0.93359375 0.0012823042020122311 0.001953125
0 0.48244229631090946 0.934326171875 0.0039455513908068654 0.00439453125
0 0.6952554744525548 0.93310546875 0.007595186427303216 0.00390625
0 0.4874235549418031 0.932373046875 0.002465969619254291 0.00244140625
0 0.5509469323337937 0.932373046875 0.008187019135924246 0.00439453125
0 0.40382718484908264 0.930908203125 0.0033537186821858355 0.00244140625
0 0.34198066679818506 0.9306640625 0.0009863878477017164 0.001953125
0 0.6390313671335569 0.930419921875 0.004636022884198066 0.00244140625
0 0.647119747484711 0.929443359375 0.004044190175577037 0.00439453125
0 0.510307753008483 0.928466796875 0.0022686920497139475 0.00244140625
0 0.4905306766620635 0.92822265625 0.0027618859735648055 0.0029296875
0 0.3998323140658907 0.927734375 0.002071414480173604 0.001953125
0 0.20181495363977117 0.928466796875 0.003156441112645492 0.00341796875
0 0.5337837837837838 0.927490234375 0.0016768593410929177 0.00244140625
0 0.48372460051292165 0.927001953125 0.0025646084040244622 0.00244140625
0 0.5654468336950089 0.927490234375 0.005227855592819097 0.00439453125
0 0.3443973170250543 0.9267578125 0.0016768593410929177 0.0029296875
0 0.6415466561451962 0.92626953125 0.003748273821266522 0.0029296875
0 0.5574570921286249 0.92626953125 0.002663247188794634 0.0029296875
0 0.42266719274018544 0.926025390625 0.002959163543105149 0.00244140625
0 0.32698757151311897 0.92578125 0.0009863878477017164 0.001953125
0 0.6359735648056816 0.92626953125 0.002663247188794634 0.00390625
0 0.5042414677451174 0.93017578125 0.0072992700729927005 0.0126953125
0 0.6197474847109884 0.926025390625 0.007101992503452358 0.00634765625
0 0.48771947129611365 0.924560546875 0.0030578023278753207 0.00341796875
0 0.40732886170842375 0.924072265625 0.003452357466956007 0.00244140625
0 0.4210396527914776 0.92333984375 0.002465969619254291 0.0029296875
0 0.4019530479384494 0.92333984375 0.0027618859735648055 0.0029296875
0 0.5861116591043598 0.9228515625 0.002170053264943776 0.0029296875
0 0.3949003748273821 0.922607421875 0.0022686920497139475 0.00244140625
0 0.646577234168475 0.9228515625 0.004142828960347208 0.00390625
0 0.3914480173604261 0.92333984375 0.0028605247583349774 0.0048828125
0 0.6330637206549615 0.921875 0.0027618859735648055 0.0029296875
0 0.5817715525744723 0.922607421875 0.007101992503452358 0.00439453125
0 0.39751430262379167 0.92138671875 0.0019727756954034327 0.001953125
0 0.5760998224501874 0.92138671875 0.00424146774511738 0.0029296875
0 0.4784474255277175 0.920654296875 0.0012823042020122311 0.00244140625
0 0.4655750641152101 0.9208984375 0.0019727756954034327 0.0029296875
0 0.5305287038863681 0.919189453125 0.0012823042020122311 0.00146484375
0 0.5124778062734268 0.920654296875 0.00424146774511738 0.00439453125
0 0.5055237719471296 0.919921875 0.0025646084040244622 0.00390625
0 0.14243440520812783 0.920166015625 0.0025646084040244622 0.00439453125
0 0.5368415861116591 0.918212890625 0.0012823042020122311 0.00244140625
0 0.5329946735056225 0.918212890625 0.0030578023278753207 0.00244140625
0 0.44910238705859146 0.921142578125 0.008877490629315447 0.00830078125
0 0.3942099033339909 0.91796875 0.0028605247583349774 0.0029296875
0 0.4617281515091734 0.919921875 0.005918327086210298 0.0078125
0 0.33497731307950285 0.91796875 0.0023673308344841193 0.00390625
0 0.4263168277766818 0.9169921875 0.002170053264943776 0.0029296875
0 0.09148747287433419 0.9208984375 0.004044190175577037 0.0126953125
0 0.5198757151311896 0.916015625 0.005819688301440126 0.00390625
0 0.5069540343262972 0.91552734375 0.005819688301440126 0.00390625
0 0.39460445847307163 0.914306640625 0.0028605247583349774 0.00244140625
0 0.16882028013414874 0.91552734375 0.004636022884198066 0.0048828125
0 0.47548826198461236 0.917724609375 0.008384296705464589 0.01123046875
0 0.6534819491023871 0.91650390625 0.019135924245413296 0.009765625
0 0.4850069047149339 0.912109375 0.0027618859735648055 0.001953125
0 0.19668573683172225 0.91455078125 0.0072992700729927005 0.0068359375
0 0.6128427697770763 0.911376953125 0.002170053264943776 0.00244140625
0 0.5140560268297495 0.91162109375 0.005227855592819097 0.00390625
0 0.4471789307555731 0.911865234375 0.002071414480173604 0.00537109375
0 0.5445847307161176 0.910888671875 0.005918327086210298 0.00439453125
0 0.38848885381732096 0.909912109375 0.0012823042020122311 0.00244140625
0 0.4051094890510949 0.9091796875 0.0019727756954034327 0.001953125
0 0.5102584336160978 0.90869140625 0.003550996251726179 0.0029296875
0 0.5004931939238508 0.908203125 0.0023673308344841193 0.001953125
0 0.3460741763661472 0.908935546875 0.002071414480173604 0.00341796875
0 0.3399585717103965 0.908447265625 0.001085026632471888 0.00244140625
0 0.0935095679621227 0.911376953125 0.004734661668968239 0.00927734375
0 0.4926514105346222 0.909423828125 0.005622410731899783 0.00634765625
0 0.42819096468731505 0.9072265625 0.003748273821266522 0.0029296875
0 0.637946340501085 0.90673828125 0.007595186427303216 0.00390625
0 0.44668573683172225 0.906005859375 0.0012823042020122311 0.00244140625
0 0.09045176563424738 0.908203125 0.0017754981258630894 0.0068359375
0 0.46059380548431644 0.905517578125 0.0016768593410929177 0.00244140625
0 0.6144703097257842 0.905517578125 0.006016965870980469 0.00439453125
0 0.33675281120536593 0.90625 0.004931939238508582 0.005859375
0 0.6291674886565397 0.904296875 0.0036496350364963502 0.0029296875
0 0.19303610179522587 0.90478515625 0.007101992503452358 0.00390625
0 0.4714933912014204 0.903564453125 0.001578220556322746 0.00244140625
0 0.49753403038074573 0.903076171875 0.002959163543105149 0.00244140625
0 0.10233773919905306 0.9033203125 0.001874136910633261 0.00390625
0 0.4064411126454922 0.903076171875 0.004636022884198066 0.00439453125
0 0.09972381140264353 0.904541015625 0.0025646084040244622 0.00732421875
0 0.462073387255869 0.90185546875 0.0014795817715525744 0.00390625
0 0.4428881436180706 0.90234375 0.0061156046557506415 0.0048828125
0 0.5035509962517262 0.901123046875 0.005326494377589268 0.00439453125
0 0.34577826001183665 0.901123046875 0.001085026632471888 0.00439453125
0 0.40121325705267313 0.89990234375 0.0022686920497139475 0.0029296875
0 0.338528309331229 0.900146484375 0.0023673308344841193 0.00341796875
0 0.08995857171039653 0.900634765625 0.0011836654172420597 0.00439453125
0 0.18899191161964884 0.89990234375 0.002959163543105149 0.00390625
0 0.42996646281317813 0.899169921875 0.005721049516669955 0.00341796875
0 0.39026435194318404 0.898681640625 0.0016768593410929177 0.00244140625
0 0.4365259420003946 0.897705078125 0.001874136910633261 0.00244140625
0 0.31756756756756754 0.898193359375 0.004044190175577037 0.00439453125
0 0.656884987176958 0.8974609375 0.003452357466956007 0.00390625
0 0.3967251923456303 0.897216796875 0.004142828960347208 0.00341796875
0 0.16571315841388834 0.89794921875 0.005523771947129611 0.0048828125
0 0.6519530479384494 0.895751953125 0.004044190175577037 0.00244140625
0 0.10455711185638193 0.8955078125 0.0011836654172420597 0.0029296875
0 0.44929966462813176 0.89697265625 0.0051292168080489245 0.0078125
0 0.4972381140264352 0.89404296875 0.005721049516669955 0.0029296875
0 0.45531663049911225 0.89306640625 0.0039455513908068654 0.001953125
0 0.44165515880844347 0.89404296875 0.002071414480173604 0.00390625
0 0.34207930558295524 0.8935546875 0.0023673308344841193 0.0029296875
0 0.44343065693430656 0.892822265625 0.0014795817715525744 0.00244140625
0 0.39460445847307163 0.892822265625 0.0012823042020122311 0.00244140625
0 0.48934701124482144 0.892578125 0.004734661668968239 0.0029296875
0 0.6180213059775104 0.893310546875 0.007200631288222529 0.00537109375
0 0.09927993687117774 0.89306640625 0.002663247188794634 0.005859375
0 0.6547149339120142 0.890869140625 0.004044190175577037 0.00244140625
0 0.6093410929177353 0.889404296875 0.004044190175577037 0.00244140625
0 0.41117577431446045 0.891357421875 0.0077924639968435586 0.00634765625
0 0.4295719076740975 0.888916015625 0.006312882225290984 0.00341796875
0 0.60056224107319 0.89013671875 0.003452357466956007 0.0068359375
0 0.4600512921680805 0.887939453125 0.0023673308344841193 0.00244140625
0 0.0932136516078122 0.888916015625 0.0013809429867824028 0.00439453125
0 0.5111955020714145 0.888671875 0.0077924639968435586 0.0048828125
0 0.39509765239692246 0.887451171875 0.002465969619254291 0.00244140625
0 0.4881633458275794 0.88671875 0.002959163543105149 0.001953125
0 0.6305977510357073 0.885986328125 0.004537384099427895 0.00244140625
0 0.168968238311304 0.888671875 0.00907476819885579 0.0078125
0 0.15353126849477214 0.886474609375 0.003255079897415664 0.00341796875
0 0.14776089958571711 0.8857421875 0.0009863878477017164 0.001953125
0 0.1133359637009272 0.8857421875 0.001578220556322746 0.001953125
0 0.6265042414677451 0.885009765625 0.0022686920497139475 0.00244140625
0 0.4159104359834287 0.885009765625 0.004636022884198066 0.00244140625
0 0.19244426908660486 0.88525390625 0.0013809429867824028 0.0029296875
0 0.14189189189189189 0.885009765625 0.0036496350364963502 0.00244140625
0 0.6502268692049714 0.884521484375 0.0023673308344841193 0.00244140625
0 0.45398500690471494 0.88525390625 0.0022686920497139475 0.00390625
0 0.40634247386072203 0.88427734375 0.002663247188794634 0.001953125
0 0.6359242454132965 0.883544921875 0.0025646084040244622 0.00244140625
0 0.6154073781811008 0.8828125 0.0033537186821858355 0.001953125
0 0.5190372854606431 0.884765625 0.00848293549023476 0.0068359375
0 0.4115703294535411 0.882080078125 0.001874136910633261 0.00244140625
0 0.5541526928388242 0.88134765625 0.0009863878477017164 0.001953125
0 0.49595580982442294 0.880859375 0.0033537186821858355 0.001953125
0 0.1356776484513711 0.88134765625 0.0022686920497139475 0.0029296875
0 0.12083251134346025 0.88037109375 0.0025646084040244622 0.001953125
0 0.459212862497534 0.880859375 0.0028605247583349774 0.00390625
0 0.44180311698559876 0.880859375 0.0017754981258630894 0.00390625
0 0.42192740185440913 0.880126953125 0.001874136910633261 0.00244140625
0 0.4200039455513908 0.8798828125 0.001578220556322746 0.001953125
0 0.1478102189781022 0.883056640625 0.006214243440520813 0.00830078125
0 0.12709607417636615 0.880615234375 0.003452357466956007 0.00341796875
0 0.5630795028605248 0.880126953125 0.0012823042020122311 0.00341796875
0 0.3186032748076544 0.880126953125 0.005523771947129611 0.00341796875
0 0.1912606036693628 0.8837890625 0.010652988755178536 0.01171875
0 0.170102584336161 0.879150390625 0.002071414480173604 0.00244140625
0 0.6115604655750642 0.880615234375 0.007496547642533044 0.00634765625
0 0.33394160583941607 0.8779296875 0.002663247188794634 0.001953125
0 0.1745906490432038 0.878662109375 0.005721049516669955 0.00341796875
0 0.09331229039258236 0.880615234375 0.003550996251726179 0.00732421875
0 0.1370585914381535 0.876708984375 0.0008877490629315447 0.00244140625
0 0.12315052278555928 0.876708984375 0.0022686920497139475 0.00244140625
0 0.4468336950088775 0.87744140625 0.0051292168080489245 0.0048828125
0 0.18075557309133952 0.87890625 0.0036496350364963502 0.0078125
0 0.6123002564608404 0.875732421875 0.003452357466956007 0.00244140625
0 0.337344643913987 0.876220703125 0.0025646084040244622 0.00341796875
0 0.1060366936279345 0.876953125 0.0061156046557506415 0.005859375
0 0.09099427895048333 0.878173828125 0.002071414480173604 0.00830078125
0 0.5955316630499112 0.87646484375 0.005227855592819097 0.005859375
0 0.16911619648845927 0.874267578125 0.002071414480173604 0.00244140625
0 0.44500887749062934 0.8740234375 0.001085026632471888 0.0029296875
0 0.6182185835470507 0.873779296875 0.004636022884198066 0.00341796875
0 0.09913197869402249 0.876220703125 0.003156441112645492 0.00830078125
0 0.30859143815348195 0.874267578125 0.009173406983625962 0.00537109375
0 0.1898796606825804 0.873046875 0.0061156046557506415 0.0048828125
0 0.6108206746892878 0.87158203125 0.001874136910633261 0.0029296875
0 0.4895442888143618 0.87255859375 0.003156441112645492 0.005859375
0 0.3324127046754784 0.87060546875 0.0017754981258630894 0.001953125
0 0.6964391398697968 0.87109375 0.00424146774511738 0.00390625
0 0.44135924245413294 0.870361328125 0.0008877490629315447 0.00244140625
0 0.40742750049319393 0.87060546875 0.002071414480173604 0.0029296875
0 0.3362596172815151 0.87060546875 0.001578220556322746 0.0029296875
0 0.3427204576839613 0.870849609375 0.0038469126060366936 0.00439453125
0 0.14899388439534425 0.869873046875 0.001874136910633261 0.00244140625
0 0.12053659498914973 0.869384765625 0.002170053264943776 0.00244140625
0 0.10593805484316433 0.868896484375 0.0009863878477017164 0.00244140625
0 0.6274413099230618 0.868408203125 0.004537384099427895 0.00244140625
0 0.5108502663247189 0.8681640625 0.002170053264943776 0.001953125
0 0.4489051094890511 0.868408203125 0.0013809429867824028 0.00244140625
0 0.5743243243243243 0.867919921875 0.003255079897415664 0.00244140625
0 0.19772144407180903 0.869140625 0.00542513316235944 0.0048828125
0 0.5081870191359242 0.867431640625 0.0017754981258630894 0.00244140625
0 0.11565397514302624 0.86767578125 0.003255079897415664 0.00390625
0 0.4140856184651805 0.8662109375 0.0025646084040244622 0.001953125
0 0.5060169658709804 0.8662109375 0.0023673308344841193 0.0029296875
0 0.16630499112250938 0.864990234375 0.0019727756954034327 0.00244140625
0 0.5095679621227066 0.864013671875 0.004142828960347208 0.00341796875
0 0.38429670546458866 0.863037109375 0.0013809429867824028 0.00244140625
0 0.1412507397908858 0.86279296875 0.0025646084040244622 0.001953125
0 0.10056224107318998 0.86474609375 0.004044190175577037 0.005859375
0 0.17745117380153877 0.868896484375 0.008285657920694417 0.01513671875
0 0.13158413888340895 0.863525390625 0.005326494377589268 0.00439453125
0 0.3167291378970211 0.862060546875 0.003550996251726179 0.00244140625
0 0.15284079700138095 0.86279296875 0.005030578023278753 0.0048828125
0 0.5951371079108305 0.862060546875 0.006016965870980469 0.00439453125
0 0.5247583349773131 0.8623046875 0.005721049516669955 0.0048828125
0 0.38681199447622805 0.86083984375 0.001085026632471888 0.001953125
0 0.1703985006904715 0.861083984375 0.0016768593410929177 0.00244140625
0 0.532205563227461 0.864501953125 0.008778851844545275 0.01025390625
0 0.3258039060958769 0.8603515625 0.0023673308344841193 0.001953125
0 0.14914184257249952 0.8603515625 0.001578220556322746 0.001953125
0 0.45196291181692644 0.85986328125 0.0023673308344841193 0.001953125
0 0.167242059577826 0.86083984375 0.003452357466956007 0.00390625
0 0.13508581574275005 0.8603515625 0.002663247188794634 0.0029296875
0 0.38503649635036497 0.859375 0.002071414480173604 0.001953125
0 0.3359143815348195 0.859375 0.0016768593410929177 0.001953125
0 0.42853620043401064 0.862548828125 0.00542513316235944 0.00927734375
0 0.392533043992898 0.85986328125 0.0066087985796014995 0.00390625
0 0.13937660288025253 0.85888671875 0.002170053264943776 0.001953125
0 0.4221739988163346 0.8603515625 0.005326494377589268 0.005859375
0 0.10450779246399684 0.859130859375 0.0016768593410929177 0.00341796875
0 0.45590846320773326 0.85791015625 0.0013809429867824028 0.001953125
0 0.19846123495758533 0.858642578125 0.005523771947129611 0.00634765625
0 0.33083448411915567 0.85595703125 0.0051292168080489245 0.0029296875
0 0.13641743933714737 0.854736328125 0.0019727756954034327 0.00244140625
0 0.19278950483330046 0.859375 0.006214243440520813 0.0126953125
0 0.6253698954428881 0.85205078125 0.002170053264943776 0.001953125
0 0.3128822252909844 0.8515625 0.0023673308344841193 0.001953125
0 0.43095285066087985 0.852294921875 0.006904714933912014 0.00439453125
0 0.3216610771355297 0.85205078125 0.006312882225290984 0.00390625
0 0.38222529098441504 0.8505859375 0.0009863878477017164 0.001953125
0 0.1426316827776682 0.851318359375 0.004734661668968239 0.00341796875
0 0.13829157624778063 0.8515625 0.0019727756954034327 0.00390625
0 0.32772736239889527 0.850341796875 0.002465969619254291 0.00244140625
0 0.15461629512724404 0.852294921875 0.005227855592819097 0.00634765625
0 0.18889327283487867 0.8505859375 0.005523771947129611 0.00390625
0 0.316679818504636 0.849609375 0.002465969619254291 0.0029296875
0 0.15949891497336752 0.849609375 0.004537384099427895 0.0029296875
0 0.3100710199250345 0.848388671875 0.003255079897415664 0.00341796875
0 0.6071217202604063 0.84765625 0.0017754981258630894 0.0029296875
0 0.3818307358453344 0.846923828125 0.003748273821266522 0.00244140625
0 0.2013217597159203 0.84765625 0.002170053264943776 0.00390625
0 0.41921483527322945 0.84619140625 0.0027618859735648055 0.001953125
0 0.15062142434405207 0.84619140625 0.001578220556322746 0.001953125
0 0.3276287236141251 0.84619140625 0.007397908857762872 0.00390625
0 0.14386466758729533 0.84521484375 0.0030578023278753207 0.001953125
0 0.4237028999802722 0.8447265625 0.0038469126060366936 0.00390625
0 0.31460840402446244 0.84375 0.0038469126060366936 0.0029296875
0 0.17054645886762676 0.843505859375 0.0033537186821858355 0.00244140625
0 0.3733478003550996 0.84228515625 0.000789110278161373 0.001953125
0 0.36604853028210693 0.842041015625 0.0011836654172420597 0.00146484375
0 0.38686131386861317 0.8427734375 0.005326494377589268 0.00390625
0 0.3759124087591241 0.841552734375 0.0009863878477017164 0.00244140625
0 0.4526533833103176 0.840576171875 0.0009863878477017164 0.00146484375
0 0.23076543696981652 0.84326171875 0.01154073781811008 0.0068359375
0 0.3779838232392977 0.840576171875 0.002170053264943776 0.00244140625
0 0.6012527125665812 0.840087890625 0.0044387453146577235 0.00244140625
0 0.38750246596961924 0.83935546875 0.0014795817715525744 0.001953125
0 0.48027224304596566 0.839599609375 0.006312882225290984 0.00439453125
0 0.38503649635036497 0.83837890625 0.002071414480173604 0.001953125
0 0.25739790885776287 0.838623046875 0.006016965870980469 0.00341796875
0 0.3640757545867035 0.839111328125 0.0025646084040244622 0.00537109375
0 0.5908463207733281 0.837646484375 0.0025646084040244622 0.00341796875
0 0.4660189386466759 0.837158203125 0.003452357466956007 0.00244140625
0 0.48239297691852434 0.837158203125 0.005622410731899783 0.00341796875
0 0.2659794831327678 0.838134765625 0.0066087985796014995 0.00537109375
0 0.2158709804695206 0.83642578125 0.0012823042020122311 0.001953125
0 0.28531268494772144 0.838134765625 0.005819688301440126 0.00634765625
0 0.439090550404419 0.83544921875 0.002663247188794634 0.001953125
0 0.37901953047938447 0.83544921875 0.001085026632471888 0.001953125
0 0.31603866640362993 0.8359375 0.003748273821266522 0.0029296875
0 0.31140264351943187 0.835693359375 0.002170053264943776 0.00244140625
0 0.3768987966068258 0.835205078125 0.0013809429867824028 0.00244140625
0 0.1898796606825804 0.834716796875 0.002170053264943776 0.00341796875
0 0.16822844742552773 0.83349609375 0.0014795817715525744 0.001953125
0 0.38883408956401655 0.835205078125 0.005523771947129611 0.00634765625
0 0.24324324324324326 0.83349609375 0.0051292168080489245 0.0029296875
0 0.14544288814361808 0.833251953125 0.001085026632471888 0.00244140625
0 0.5710692444269087 0.833984375 0.0066087985796014995 0.0068359375
0 0.17478792661274414 0.832763671875 0.0019727756954034327 0.00439453125
0 0.5490234760307753 0.831298828125 0.0025646084040244622 0.00244140625
0 0.30094693233379366 0.831787109375 0.005523771947129611 0.00341796875
0 0.3751232984809627 0.83056640625 0.0009863878477017164 0.001953125
0 0.20146971789307555 0.830322265625 0.0014795817715525744 0.00244140625
0 0.31283290589859936 0.83154296875 0.002071414480173604 0.005859375
0 0.147119747484711 0.829833984375 0.003452357466956007 0.00244140625
0 0.545423160386664 0.829345703125 0.0038469126060366936 0.00244140625
0 0.3796606825803906 0.828857421875 0.0009863878477017164 0.00146484375
0 0.3196883014401263 0.830810546875 0.0025646084040244622 0.00537109375
0 0.37783586506214245 0.829345703125 0.002465969619254291 0.00341796875
0 0.49427895048333004 0.828857421875 0.004734661668968239 0.00341796875
0 0.5921286249753404 0.827880859375 0.003156441112645492 0.00244140625
0 0.1679325310712172 0.82763671875 0.001085026632471888 0.001953125
0 0.20270270270270271 0.82861328125 0.002170053264943776 0.0048828125
0 0.1432728348786743 0.82763671875 0.004044190175577037 0.0029296875
0 0.5547938449398303 0.826904296875 0.002071414480173604 0.00244140625
0 0.4385480370881831 0.828125 0.004142828960347208 0.0048828125
0 0.17256855395541526 0.8271484375 0.0022686920497139475 0.0029296875
0 0.3905602682974946 0.82568359375 0.00483330045373841 0.0029296875
0 0.559232590254488 0.827392578125 0.006016965870980469 0.00732421875
0 0.2555237719471296 0.824462890625 0.0044387453146577235 0.00244140625
0 0.18751232984809627 0.82421875 0.001578220556322746 0.001953125
0 0.15520812783586507 0.8251953125 0.0030578023278753207 0.00390625
0 0.5878378378378378 0.8251953125 0.006806076149141842 0.005859375
0 0.3807950286052476 0.8232421875 0.0006904714933912014 0.001953125
0 0.1717301242848688 0.823486328125 0.0017754981258630894 0.00244140625
0 0.4808147563622016 0.824951171875 0.009567962122706648 0.00634765625
0 0.3098244229631091 0.823486328125 0.007891102781613731 0.00439453125
0 0.5500591832708621 0.822265625 0.0028605247583349774 0.0029296875
0 0.3862694811599921 0.82080078125 0.0011836654172420597 0.001953125
0 0.23485894653777867 0.821044921875 0.0072992700729927005 0.00439453125
0 0.594298678240284 0.821044921875 0.004931939238508582 0.00537109375
0 0.5548924837246005 0.822021484375 0.006016965870980469 0.00732421875
0 0.5272243045965673 0.81982421875 0.0039455513908068654 0.0029296875
0 0.4382028013414875 0.820556640625 0.0016768593410929177 0.00439453125
0 0.31628526336555535 0.820556640625 0.009567962122706648 0.00537109375
0 0.5122312093115012 0.81884765625 0.0039455513908068654 0.0029296875
0 0.5361017952258829 0.8193359375 0.003748273821266522 0.0048828125
0 0.5893667390017755 0.817626953125 0.002170053264943776 0.00244140625
0 0.22178930755573092 0.818115234375 0.0044387453146577235 0.00439453125
0 0.5226376011047544 0.818115234375 0.005227855592819097 0.00634765625
0 0.2979877687906885 0.81494140625 0.0051292168080489245 0.0029296875
0 0.48387255869007695 0.814453125 0.005227855592819097 0.00390625
0 0.18366541724205956 0.8154296875 0.0061156046557506415 0.005859375
0 0.555730913395147 0.812744140625 0.002170053264943776 0.00244140625
0 0.5484809627145394 0.812744140625 0.003452357466956007 0.00244140625
0 0.3073091339514697 0.812744140625 0.004044190175577037 0.00244140625
0 0.20186427303215623 0.815673828125 0.005622410731899783 0.00830078125
0 0.5229335174590649 0.813232421875 0.007397908857762872 0.00439453125
0 0.5398007496547642 0.8125 0.007595186427303216 0.0048828125
0 0.4196093904123101 0.81103515625 0.0013809429867824028 0.001953125
0 0.4949694219767212 0.8115234375 0.0039455513908068654 0.00390625
0 0.3030183468139673 0.811279296875 0.003156441112645492 0.00341796875
0 0.5302821069244427 0.81201171875 0.006510159794831328 0.005859375
0 0.48421779443677254 0.81005859375 0.0051292168080489245 0.0029296875
0 0.3891793253107122 0.810302734375 0.005622410731899783 0.00341796875
0 0.37985796014993095 0.8095703125 0.002170053264943776 0.001953125
0 0.38271848490826593 0.809814453125 0.0013809429867824028 0.00341796875
0 0.19698165318603275 0.811279296875 0.004340106529887552 0.00634765625
0 0.3776385874926021 0.808349609375 0.0012823042020122311 0.00146484375
0 0.206894851055435 0.808349609375 0.001874136910633261 0.00244140625
0 0.5140560268297495 0.8076171875 0.0028605247583349774 0.001953125
0 0.5038962319984218 0.80908203125 0.010948905109489052 0.0068359375
0 0.37250937068455314 0.806396484375 0.0012823042020122311 0.00146484375
0 0.20388636811994476 0.807861328125 0.0027618859735648055 0.00439453125
0 0.5151903728546064 0.80908203125 0.007693825212073387 0.0078125
0 0.5445354113237325 0.80615234375 0.008384296705464589 0.009765625
0 0.5375813769974354 0.80322265625 0.002959163543105149 0.00390625
0 0.3100710199250345 0.802490234375 0.0028605247583349774 0.00244140625
0 0.5545472479779049 0.802001953125 0.002170053264943776 0.00244140625
0 0.43105148944565 0.803466796875 0.007101992503452358 0.00634765625
0 0.2914776089958572 0.801025390625 0.002959163543105149 0.00244140625
0 0.5515387650424147 0.80126953125 0.0030578023278753207 0.0048828125
0 0.4930459656737029 0.800048828125 0.0022686920497139475 0.00244140625
0 0.40062142434405207 0.801513671875 0.0038469126060366936 0.00537109375
0 0.3601302031958966 0.800537109375 0.005326494377589268 0.00341796875
0 0.2983823239297692 0.7998046875 0.0017754981258630894 0.001953125
0 0.4347504438745315 0.79931640625 0.0016768593410929177 0.0029296875
0 0.5406884987176958 0.79931640625 0.0038469126060366936 0.00390625
0 0.2138982047741172 0.799560546875 0.005227855592819097 0.00439453125
0 0.4377589268100217 0.798095703125 0.0027618859735648055 0.00244140625
0 0.2291378970211087 0.7978515625 0.001578220556322746 0.001953125
0 0.48239297691852434 0.797607421875 0.0036496350364963502 0.00244140625
0 0.3619057013217597 0.796875 0.0009863878477017164 0.001953125
0 0.2242552771749852 0.79736328125 0.0044387453146577235 0.0029296875
0 0.3984020516867232 0.7978515625 0.002170053264943776 0.0048828125
0 0.2197178930755573 0.796875 0.00424146774511738 0.00390625
0 0.09129019530479385 0.79638671875 0.001874136910633261 0.0029296875
0 0.37349575853225486 0.79541015625 0.0016768593410929177 0.001953125
0 0.5414776089958572 0.7939453125 0.0016768593410929177 0.001953125
0 0.3659992108897218 0.794189453125 0.0016768593410929177 0.00244140625
0 0.0948905109489051 0.794189453125 0.003748273821266522 0.00341796875
0 0.5449299664628132 0.79296875 0.0044387453146577235 0.0029296875
0 0.5378279739593608 0.792724609375 0.0030578023278753207 0.00244140625
0 0.11486486486486487 0.79248046875 0.0016768593410929177 0.0029296875
0 0.35445847307161177 0.79150390625 0.001874136910633261 0.001953125
0 0.09257249950680607 0.791748046875 0.0016768593410929177 0.00244140625
0 0.5003945551390807 0.789306640625 0.004142828960347208 0.00244140625
0 0.21409548234365752 0.790283203125 0.008384296705464589 0.00439453125
0 0.38740382718484906 0.7890625 0.0044387453146577235 0.0029296875
0 0.37877293351745905 0.7880859375 0.0013809429867824028 0.001953125
0 0.574718879463405 0.788818359375 0.0022686920497139475 0.00439453125
0 0.22095087788518444 0.787353515625 0.004340106529887552 0.00244140625
0 0.09183270862102978 0.787109375 0.001578220556322746 0.001953125
0 0.5706746892878279 0.786865234375 0.003452357466956007 0.00341796875
0 0.5565693430656934 0.78759765625 0.006806076149141842 0.0048828125
0 0.3636318800552377 0.7861328125 0.0014795817715525744 0.001953125
0 0.5944959558098244 0.785888671875 0.004537384099427895 0.00341796875
0 0.2506904714933912 0.78515625 0.005622410731899783 0.0029296875
0 0.21350364963503649 0.78466796875 0.0036496350364963502 0.001953125
0 0.5634247386072203 0.78662109375 0.0051292168080489245 0.009765625
0 0.43578615111461827 0.782958984375 0.001578220556322746 0.00244140625
0 0.39159597553758135 0.78125 0.003550996251726179 0.001953125
0 0.4793844939830341 0.781005859375 0.004734661668968239 0.00341796875
0 0.3890313671335569 0.7802734375 0.0011836654172420597 0.001953125
0 0.21241862300256462 0.780517578125 0.0028605247583349774 0.00244140625
0 0.5757052673111067 0.78076171875 0.004044190175577037 0.00390625
0 0.29152692838824223 0.77978515625 0.003255079897415664 0.001953125
0 0.09587689879660682 0.783203125 0.005523771947129611 0.009765625
0 0.3946537778654567 0.77880859375 0.0013809429867824028 0.001953125
0 0.3869106332609982 0.77880859375 0.001085026632471888 0.001953125
0 0.4307555730913395 0.778564453125 0.0019727756954034327 0.00341796875
0 0.5634740579996055 0.778076171875 0.0030578023278753207 0.00341796875
0 0.37492602091142235 0.77880859375 0.004340106529887552 0.0048828125
0 0.5755079897415664 0.77734375 0.00424146774511738 0.0029296875
0 0.3484908265930164 0.777099609375 0.003156441112645492 0.00244140625
0 0.3620043401065299 0.77587890625 0.0009863878477017164 0.001953125
0 0.2392483724600513 0.7763671875 0.002071414480173604 0.0029296875
0 0.3557900966660091 0.77685546875 0.004931939238508582 0.0048828125
0 0.11432235154862892 0.77587890625 0.0033537186821858355 0.0029296875
0 0.25078911027816136 0.775146484375 0.0044387453146577235 0.00244140625
0 0.11945156835667785 0.775390625 0.0025646084040244622 0.0029296875
0 0.10796014993095285 0.775634765625 0.003452357466956007 0.00341796875
0 0.4485598737423555 0.775390625 0.006214243440520813 0.0048828125
0 0.0932136516078122 0.773681640625 0.003156441112645492 0.00341796875
0 0.14820477411718289 0.771728515625 0.0016768593410929177 0.00244140625
0 0.36955020714144804 0.77099609375 0.002465969619254291 0.001953125
0 0.2540935095679621 0.770751953125 0.0033537186821858355 0.00244140625
0 0.16324718879463404 0.77099609375 0.007891102781613731 0.0048828125
0 0.3427697770763464 0.768310546875 0.0017754981258630894 0.00244140625
0 0.1578713750246597 0.768798828125 0.0066087985796014995 0.00537109375
0 0.5715131189583744 0.76708984375 0.005326494377589268 0.0029296875
0 0.09242454132965082 0.76708984375 0.004142828960347208 0.0029296875
0 0.10214046162951272 0.765625 0.0014795817715525744 0.001953125
0 0.09681396725192346 0.76708984375 0.0030578023278753207 0.0048828125
0 0.23283685144999014 0.76513671875 0.001874136910633261 0.001953125
0 0.11861313868613138 0.765380859375 0.001874136910633261 0.00244140625
0 0.11570329453541132 0.764892578125 0.0019727756954034327 0.00244140625
0 0.3466660090747682 0.765869140625 0.005030578023278753 0.00537109375
0 0.23022292365358057 0.76416015625 0.0023673308344841193 0.001953125
0 0.22795423160386663 0.767578125 0.011047543894259222 0.0087890625
0 0.34350956796212273 0.763916015625 0.002465969619254291 0.00244140625
0 0.23456303018346814 0.763427734375 0.0009863878477017164 0.00244140625
0 0.14968435588873544 0.76318359375 0.002071414480173604 0.001953125
0 0.1386861313868613 0.763916015625 0.004142828960347208 0.00341796875
0 0.4533438548037088 0.761474609375 0.002959163543105149 0.00244140625
0 0.11338528309331229 0.761474609375 0.0022686920497139475 0.00244140625
0 0.22100019727756953 0.76123046875 0.003255079897415664 0.0029296875
0 0.44500887749062934 0.7607421875 0.007003353718682186 0.00390625
0 0.3950483330045374 0.760009765625 0.002170053264943776 0.00244140625
0 0.099427895048333 0.759765625 0.003156441112645492 0.001953125
0 0.34637009272045766 0.75927734375 0.003255079897415664 0.001953125
0 0.14613335963700927 0.760009765625 0.003255079897415664 0.00341796875
0 0.5621917537975932 0.75927734375 0.0030578023278753207 0.0029296875
0 0.21616689682383114 0.76123046875 0.005622410731899783 0.0068359375
0 0.3921384888538173 0.75732421875 0.002071414480173604 0.001953125
0 0.14203985006904715 0.758544921875 0.007891102781613731 0.00537109375
0 0.1334582757940422 0.75634765625 0.0013809429867824028 0.001953125
0 0.3518938646675873 0.755859375 0.0022686920497139475 0.001953125
0 0.3608206746892878 0.755615234375 0.0023673308344841193 0.00244140625
0 0.15141053462221346 0.756103515625 0.004142828960347208 0.00341796875
0 0.27623791674886566 0.755126953125 0.002071414480173604 0.00244140625
0 0.25424146774511736 0.755126953125 0.0038469126060366936 0.00244140625
0 0.24743539159597555 0.757568359375 0.006806076149141842 0.00732421875
0 0.12536989544288815 0.755615234375 0.003550996251726179 0.00341796875
0 0.5428585519826395 0.75439453125 0.0022686920497139475 0.001953125
0 0.2455119352929572 0.75439453125 0.003550996251726179 0.0029296875
0 0.403432629710002 0.753173828125 0.003748273821266522 0.00341796875
0 0.16433221542710594 0.75244140625 0.0017754981258630894 0.001953125
0 0.15599723811402644 0.751953125 0.0036496350364963502 0.0029296875
0 0.1443085421187611 0.751953125 0.004340106529887552 0.0029296875
0 0.13952456105740776 0.751953125 0.00424146774511738 0.00390625
0 0.4125567173012428 0.75146484375 0.0022686920497139475 0.00390625
0 0.22657328861708423 0.751708984375 0.00966660090747682 0.00537109375
0 0.4102880252515289 0.74951171875 0.0016768593410929177 0.001953125
0 0.40589859932925626 0.74951171875 0.0027618859735648055 0.0029296875
0 0.39307555730913396 0.75048828125 0.0027618859735648055 0.0048828125
0 0.11328664430854211 0.74853515625 0.001874136910633261 0.001953125
0 0.2896034720852239 0.748291015625 0.0025646084040244622 0.00341796875
0 0.40673702899980274 0.7470703125 0.0014795817715525744 0.0029296875
0 0.4010159794831328 0.74951171875 0.0030578023278753207 0.0078125
0 0.33907082264746496 0.74755859375 0.002465969619254291 0.0048828125
0 0.14697178930755572 0.748046875 0.0033537186821858355 0.005859375
0 0.5467547839810614 0.745361328125 0.0027618859735648055 0.00341796875
0 0.2768790688498718 0.7451171875 0.0051292168080489245 0.0029296875
0 0.23658512527125666 0.74560546875 0.001874136910633261 0.00390625
0 0.39524561057407775 0.743408203125 0.001578220556322746 0.00244140625
0 0.3755671730124285 0.742919921875 0.001085026632471888 0.00146484375
0 0.41753797593213654 0.744384765625 0.009863878477017163 0.00537109375
0 0.2826494377589268 0.742919921875 0.0028605247583349774 0.00244140625
0 0.3414381534819491 0.74267578125 0.0028605247583349774 0.0029296875
0 0.4486585125271257 0.740966796875 0.001874136910633261 0.00244140625
0 0.41142237127638587 0.740966796875 0.0025646084040244622 0.00244140625
0 0.40382718484908264 0.740478515625 0.003550996251726179 0.00244140625
0 0.39065890708226475 0.738037109375 0.0012823042020122311 0.00146484375
0 0.23244229631090946 0.73779296875 0.002071414480173604 0.001953125
0 0.41704478200828565 0.738037109375 0.0025646084040244622 0.00341796875
0 0.4205957782600118 0.73681640625 0.003748273821266522 0.005859375
0 0.2809232590254488 0.736083984375 0.008877490629315447 0.00439453125
0 0.16960939041231013 0.736328125 0.0036496350364963502 0.005859375
0 0.3407476819885579 0.73388671875 0.002071414480173604 0.001953125
0 0.25966660090747684 0.734375 0.002465969619254291 0.0029296875
0 0.2560169658709805 0.734375 0.0014795817715525744 0.0029296875
0 0.16571315841388834 0.734130859375 0.004340106529887552 0.00244140625
0 0.3348293549023476 0.73388671875 0.006806076149141842 0.005859375
0 0.4182284474255277 0.73046875 0.0013809429867824028 0.001953125
0 0.4033339909252318 0.72802734375 0.001578220556322746 0.001953125
0 0.40708226474649833 0.730712890625 0.0033537186821858355 0.00830078125
0 0.17103965279147762 0.7275390625 0.004537384099427895 0.00390625
0 0.28353718682185836 0.726318359375 0.002071414480173604 0.00244140625
0 0.31061353324127045 0.7255859375 0.0023673308344841193 0.001953125
0 0.42182876306963896 0.727294921875 0.004044190175577037 0.00634765625
0 0.41704478200828565 0.725341796875 0.001578220556322746 0.00244140625
0 0.3337443282698757 0.7255859375 0.0030578023278753207 0.0029296875
0 0.31322746103768 0.726318359375 0.0030578023278753207 0.00634765625
0 0.4003255079897416 0.7236328125 0.002663247188794634 0.0029296875
0 0.4336654172420596 0.7236328125 0.003452357466956007 0.00390625
0 0.3164825409350957 0.72607421875 0.0038469126060366936 0.0087890625
0 0.29118169264154664 0.72314453125 0.003156441112645492 0.0048828125
0 0.17513316235943974 0.72216796875 0.002071414480173604 0.0029296875
0 0.4301637403827185 0.7216796875 0.002959163543105149 0.0078125
0 0.26228052870388635 0.71875 0.004734661668968239 0.0029296875
0 0.18134740579996053 0.7197265625 0.00976523969224699 0.0048828125
0 0.2795916354310515 0.716552734375 0.0036496350364963502 0.00244140625
0 0.17163148550009863 0.717529296875 0.004734661668968239 0.00439453125
0 0.42759913197869404 0.715087890625 0.0013809429867824028 0.00244140625
0 0.18864667587295325 0.715087890625 0.0016768593410929177 0.00244140625
0 0.4341586111659104 0.7158203125 0.003452357466956007 0.005859375
0 0.2020615506016966 0.7138671875 0.002465969619254291 0.001953125
0 0.42296310909449597 0.713623046875 0.0039455513908068654 0.00341796875
0 0.32466956007101994 0.714111328125 0.002071414480173604 0.00537109375
0 0.19653777865456698 0.712646484375 0.002465969619254291 0.00341796875
0 0.39208916946143224 0.711181640625 0.0017754981258630894 0.00146484375
0 0.31855395541526926 0.712646484375 0.003452357466956007 0.00439453125
0 0.42685934109291773 0.71044921875 0.0008877490629315447 0.0029296875
0 0.2617873347800355 0.7099609375 0.001578220556322746 0.001953125
0 0.3304892483724601 0.70947265625 0.0012823042020122311 0.001953125
0 0.2812191753797593 0.709228515625 0.0019727756954034327 0.00244140625
0 0.30691457881238904 0.708984375 0.002465969619254291 0.0029296875
0 0.23066679818504637 0.70849609375 0.006214243440520813 0.00390625
0 0.3049418031169856 0.7080078125 0.0016768593410929177 0.00390625
0 0.3223022292365358 0.70849609375 0.003255079897415664 0.0078125
0 0.2962122706648254 0.70751953125 0.0023673308344841193 0.0068359375
0 0.2006312882225291 0.70556640625 0.0039455513908068654 0.0029296875
0 0.18346813967251924 0.70361328125 0.002170053264943776 0.0029296875
0 0.1766620635233774 0.70361328125 0.0051292168080489245 0.00390625
0 0.2972479779049122 0.701416015625 0.003452357466956007 0.00244140625
0 0.395393568751233 0.7001953125 0.0006904714933912014 0.001953125
0 0.2294831327678043 0.7001953125 0.001874136910633261 0.001953125
0 0.180459656737029 0.700439453125 0.0014795817715525744 0.00341796875
0 0.2274117182876307 0.6982421875 0.001874136910633261 0.0029296875
0 0.18100217005326494 0.6962890625 0.0013809429867824028 0.001953125
0 0.19239494969421977 0.69580078125 0.0012823042020122311 0.001953125
0 0.3733478003550996 0.6904296875 0.002170053264943776 0.00390625
0 0.3723614125073979 0.684814453125 0.004734661668968239 0.00439453125
