0 0.45876898796606824 0.998779296875 0.0011836654172420597 0.00244140625
0 0.26509173406983627 0.99853515625 0.00542513316235944 0.0029296875
0 0.5440915367922667 0.998291015625 0.003550996251726179 0.00341796875
0 0.3213651607812192 0.998291015625 0.0023673308344841193 0.00341796875
0 0.16403629907279543 0.998291015625 0.0051292168080489245 0.00341796875
0 0.6991023870585914 0.998046875 0.0014795817715525744 0.00390625
0 0.5834977313079502 0.998046875 0.003255079897415664 0.00390625
0 0.377589268100217 0.998046875 0.002170053264943776 0.00390625
0 0.2211481554547248 0.997314453125 0.0011836654172420597 0.00244140625
0 0.21202406786348393 0.998046875 0.005227855592819097 0.00390625
0 0.38069638982047743 0.997802734375 0.002465969619254291 0.00439453125
0 0.14351943184059973 0.99755859375 0.005918327086210298 0.0048828125
0 0.5963700927204577 0.997314453125 0.0017754981258630894 0.00537109375
0 0.3748767015190373 0.997314453125 0.0036496350364963502 0.00537109375
0 0.1687216413493786 0.997314453125 0.0036496350364963502 0.00537109375
0 0.28975143026237915 0.9970703125 0.0044387453146577235 0.005859375
0 0.22519234563030183 0.9970703125 0.006707437364371671 0.005859375
0 0.15604655750641153 0.99658203125 0.005523771947129611 0.0048828125
0 0.21818899191161964 0.9951171875 0.002959163543105149 0.0029296875
0 0.6000690471493392 0.995849609375 0.005030578023278753 0.00537109375
0 0.5630795028605248 0.99658203125 0.002663247188794634 0.0068359375
0 0.3658019333201815 0.994384765625 0.0008877490629315447 0.00244140625
0 0.35036496350364965 0.99658203125 0.0033537186821858355 0.0068359375
0 0.3376405602682975 0.99462890625 0.002170053264943776 0.00390625
0 0.31613730518840005 0.99560546875 0.0039455513908068654 0.005859375
0 0.17251923456303017 0.994140625 0.0025646084040244622 0.0029296875
0 0.5616492404813572 0.994873046875 0.002959163543105149 0.00537109375
0 0.349427895048333 0.9931640625 0.0008877490629315447 0.001953125
0 0.5472479779049122 0.995849609375 0.0033537186821858355 0.00830078125
0 0.38020319589662654 0.99267578125 0.005030578023278753 0.00390625
0 0.15012823042020124 0.99462890625 0.0072992700729927005 0.0107421875
0 0.3606233971197475 0.99072265625 0.0013809429867824028 0.00390625
0 0.1690175577036891 0.990234375 0.0030578023278753207 0.0029296875
0 0.6117577431446044 0.990478515625 0.004931939238508582 0.00537109375
0 0.3622509370684553 0.993896484375 0.0044387453146577235 0.01220703125
0 0.3165811797198658 0.989501953125 0.0012823042020122311 0.00341796875
0 0.15984415072006314 0.990478515625 0.0028605247583349774 0.00537109375
0 0.31307950286052477 0.99169921875 0.004340106529887552 0.0087890625
0 0.22341684750443874 0.989990234375 0.006904714933912014 0.00537109375
0 0.15037482738212665 0.98876953125 0.0016768593410929177 0.0029296875
0 0.548283685144999 0.98828125 0.0014795817715525744 0.00390625
0 0.2938942592227264 0.986328125 0.001085026632471888 0.001953125
0 0.16497336752811206 0.990478515625 0.00542513316235944 0.01025390625
0 0.6110179522588282 0.986572265625 0.0030578023278753207 0.00341796875
0 0.5626849477214441 0.988525390625 0.005030578023278753 0.00732421875
0 0.36259617281515094 0.98583984375 0.001578220556322746 0.001953125
0 0.29192148352732294 0.986083984375 0.0016768593410929177 0.00244140625
0 0.3082955217991714 0.986083984375 0.002663247188794634 0.00341796875
0 0.368958374432827 0.98876953125 0.004044190175577037 0.009765625
0 0.38025251528901166 0.986083984375 0.003156441112645492 0.00537109375
0 0.31973762083251134 0.986328125 0.003255079897415664 0.005859375
0 0.13331031761688697 0.984130859375 0.0016768593410929177 0.00244140625
0 0.5455217991714342 0.98779296875 0.003452357466956007 0.0126953125
0 0.2973959360820675 0.98486328125 0.004537384099427895 0.0068359375
0 0.16956007101992504 0.982666015625 0.0013809429867824028 0.00244140625
0 0.16191556520023673 0.984130859375 0.007003353718682186 0.00537109375
0 0.5664332215427106 0.982421875 0.002071414480173604 0.0029296875
0 0.22869402248964293 0.9833984375 0.00483330045373841 0.0048828125
0 0.25290984415072004 0.980712890625 0.004340106529887552 0.00439453125
0 0.17690866048530282 0.98193359375 0.00542513316235944 0.0068359375
0 0.6087492602091142 0.980712890625 0.003255079897415664 0.00537109375
0 0.29670546458867625 0.979248046875 0.0033537186821858355 0.00244140625
0 0.22598145590846322 0.97802734375 0.0013809429867824028 0.001953125
0 0.17616886959952655 0.978271484375 0.0025646084040244622 0.00341796875
0 0.6044584730716117 0.97998046875 0.003550996251726179 0.0078125
0 0.3363582560662853 0.978759765625 0.0019727756954034327 0.00537109375
0 0.14928980074965476 0.978271484375 0.004636022884198066 0.00439453125
0 0.5968632866443085 0.9794921875 0.0039455513908068654 0.0078125
0 0.30336358256066287 0.978759765625 0.003452357466956007 0.00634765625
0 0.19634050108502663 0.9765625 0.0028605247583349774 0.001953125
0 0.21779443677253896 0.97509765625 0.0019727756954034327 0.001953125
0 0.3090353126849477 0.975341796875 0.0027618859735648055 0.00341796875
0 0.1756263562832906 0.974609375 0.001874136910633261 0.001953125
0 0.6076642335766423 0.9755859375 0.002465969619254291 0.0048828125
0 0.6027322943381338 0.974365234375 0.0016768593410929177 0.00244140625
0 0.30055237719471295 0.975341796875 0.004340106529887552 0.00439453125
0 0.6004636022884198 0.9765625 0.00424146774511738 0.0087890625
0 0.35899585717103966 0.972900390625 0.0008877490629315447 0.00341796875
0 0.14618267902939436 0.9736328125 0.005721049516669955 0.0048828125
0 0.5793549023476031 0.97265625 0.0012823042020122311 0.00390625
0 0.28639771158019334 0.97265625 0.005030578023278753 0.00390625
0 0.35381732097060564 0.9716796875 0.001578220556322746 0.0029296875
0 0.3422272637601105 0.97265625 0.0022686920497139475 0.005859375
0 0.3122903925823634 0.9765625 0.005918327086210298 0.013671875
0 0.35199250345235744 0.970703125 0.0014795817715525744 0.0029296875
0 0.18169264154665615 0.972900390625 0.0039455513908068654 0.00732421875
0 0.6088478989938844 0.969970703125 0.0012823042020122311 0.00244140625
0 0.5633754192148352 0.969970703125 0.001085026632471888 0.00244140625
0 0.35519826395738807 0.969970703125 0.0009863878477017164 0.00244140625
0 0.23969224699151706 0.971923828125 0.0039455513908068654 0.00634765625
0 0.6008088380351154 0.9697265625 0.0009863878477017164 0.0029296875
0 0.31041625567173015 0.969970703125 0.004142828960347208 0.00341796875
0 0.31697573485894653 0.970458984375 0.0036496350364963502 0.00537109375
0 0.2441309923061748 0.96826171875 0.0027618859735648055 0.001953125
0 0.18874531465772343 0.96923828125 0.0028605247583349774 0.00390625
0 0.16916551588084436 0.970947265625 0.010455711185638194 0.00732421875
0 0.5816729137897021 0.96875 0.0027618859735648055 0.00390625
0 0.15185440915367923 0.970458984375 0.005819688301440126 0.00732421875
0 0.28388242256855395 0.96826171875 0.002170053264943776 0.00390625
0 0.5685539554152693 0.966064453125 0.0009863878477017164 0.00244140625
0 0.18603274807654369 0.966552734375 0.0039455513908068654 0.00341796875
0 0.1790293943578615 0.966796875 0.0025646084040244622 0.00390625
0 0.5646084040244624 0.967041015625 0.003156441112645492 0.00537109375
0 0.19569934898402053 0.966552734375 0.006707437364371671 0.00439453125
0 0.5880844347997632 0.96435546875 0.0017754981258630894 0.001953125
0 0.2753994870783192 0.96484375 0.0017754981258630894 0.0029296875
0 0.6049516669954627 0.968017578125 0.004931939238508582 0.01025390625
0 0.16995462615900572 0.964111328125 0.003156441112645492 0.00244140625
0 0.2454626159005721 0.963623046875 0.003255079897415664 0.00244140625
0 0.6150621424344052 0.96337890625 0.0016768593410929177 0.0029296875
0 0.3056815940027619 0.966064453125 0.0061156046557506415 0.00830078125
0 0.3003550996251726 0.965087890625 0.004537384099427895 0.00634765625
0 0.28846912606036695 0.964599609375 0.004636022884198066 0.00537109375
0 0.5854705070033537 0.96533203125 0.0038469126060366936 0.0078125
0 0.6728151509173407 0.96240234375 0.0013809429867824028 0.0029296875
0 0.2211481554547248 0.963134765625 0.004734661668968239 0.00439453125
0 0.11205365949891498 0.9619140625 0.000789110278161373 0.001953125
0 0.20802919708029197 0.96142578125 0.003156441112645492 0.0029296875
0 0.20354113237324917 0.963134765625 0.00483330045373841 0.00634765625
0 0.13548037088183074 0.961181640625 0.0014795817715525744 0.00244140625
0 0.3068652594200039 0.960205078125 0.001578220556322746 0.00244140625
0 0.28639771158019334 0.96044921875 0.002465969619254291 0.0029296875
0 0.3042513316235944 0.959716796875 0.001874136910633261 0.00244140625
0 0.5905997238114027 0.959716796875 0.0016768593410929177 0.00341796875
0 0.5960741763661471 0.960205078125 0.0017754981258630894 0.00537109375
0 0.1713848885381732 0.958740234375 0.0028605247583349774 0.00244140625
0 0.5620437956204379 0.960205078125 0.0039455513908068654 0.00634765625
0 0.1731110672716512 0.960693359375 0.0039455513908068654 0.00732421875
0 0.2006312882225291 0.960205078125 0.004340106529887552 0.00732421875
0 0.14978299467350562 0.9580078125 0.002465969619254291 0.0029296875
0 0.28841980666798184 0.957275390625 0.002170053264943776 0.00244140625
0 0.18134740579996053 0.959228515625 0.0066087985796014995 0.00634765625
0 0.6058887354507793 0.9609375 0.004636022884198066 0.0107421875
0 0.2951272440323535 0.955810546875 0.0009863878477017164 0.00244140625
0 0.2284474255277175 0.955810546875 0.002170053264943776 0.00244140625
0 0.19934898402051687 0.95556640625 0.0017754981258630894 0.0029296875
0 0.6166896823831131 0.95458984375 0.002170053264943776 0.001953125
0 0.30405405405405406 0.955078125 0.001874136910633261 0.0029296875
0 0.2770763464194121 0.956787109375 0.006312882225290984 0.00732421875
0 0.3016867232195699 0.953857421875 0.002465969619254291 0.00341796875
0 0.1209804695206155 0.9541015625 0.004636022884198066 0.00390625
0 0.5585421187610968 0.956787109375 0.0038469126060366936 0.01025390625
0 0.5540540540540541 0.95361328125 0.001578220556322746 0.0048828125
0 0.21330637206549616 0.95263671875 0.002071414480173604 0.0029296875
0 0.29912211481554546 0.9521484375 0.0030578023278753207 0.00390625
0 0.17967054645886762 0.951171875 0.0014795817715525744 0.001953125
0 0.20595778260011838 0.953369140625 0.006510159794831328 0.00732421875
0 0.14342079305582955 0.9521484375 0.007496547642533044 0.0048828125
0 0.30967646478595384 0.948974609375 0.003255079897415664 0.00341796875
0 0.22746103768001577 0.94921875 0.002959163543105149 0.00390625
0 0.16428289603472085 0.948486328125 0.0016768593410929177 0.00244140625
0 0.5931643322154271 0.95263671875 0.004636022884198066 0.01171875
0 0.6641842572499507 0.947998046875 0.003452357466956007 0.00439453125
0 0.6070724008680213 0.95166015625 0.0036496350364963502 0.01171875
0 0.6024363779838232 0.947265625 0.002071414480173604 0.0029296875
0 0.5728447425527717 0.947265625 0.0022686920497139475 0.0029296875
0 0.3049418031169856 0.947265625 0.002071414480173604 0.0029296875
0 0.5942000394555139 0.946533203125 0.001578220556322746 0.00244140625
0 0.2792463996843559 0.949951171875 0.008285657920694417 0.00927734375
0 0.6504241467745118 0.9462890625 0.0023673308344841193 0.0029296875
0 0.3016867232195699 0.94580078125 0.0022686920497139475 0.0029296875
0 0.19545275202209508 0.94921875 0.0036496350364963502 0.009765625
0 0.13784770171631486 0.94677734375 0.00542513316235944 0.0048828125
0 0.2297790491221148 0.945068359375 0.0028605247583349774 0.00244140625
0 0.5897612941408562 0.945556640625 0.0013809429867824028 0.00439453125
0 0.12719471296113632 0.944580078125 0.0036496350364963502 0.00244140625
0 0.30750641152101005 0.944091796875 0.0014795817715525744 0.00244140625
0 0.18549023476030777 0.9443359375 0.002663247188794634 0.0029296875
0 0.6942197672124679 0.945556640625 0.003550996251726179 0.00634765625
0 0.6650720063128822 0.94384765625 0.0022686920497139475 0.0029296875
0 0.2003353718682186 0.9453125 0.005523771947129611 0.005859375
0 0.11205365949891498 0.94384765625 0.005326494377589268 0.0029296875
0 0.3204280923259025 0.94580078125 0.0038469126060366936 0.0078125
0 0.287926612744131 0.944091796875 0.003156441112645492 0.00439453125
0 0.32388044979285857 0.945556640625 0.0030578023278753207 0.00830078125
0 0.28003550996251725 0.94384765625 0.004734661668968239 0.0048828125
0 0.1508680213059775 0.944580078125 0.0022686920497139475 0.00634765625
0 0.6151607812191754 0.94189453125 0.001085026632471888 0.001953125
0 0.5676662063523378 0.945556640625 0.003748273821266522 0.00927734375
0 0.23648648648648649 0.942138671875 0.002465969619254291 0.00244140625
0 0.5751627539948708 0.941162109375 0.0011836654172420597 0.00341796875
0 0.25305780232787534 0.94140625 0.003452357466956007 0.00390625
0 0.1940224896429276 0.9404296875 0.0013809429867824028 0.001953125
0 0.598836062339712 0.942626953125 0.003156441112645492 0.00732421875
0 0.2469421976721247 0.9404296875 0.0030578023278753207 0.00390625
0 0.6501282304202012 0.938720703125 0.001578220556322746 0.00146484375
0 0.5880351154073782 0.939697265625 0.003255079897415664 0.00341796875
0 0.24082659301637405 0.939208984375 0.001874136910633261 0.00244140625
0 0.11141250739790885 0.939208984375 0.0016768593410929177 0.00244140625
0 0.5790096666009075 0.939453125 0.0013809429867824028 0.00390625
0 0.24975340303807458 0.9384765625 0.001578220556322746 0.001953125
0 0.2941408561846518 0.941162109375 0.004734661668968239 0.00830078125
0 0.27248964292759914 0.9384765625 0.001874136910633261 0.0029296875
0 0.19634050108502663 0.938720703125 0.001874136910633261 0.00341796875
0 0.7173505622410732 0.938232421875 0.0022686920497139475 0.00341796875
0 0.5835470507003354 0.9404296875 0.0023673308344841193 0.0078125
0 0.31061353324127045 0.9375 0.0011836654172420597 0.001953125
0 0.236782402840797 0.93798828125 0.002071414480173604 0.0029296875
0 0.17084237522193726 0.938720703125 0.004142828960347208 0.00439453125
0 0.2429966462813178 0.93994140625 0.003255079897415664 0.0078125
0 0.22691852436377985 0.937255859375 0.0014795817715525744 0.00244140625
0 0.6187117774709016 0.936767578125 0.0014795817715525744 0.00244140625
0 0.5738311304004735 0.93896484375 0.0036496350364963502 0.0068359375
0 0.6666009074768199 0.936767578125 0.0017754981258630894 0.00341796875
0 0.3119944762280529 0.93603515625 0.0011836654172420597 0.001953125
0 0.28713750246596964 0.937744140625 0.006904714933912014 0.00634765625
0 0.16946143223515486 0.935791015625 0.0011836654172420597 0.00244140625
0 0.5900572104951667 0.936767578125 0.0013809429867824028 0.00537109375
0 0.29951666995462617 0.935546875 0.0016768593410929177 0.0029296875
0 0.16694614322351548 0.935546875 0.002465969619254291 0.0029296875
0 0.14273032156243834 0.936279296875 0.003748273821266522 0.00439453125
0 0.5809824422963109 0.935546875 0.0011836654172420597 0.00390625
0 0.7090155849279937 0.9345703125 0.001578220556322746 0.0029296875
0 0.29719865851252714 0.934326171875 0.0013809429867824028 0.00244140625
0 0.2791477608995857 0.93505859375 0.002959163543105149 0.00390625
0 0.2640067074373644 0.9345703125 0.0030578023278753207 0.0029296875
0 0.2152298283685145 0.934326171875 0.002170053264943776 0.00244140625
0 0.2680015782205563 0.93505859375 0.004142828960347208 0.0048828125
0 0.7279049122114816 0.93310546875 0.0008877490629315447 0.001953125
0 0.19520615506016967 0.93408203125 0.0023673308344841193 0.00390625
0 0.17996646281317813 0.933837890625 0.0036496350364963502 0.00341796875
0 0.13306372065496153 0.933349609375 0.003550996251726179 0.00244140625
0 0.6571315841388834 0.933349609375 0.0013809429867824028 0.00341796875
0 0.604557111856382 0.934326171875 0.004142828960347208 0.00537109375
0 0.2489642927599132 0.93359375 0.0033537186821858355 0.00390625
0 0.6957979877687906 0.93310546875 0.0025646084040244622 0.00390625
0 0.5840402446241862 0.933349609375 0.002170053264943776 0.00439453125
0 0.5765436969816532 0.935546875 0.002959163543105149 0.0087890625
0 0.7245018741369106 0.931884765625 0.002170053264943776 0.00244140625
0 0.6455415269283883 0.93408203125 0.003452357466956007 0.0068359375
0 0.6074176366147169 0.931884765625 0.0019727756954034327 0.00244140625
0 0.6006608798579601 0.932373046875 0.001874136910633261 0.00341796875
0 0.09952653383310317 0.932373046875 0.003550996251726179 0.00341796875
0 0.6480074965476426 0.931396484375 0.0014795817715525744 0.00244140625
0 0.622410731899783 0.931884765625 0.0011836654172420597 0.00341796875
0 0.30622410731899785 0.931640625 0.002071414480173604 0.0029296875
0 0.2931544683369501 0.931640625 0.0023673308344841193 0.0029296875
0 0.1992503452357467 0.932373046875 0.004142828960347208 0.00439453125
0 0.17750049319392386 0.931884765625 0.003255079897415664 0.00341796875
0 0.6625567173012429 0.9306640625 0.0009863878477017164 0.001953125
0 0.3198362596172815 0.93115234375 0.0028605247583349774 0.0029296875
0 0.7288913000591832 0.9306640625 0.0014795817715525744 0.0029296875
0 0.6114125073979089 0.930908203125 0.0016768593410929177 0.00341796875
0 0.5950384691260604 0.931640625 0.0022686920497139475 0.0048828125
0 0.2510850266324719 0.929931640625 0.0016768593410929177 0.00244140625
0 0.13848885381732098 0.932373046875 0.0023673308344841193 0.00732421875
0 0.2960643124876702 0.930908203125 0.0028605247583349774 0.00537109375
0 0.2214440718090353 0.929443359375 0.0019727756954034327 0.00244140625
0 0.14756362201617676 0.931396484375 0.007891102781613731 0.00732421875
0 0.6170349181298086 0.9296875 0.0016768593410929177 0.0048828125
0 0.5771848490826593 0.929931640625 0.002071414480173604 0.00537109375
0 0.25369895442888146 0.930419921875 0.0033537186821858355 0.00634765625
0 0.24817518248175183 0.9287109375 0.003550996251726179 0.0029296875
0 0.15052278555928192 0.928466796875 0.0013809429867824028 0.00244140625
0 0.6277865456697573 0.928466796875 0.0036496350364963502 0.00341796875
0 0.5849279936871178 0.928466796875 0.003748273821266522 0.00341796875
0 0.5797001380942987 0.928466796875 0.001578220556322746 0.00341796875
0 0.5663345827579405 0.928466796875 0.0022686920497139475 0.00341796875
0 0.5961234957585323 0.927978515625 0.002071414480173604 0.00341796875
0 0.6648254093509568 0.93017578125 0.003156441112645492 0.0087890625
0 0.6542217399881634 0.9287109375 0.0036496350364963502 0.005859375
0 0.29927007299270075 0.927001953125 0.001578220556322746 0.00244140625
0 0.17325902544880648 0.927978515625 0.002465969619254291 0.00439453125
0 0.09641941211284277 0.92822265625 0.0066087985796014995 0.0048828125
0 0.661521010061156 0.92626953125 0.0008877490629315447 0.001953125
0 0.713799565989347 0.925537109375 0.0014795817715525744 0.00244140625
0 0.6587591240875912 0.925537109375 0.001085026632471888 0.00244140625
0 0.655208127835865 0.92626953125 0.002071414480173604 0.00390625
0 0.270122312093115 0.92578125 0.002663247188794634 0.0029296875
0 0.16640362990727955 0.93017578125 0.008088380351154074 0.01171875
0 0.3031663049911225 0.926513671875 0.0028605247583349774 0.00537109375
0 0.24141842572499506 0.92529296875 0.0028605247583349774 0.0029296875
0 0.2116788321167883 0.92578125 0.003748273821266522 0.00390625
0 0.14268100217005328 0.92529296875 0.0012823042020122311 0.0029296875
0 0.586802130597751 0.929443359375 0.002959163543105149 0.01220703125
0 0.31495363977115803 0.927734375 0.005918327086210298 0.0087890625
0 0.2674097455119353 0.92626953125 0.0023673308344841193 0.005859375
0 0.19249358847898995 0.9267578125 0.0044387453146577235 0.0068359375
0 0.24817518248175183 0.92431640625 0.002170053264943776 0.0029296875
0 0.5904517656342474 0.924560546875 0.0025646084040244622 0.00439453125
0 0.18963306372065497 0.92578125 0.003255079897415664 0.0068359375
0 0.18692049713947523 0.9248046875 0.0023673308344841193 0.0048828125
0 0.6200434010652989 0.923583984375 0.0009863878477017164 0.00341796875
0 0.7272637601104754 0.923095703125 0.0023673308344841193 0.00341796875
0 0.6823337936476622 0.924072265625 0.002071414480173604 0.00537109375
0 0.6420398500690472 0.92236328125 0.0009863878477017164 0.001953125
0 0.11974748471098837 0.924072265625 0.002170053264943776 0.00537109375
0 0.6658611165910436 0.92236328125 0.0016768593410929177 0.0029296875
0 0.6606825803906096 0.922607421875 0.0017754981258630894 0.00341796875
0 0.23096271453935688 0.924072265625 0.004044190175577037 0.00634765625
0 0.6776977707634642 0.92236328125 0.0028605247583349774 0.00390625
0 0.6517557703689091 0.923095703125 0.00424146774511738 0.00537109375
0 0.6352337739199053 0.92138671875 0.0011836654172420597 0.001953125
0 0.6302525152890116 0.92529296875 0.00483330045373841 0.009765625
0 0.2645985401459854 0.92138671875 0.002663247188794634 0.001953125
0 0.20659893470112448 0.92236328125 0.004044190175577037 0.00390625
0 0.14514697178930755 0.92236328125 0.0030578023278753207 0.00390625
0 0.6707437364371671 0.922119140625 0.0019727756954034327 0.00439453125
0 0.3167291378970211 0.921142578125 0.001578220556322746 0.00244140625
0 0.1735056224107319 0.922607421875 0.003748273821266522 0.00537109375
0 0.6676859341092918 0.9208984375 0.0017754981258630894 0.0029296875
0 0.638488853817321 0.92041015625 0.0013809429867824028 0.001953125
0 0.5874926020911423 0.92041015625 0.0009863878477017164 0.001953125
0 0.2740185440915368 0.920166015625 0.001578220556322746 0.00244140625
0 0.22662260800946932 0.921875 0.00424146774511738 0.005859375
0 0.12428486881041625 0.92236328125 0.006312882225290984 0.0068359375
0 0.2533537186821858 0.921142578125 0.0044387453146577235 0.00537109375
0 0.664332215427106 0.9189453125 0.001578220556322746 0.001953125
0 0.6576247780627342 0.9189453125 0.0009863878477017164 0.001953125
0 0.3191951075162754 0.919921875 0.003156441112645492 0.00390625
0 0.28797593213651607 0.924072265625 0.005030578023278753 0.01220703125
0 0.22997632669165516 0.9189453125 0.0012823042020122311 0.001953125
0 0.20285066087985795 0.918701171875 0.0012823042020122311 0.00146484375
0 0.6843065693430657 0.922119140625 0.004636022884198066 0.00927734375
0 0.6474156638390215 0.91845703125 0.0012823042020122311 0.001953125
0 0.32457092128624976 0.9208984375 0.002465969619254291 0.0068359375
0 0.27599131978694025 0.9189453125 0.0019727756954034327 0.0029296875
0 0.15032550798974156 0.921875 0.0023673308344841193 0.0087890625
0 0.6993489840205168 0.919189453125 0.0025646084040244622 0.00439453125
0 0.6326198461234958 0.92041015625 0.00424146774511738 0.0068359375
0 0.19974353915959756 0.9189453125 0.0023673308344841193 0.00390625
0 0.1825310712172026 0.919921875 0.005030578023278753 0.005859375
0 0.7013217597159203 0.91748046875 0.0013809429867824028 0.001953125
0 0.6757743144604459 0.917724609375 0.002170053264943776 0.00244140625
0 0.6246794239494969 0.918212890625 0.0023673308344841193 0.00341796875
0 0.5843361609784967 0.92041015625 0.0023673308344841193 0.0078125
0 0.2548826198461235 0.918701171875 0.0027618859735648055 0.00439453125
0 0.7174492010258433 0.920654296875 0.00483330045373841 0.00927734375
0 0.2973466166896824 0.91748046875 0.0012823042020122311 0.0029296875
0 0.1700532649437759 0.917724609375 0.004931939238508582 0.00341796875
0 0.6560958768987966 0.916259765625 0.0014795817715525744 0.00244140625
0 0.6138291576247781 0.9169921875 0.0013809429867824028 0.00390625
0 0.19214835273229433 0.916015625 0.0025646084040244622 0.0029296875
0 0.1290688498717696 0.91650390625 0.00483330045373841 0.00390625
0 0.6930361017952259 0.91552734375 0.002170053264943776 0.0029296875
0 0.14450581968830145 0.91552734375 0.0011836654172420597 0.0029296875
0 0.7069441704478201 0.91552734375 0.0025646084040244622 0.00390625
0 0.17340698362596174 0.9150390625 0.0017754981258630894 0.0029296875
0 0.651163937660288 0.91552734375 0.0014795817715525744 0.0048828125
0 0.6470211086999408 0.91455078125 0.0030578023278753207 0.0029296875
0 0.6303511540737818 0.91552734375 0.002663247188794634 0.0048828125
0 0.5997238114026435 0.91455078125 0.0013809429867824028 0.0029296875
0 0.5765436969816532 0.91650390625 0.004340106529887552 0.0068359375
0 0.3076050503057802 0.91552734375 0.0066087985796014995 0.0048828125
0 0.21478595383704874 0.916015625 0.00424146774511738 0.005859375
0 0.2732787532057605 0.916015625 0.0044387453146577235 0.0068359375
0 0.25 0.91552734375 0.003255079897415664 0.005859375
0 0.1383902150325508 0.919921875 0.004931939238508582 0.0146484375
0 0.6046557506411521 0.915771484375 0.003550996251726179 0.00732421875
0 0.14756362201617676 0.9140625 0.0023673308344841193 0.00390625
0 0.5874432826987571 0.913330078125 0.001874136910633261 0.00341796875
0 0.1571315841388834 0.913818359375 0.0023673308344841193 0.00439453125
0 0.3153975143026238 0.912109375 0.0008877490629315447 0.001953125
0 0.16571315841388834 0.912109375 0.0009863878477017164 0.001953125
0 0.2644012625764451 0.912841796875 0.004044190175577037 0.00439453125
0 0.22154271059380548 0.911865234375 0.0013809429867824028 0.00244140625
0 0.1832215427105938 0.912109375 0.0012823042020122311 0.0029296875
0 0.7271158019333201 0.91357421875 0.0036496350364963502 0.0068359375
0 0.7070921286249754 0.91162109375 0.001874136910633261 0.0029296875
0 0.2357466956007102 0.912109375 0.003550996251726179 0.00390625
0 0.5893174196093904 0.910888671875 0.0008877490629315447 0.00244140625
0 0.2280528703886368 0.91064453125 0.0009863878477017164 0.001953125
0 0.12541921483527324 0.9130859375 0.003452357466956007 0.0068359375
0 0.1881041625567173 0.91162109375 0.0027618859735648055 0.0048828125
0 0.16965870980469522 0.912109375 0.004340106529887552 0.005859375
0 0.22336752811205365 0.91015625 0.0022686920497139475 0.0029296875
0 0.17533043992898006 0.90966796875 0.0014795817715525744 0.0029296875
0 0.5854705070033537 0.9091796875 0.002071414480173604 0.0029296875
0 0.5927204576839613 0.908447265625 0.0013809429867824028 0.00244140625
0 0.30020714144801736 0.9111328125 0.00424146774511738 0.0078125
0 0.18623002564608404 0.908447265625 0.000789110278161373 0.00244140625
0 0.1675872953245216 0.908203125 0.002170053264943776 0.001953125
0 0.13365555336358256 0.91015625 0.003156441112645492 0.005859375
0 0.6685243637798383 0.908203125 0.002465969619254291 0.0029296875
0 0.6178733478003551 0.9150390625 0.005721049516669955 0.0166015625
0 0.3140658907082265 0.911376953125 0.0061156046557506415 0.00927734375
0 0.2548826198461235 0.907958984375 0.0019727756954034327 0.00244140625
0 0.2451173801538765 0.90771484375 0.0011836654172420597 0.001953125
0 0.21064312487670153 0.9091796875 0.0022686920497139475 0.0048828125
0 0.1374038271848491 0.908935546875 0.003748273821266522 0.00439453125
0 0.7071907674097455 0.907470703125 0.0014795817715525744 0.00244140625
0 0.7044288814361807 0.907470703125 0.001085026632471888 0.00244140625
0 0.6488952456105741 0.908203125 0.0014795817715525744 0.00390625
0 0.6282797395936082 0.907958984375 0.001874136910633261 0.00341796875
0 0.5820181495363977 0.90771484375 0.001874136910633261 0.0029296875
0 0.24955612546853423 0.907470703125 0.002959163543105149 0.00244140625
0 0.1436180706253699 0.910400390625 0.004537384099427895 0.00830078125
0 0.6919017557703689 0.907958984375 0.003452357466956007 0.00439453125
0 0.6549615308739396 0.908935546875 0.003550996251726179 0.00634765625
0 0.28472085223910043 0.907470703125 0.002071414480173604 0.00341796875
0 0.1843065693430657 0.908447265625 0.001874136910633261 0.00537109375
0 0.6364667587295324 0.906494140625 0.002465969619254291 0.00244140625
0 0.31233971197474847 0.90673828125 0.001085026632471888 0.0029296875
0 0.2989248372460051 0.906494140625 0.001085026632471888 0.00244140625
0 0.15974551193529296 0.908203125 0.007200631288222529 0.005859375
0 0.6594989149733675 0.90625 0.0013809429867824028 0.0029296875
0 0.6219668573683172 0.90966796875 0.004044190175577037 0.009765625
0 0.726967843756165 0.906005859375 0.002170053264943776 0.00341796875
0 0.7239593608206747 0.905517578125 0.0014795817715525744 0.00244140625
0 0.17360426119550207 0.9052734375 0.0013809429867824028 0.001953125
0 0.7174985204182285 0.905029296875 0.0017754981258630894 0.00341796875
0 0.24107318997829946 0.90478515625 0.002959163543105149 0.0029296875
0 0.1797198658512527 0.90625 0.004734661668968239 0.005859375
0 0.16857368317222332 0.904296875 0.000789110278161373 0.001953125
0 0.6108699940816729 0.907470703125 0.00848293549023476 0.00927734375
0 0.27031958966265535 0.904541015625 0.0028605247583349774 0.00341796875
0 0.21789307555730913 0.904541015625 0.0009863878477017164 0.00341796875
0 0.6730617478792661 0.904296875 0.0028605247583349774 0.00390625
0 0.3198855790096666 0.90625 0.0027618859735648055 0.0078125
0 0.21404616295127243 0.9052734375 0.004931939238508582 0.005859375
0 0.19278950483330046 0.906005859375 0.00483330045373841 0.00732421875
0 0.22854606431248767 0.904541015625 0.0039455513908068654 0.00537109375
0 0.19698165318603275 0.903564453125 0.0011836654172420597 0.00341796875
0 0.6332609982245019 0.90478515625 0.0027618859735648055 0.0068359375
0 0.167242059577826 0.903076171875 0.0014795817715525744 0.00341796875
0 0.6751824817518248 0.902099609375 0.0011836654172420597 0.00244140625
0 0.22662260800946932 0.90234375 0.0028605247583349774 0.0029296875
0 0.18514499901361214 0.903564453125 0.002170053264943776 0.00537109375
0 0.16521996449003748 0.902099609375 0.0011836654172420597 0.00244140625
0 0.6419905306766621 0.904541015625 0.003255079897415664 0.00830078125
0 0.18904123101203393 0.901611328125 0.0016768593410929177 0.00244140625
0 0.7244525547445255 0.902099609375 0.0028605247583349774 0.00439453125
0 0.6796212270664825 0.90087890625 0.0025646084040244622 0.0029296875
0 0.6764647859538371 0.900634765625 0.0013809429867824028 0.00244140625
0 0.6236930361017953 0.9013671875 0.003156441112645492 0.00390625
0 0.6097849674492011 0.900390625 0.0011836654172420597 0.001953125
0 0.2870881830735845 0.900390625 0.0022686920497139475 0.001953125
0 0.19456500295916354 0.900634765625 0.0014795817715525744 0.00244140625
0 0.18248175182481752 0.902099609375 0.0023673308344841193 0.00537109375
0 0.7127145393568751 0.9013671875 0.005030578023278753 0.0048828125
0 0.5915861116591044 0.900146484375 0.001085026632471888 0.00244140625
0 0.1731110672716512 0.900634765625 0.003156441112645492 0.00341796875
0 0.6386861313868614 0.902099609375 0.003156441112645492 0.00732421875
0 0.2604557111856382 0.9013671875 0.004636022884198066 0.005859375
0 0.19170447820082856 0.89990234375 0.002663247188794634 0.0029296875
0 0.127589268100217 0.900146484375 0.004044190175577037 0.00341796875
0 0.6527914776089958 0.900390625 0.001578220556322746 0.0048828125
0 0.6293647662260801 0.9013671875 0.002663247188794634 0.0068359375
0 0.30139080686525943 0.89990234375 0.001874136910633261 0.00390625
0 0.17878279739593608 0.899658203125 0.00424146774511738 0.00341796875
0 0.15772341684750443 0.901611328125 0.004734661668968239 0.00732421875
0 0.6599921088972184 0.899169921875 0.0023673308344841193 0.00341796875
0 0.5817222331820872 0.900634765625 0.005030578023278753 0.00634765625
0 0.22272637601104756 0.898681640625 0.0011836654172420597 0.00244140625
0 0.20852239100414283 0.898681640625 0.0013809429867824028 0.00244140625
0 0.6555533635825607 0.90087890625 0.004340106529887552 0.0078125
0 0.6027322943381338 0.90087890625 0.006214243440520813 0.0078125
0 0.3202308147563622 0.898681640625 0.002071414480173604 0.00341796875
0 0.21064312487670153 0.898193359375 0.0014795817715525744 0.00244140625
0 0.701765634247386 0.900390625 0.003452357466956007 0.0087890625
0 0.685638192937463 0.8974609375 0.0017754981258630894 0.0029296875
0 0.5998224501874136 0.8974609375 0.0013809429867824028 0.0029296875
0 0.3182580390609588 0.897705078125 0.001085026632471888 0.00341796875
0 0.27298283685145 0.897216796875 0.002071414480173604 0.00244140625
0 0.671779443677254 0.897216796875 0.002663247188794634 0.00439453125
0 0.6053462221345433 0.896240234375 0.0009863878477017164 0.00244140625
0 0.32240086802130596 0.89697265625 0.0014795817715525744 0.00390625
0 0.29843164332215427 0.89599609375 0.0016768593410929177 0.001953125
0 0.2311599921088972 0.89794921875 0.0028605247583349774 0.005859375
0 0.1703491812980864 0.896728515625 0.001578220556322746 0.00341796875
0 0.30750641152101005 0.896484375 0.002071414480173604 0.00390625
0 0.7250443874531466 0.894775390625 0.0016768593410929177 0.00244140625
0 0.697672124679424 0.89697265625 0.004340106529887552 0.0068359375
0 0.6615703294535411 0.89453125 0.0013809429867824028 0.0029296875
0 0.2388538173209706 0.89599609375 0.0028605247583349774 0.005859375
0 0.23461234957585322 0.894775390625 0.0028605247583349774 0.00341796875
0 0.21794239494969422 0.894287109375 0.0016768593410929177 0.00244140625
0 0.1248273821266522 0.894287109375 0.001874136910633261 0.00244140625
0 0.30213059775103573 0.8935546875 0.0011836654172420597 0.001953125
0 0.6490925231801145 0.894775390625 0.0022686920497139475 0.00537109375
0 0.24072795423160387 0.89306640625 0.0012823042020122311 0.001953125
0 0.1400670743736437 0.895263671875 0.002959163543105149 0.00732421875
0 0.7140954823436575 0.89306640625 0.002465969619254291 0.00390625
0 0.2587295324521602 0.892578125 0.002959163543105149 0.0029296875
0 0.25606628526336556 0.892333984375 0.0017754981258630894 0.00244140625
0 0.19999013612152297 0.892333984375 0.0012823042020122311 0.00244140625
0 0.1756263562832906 0.89306640625 0.002663247188794634 0.00390625
0 0.1811501282304202 0.891845703125 0.001874136910633261 0.00244140625
0 0.1390313671335569 0.892333984375 0.002071414480173604 0.00341796875
0 0.22169066877096075 0.89111328125 0.001085026632471888 0.001953125
0 0.6135332412704676 0.890869140625 0.0009863878477017164 0.00244140625
0 0.25305780232787534 0.891357421875 0.0030578023278753207 0.00341796875
0 0.16423357664233576 0.8916015625 0.004340106529887552 0.00390625
0 0.6594989149733675 0.8896484375 0.000789110278161373 0.001953125
0 0.18731505227855594 0.89208984375 0.006904714933912014 0.0078125
0 0.18297494574866838 0.890380859375 0.0013809429867824028 0.00439453125
0 0.6411027816137305 0.89111328125 0.003255079897415664 0.0068359375
0 0.31663049911225094 0.888671875 0.0009863878477017164 0.001953125
0 0.3110574077727362 0.889404296875 0.002465969619254291 0.00341796875
0 0.23170250542513315 0.89111328125 0.0027618859735648055 0.0068359375
0 0.6242355494180312 0.890869140625 0.003255079897415664 0.00732421875
0 0.24531465772341685 0.889404296875 0.005326494377589268 0.00439453125
0 0.21202406786348393 0.888671875 0.0014795817715525744 0.0029296875
0 0.15718090353126848 0.890869140625 0.003255079897415664 0.00732421875
0 0.30129216808048925 0.88818359375 0.001874136910633261 0.0029296875
0 0.3057802327875321 0.887451171875 0.001578220556322746 0.00244140625
0 0.657476819885579 0.886962890625 0.001085026632471888 0.00244140625
0 0.17306174787926612 0.8876953125 0.0012823042020122311 0.00390625
0 0.2630696389820477 0.88671875 0.0019727756954034327 0.0029296875
0 0.6255178536200434 0.885986328125 0.001874136910633261 0.00244140625
0 0.1686723219569935 0.886474609375 0.0019727756954034327 0.00341796875
0 0.2391990530676662 0.885498046875 0.0025646084040244622 0.00244140625
0 0.30957782600118366 0.88671875 0.003452357466956007 0.005859375
0 0.2566087985796015 0.885009765625 0.002071414480173604 0.00244140625
0 0.6545669757348589 0.885986328125 0.0023673308344841193 0.00537109375
0 0.2363878477017163 0.88720703125 0.0044387453146577235 0.0078125
0 0.19530479384493982 0.888916015625 0.004734661668968239 0.01123046875
0 0.19249358847898995 0.88427734375 0.001085026632471888 0.001953125
0 0.1659104359834287 0.885498046875 0.001578220556322746 0.00439453125
0 0.25088774906293154 0.884033203125 0.003255079897415664 0.00244140625
0 0.23308344841191556 0.884033203125 0.0017754981258630894 0.00244140625
0 0.17715525744722824 0.885498046875 0.004734661668968239 0.00634765625
0 0.22701716314855 0.8837890625 0.002465969619254291 0.00390625
0 0.17163148550009863 0.883544921875 0.0019727756954034327 0.00439453125
0 0.3066186624580785 0.882568359375 0.001874136910633261 0.00341796875
0 0.18139672519234562 0.884521484375 0.002170053264943776 0.00732421875
0 0.1029295719076741 0.882568359375 0.001874136910633261 0.00341796875
0 0.6579206944170448 0.88134765625 0.000789110278161373 0.001953125
0 0.30341290195304793 0.884765625 0.0027618859735648055 0.0087890625
0 0.23663444466364175 0.881591796875 0.002170053264943776 0.00244140625
0 0.16965870980469522 0.88134765625 0.000789110278161373 0.001953125
0 0.3006510159794831 0.88134765625 0.0027618859735648055 0.0029296875
0 0.18746301045571118 0.88330078125 0.0028605247583349774 0.0068359375
0 0.2294338133754192 0.880615234375 0.0017754981258630894 0.00244140625
0 0.175872953245216 0.879150390625 0.0017754981258630894 0.00244140625
0 0.1539751430262379 0.880615234375 0.003156441112645492 0.00537109375
0 0.6897810218978102 0.87890625 0.001578220556322746 0.0029296875
0 0.627589268100217 0.879150390625 0.0014795817715525744 0.00341796875
0 0.1592523180114421 0.878662109375 0.0012823042020122311 0.00244140625
0 0.6838626948115999 0.878662109375 0.001578220556322746 0.00341796875
0 0.6562438350759519 0.87841796875 0.0013809429867824028 0.0029296875
0 0.19545275202209508 0.87841796875 0.002663247188794634 0.0029296875
0 0.1665022686920497 0.879150390625 0.0039455513908068654 0.00439453125
0 0.6464292759913198 0.8779296875 0.0022686920497139475 0.0029296875
0 0.633359637009272 0.8798828125 0.0033537186821858355 0.0068359375
0 0.6653186032748076 0.877685546875 0.0023673308344841193 0.00341796875
0 0.24122114815545473 0.87744140625 0.003255079897415664 0.0029296875
0 0.19022489642927598 0.87744140625 0.002663247188794634 0.0029296875
0 0.19984217794436773 0.87744140625 0.0027618859735648055 0.0048828125
0 0.10317616886959953 0.876708984375 0.006510159794831328 0.00341796875
0 0.14721838626948117 0.876953125 0.002663247188794634 0.005859375
0 0.26652199644900376 0.87451171875 0.0009863878477017164 0.001953125
0 0.2319984217794437 0.875732421875 0.0023673308344841193 0.00439453125
0 0.17306174787926612 0.87548828125 0.0016768593410929177 0.00390625
0 0.6615703294535411 0.876708984375 0.0017754981258630894 0.00732421875
0 0.6315841388834089 0.8740234375 0.0019727756954034327 0.0029296875
0 0.23550009863878477 0.875732421875 0.002071414480173604 0.00634765625
0 0.19698165318603275 0.873779296875 0.0019727756954034327 0.00244140625
0 0.17602091142237128 0.874267578125 0.0036496350364963502 0.00341796875
0 0.6383902150325508 0.873046875 0.0019727756954034327 0.00390625
0 0.2256362201617676 0.87548828125 0.0036496350364963502 0.0087890625
0 0.20142039850069046 0.872314453125 0.0017754981258630894 0.00244140625
0 0.12216413493785756 0.87451171875 0.002663247188794634 0.0068359375
0 0.6676366147169067 0.871826171875 0.001085026632471888 0.00244140625
0 0.6517557703689091 0.8759765625 0.005227855592819097 0.0107421875
0 0.6471690668770961 0.872802734375 0.0027618859735648055 0.00439453125
0 0.26242848688104164 0.87158203125 0.001085026632471888 0.001953125
0 0.6868218583547051 0.87158203125 0.002170053264943776 0.0029296875
0 0.18159400276188598 0.871826171875 0.0023673308344841193 0.00341796875
0 0.24561057407772735 0.870849609375 0.0023673308344841193 0.00244140625
0 0.2180410337344644 0.87060546875 0.0012823042020122311 0.001953125
0 0.15496153087393963 0.873291015625 0.005326494377589268 0.00830078125
0 0.4590649043203788 0.8701171875 0.0009863878477017164 0.0029296875
0 0.238508581574275 0.87060546875 0.004142828960347208 0.00390625
0 0.21537778654566975 0.870361328125 0.003452357466956007 0.00341796875
0 0.1894851055434997 0.8720703125 0.004340106529887552 0.0068359375
0 0.16970802919708028 0.871826171875 0.005622410731899783 0.00634765625
0 0.1262083251134346 0.871337890625 0.00424146774511738 0.00537109375
0 0.11249753403038075 0.8720703125 0.006214243440520813 0.0068359375
0 0.1999408167291379 0.868408203125 0.0019727756954034327 0.00146484375
0 0.10307753008482935 0.86962890625 0.005721049516669955 0.0048828125
0 0.6548135726967844 0.87109375 0.004636022884198066 0.0087890625
0 0.1306963898204774 0.869140625 0.0023673308344841193 0.0048828125
0 0.20748668376405602 0.867431640625 0.0008877490629315447 0.00244140625
0 0.20595778260011838 0.8701171875 0.004340106529887552 0.0078125
0 0.1112645492207536 0.867431640625 0.002170053264943776 0.00244140625
0 0.6291674886565397 0.867919921875 0.002663247188794634 0.00439453125
0 0.22553758137699745 0.86669921875 0.0016768593410929177 0.0029296875
0 0.4673998816334583 0.86572265625 0.0008877490629315447 0.001953125
0 0.17029986190570132 0.865966796875 0.0012823042020122311 0.00244140625
0 0.17518248175182483 0.866455078125 0.0039455513908068654 0.00439453125
0 0.23628920891694613 0.86572265625 0.001874136910633261 0.0048828125
0 0.24541329650818702 0.865234375 0.0025646084040244622 0.0048828125
0 0.2413197869402249 0.865478515625 0.003255079897415664 0.00537109375
0 0.15525744722825016 0.86572265625 0.004537384099427895 0.005859375
0 0.1328171236930361 0.8642578125 0.0022686920497139475 0.0029296875
0 0.6570822647464983 0.863525390625 0.0012823042020122311 0.00341796875
0 0.22228250147958178 0.86328125 0.002465969619254291 0.0029296875
0 0.19214835273229433 0.863037109375 0.0023673308344841193 0.00244140625
0 0.14337147366344447 0.8642578125 0.0016768593410929177 0.0048828125
0 0.10421187610968632 0.863525390625 0.001874136910633261 0.00341796875
0 0.18090353126849476 0.863525390625 0.0017754981258630894 0.00439453125
0 0.671779443677254 0.863037109375 0.0012823042020122311 0.00439453125
0 0.25848293549023477 0.8623046875 0.0038469126060366936 0.00390625
0 0.16773525350167687 0.861572265625 0.0014795817715525744 0.00244140625
0 0.11407575458670349 0.864013671875 0.0036496350364963502 0.00732421875
0 0.6359242454132965 0.86083984375 0.0013809429867824028 0.001953125
0 0.23767015190372853 0.861083984375 0.0022686920497139475 0.00244140625
0 0.4783981061353324 0.8603515625 0.000789110278161373 0.001953125
0 0.17197672124679425 0.8623046875 0.002465969619254291 0.005859375
0 0.47652396922469914 0.86083984375 0.0019727756954034327 0.00390625
0 0.4716906687709607 0.865478515625 0.004340106529887552 0.01318359375
0 0.23974156638390215 0.85986328125 0.0008877490629315447 0.001953125
0 0.14095482343657526 0.85986328125 0.0013809429867824028 0.001953125
0 0.2037384099427895 0.86083984375 0.002465969619254291 0.0048828125
0 0.09207930558295521 0.862060546875 0.005227855592819097 0.00732421875
0 0.6447524166502269 0.859375 0.001874136910633261 0.0029296875
0 0.1975241665022687 0.85888671875 0.0016768593410929177 0.001953125
0 0.19525547445255476 0.859375 0.001874136910633261 0.0029296875
0 0.1783389228644703 0.859375 0.0009863878477017164 0.0029296875
0 0.29946735056224105 0.859375 0.0039455513908068654 0.00390625
0 0.17656342473860723 0.85888671875 0.0009863878477017164 0.0029296875
0 0.4600512921680805 0.859375 0.0023673308344841193 0.0048828125
0 0.16630499112250938 0.857421875 0.0009863878477017164 0.001953125
0 0.16221148155454726 0.859375 0.007200631288222529 0.0068359375
0 0.11151114618267903 0.857177734375 0.0022686920497139475 0.00244140625
0 0.27559676464785954 0.8564453125 0.000789110278161373 0.001953125
0 0.1331623594397317 0.85693359375 0.0017754981258630894 0.00390625
0 0.6459360820674689 0.855712890625 0.001874136910633261 0.00244140625
0 0.6391300059183271 0.85546875 0.001085026632471888 0.001953125
0 0.46227066482540935 0.85595703125 0.001085026632471888 0.0029296875
0 0.22716512132570527 0.85595703125 0.0019727756954034327 0.0029296875
0 0.6515091734069837 0.85498046875 0.0009863878477017164 0.001953125
0 0.4494969421976721 0.856201171875 0.0027618859735648055 0.00439453125
0 0.1700532649437759 0.857666015625 0.0033537186821858355 0.00732421875
0 0.23214637995659892 0.8544921875 0.0016768593410929177 0.001953125
0 0.13784770171631486 0.85595703125 0.0016768593410929177 0.0048828125
0 0.6435194318405997 0.854248046875 0.001578220556322746 0.00341796875
0 0.2862497534030381 0.853515625 0.0009863878477017164 0.001953125
0 0.2808246202406786 0.85302734375 0.0013809429867824028 0.001953125
0 0.24117182876306964 0.853515625 0.0017754981258630894 0.0029296875
0 0.22854606431248767 0.853271484375 0.0013809429867824028 0.00244140625
0 0.21567370289998028 0.8544921875 0.002663247188794634 0.0048828125
0 0.25507989741566384 0.8525390625 0.0009863878477017164 0.001953125
0 0.17656342473860723 0.853515625 0.0023673308344841193 0.00390625
0 0.17404813572696784 0.8525390625 0.0008877490629315447 0.001953125
0 0.47652396922469914 0.85205078125 0.000789110278161373 0.001953125
0 0.4598046952061551 0.853759765625 0.0014795817715525744 0.00537109375
0 0.45280134148747286 0.85498046875 0.003255079897415664 0.0078125
0 0.137354507792464 0.8525390625 0.0014795817715525744 0.0029296875
0 0.09286841586111659 0.852783203125 0.0036496350364963502 0.00341796875
0 0.4564509765239692 0.853515625 0.002663247188794634 0.005859375
0 0.6553067666206353 0.8544921875 0.005622410731899783 0.0087890625
0 0.14366739001775497 0.85107421875 0.0008877490629315447 0.001953125
0 0.18770960741763662 0.854248046875 0.0033537186821858355 0.00927734375
0 0.18026237916748866 0.851318359375 0.001085026632471888 0.00341796875
0 0.1063819293746301 0.853271484375 0.007595186427303216 0.00732421875
0 0.28713750246596964 0.85009765625 0.0009863878477017164 0.001953125
0 0.20748668376405602 0.850341796875 0.0008877490629315447 0.00244140625
0 0.48086407575458673 0.85107421875 0.004734661668968239 0.0048828125
0 0.20146971789307555 0.850341796875 0.003255079897415664 0.00341796875
0 0.4499408167291379 0.850341796875 0.00424146774511738 0.00439453125
0 0.16378970211087 0.849853515625 0.0012823042020122311 0.00439453125
0 0.1185638192937463 0.85302734375 0.0033537186821858355 0.0107421875
0 0.29710001972775696 0.848388671875 0.0009863878477017164 0.00244140625
0 0.16600907476819884 0.849365234375 0.0019727756954034327 0.00439453125
0 0.15318603274807654 0.84912109375 0.0025646084040244622 0.00390625
0 0.12142434405208127 0.852294921875 0.003156441112645492 0.01025390625
0 0.15604655750641153 0.849853515625 0.002170053264943776 0.00634765625
0 0.1473663444466364 0.84814453125 0.001578220556322746 0.0029296875
0 0.14105346222134543 0.84765625 0.0019727756954034327 0.001953125
0 0.13000591832708622 0.849609375 0.0033537186821858355 0.005859375
0 0.6736042611955021 0.846435546875 0.001578220556322746 0.00244140625
0 0.4714933912014204 0.8466796875 0.0013809429867824028 0.0029296875
0 0.46991517064509764 0.84765625 0.002170053264943776 0.0048828125
0 0.17814164529492996 0.846923828125 0.0017754981258630894 0.00341796875
0 0.10983428684158611 0.847900390625 0.0038469126060366936 0.00537109375
0 0.47583349773130795 0.8466796875 0.0013809429867824028 0.00390625
0 0.47381140264351945 0.84716796875 0.002071414480173604 0.0048828125
0 0.6697080291970803 0.845458984375 0.0016768593410929177 0.00244140625
0 0.46059380548431644 0.845947265625 0.0014795817715525744 0.00341796875
0 0.4590649043203788 0.84619140625 0.001578220556322746 0.00390625
0 0.4565002959163543 0.8466796875 0.0025646084040244622 0.0048828125
0 0.14889524561057407 0.845703125 0.0016768593410929177 0.0029296875
0 0.11506214243440521 0.84814453125 0.0028605247583349774 0.0078125
0 0.19204971394752415 0.844970703125 0.001578220556322746 0.00244140625
0 0.1866739001775498 0.84521484375 0.0028605247583349774 0.0029296875
0 0.6386861313868614 0.847412109375 0.002170053264943776 0.00830078125
0 0.6231998421779443 0.844482421875 0.001578220556322746 0.00244140625
0 0.2371276385874926 0.845458984375 0.003550996251726179 0.00439453125
0 0.13715723022292364 0.8466796875 0.001874136910633261 0.0068359375
0 0.46636417439337147 0.844970703125 0.0025646084040244622 0.00439453125
0 0.4499408167291379 0.84375 0.0008877490629315447 0.001953125
0 0.20383704872755967 0.844482421875 0.0008877490629315447 0.00341796875
0 0.19683369500887749 0.845458984375 0.0036496350364963502 0.00634765625
0 0.1613237324916157 0.84619140625 0.006016965870980469 0.0078125
0 0.10347208522391003 0.843994140625 0.0019727756954034327 0.00341796875
0 0.48096271453935685 0.843017578125 0.0009863878477017164 0.00244140625
0 0.4635036496350365 0.84423828125 0.0023673308344841193 0.0048828125
0 0.2211974748471099 0.84375 0.002465969619254291 0.0048828125
0 0.6720753600315644 0.84228515625 0.0016768593410929177 0.0029296875
0 0.4541329650818702 0.845947265625 0.0025646084040244622 0.01025390625
0 0.16803116985598737 0.844482421875 0.0022686920497139475 0.00732421875
0 0.0987867429473269 0.842041015625 0.0008877490629315447 0.00244140625
0 0.2186821858354705 0.842041015625 0.0013809429867824028 0.00341796875
0 0.13888340895640167 0.841796875 0.0009863878477017164 0.0029296875
0 0.24482146379956599 0.841552734375 0.0017754981258630894 0.00341796875
0 0.25088774906293154 0.8408203125 0.0012823042020122311 0.0029296875
0 0.15284079700138095 0.8408203125 0.0014795817715525744 0.0029296875
0 0.13030183468139672 0.84033203125 0.000789110278161373 0.001953125
0 0.14090550404419017 0.841552734375 0.002071414480173604 0.00537109375
0 0.6509173406983626 0.83984375 0.0009863878477017164 0.0029296875
0 0.4714440718090353 0.841064453125 0.0022686920497139475 0.00634765625
0 0.46143223515486287 0.839599609375 0.0011836654172420597 0.00341796875
0 0.4450581968830144 0.83984375 0.002959163543105149 0.00390625
0 0.4761294140856185 0.83984375 0.0033537186821858355 0.0048828125
0 0.2311599921088972 0.83837890625 0.0022686920497139475 0.001953125
0 0.17399881633458275 0.842529296875 0.004931939238508582 0.01025390625
0 0.09715920299861906 0.839599609375 0.002170053264943776 0.00439453125
0 0.24038271848490828 0.838134765625 0.0009863878477017164 0.00244140625
0 0.21370092720457684 0.837890625 0.001085026632471888 0.001953125
0 0.168968238311304 0.837890625 0.001578220556322746 0.0029296875
0 0.15885776287236142 0.84228515625 0.00424146774511738 0.01171875
0 0.1070724008680213 0.83935546875 0.0038469126060366936 0.005859375
0 0.6444071809035312 0.837646484375 0.0009863878477017164 0.00341796875
0 0.48175182481751827 0.83837890625 0.0017754981258630894 0.0048828125
0 0.6397218386269481 0.838623046875 0.0016768593410929177 0.00634765625
0 0.6204872755967646 0.837646484375 0.0028605247583349774 0.00439453125
0 0.23668376405602684 0.83642578125 0.0014795817715525744 0.001953125
0 0.18593410929177354 0.836669921875 0.0011836654172420597 0.00244140625
0 0.20985401459854014 0.83642578125 0.0014795817715525744 0.0029296875
0 0.1617676070230815 0.8369140625 0.0011836654172420597 0.00390625
0 0.28447425527717496 0.836181640625 0.0013809429867824028 0.00341796875
0 0.1720753600315644 0.836181640625 0.0028605247583349774 0.00341796875
0 0.18761096863286644 0.83642578125 0.002170053264943776 0.0048828125
0 0.178733478003551 0.835693359375 0.001578220556322746 0.00341796875
0 0.15461629512724404 0.835693359375 0.0030578023278753207 0.00341796875
0 0.09523574669560071 0.835205078125 0.0012823042020122311 0.00244140625
0 0.2468928782797396 0.834716796875 0.0019727756954034327 0.00244140625
0 0.19071809035312684 0.8369140625 0.001874136910633261 0.0068359375
0 0.1411521010061156 0.834716796875 0.001578220556322746 0.00244140625
0 0.13197869402248966 0.83642578125 0.002170053264943776 0.005859375
0 0.46404616295127243 0.83447265625 0.0016768593410929177 0.0029296875
0 0.24284868810416255 0.83544921875 0.002959163543105149 0.0048828125
0 0.45590846320773326 0.836669921875 0.003156441112645492 0.00830078125
0 0.19703097257841784 0.83544921875 0.0022686920497139475 0.005859375
0 0.1578713750246597 0.833984375 0.0016768593410929177 0.0029296875
0 0.12102978891300059 0.833984375 0.0009863878477017164 0.0029296875
0 0.09952653383310317 0.833984375 0.004340106529887552 0.0029296875
0 0.18317222331820873 0.834228515625 0.001578220556322746 0.00439453125
0 0.1463799565989347 0.837646484375 0.006904714933912014 0.01123046875
0 0.4590649043203788 0.83349609375 0.0009863878477017164 0.00390625
0 0.29843164332215427 0.832763671875 0.0016768593410929177 0.00244140625
0 0.21715328467153286 0.832763671875 0.0014795817715525744 0.00244140625
0 0.11955020714144801 0.833740234375 0.0013809429867824028 0.00439453125
0 0.23263957388044978 0.832275390625 0.0014795817715525744 0.00244140625
0 0.20280134148747286 0.832275390625 0.0011836654172420597 0.00244140625
0 0.18933714736634444 0.832763671875 0.001085026632471888 0.00341796875
0 0.1659104359834287 0.8359375 0.0025646084040244622 0.009765625
0 0.17537975932136515 0.83251953125 0.0023673308344841193 0.00390625
0 0.2364371670941014 0.832763671875 0.0027618859735648055 0.00537109375
0 0.1265042414677451 0.831787109375 0.0014795817715525744 0.00341796875
0 0.6531860327480765 0.83056640625 0.0011836654172420597 0.001953125
0 0.4696685736831722 0.831298828125 0.0016768593410929177 0.00341796875
0 0.46118563819293745 0.830322265625 0.0006904714933912014 0.00244140625
0 0.4570428092325903 0.830810546875 0.0008877490629315447 0.00341796875
0 0.170102584336161 0.831298828125 0.001874136910633261 0.00439453125
0 0.5987374235549418 0.82958984375 0.001578220556322746 0.0029296875
0 0.2427007299270073 0.829833984375 0.0012823042020122311 0.00341796875
0 0.15353126849477214 0.8291015625 0.0012823042020122311 0.0029296875
0 0.4790885776287236 0.828125 0.0009863878477017164 0.001953125
0 0.290787137502466 0.8271484375 0.0011836654172420597 0.001953125
0 0.1429275991319787 0.828369140625 0.0027618859735648055 0.00439453125
0 0.18317222331820873 0.8271484375 0.0027618859735648055 0.0029296875
0 0.15136121522982837 0.829345703125 0.0022686920497139475 0.00732421875
0 0.14746498323140658 0.8291015625 0.0039455513908068654 0.0068359375
0 0.4503353718682186 0.8271484375 0.0014795817715525744 0.00390625
0 0.1036200434010653 0.82763671875 0.001874136910633261 0.0048828125
0 0.1282797395936082 0.828125 0.0030578023278753207 0.0068359375
0 0.11422371276385875 0.825927734375 0.0023673308344841193 0.00244140625
0 0.4382028013414875 0.82568359375 0.0016768593410929177 0.0029296875
0 0.1870191359242454 0.82763671875 0.002170053264943776 0.0068359375
0 0.665565200236733 0.82470703125 0.0014795817715525744 0.001953125
0 0.21098836062339713 0.824951171875 0.0013809429867824028 0.00244140625
0 0.10746695600710199 0.828369140625 0.00542513316235944 0.00927734375
0 0.47302229236535803 0.824951171875 0.0012823042020122311 0.00341796875
0 0.29542316038666405 0.82373046875 0.000789110278161373 0.001953125
0 0.16462813178141644 0.82373046875 0.0013809429867824028 0.001953125
0 0.16147169066877096 0.82470703125 0.0033537186821858355 0.00390625
0 0.19012625764450583 0.826416015625 0.0036496350364963502 0.00830078125
0 0.0945945945945946 0.822998046875 0.0017754981258630894 0.00341796875
0 0.2567074373643717 0.822021484375 0.003255079897415664 0.00244140625
0 0.2019629118169264 0.823486328125 0.0044387453146577235 0.00537109375
0 0.13695995265338332 0.82275390625 0.0014795817715525744 0.00390625
0 0.13360623397119747 0.82421875 0.006016965870980469 0.0068359375
0 0.27904912211481553 0.822021484375 0.002170053264943776 0.00341796875
0 0.24881633458275795 0.8232421875 0.001874136910633261 0.005859375
0 0.21996449003748275 0.821533203125 0.0011836654172420597 0.00244140625
0 0.6150621424344052 0.82080078125 0.001085026632471888 0.001953125
0 0.17330834484119156 0.821533203125 0.0013809429867824028 0.00341796875
0 0.14297691852436378 0.822509765625 0.0030578023278753207 0.00537109375
0 0.44634050108502665 0.82080078125 0.000789110278161373 0.0029296875
0 0.48446439139869796 0.819580078125 0.0008877490629315447 0.00244140625
0 0.44076740974551193 0.82275390625 0.0030578023278753207 0.0087890625
0 0.20807851647267706 0.8193359375 0.0008877490629315447 0.001953125
0 0.16985598737423555 0.821533203125 0.0027618859735648055 0.00634765625
0 0.1636910633260998 0.819580078125 0.0022686920497139475 0.00244140625
0 0.11136318800552378 0.819091796875 0.001578220556322746 0.00244140625
0 0.18021305977510357 0.822509765625 0.004142828960347208 0.01025390625
0 0.09854014598540146 0.8203125 0.003550996251726179 0.005859375
0 0.20531663049911225 0.818115234375 0.0014795817715525744 0.00244140625
0 0.12818110080883804 0.820068359375 0.0044387453146577235 0.00634765625
0 0.5979976326691655 0.818115234375 0.0008877490629315447 0.00341796875
0 0.1539751430262379 0.8203125 0.0025646084040244622 0.0078125
0 0.15037482738212665 0.81787109375 0.0030578023278753207 0.0029296875
0 0.09484119155652003 0.818115234375 0.002465969619254291 0.00341796875
0 0.18553955415269283 0.81787109375 0.002170053264943776 0.00390625
0 0.14174393371473665 0.8173828125 0.003156441112645492 0.0029296875
0 0.6186131386861314 0.8203125 0.003452357466956007 0.009765625
0 0.6076149141842573 0.81640625 0.0013809429867824028 0.001953125
0 0.1355790096666009 0.81787109375 0.005622410731899783 0.0048828125
0 0.4662655356086013 0.81640625 0.0011836654172420597 0.0029296875
0 0.4380055237719471 0.8173828125 0.001874136910633261 0.005859375
0 0.13118958374432826 0.816650390625 0.002170053264943776 0.00439453125
0 0.10189386466758729 0.816162109375 0.0011836654172420597 0.00341796875
0 0.18968238311304006 0.8154296875 0.001578220556322746 0.0029296875
0 0.10445847307161175 0.8154296875 0.002170053264943776 0.0029296875
0 0.4896922469915171 0.8173828125 0.002465969619254291 0.0078125
0 0.4761294140856185 0.81494140625 0.0009863878477017164 0.0029296875
0 0.1933320181495364 0.8154296875 0.0019727756954034327 0.00390625
0 0.17493588478989938 0.815673828125 0.0014795817715525744 0.00439453125
0 0.09242454132965082 0.81494140625 0.000789110278161373 0.0029296875
0 0.6536299072795423 0.814453125 0.002663247188794634 0.0029296875
0 0.45038469126060365 0.814697265625 0.0009863878477017164 0.00341796875
0 0.23480962714539358 0.814453125 0.001085026632471888 0.0029296875
0 0.507447228250148 0.814697265625 0.002663247188794634 0.00439453125
0 0.1363188005523772 0.814453125 0.003156441112645492 0.00390625
0 0.46813967251923455 0.814453125 0.001578220556322746 0.0048828125
0 0.4405701321759716 0.814453125 0.0014795817715525744 0.0048828125
0 0.1647760899585717 0.813232421875 0.001085026632471888 0.00244140625
0 0.23155454724797792 0.81298828125 0.002071414480173604 0.0029296875
0 0.15313671335569146 0.812744140625 0.001874136910633261 0.00439453125
0 0.15811797198658512 0.811279296875 0.000789110278161373 0.00244140625
0 0.6076642335766423 0.81201171875 0.002663247188794634 0.0048828125
0 0.1961432235154863 0.811279296875 0.004636022884198066 0.00341796875
0 0.1762181889919116 0.81103515625 0.001874136910633261 0.0029296875
0 0.4981751824817518 0.810791015625 0.0014795817715525744 0.00341796875
0 0.4947228250147958 0.813720703125 0.0044387453146577235 0.00927734375
0 0.44234563030183466 0.810302734375 0.0006904714933912014 0.00244140625
0 0.20077924639968436 0.810302734375 0.0014795817715525744 0.00244140625
0 0.16773525350167687 0.810546875 0.0014795817715525744 0.0029296875
0 0.2777174985204182 0.809814453125 0.0014795817715525744 0.00244140625
0 0.27633655553363584 0.8095703125 0.001085026632471888 0.001953125
0 0.20472479779049121 0.809814453125 0.0028605247583349774 0.00244140625
0 0.6002170053264944 0.810302734375 0.002959163543105149 0.00537109375
0 0.5009863878477017 0.808837890625 0.000789110278161373 0.00244140625
0 0.17123693036101795 0.810302734375 0.001578220556322746 0.00537109375
0 0.48900177549812585 0.80908203125 0.0012823042020122311 0.00390625
0 0.47524166502268694 0.808349609375 0.0011836654172420597 0.00341796875
0 0.180459656737029 0.809326171875 0.003452357466956007 0.00537109375
0 0.14248372460051292 0.80908203125 0.0012823042020122311 0.0048828125
0 0.09612349575853225 0.81103515625 0.0066087985796014995 0.0087890625
0 0.46133359637009275 0.807861328125 0.0009863878477017164 0.00341796875
0 0.285066087985796 0.80712890625 0.0009863878477017164 0.001953125
0 0.4870783191951075 0.806884765625 0.0013809429867824028 0.00244140625
0 0.2834385480370882 0.806640625 0.0014795817715525744 0.001953125
0 0.10840402446241862 0.81005859375 0.007496547642533044 0.0087890625
0 0.09503846912606037 0.806640625 0.0008877490629315447 0.0029296875
0 0.10204182284474256 0.807373046875 0.005030578023278753 0.00537109375
0 0.2510357072400868 0.80712890625 0.0023673308344841193 0.005859375
0 0.21093904123101204 0.80517578125 0.001085026632471888 0.0029296875
0 0.18470112448214637 0.806640625 0.0022686920497139475 0.005859375
0 0.6219175379759322 0.8056640625 0.0025646084040244622 0.0048828125
0 0.5980962714539357 0.80517578125 0.002071414480173604 0.00390625
0 0.5031564411126455 0.806884765625 0.0027618859735648055 0.00732421875
0 0.24003748273821265 0.80615234375 0.0022686920497139475 0.005859375
0 0.4930459656737029 0.8046875 0.0038469126060366936 0.00390625
0 0.44668573683172225 0.803955078125 0.0014795817715525744 0.00244140625
0 0.2755474452554745 0.8046875 0.0022686920497139475 0.00390625
0 0.17429473268889328 0.80517578125 0.004340106529887552 0.0048828125
0 0.1797198658512527 0.8046875 0.003748273821266522 0.0048828125
0 0.12467942394949694 0.803955078125 0.0027618859735648055 0.00341796875
0 0.23693036101795226 0.803955078125 0.001578220556322746 0.00537109375
0 0.6090944959558098 0.804931640625 0.003550996251726179 0.00830078125
0 0.23515486289208917 0.80224609375 0.0027618859735648055 0.0029296875
0 0.16679818504636024 0.80224609375 0.0009863878477017164 0.00390625
0 0.1964391398697968 0.802001953125 0.002465969619254291 0.00439453125
0 0.09814559084632077 0.80126953125 0.001578220556322746 0.0029296875
0 0.45349181298086405 0.80078125 0.001085026632471888 0.0029296875
0 0.2556224107318998 0.80029296875 0.0012823042020122311 0.0029296875
0 0.6095876898796607 0.80029296875 0.0019727756954034327 0.00390625
0 0.5127737226277372 0.799560546875 0.001085026632471888 0.00341796875
0 0.47104951666995465 0.799072265625 0.0008877490629315447 0.00244140625
0 0.20699348984020516 0.799560546875 0.0044387453146577235 0.00341796875
0 0.20250542513316236 0.799072265625 0.003156441112645492 0.00341796875
0 0.17084237522193726 0.8017578125 0.0039455513908068654 0.0087890625
0 0.4742552771749852 0.79833984375 0.0017754981258630894 0.0029296875
0 0.491960939041231 0.797119140625 0.0008877490629315447 0.00244140625
0 0.4596567370289998 0.79833984375 0.0011836654172420597 0.0048828125
0 0.13799565989347012 0.797607421875 0.002170053264943776 0.00341796875
0 0.09375616492404813 0.798583984375 0.0022686920497139475 0.00537109375
0 0.6058394160583942 0.797119140625 0.0013809429867824028 0.00341796875
0 0.2792463996843559 0.79638671875 0.0017754981258630894 0.001953125
0 0.45043401065298877 0.800048828125 0.00483330045373841 0.01025390625
0 0.12423554941803117 0.798095703125 0.003255079897415664 0.00634765625
0 0.4865358058788716 0.79541015625 0.0008877490629315447 0.001953125
0 0.10199250345235747 0.795654296875 0.003156441112645492 0.00244140625
0 0.1195995265338331 0.79541015625 0.0016768593410929177 0.0029296875
0 0.10998224501874138 0.797607421875 0.004142828960347208 0.00732421875
0 0.09730716117577431 0.796630859375 0.004044190175577037 0.00537109375
0 0.49847109883606233 0.794677734375 0.001874136910633261 0.00244140625
0 0.5059676464785954 0.79736328125 0.0028605247583349774 0.0087890625
0 0.4850069047149339 0.794677734375 0.0009863878477017164 0.00341796875
0 0.26119550207141445 0.7939453125 0.0019727756954034327 0.0029296875
0 0.6164430854211876 0.795654296875 0.002465969619254291 0.00732421875
0 0.14337147366344447 0.796875 0.006016965870980469 0.009765625
0 0.4801242848688104 0.7939453125 0.002465969619254291 0.0048828125
0 0.2525152890116394 0.79296875 0.0009863878477017164 0.0029296875
0 0.23623988952456107 0.79296875 0.0013809429867824028 0.0029296875
0 0.6206352337739199 0.792236328125 0.0009863878477017164 0.00244140625
0 0.16946143223515486 0.794921875 0.0027618859735648055 0.0078125
0 0.13548037088183074 0.794677734375 0.001874136910633261 0.00732421875
0 0.21399684355888735 0.791015625 0.001085026632471888 0.001953125
0 0.11747879266127441 0.7919921875 0.0025646084040244622 0.00390625
0 0.13863681199447622 0.791259765625 0.0036496350364963502 0.00341796875
0 0.18623002564608404 0.793701171875 0.0051292168080489245 0.00927734375
0 0.1314361807062537 0.791015625 0.0038469126060366936 0.00390625
0 0.12453146577234168 0.790283203125 0.0006904714933912014 0.00244140625
0 0.2224797790491221 0.789794921875 0.003255079897415664 0.00244140625
0 0.12024067863483921 0.7900390625 0.000789110278161373 0.0029296875
0 0.18277766817912802 0.790283203125 0.002959163543105149 0.00439453125
0 0.15747681988557902 0.7890625 0.0014795817715525744 0.001953125
0 0.5030084829354903 0.788818359375 0.002663247188794634 0.00244140625
0 0.45738804497928587 0.7900390625 0.0025646084040244622 0.0048828125
0 0.17493588478989938 0.78955078125 0.005622410731899783 0.00390625
0 0.11525942000394555 0.7900390625 0.0030578023278753207 0.0048828125
0 0.509814559084632 0.788818359375 0.0014795817715525744 0.00341796875
0 0.17937463010455712 0.79296875 0.003255079897415664 0.01171875
0 0.6123495758532255 0.788330078125 0.0013809429867824028 0.00341796875
0 0.6078121917537976 0.788330078125 0.0023673308344841193 0.00341796875
0 0.22622805287038864 0.7890625 0.0016768593410929177 0.0048828125
0 0.1894851055434997 0.788818359375 0.004931939238508582 0.00439453125
0 0.1335075951864273 0.78759765625 0.0014795817715525744 0.001953125
0 0.4826395738804498 0.788330078125 0.0019727756954034327 0.00439453125
0 0.2783093312290393 0.787353515625 0.0036496350364963502 0.00244140625
0 0.5129710001972776 0.794921875 0.004636022884198066 0.0185546875
0 0.5062635628329059 0.787109375 0.0008877490629315447 0.0029296875
0 0.21601893864667587 0.78759765625 0.0025646084040244622 0.00390625
0 0.4996054448609193 0.7861328125 0.000789110278161373 0.001953125
0 0.2822548826198461 0.786865234375 0.002663247188794634 0.00341796875
0 0.24911225093706846 0.786376953125 0.002071414480173604 0.00244140625
0 0.21932333793647663 0.791259765625 0.003452357466956007 0.01220703125
0 0.24679423949496943 0.7861328125 0.0013809429867824028 0.0029296875
0 0.21182679029394358 0.788818359375 0.004636022884198066 0.00830078125
0 0.09444663641743933 0.7861328125 0.002465969619254291 0.00390625
0 0.4512724403235352 0.784912109375 0.000789110278161373 0.00244140625
0 0.4510751627539949 0.788818359375 0.004340106529887552 0.01025390625
0 0.38996843558887356 0.78564453125 0.003255079897415664 0.00390625
0 0.18110080883803512 0.784912109375 0.0011836654172420597 0.00244140625
0 0.5995265338331032 0.784912109375 0.0011836654172420597 0.00341796875
0 0.5017754981258631 0.78515625 0.0023673308344841193 0.00390625
0 0.48564805681594003 0.784423828125 0.0006904714933912014 0.00244140625
0 0.12941408561846518 0.788330078125 0.005523771947129611 0.01123046875
0 0.6095383704872755 0.783935546875 0.0012823042020122311 0.00341796875
0 0.22815150917340699 0.78369140625 0.0017754981258630894 0.0029296875
0 0.16748865653975142 0.786376953125 0.005523771947129611 0.00830078125
0 0.12246005129216808 0.7880859375 0.0028605247583349774 0.01171875
0 0.13883408956401658 0.78515625 0.002465969619254291 0.0068359375
0 0.16058394160583941 0.78564453125 0.003550996251726179 0.0087890625
0 0.4463898204774117 0.78271484375 0.001085026632471888 0.00390625
0 0.22469915170645097 0.782958984375 0.0033537186821858355 0.00439453125
0 0.1561451962911817 0.78271484375 0.002170053264943776 0.00390625
0 0.15348194910238705 0.7861328125 0.003550996251726179 0.0107421875
0 0.11407575458670349 0.7841796875 0.0028605247583349774 0.0068359375
0 0.25281120536594986 0.781494140625 0.0011836654172420597 0.00244140625
0 0.24541329650818702 0.781494140625 0.0025646084040244622 0.00244140625
0 0.13656539751430263 0.783203125 0.0028605247583349774 0.0068359375
0 0.10736831722233182 0.7802734375 0.001085026632471888 0.0029296875
0 0.2757940422173999 0.780029296875 0.003748273821266522 0.00341796875
0 0.22603077530084828 0.779296875 0.0022686920497139475 0.001953125
0 0.36343460248569737 0.779296875 0.0012823042020122311 0.0029296875
0 0.1731603866640363 0.781494140625 0.007397908857762872 0.00732421875
0 0.11807062536989545 0.78076171875 0.0027618859735648055 0.0068359375
0 0.09814559084632077 0.78076171875 0.0033537186821858355 0.0068359375
0 0.4384493983034129 0.77880859375 0.0017754981258630894 0.0048828125
0 0.24048135726967843 0.77734375 0.0011836654172420597 0.001953125
0 0.4912211481554547 0.77685546875 0.000789110278161373 0.001953125
0 0.4770664825409351 0.77734375 0.001085026632471888 0.0029296875
0 0.16053462221345433 0.77783203125 0.0028605247583349774 0.00390625
0 0.10628329058985993 0.777099609375 0.001085026632471888 0.00244140625
0 0.23357664233576642 0.77880859375 0.006707437364371671 0.0068359375
0 0.5059676464785954 0.776611328125 0.001085026632471888 0.00341796875
0 0.24457486683764057 0.7763671875 0.001874136910633261 0.00390625
0 0.12665219964490038 0.775634765625 0.0009863878477017164 0.00244140625
0 0.22578417833892286 0.7744140625 0.0009863878477017164 0.001953125
0 0.10899585717103966 0.776611328125 0.0033537186821858355 0.00634765625
0 0.49812586308936674 0.775390625 0.004142828960347208 0.005859375
0 0.5046853422765831 0.773681640625 0.0008877490629315447 0.00341796875
0 0.2508384296705465 0.7734375 0.003748273821266522 0.0029296875
0 0.13104162556717303 0.775146484375 0.0028605247583349774 0.00634765625
0 0.12837837837837837 0.773193359375 0.001874136910633261 0.00244140625
0 0.5939041231012034 0.7734375 0.0013809429867824028 0.00390625
0 0.4742059577826001 0.772705078125 0.0008877490629315447 0.00244140625
0 0.22055632274610376 0.7763671875 0.005326494377589268 0.009765625
0 0.1147169066877096 0.77392578125 0.002959163543105149 0.0048828125
0 0.36185638192937464 0.7724609375 0.0028605247583349774 0.0029296875
0 0.2158709804695206 0.772216796875 0.002663247188794634 0.00244140625
0 0.5966660090747682 0.7763671875 0.003748273821266522 0.01171875
0 0.09799763266916552 0.77294921875 0.0014795817715525744 0.0048828125
0 0.1098836062339712 0.7705078125 0.0009863878477017164 0.0029296875
0 0.4106332609982245 0.76953125 0.001578220556322746 0.0029296875
0 0.10722035904517656 0.770751953125 0.003156441112645492 0.00537109375
0 0.09587689879660682 0.770263671875 0.0019727756954034327 0.00439453125
0 0.1161471690668771 0.7685546875 0.002071414480173604 0.0029296875
0 0.10080883803511541 0.770751953125 0.0033537186821858355 0.00732421875
0 0.5037482738212665 0.76806640625 0.0011836654172420597 0.0029296875
0 0.11871177747090156 0.767822265625 0.002071414480173604 0.00244140625
0 0.6056914578812389 0.767578125 0.002465969619254291 0.0029296875
0 0.5878871572302229 0.76806640625 0.0017754981258630894 0.00390625
0 0.35731899782994675 0.767578125 0.0016768593410929177 0.0029296875
0 0.11451962911816926 0.766845703125 0.0011836654172420597 0.00244140625
0 0.46680804892483724 0.76611328125 0.0006904714933912014 0.001953125
0 0.2079305582955218 0.768310546875 0.004537384099427895 0.00634765625
0 0.12112842769777077 0.768798828125 0.0019727756954034327 0.00732421875
0 0.36136318800552375 0.76611328125 0.0038469126060366936 0.0029296875
0 0.13612152298283686 0.7705078125 0.004340106529887552 0.01171875
0 0.20285066087985795 0.76611328125 0.002465969619254291 0.00390625
0 0.13104162556717303 0.76708984375 0.0030578023278753207 0.005859375
0 0.6012033931741961 0.765625 0.002170053264943776 0.005859375
0 0.5965180508976129 0.76611328125 0.001874136910633261 0.0068359375
0 0.09237522193726573 0.763916015625 0.001085026632471888 0.00244140625
0 0.11072203590451765 0.765380859375 0.005819688301440126 0.00830078125
0 0.0980469520615506 0.764892578125 0.0017754981258630894 0.00732421875
0 0.40072006312882225 0.761962890625 0.001085026632471888 0.00244140625
0 0.3976622608009469 0.763671875 0.0044387453146577235 0.005859375
0 0.3561353324127047 0.76171875 0.0012823042020122311 0.001953125
0 0.10554349970408365 0.766845703125 0.005918327086210298 0.01220703125
0 0.1870684553166305 0.76123046875 0.002465969619254291 0.0029296875
0 0.11634444663641744 0.762451171875 0.00542513316235944 0.00537109375
0 0.44451568356677845 0.760498046875 0.0008877490629315447 0.00341796875
0 0.409794831327678 0.761962890625 0.0028605247583349774 0.00634765625
0 0.4387946340501085 0.76025390625 0.0016768593410929177 0.00390625
0 0.3613138686131387 0.759521484375 0.0011836654172420597 0.00244140625
0 0.13686131386861314 0.760986328125 0.00424146774511738 0.00537109375
0 0.392533043992898 0.7607421875 0.001874136910633261 0.005859375
0 0.3116492404813573 0.759521484375 0.0022686920497139475 0.00341796875
0 0.5998224501874136 0.759033203125 0.0017754981258630894 0.00341796875
0 0.39859932925626357 0.759521484375 0.0013809429867824028 0.00439453125
0 0.18164332215427106 0.75830078125 0.0012823042020122311 0.001953125
0 0.11136318800552378 0.759521484375 0.004142828960347208 0.00439453125
0 0.30957782600118366 0.759033203125 0.002071414480173604 0.00439453125
0 0.1905208127835865 0.757080078125 0.0028605247583349774 0.00146484375
0 0.17054645886762676 0.7587890625 0.0019727756954034327 0.0048828125
0 0.1022391004142829 0.76025390625 0.0028605247583349774 0.0078125
0 0.09972381140264353 0.760498046875 0.003156441112645492 0.00830078125
0 0.6105247583349773 0.7568359375 0.0012823042020122311 0.001953125
0 0.12423554941803117 0.7587890625 0.0016768593410929177 0.005859375
0 0.5970605642138489 0.7578125 0.002170053264943776 0.0048828125
0 0.5113927796409549 0.75927734375 0.0022686920497139475 0.0087890625
0 0.29951666995462617 0.756103515625 0.001085026632471888 0.00244140625
0 0.20329453541132372 0.75732421875 0.004931939238508582 0.0048828125
0 0.4050108502663247 0.75537109375 0.001578220556322746 0.001953125
0 0.1766620635233774 0.755615234375 0.0011836654172420597 0.00244140625
0 0.39524561057407775 0.7568359375 0.0033537186821858355 0.005859375
0 0.3169264154665615 0.75439453125 0.0013809429867824028 0.0029296875
0 0.19160583941605838 0.754150390625 0.002071414480173604 0.00244140625
0 0.18129808640757547 0.75439453125 0.0013809429867824028 0.0029296875
0 0.16985598737423555 0.753662109375 0.0019727756954034327 0.00244140625
0 0.11299072795423161 0.7548828125 0.002663247188794634 0.0048828125
0 0.4190175577036891 0.75341796875 0.0019727756954034327 0.0029296875
0 0.1846024856973762 0.75439453125 0.001874136910633261 0.0048828125
0 0.20378772933517458 0.752685546875 0.0011836654172420597 0.00244140625
0 0.5968632866443085 0.75244140625 0.0011836654172420597 0.0029296875
0 0.145985401459854 0.75244140625 0.003550996251726179 0.0029296875
0 0.11506214243440521 0.7529296875 0.0022686920497139475 0.00390625
0 0.09780035509962517 0.7529296875 0.001874136910633261 0.0048828125
0 0.4157624778062734 0.7568359375 0.004142828960347208 0.0146484375
0 0.1755770368909055 0.751953125 0.0013809429867824028 0.0048828125
0 0.3571217202604064 0.7509765625 0.0016768593410929177 0.00390625
0 0.6054448609193135 0.750732421875 0.004537384099427895 0.00537109375
0 0.17631682777668178 0.7490234375 0.0006904714933912014 0.001953125
0 0.43864667587295325 0.75 0.001578220556322746 0.0048828125
0 0.20906490432037877 0.7490234375 0.001085026632471888 0.0029296875
0 0.162063523377392 0.748291015625 0.0011836654172420597 0.00244140625
0 0.5994772144407181 0.749755859375 0.00424146774511738 0.00732421875
0 0.12566581179719866 0.751220703125 0.0039455513908068654 0.01025390625
0 0.4106332609982245 0.748291015625 0.0023673308344841193 0.00537109375
0 0.12058591438153482 0.748046875 0.007989741566383901 0.0048828125
0 0.10495166699546261 0.751220703125 0.008088380351154074 0.01123046875
0 0.604557111856382 0.74658203125 0.0013809429867824028 0.0029296875
0 0.1738508581574275 0.74560546875 0.0008877490629315447 0.001953125
0 0.1445551390806865 0.745849609375 0.0022686920497139475 0.00244140625
0 0.5961728151509174 0.747314453125 0.0025646084040244622 0.00634765625
0 0.4179818504636023 0.746826171875 0.0030578023278753207 0.00537109375
0 0.11230025646084041 0.745849609375 0.002663247188794634 0.00341796875
0 0.10934109291773525 0.746337890625 0.002663247188794634 0.00439453125
0 0.14100414282896034 0.749755859375 0.0077924639968435586 0.01318359375
0 0.6010554349970408 0.74462890625 0.0014795817715525744 0.00390625
0 0.09612349575853225 0.746826171875 0.002663247188794634 0.00830078125
0 0.19323337936476623 0.74365234375 0.0011836654172420597 0.0029296875
0 0.16694614322351548 0.74365234375 0.001085026632471888 0.00390625
0 0.3530282106924443 0.742919921875 0.0013809429867824028 0.00439453125
0 0.307457092128625 0.743408203125 0.003550996251726179 0.00537109375
0 0.09923061747879267 0.74267578125 0.003156441112645492 0.0048828125
0 0.10159794831327679 0.740966796875 0.001578220556322746 0.00341796875
0 0.09464391398697967 0.740478515625 0.0014795817715525744 0.00341796875
0 0.17251923456303017 0.739501953125 0.0011836654172420597 0.00244140625
0 0.16443085421187612 0.74072265625 0.0013809429867824028 0.0048828125
0 0.1554547247977905 0.74609375 0.0039455513908068654 0.015625
0 0.12877293351745905 0.742431640625 0.0038469126060366936 0.00830078125
0 0.12645492207536002 0.740234375 0.0019727756954034327 0.00390625
0 0.14514697178930755 0.73876953125 0.001085026632471888 0.0029296875
0 0.30139080686525943 0.73876953125 0.0016768593410929177 0.005859375
0 0.16112645492207536 0.739990234375 0.0038469126060366936 0.00830078125
0 0.6013513513513513 0.73681640625 0.0022686920497139475 0.0029296875
0 0.16798185046360228 0.736572265625 0.0009863878477017164 0.00244140625
0 0.12053659498914973 0.735595703125 0.002170053264943776 0.00341796875
0 0.11486486486486487 0.736083984375 0.0016768593410929177 0.00439453125
0 0.16349378575655948 0.736083984375 0.001874136910633261 0.00634765625
0 0.5036003156441112 0.733642578125 0.0008877490629315447 0.00244140625
0 0.35066087985796013 0.734375 0.001578220556322746 0.00390625
0 0.507447228250148 0.734619140625 0.005227855592819097 0.00634765625
0 0.4218780824620241 0.73291015625 0.0011836654172420597 0.0029296875
0 0.3000591832708621 0.732177734375 0.0009863878477017164 0.00244140625
0 0.13271848490826593 0.73291015625 0.0016768593410929177 0.00390625
0 0.2975932136516078 0.731689453125 0.0011836654172420597 0.00244140625
0 0.11072203590451765 0.731689453125 0.0006904714933912014 0.00244140625
0 0.3015880844347998 0.7314453125 0.002071414480173604 0.0048828125
0 0.1631485500098639 0.730224609375 0.0011836654172420597 0.00244140625
0 0.42602091142237125 0.731201171875 0.0023673308344841193 0.00537109375
0 0.15353126849477214 0.731201171875 0.0016768593410929177 0.00537109375
0 0.17113829157624777 0.729248046875 0.0009863878477017164 0.00244140625
0 0.10613533241270467 0.729736328125 0.0017754981258630894 0.00341796875
0 0.1320773328072598 0.729248046875 0.002170053264943776 0.00439453125
0 0.5956796212270665 0.727783203125 0.0011836654172420597 0.00244140625
0 0.16689682383113041 0.727783203125 0.0009863878477017164 0.00341796875
0 0.5102091142237127 0.727294921875 0.003452357466956007 0.00341796875
0 0.2023574669560071 0.727783203125 0.0014795817715525744 0.00439453125
0 0.4311008088380351 0.725830078125 0.0016768593410929177 0.00341796875
0 0.30716117577431445 0.72607421875 0.0013809429867824028 0.00390625
0 0.1623101203393174 0.7255859375 0.0014795817715525744 0.0029296875
0 0.14697178930755572 0.725341796875 0.000789110278161373 0.00244140625
0 0.4335667784572894 0.725830078125 0.0012823042020122311 0.00439453125
0 0.29853028210692445 0.725830078125 0.0016768593410929177 0.00439453125
0 0.12956204379562045 0.726806640625 0.002071414480173604 0.00634765625
0 0.1922963109094496 0.725341796875 0.0014795817715525744 0.00439453125
0 0.5914874728743342 0.72412109375 0.0036496350364963502 0.0029296875
0 0.31278358650621424 0.72412109375 0.0013809429867824028 0.0029296875
0 0.30824620240678635 0.72314453125 0.000789110278161373 0.001953125
0 0.17227263760110476 0.72265625 0.0006904714933912014 0.001953125
0 0.5974551193529296 0.722412109375 0.0019727756954034327 0.00244140625
0 0.19653777865456698 0.724365234375 0.001874136910633261 0.00732421875
0 0.18021305977510357 0.72216796875 0.0009863878477017164 0.0029296875
0 0.3499210889721839 0.720703125 0.0006904714933912014 0.001953125
0 0.17306174787926612 0.7216796875 0.0012823042020122311 0.00390625
0 0.5308739396330637 0.721435546875 0.004734661668968239 0.00439453125
0 0.1828269875715131 0.719482421875 0.001874136910633261 0.00341796875
0 0.19066877096074175 0.719482421875 0.001578220556322746 0.00439453125
0 0.47282501479581773 0.72021484375 0.006214243440520813 0.0068359375
0 0.5354113237324916 0.71826171875 0.0039455513908068654 0.00390625
0 0.16960939041231013 0.718994140625 0.0014795817715525744 0.00537109375
0 0.6010554349970408 0.716552734375 0.0016768593410929177 0.00244140625
0 0.3431643322154271 0.716064453125 0.000789110278161373 0.00244140625
0 0.3060268297494575 0.717529296875 0.0022686920497139475 0.00537109375
0 0.17853620043401067 0.716796875 0.0017754981258630894 0.00390625
0 0.1071217202604064 0.716796875 0.0013809429867824028 0.00390625
0 0.5299368711777471 0.7158203125 0.003452357466956007 0.0029296875
0 0.10366936279345039 0.71630859375 0.0009863878477017164 0.00390625
0 0.43440520812783584 0.717041015625 0.0019727756954034327 0.00634765625
0 0.1967843756164924 0.715576171875 0.0011836654172420597 0.00341796875
0 0.18830144012625766 0.71484375 0.0013809429867824028 0.0029296875
0 0.3017853620043401 0.715576171875 0.0030578023278753207 0.00634765625
0 0.19466364174393372 0.714111328125 0.0014795817715525744 0.00341796875
0 0.177007299270073 0.714111328125 0.0012823042020122311 0.00341796875
0 0.11151114618267903 0.715087890625 0.0016768593410929177 0.00537109375
0 0.10041428289603473 0.712890625 0.0013809429867824028 0.0029296875
0 0.09341092917735254 0.71435546875 0.002170053264943776 0.0068359375
0 0.34163543105148947 0.712158203125 0.0014795817715525744 0.00341796875
0 0.1783882422568554 0.711669921875 0.001085026632471888 0.00244140625
0 0.35135135135135137 0.71240234375 0.0011836654172420597 0.0048828125
0 0.2006312882225291 0.71240234375 0.002959163543105149 0.0048828125
0 0.4385480370881831 0.715576171875 0.005918327086210298 0.01318359375
0 0.10761491418425725 0.710205078125 0.0027618859735648055 0.00341796875
0 0.43692049713947523 0.7099609375 0.0012823042020122311 0.0048828125
0 0.11304004734661668 0.7099609375 0.001578220556322746 0.0048828125
0 0.09469323337936476 0.708740234375 0.0009863878477017164 0.00341796875
0 0.17523180114420991 0.70947265625 0.002663247188794634 0.005859375
0 0.3420299861905701 0.707275390625 0.001874136910633261 0.00341796875
0 0.2986782402840797 0.708740234375 0.0033537186821858355 0.00732421875
0 0.4578812389031367 0.70556640625 0.0013809429867824028 0.001953125
0 0.44224699151706454 0.706298828125 0.001085026632471888 0.00341796875
0 0.20265338331031763 0.705810546875 0.001085026632471888 0.00244140625
0 0.16497336752811206 0.706787109375 0.0012823042020122311 0.00439453125
0 0.14347011244821464 0.70849609375 0.002465969619254291 0.0078125
0 0.09967449201025844 0.70458984375 0.0012823042020122311 0.00390625
0 0.5334385480370882 0.706787109375 0.0023673308344841193 0.00927734375
0 0.19071809035312684 0.70751953125 0.002663247188794634 0.0107421875
0 0.5460149930952851 0.703125 0.001874136910633261 0.0029296875
0 0.15624383507595185 0.702880859375 0.0013809429867824028 0.00244140625
0 0.18854803708818307 0.702880859375 0.0008877490629315447 0.00341796875
0 0.5313671335569146 0.70263671875 0.0013809429867824028 0.00390625
0 0.3470605642138489 0.7021484375 0.0016768593410929177 0.0029296875
0 0.5518346813967252 0.701904296875 0.0012823042020122311 0.00341796875
0 0.2036890905504044 0.70166015625 0.0009863878477017164 0.0029296875
0 0.30642138488853815 0.70263671875 0.001874136910633261 0.005859375
0 0.351745906490432 0.70068359375 0.0013809429867824028 0.00390625
0 0.5437956204379562 0.69970703125 0.002170053264943776 0.00390625
0 0.10421187610968632 0.698486328125 0.0006904714933912014 0.00244140625
0 0.5471986585125271 0.69873046875 0.0022686920497139475 0.00390625
0 0.5335865062142434 0.69677734375 0.0022686920497139475 0.001953125
0 0.5266817912803314 0.697265625 0.00424146774511738 0.00390625
0 0.5227362398895246 0.6982421875 0.002071414480173604 0.0068359375
0 0.31061353324127045 0.69677734375 0.0019727756954034327 0.005859375
0 0.5773328072598145 0.700927734375 0.006707437364371671 0.01708984375
0 0.556914578812389 0.694091796875 0.0013809429867824028 0.00341796875
0 0.3122410731899783 0.693359375 0.001085026632471888 0.001953125
0 0.16561451962911816 0.69384765625 0.0009863878477017164 0.0029296875
0 0.5619451568356678 0.69287109375 0.0013809429867824028 0.0029296875
0 0.552870388636812 0.694091796875 0.0027618859735648055 0.00732421875
0 0.3005030578023279 0.692138671875 0.001874136910633261 0.00341796875
0 0.551094890510949 0.692138671875 0.002959163543105149 0.00634765625
0 0.3153975143026238 0.689453125 0.0014795817715525744 0.00390625
0 0.537926612744131 0.6875 0.0008877490629315447 0.0029296875
0 0.5248569737620833 0.688232421875 0.0025646084040244622 0.00439453125
0 0.33379364766226083 0.68701171875 0.000789110278161373 0.0029296875
0 0.5567666206352337 0.68701171875 0.0028605247583349774 0.00390625
0 0.5473466166896824 0.689697265625 0.0033537186821858355 0.01220703125
0 0.5387650424146775 0.68505859375 0.000789110278161373 0.0029296875
0 0.31233971197474847 0.686279296875 0.0030578023278753207 0.00537109375
0 0.5281120536594989 0.68408203125 0.0009863878477017164 0.00390625
0 0.5467054645886763 0.68310546875 0.0012823042020122311 0.0029296875
0 0.5572598145590847 0.682373046875 0.001085026632471888 0.00244140625
0 0.5518840007891103 0.680419921875 0.0009863878477017164 0.00244140625
0 0.5539060958768988 0.677978515625 0.002465969619254291 0.00537109375
