0 0.26232984809627147 0.999267578125 0.0028605247583349774 0.00146484375
0 0.6907180903531268 0.998779296875 0.003452357466956007 0.00244140625
0 0.14642927599131977 0.99853515625 0.005622410731899783 0.0029296875
0 0.3918425724995068 0.998291015625 0.0044387453146577235 0.00341796875
0 0.11451962911816926 0.998291015625 0.0013809429867824028 0.00341796875
0 0.4277470901558493 0.998046875 0.007397908857762872 0.00390625
0 0.387354507792464 0.998046875 0.0027618859735648055 0.00390625
0 0.1960939041231012 0.998046875 0.007101992503452358 0.00390625
0 0.155750641152101 0.9970703125 0.007891102781613731 0.00390625
0 0.16378970211087 0.997314453125 0.00424146774511738 0.00537109375
0 0.49595580982442294 0.99560546875 0.005523771947129611 0.0048828125
0 0.3720161767607023 0.99560546875 0.00424146774511738 0.0048828125
0 0.21483527322943383 0.9951171875 0.004142828960347208 0.00390625
0 0.5662852633655553 0.99462890625 0.004537384099427895 0.00390625
0 0.5545472479779049 0.99560546875 0.007496547642533044 0.005859375
0 0.5055730913395147 0.9951171875 0.007003353718682186 0.0048828125
0 0.4661668968238311 0.996337890625 0.008088380351154074 0.00732421875
0 0.5600217005326494 0.9951171875 0.007200631288222529 0.005859375
0 0.3484415072006313 0.99560546875 0.01154073781811008 0.0068359375
0 0.6814953639771159 0.9931640625 0.002959163543105149 0.0029296875
0 0.35939041231012037 0.995849609375 0.0066087985796014995 0.00830078125
0 0.32767804300651016 0.99365234375 0.005721049516669955 0.00390625
0 0.26336555533635825 0.993896484375 0.003748273821266522 0.00439453125
0 0.12053659498914973 0.995849609375 0.008088380351154074 0.00830078125
0 0.41467745117380156 0.992431640625 0.002959163543105149 0.00244140625
0 0.15836456894851056 0.992919921875 0.0038469126060366936 0.00341796875
0 0.1262576445058197 0.99560546875 0.003550996251726179 0.0087890625
0 0.20871966857368318 0.995361328125 0.008088380351154074 0.00927734375
0 0.48998816334582757 0.9921875 0.004636022884198066 0.0048828125
0 0.3845926218188992 0.990966796875 0.0013809429867824028 0.00244140625
0 0.3223515486289209 0.991455078125 0.003550996251726179 0.00439453125
0 0.21907674097455118 0.9912109375 0.005918327086210298 0.00390625
0 0.5124284868810416 0.990234375 0.003550996251726179 0.00390625
0 0.3938646675872953 0.98974609375 0.003550996251726179 0.0029296875
0 0.30859143815348195 0.990234375 0.0038469126060366936 0.00390625
0 0.3659005721049517 0.993896484375 0.007397908857762872 0.01220703125
0 0.5310712172026041 0.989013671875 0.0025646084040244622 0.00341796875
0 0.23737423554941803 0.9912109375 0.014697178930755573 0.0087890625
0 0.4273032156243835 0.98779296875 0.004537384099427895 0.0029296875
0 0.3748273821266522 0.990234375 0.004142828960347208 0.0078125
0 0.24901361215229828 0.990234375 0.008581574275004932 0.0078125
0 0.4090550404419018 0.987548828125 0.006510159794831328 0.00341796875
0 0.31687709607417636 0.9873046875 0.002465969619254291 0.0029296875
0 0.6371572302229237 0.987548828125 0.007003353718682186 0.00439453125
0 0.5590353126849478 0.986572265625 0.001874136910633261 0.00244140625
0 0.5157328861708423 0.986328125 0.0028605247583349774 0.001953125
0 0.3574176366147169 0.987060546875 0.0012823042020122311 0.00341796875
0 0.5066087985796015 0.98876953125 0.006510159794831328 0.0078125
0 0.4405701321759716 0.988037109375 0.008187019135924246 0.00634765625
0 0.3679226671927402 0.98974609375 0.008877490629315447 0.009765625
0 0.5552870388636812 0.987548828125 0.00542513316235944 0.00634765625
0 0.3842473860722036 0.9853515625 0.0012823042020122311 0.001953125
0 0.20768396133359637 0.98828125 0.008384296705464589 0.0078125
0 0.20191359242454132 0.98779296875 0.0051292168080489245 0.0068359375
0 0.15481357269678436 0.989013671875 0.010751627539948707 0.00927734375
0 0.534474255277175 0.985595703125 0.006016965870980469 0.00341796875
0 0.5661373051884001 0.98681640625 0.009173406983625962 0.0068359375
0 0.4785460643124877 0.98779296875 0.00424146774511738 0.0087890625
0 0.19668573683172225 0.9853515625 0.0025646084040244622 0.00390625
0 0.19530479384493982 0.988525390625 0.004537384099427895 0.01025390625
0 0.19303610179522587 0.98388671875 0.000789110278161373 0.001953125
0 0.1397711580193332 0.9853515625 0.004340106529887552 0.0048828125
0 0.29640954823436577 0.983642578125 0.0039455513908068654 0.00244140625
0 0.11437167094101401 0.984619140625 0.003255079897415664 0.00439453125
0 0.09937857565594792 0.984375 0.001874136910633261 0.00390625
0 0.43756164924048135 0.983642578125 0.0061156046557506415 0.00341796875
0 0.39381534819491026 0.984619140625 0.0038469126060366936 0.00537109375
0 0.4843657526139278 0.986572265625 0.010357072400868021 0.01025390625
0 0.3526829749457487 0.983154296875 0.003255079897415664 0.00341796875
0 0.46335569145788125 0.984375 0.008581574275004932 0.0068359375
0 0.1320773328072598 0.98388671875 0.0033537186821858355 0.005859375
0 0.4001775498125863 0.982177734375 0.004734661668968239 0.00341796875
0 0.4912211481554547 0.9814453125 0.0051292168080489245 0.00390625
0 0.469520615506017 0.980712890625 0.005523771947129611 0.00341796875
0 0.3031663049911225 0.983154296875 0.011935292957190768 0.00830078125
0 0.27332807259814557 0.98486328125 0.012231209311501283 0.01171875
0 0.2145393568751233 0.9814453125 0.007891102781613731 0.0048828125
0 0.2823535214046163 0.97998046875 0.00424146774511738 0.0029296875
0 0.25863089366739 0.980224609375 0.0051292168080489245 0.00341796875
0 0.572400868021306 0.98095703125 0.005721049516669955 0.005859375
0 0.25281120536594986 0.9794921875 0.004734661668968239 0.0048828125
0 0.3512033931741961 0.978271484375 0.0028605247583349774 0.00341796875
0 0.15811797198658512 0.978271484375 0.0039455513908068654 0.00341796875
0 0.1537285460643125 0.979736328125 0.0038469126060366936 0.00634765625
0 0.4974847109883606 0.98046875 0.010948905109489052 0.0087890625
0 0.40012823042020124 0.9775390625 0.00483330045373841 0.0029296875
0 0.24156638390215032 0.9794921875 0.006707437364371671 0.0068359375
0 0.7131584138883409 0.978759765625 0.009469323337936477 0.00634765625
0 0.4815545472479779 0.977294921875 0.005721049516669955 0.00341796875
0 0.365506016965871 0.976806640625 0.0038469126060366936 0.00244140625
0 0.27406786348392187 0.977783203125 0.005030578023278753 0.00439453125
0 0.36126454922075363 0.982177734375 0.004044190175577037 0.01416015625
0 0.1842572499506806 0.976806640625 0.005721049516669955 0.00341796875
0 0.13301440126257644 0.976806640625 0.0016768593410929177 0.00341796875
0 0.4742059577826001 0.977783203125 0.009173406983625962 0.00830078125
0 0.31796212270664825 0.977783203125 0.006806076149141842 0.00830078125
0 0.5070033537186822 0.974365234375 0.0039455513908068654 0.00341796875
0 0.13607220359045177 0.97607421875 0.002465969619254291 0.0068359375
0 0.6340501085026633 0.97412109375 0.007101992503452358 0.00390625
0 0.13188005523771948 0.973876953125 0.0017754981258630894 0.00439453125
0 0.6772538962319984 0.972900390625 0.005326494377589268 0.00341796875
0 0.4611363188005524 0.97509765625 0.006510159794831328 0.0078125
0 0.39243440520812783 0.972900390625 0.005819688301440126 0.00341796875
0 0.6171828763069639 0.97216796875 0.0019727756954034327 0.0029296875
0 0.40698362596172816 0.97216796875 0.0017754981258630894 0.0029296875
0 0.3848885381732097 0.973388671875 0.007891102781613731 0.00537109375
0 0.3559380548431643 0.9716796875 0.0030578023278753207 0.00390625
0 0.29290787137502466 0.97412109375 0.007989741566383901 0.009765625
0 0.6225586900769382 0.97119140625 0.008384296705464589 0.0048828125
0 0.3773919905306767 0.97119140625 0.005721049516669955 0.0048828125
0 0.2640067074373644 0.9716796875 0.009962517261787335 0.0068359375
0 0.12571513118958375 0.973388671875 0.006411521010061156 0.01025390625
0 0.33823239297691854 0.969482421875 0.001578220556322746 0.00341796875
0 0.32491615703294535 0.970703125 0.008088380351154074 0.005859375
0 0.4847603077530085 0.96923828125 0.00542513316235944 0.00390625
0 0.29611363188005524 0.96923828125 0.0039455513908068654 0.00390625
0 0.16196488459262182 0.9677734375 0.0013809429867824028 0.0029296875
0 0.395985401459854 0.966796875 0.002465969619254291 0.0029296875
0 0.13232392976918525 0.966796875 0.002465969619254291 0.0048828125
0 0.12250937068455317 0.96630859375 0.0013809429867824028 0.00390625
0 0.32984809627145395 0.965576171875 0.002959163543105149 0.00341796875
0 0.24427895048333004 0.965576171875 0.002071414480173604 0.00341796875
0 0.5085815742750049 0.965087890625 0.0017754981258630894 0.00439453125
0 0.5045373840994279 0.964599609375 0.004537384099427895 0.00341796875
0 0.37625764450581967 0.965087890625 0.006214243440520813 0.00634765625
0 0.3351745906490432 0.967041015625 0.006510159794831328 0.01025390625
0 0.20778260011836655 0.965576171875 0.007595186427303216 0.00732421875
0 0.39292759913197867 0.962890625 0.0028605247583349774 0.0029296875
0 0.3880942986782403 0.9658203125 0.008187019135924246 0.009765625
0 0.3797593213651608 0.96240234375 0.0039455513908068654 0.0029296875
0 0.32526139277964095 0.962158203125 0.0030578023278753207 0.00244140625
0 0.12556717301242848 0.96435546875 0.005721049516669955 0.0078125
0 0.2922173998816335 0.964111328125 0.015091734069836259 0.00830078125
0 0.3727066482540935 0.96337890625 0.010751627539948707 0.0087890625
0 0.3217103965279148 0.962646484375 0.0038469126060366936 0.00732421875
0 0.09893470112448215 0.9619140625 0.001578220556322746 0.005859375
0 0.42291378970211085 0.9599609375 0.005227855592819097 0.00390625
0 0.11323732491615704 0.959228515625 0.0009863878477017164 0.00244140625
0 0.28255079897415664 0.958740234375 0.003452357466956007 0.00341796875
0 0.09479187216413494 0.9609375 0.0027618859735648055 0.0078125
0 0.3765535608601302 0.95751953125 0.002071414480173604 0.001953125
0 0.6926415466561452 0.95654296875 0.0033537186821858355 0.001953125
0 0.5124284868810416 0.95654296875 0.006510159794831328 0.00390625
0 0.36427303215624385 0.960205078125 0.006312882225290984 0.01123046875
0 0.5200236733083449 0.956787109375 0.0061156046557506415 0.00537109375
0 0.42404813572696787 0.95556640625 0.003156441112645492 0.0029296875
0 0.525843361609785 0.9541015625 0.0033537186821858355 0.001953125
0 0.15584927993687117 0.953857421875 0.0017754981258630894 0.00244140625
0 0.13242256855395543 0.955078125 0.003452357466956007 0.0048828125
0 0.4125567173012428 0.95361328125 0.003255079897415664 0.0029296875
0 0.3913000591832709 0.9541015625 0.003156441112645492 0.00390625
0 0.3560860130203196 0.953125 0.0011836654172420597 0.0029296875
0 0.12152298283685145 0.95556640625 0.006707437364371671 0.0087890625
0 0.36905701321759715 0.954345703125 0.006806076149141842 0.00732421875
0 0.46468731505227856 0.95166015625 0.0027618859735648055 0.0029296875
0 0.13715723022292364 0.953857421875 0.007397908857762872 0.00732421875
0 0.11284276977707634 0.9521484375 0.002170053264943776 0.00390625
0 0.4241960939041231 0.950927734375 0.00424146774511738 0.00244140625
0 0.2731801144209903 0.953369140625 0.0028605247583349774 0.00830078125
0 0.5119846123495758 0.950927734375 0.006411521010061156 0.00439453125
0 0.34646873150522783 0.955810546875 0.01805089761294141 0.01416015625
0 0.3006510159794831 0.95068359375 0.0072992700729927005 0.0048828125
0 0.12428486881041625 0.948974609375 0.0027618859735648055 0.00439453125
0 0.39041231012033933 0.948486328125 0.0017754981258630894 0.00439453125
0 0.28087393963306373 0.950439453125 0.010357072400868021 0.00927734375
0 0.24467350562241072 0.951171875 0.006411521010061156 0.0107421875
0 0.3607220359045177 0.95166015625 0.009272045768396133 0.013671875
0 0.10524758334977313 0.949951171875 0.0061156046557506415 0.01025390625
0 0.39351943184059973 0.9462890625 0.007200631288222529 0.00390625
0 0.276435194318406 0.94677734375 0.0036496350364963502 0.0048828125
0 0.41921483527322945 0.945068359375 0.0023673308344841193 0.00244140625
0 0.42271651213257055 0.945068359375 0.003452357466956007 0.00341796875
0 0.32284474255277174 0.94970703125 0.013809429867824028 0.0126953125
0 0.285066087985796 0.944580078125 0.0027618859735648055 0.00341796875
0 0.3584533438548037 0.944091796875 0.002170053264943776 0.00341796875
0 0.3136220161767607 0.944580078125 0.0036496350364963502 0.00439453125
0 0.11180706253698955 0.9443359375 0.0022686920497139475 0.00390625
0 0.4401755770368909 0.943115234375 0.0028605247583349774 0.00244140625
0 0.529887551785362 0.9423828125 0.0019727756954034327 0.001953125
0 0.2392483724600513 0.94287109375 0.0030578023278753207 0.0029296875
0 0.13784770171631486 0.943359375 0.002071414480173604 0.00390625
0 0.43026237916748866 0.942138671875 0.004931939238508582 0.00244140625
0 0.11871177747090156 0.946044921875 0.00897612941408562 0.01123046875
0 0.39830341290195304 0.94287109375 0.002170053264943776 0.005859375
0 0.3179128033142632 0.942626953125 0.004340106529887552 0.00537109375
0 0.42449201025843364 0.94287109375 0.005227855592819097 0.0087890625
0 0.34365752613927797 0.942626953125 0.007693825212073387 0.00830078125
0 0.2687413691063326 0.939697265625 0.0012823042020122311 0.00244140625
0 0.14642927599131977 0.939208984375 0.004044190175577037 0.00341796875
0 0.43682185835470505 0.9384765625 0.0028605247583349774 0.0029296875
0 0.2600611560465575 0.9384765625 0.0044387453146577235 0.00390625
0 0.22415663839021505 0.939208984375 0.0066087985796014995 0.00537109375
0 0.16576247780627343 0.9384765625 0.0016768593410929177 0.00390625
0 0.432185835470507 0.93798828125 0.006016965870980469 0.0048828125
0 0.4059479187216414 0.937255859375 0.005819688301440126 0.00341796875
0 0.36491418425725 0.93994140625 0.014894456500295916 0.0087890625
0 0.31135332412704675 0.938232421875 0.005030578023278753 0.00537109375
0 0.13059775103570723 0.94091796875 0.011244821463799567 0.0107421875
0 0.15604655750641153 0.937744140625 0.004340106529887552 0.00634765625
0 0.09927993687117774 0.939208984375 0.0066087985796014995 0.01025390625
0 0.09686328664430854 0.935546875 0.0019727756954034327 0.0029296875
0 0.31303018346813966 0.933837890625 0.0014795817715525744 0.00244140625
0 0.13666403629907278 0.933837890625 0.0036496350364963502 0.00244140625
0 0.14218780824620242 0.933837890625 0.003452357466956007 0.00341796875
0 0.32407772736239887 0.9345703125 0.007397908857762872 0.005859375
0 0.22489642927599132 0.933349609375 0.002170053264943776 0.00341796875
0 0.3334977313079503 0.932373046875 0.0039455513908068654 0.00341796875
0 0.16739001775498125 0.931884765625 0.0017754981258630894 0.00244140625
0 0.5136121522982837 0.931640625 0.004340106529887552 0.0029296875
0 0.395985401459854 0.931396484375 0.001874136910633261 0.00244140625
0 0.3297494574866838 0.932373046875 0.0027618859735648055 0.00439453125
0 0.22124679423949498 0.932373046875 0.002959163543105149 0.00537109375
0 0.47124679423949495 0.933349609375 0.01331623594397317 0.00830078125
0 0.3727066482540935 0.9306640625 0.0038469126060366936 0.0029296875
0 0.36185638192937464 0.931884765625 0.004636022884198066 0.00537109375
0 0.5188400078911027 0.930419921875 0.004537384099427895 0.00341796875
0 0.42182876306963896 0.931396484375 0.009173406983625962 0.00537109375
0 0.35692444269086604 0.93115234375 0.003452357466956007 0.0048828125
0 0.34474255277174987 0.929931640625 0.003748273821266522 0.00244140625
0 0.13104162556717303 0.930908203125 0.003452357466956007 0.00439453125
0 0.3521897810218978 0.931884765625 0.0028605247583349774 0.00732421875
0 0.11096863286644308 0.93115234375 0.0039455513908068654 0.005859375
0 0.10574077727362399 0.931640625 0.006904714933912014 0.0068359375
0 0.2736733083448412 0.92724609375 0.004044190175577037 0.00390625
0 0.33813375419214836 0.927001953125 0.005721049516669955 0.00439453125
0 0.22460051292168082 0.928466796875 0.01144209903333991 0.00732421875
0 0.16502268692049715 0.92724609375 0.004340106529887552 0.0048828125
0 0.42685934109291773 0.925537109375 0.005030578023278753 0.00341796875
0 0.1182185835470507 0.92578125 0.0030578023278753207 0.00390625
0 0.11560465575064115 0.92529296875 0.0013809429867824028 0.0029296875
0 0.3056322746103768 0.92724609375 0.006806076149141842 0.0078125
0 0.12645492207536002 0.9267578125 0.005326494377589268 0.0068359375
0 0.13607220359045177 0.9248046875 0.007003353718682186 0.00390625
0 0.3922371276385875 0.92578125 0.002465969619254291 0.0078125
0 0.3284671532846715 0.926025390625 0.003748273821266522 0.00830078125
0 0.16147169066877096 0.92333984375 0.0025646084040244622 0.0029296875
0 0.12241073189978299 0.924072265625 0.004537384099427895 0.00537109375
0 0.3709311501282304 0.922119140625 0.003452357466956007 0.00244140625
0 0.36678832116788324 0.92529296875 0.007397908857762872 0.0107421875
0 0.13054843164332217 0.92236328125 0.005622410731899783 0.0048828125
0 0.3078023278753206 0.9208984375 0.00483330045373841 0.005859375
0 0.11111659104359835 0.919189453125 0.003452357466956007 0.00439453125
0 0.3755671730124285 0.917724609375 0.001874136910633261 0.00341796875
0 0.3629907279542316 0.91748046875 0.004537384099427895 0.0029296875
0 0.499408167291379 0.9169921875 0.004537384099427895 0.0029296875
0 0.3669362793450385 0.91748046875 0.002170053264943776 0.00390625
0 0.11673900177549812 0.917236328125 0.0036496350364963502 0.00341796875
0 0.4332215427105938 0.916259765625 0.0017754981258630894 0.00244140625
0 0.35130203195896625 0.91845703125 0.008778851844545275 0.0068359375
0 0.3276287236141251 0.917236328125 0.00542513316235944 0.00439453125
0 0.562093115012823 0.916748046875 0.008581574275004932 0.00439453125
0 0.479877687906885 0.917724609375 0.00966660090747682 0.00634765625
0 0.34030380745709216 0.916259765625 0.0039455513908068654 0.00439453125
0 0.35865062142434406 0.915771484375 0.0033537186821858355 0.00439453125
0 0.3987966068258039 0.91552734375 0.001578220556322746 0.0048828125
0 0.20176563424738608 0.916015625 0.005622410731899783 0.005859375
0 0.5570132175971592 0.912841796875 0.006904714933912014 0.00341796875
0 0.36313868613138683 0.912353515625 0.0008877490629315447 0.00244140625
0 0.3784770171631486 0.911865234375 0.0027618859735648055 0.00244140625
0 0.4158611165910436 0.911376953125 0.001578220556322746 0.00244140625
0 0.13168277766817912 0.912353515625 0.0033537186821858355 0.00439453125
0 0.20605642138488853 0.91162109375 0.004931939238508582 0.00390625
0 0.09582757940422174 0.91064453125 0.0038469126060366936 0.0029296875
0 0.16975734858946537 0.909423828125 0.003550996251726179 0.00244140625
0 0.33270862102978893 0.909423828125 0.004537384099427895 0.00439453125
0 0.11363188005523772 0.90869140625 0.0019727756954034327 0.0029296875
0 0.1178733478003551 0.909912109375 0.005326494377589268 0.00634765625
0 0.19638982047741171 0.909912109375 0.005326494377589268 0.00830078125
0 0.37374235549418033 0.90625 0.0017754981258630894 0.001953125
0 0.150572104951667 0.908203125 0.003452357466956007 0.0068359375
0 0.15772341684750443 0.90576171875 0.0027618859735648055 0.0029296875
0 0.2239100414282896 0.90625 0.0051292168080489245 0.0048828125
0 0.30405405405405406 0.906982421875 0.007003353718682186 0.00732421875
0 0.16275399487078318 0.90673828125 0.008285657920694417 0.0068359375
0 0.3484415072006313 0.90673828125 0.0066087985796014995 0.0078125
0 0.27668179128033143 0.906005859375 0.012823042020122312 0.00634765625
0 0.1964391398697968 0.904052734375 0.002465969619254291 0.00341796875
0 0.16995462615900572 0.90478515625 0.005326494377589268 0.0048828125
0 0.3713750246596962 0.90380859375 0.003748273821266522 0.00390625
0 0.4113730518840008 0.90283203125 0.0028605247583349774 0.0029296875
0 0.36313868613138683 0.902587890625 0.003452357466956007 0.00244140625
0 0.3630893667390018 0.904296875 0.011244821463799567 0.0068359375
0 0.3319688301440126 0.902099609375 0.001085026632471888 0.00244140625
0 0.20359045176563426 0.903076171875 0.003550996251726179 0.00439453125
0 0.20142039850069046 0.904541015625 0.007891102781613731 0.00830078125
0 0.22686920497139476 0.903076171875 0.009272045768396133 0.00634765625
0 0.13548037088183074 0.902099609375 0.005227855592819097 0.00439453125
0 0.13158413888340895 0.901611328125 0.002170053264943776 0.00341796875
0 0.37502465969619253 0.9013671875 0.004931939238508582 0.00390625
0 0.32708621029788915 0.900634765625 0.001578220556322746 0.00244140625
0 0.38597356480568157 0.89990234375 0.0013809429867824028 0.00390625
0 0.2489149733675281 0.900146484375 0.004044190175577037 0.00439453125
0 0.2675083842967055 0.900634765625 0.005523771947129611 0.00634765625
0 0.3933221542710594 0.89794921875 0.0008877490629315447 0.001953125
0 0.3539652791477609 0.8984375 0.002663247188794634 0.0029296875
0 0.31076149141842574 0.9013671875 0.006214243440520813 0.0087890625
0 0.4456500295916354 0.8994140625 0.009863878477017163 0.005859375
0 0.30341290195304793 0.89892578125 0.007101992503452358 0.005859375
0 0.12285460643124876 0.898193359375 0.006016965870980469 0.00537109375
0 0.4210396527914776 0.900146484375 0.009173406983625962 0.01025390625
0 0.3998816334582758 0.89697265625 0.0011836654172420597 0.00390625
0 0.13370487275596765 0.896484375 0.002071414480173604 0.0029296875
0 0.25404419017557706 0.896728515625 0.0077924639968435586 0.00537109375
0 0.1880548431643322 0.89697265625 0.007003353718682186 0.0078125
0 0.1630992306174788 0.89453125 0.0014795817715525744 0.0029296875
0 0.34474255277174987 0.8974609375 0.004142828960347208 0.009765625
0 0.17542907871375024 0.894287109375 0.003255079897415664 0.00341796875
0 0.15555336358256067 0.8955078125 0.005721049516669955 0.005859375
0 0.359784967449201 0.8955078125 0.003452357466956007 0.0078125
0 0.325853225488262 0.892822265625 0.001085026632471888 0.00244140625
0 0.3872558690076938 0.89208984375 0.0013809429867824028 0.001953125
0 0.4277470901558493 0.89208984375 0.003255079897415664 0.0029296875
0 0.32348589465377786 0.894287109375 0.005227855592819097 0.00732421875
0 0.29325310712172026 0.8916015625 0.0011836654172420597 0.001953125
0 0.16699546261590056 0.89208984375 0.003156441112645492 0.0029296875
0 0.36634444663641746 0.893798828125 0.006510159794831328 0.00732421875
0 0.4095482343657526 0.89111328125 0.003550996251726179 0.0029296875
0 0.39273032156243837 0.890869140625 0.003452357466956007 0.00244140625
0 0.31589070822647464 0.894775390625 0.00424146774511738 0.01025390625
0 0.2673111067271651 0.891357421875 0.004734661668968239 0.00439453125
0 0.14307555730913396 0.891357421875 0.0036496350364963502 0.00439453125
0 0.374136910633261 0.892333984375 0.003550996251726179 0.00830078125
0 0.35371868218583546 0.888916015625 0.002959163543105149 0.00244140625
0 0.3452850660879858 0.88916015625 0.0014795817715525744 0.0029296875
0 0.2698757151311896 0.89111328125 0.0033537186821858355 0.0068359375
0 0.1373051884000789 0.890869140625 0.0033537186821858355 0.00732421875
0 0.37073387255869006 0.888427734375 0.002071414480173604 0.00341796875
0 0.13301440126257644 0.88818359375 0.0016768593410929177 0.0029296875
0 0.3832609982245019 0.890625 0.003255079897415664 0.0087890625
0 0.37892089169461435 0.888671875 0.00424146774511738 0.0048828125
0 0.4295719076740975 0.888671875 0.005326494377589268 0.0078125
0 0.32037877293351746 0.88720703125 0.003550996251726179 0.0048828125
0 0.38779838232392977 0.88623046875 0.0030578023278753207 0.00390625
0 0.3848392187808246 0.885009765625 0.001085026632471888 0.00244140625
0 0.36220161767607023 0.886962890625 0.0051292168080489245 0.00634765625
0 0.18193923850858157 0.884033203125 0.0016768593410929177 0.00244140625
0 0.33404024462418624 0.88330078125 0.0012823042020122311 0.001953125
0 0.1390313671335569 0.882568359375 0.002465969619254291 0.00244140625
0 0.3153975143026238 0.88232421875 0.0044387453146577235 0.0029296875
0 0.18509567962122705 0.8837890625 0.004636022884198066 0.0068359375
0 0.4408660485302821 0.882080078125 0.003452357466956007 0.00439453125
0 0.3861708423752219 0.880859375 0.000789110278161373 0.001953125
0 0.37808246202406787 0.881591796875 0.0027618859735648055 0.00341796875
0 0.2726376011047544 0.880859375 0.0033537186821858355 0.0029296875
0 0.3101696587098047 0.883544921875 0.005819688301440126 0.01025390625
0 0.2486190570132176 0.8828125 0.008778851844545275 0.0087890625
0 0.34341092917735255 0.879150390625 0.0030578023278753207 0.00244140625
0 0.3880449792858552 0.879150390625 0.0025646084040244622 0.00537109375
0 0.5347701716314855 0.877685546875 0.006411521010061156 0.00341796875
0 0.4154665614519629 0.878173828125 0.0039455513908068654 0.00439453125
0 0.4078220556322746 0.878173828125 0.003255079897415664 0.00439453125
0 0.13301440126257644 0.877685546875 0.0016768593410929177 0.00341796875
0 0.2510850266324719 0.876708984375 0.0014795817715525744 0.00244140625
0 0.17222331820871967 0.87646484375 0.0011836654172420597 0.001953125
0 0.16886959952653383 0.878173828125 0.005523771947129611 0.00537109375
0 0.3552969027421582 0.876220703125 0.0011836654172420597 0.00244140625
0 0.13725586900769382 0.876708984375 0.004044190175577037 0.00341796875
0 0.47233182087196685 0.876220703125 0.0066087985796014995 0.00341796875
0 0.16408561846518052 0.8759765625 0.005227855592819097 0.00390625
0 0.4488064707042809 0.875244140625 0.0039455513908068654 0.00341796875
0 0.4441211284276978 0.87646484375 0.005819688301440126 0.005859375
0 0.3932728348786743 0.875 0.003550996251726179 0.00390625
0 0.21162951272440322 0.8759765625 0.004636022884198066 0.0068359375
0 0.14721838626948117 0.874267578125 0.004636022884198066 0.00341796875
0 0.31278358650621424 0.874267578125 0.0027618859735648055 0.00439453125
0 0.21478595383704874 0.873046875 0.0008877490629315447 0.001953125
0 0.19461432235154863 0.8759765625 0.005721049516669955 0.0078125
0 0.3733478003550996 0.87548828125 0.003550996251726179 0.0087890625
0 0.4780528703886368 0.872314453125 0.0028605247583349774 0.00341796875
0 0.2901953047938449 0.874755859375 0.008088380351154074 0.00830078125
0 0.3073584533438548 0.87255859375 0.0023673308344841193 0.0048828125
0 0.3453343854803709 0.87158203125 0.004340106529887552 0.0048828125
0 0.3396133359637009 0.87060546875 0.0027618859735648055 0.0029296875
0 0.29996054448609194 0.87060546875 0.0011836654172420597 0.0029296875
0 0.28279739593608205 0.87109375 0.004340106529887552 0.00390625
0 0.255770368909055 0.871337890625 0.002170053264943776 0.00439453125
0 0.47198658512527125 0.87109375 0.003550996251726179 0.0048828125
0 0.3227954231603867 0.873291015625 0.006806076149141842 0.00927734375
0 0.16467745117380153 0.870361328125 0.002465969619254291 0.00341796875
0 0.38962319984217797 0.872314453125 0.0027618859735648055 0.00830078125
0 0.3849871769579799 0.87109375 0.004931939238508582 0.005859375
0 0.35337344643913987 0.870849609375 0.008384296705464589 0.00537109375
0 0.21271453935687512 0.869873046875 0.003255079897415664 0.00341796875
0 0.20630301834681397 0.873046875 0.007989741566383901 0.009765625
0 0.16941211284276977 0.870361328125 0.0030578023278753207 0.00439453125
0 0.39351943184059973 0.86865234375 0.0012823042020122311 0.0029296875
0 0.2657328861708424 0.870361328125 0.009469323337936477 0.00634765625
0 0.43238311304004734 0.86669921875 0.001874136910633261 0.001953125
0 0.15170645097652397 0.866943359375 0.002959163543105149 0.00341796875
0 0.1401163937660288 0.8681640625 0.0038469126060366936 0.0068359375
0 0.2030972578417834 0.86669921875 0.002959163543105149 0.0048828125
0 0.2600611560465575 0.86572265625 0.005819688301440126 0.00390625
0 0.4115703294535411 0.8642578125 0.0028605247583349774 0.001953125
0 0.4010159794831328 0.864501953125 0.002071414480173604 0.00244140625
0 0.19308542118761096 0.86767578125 0.0028605247583349774 0.0087890625
0 0.18233379364766225 0.86474609375 0.003452357466956007 0.0029296875
0 0.3607220359045177 0.865966796875 0.002959163543105149 0.00634765625
0 0.31559479187216416 0.86669921875 0.002663247188794634 0.0078125
0 0.3079502860524758 0.86474609375 0.0025646084040244622 0.00390625
0 0.3032649437758927 0.86474609375 0.006806076149141842 0.00390625
0 0.2210988360623397 0.864501953125 0.00424146774511738 0.00341796875
0 0.5058196883014401 0.86376953125 0.0023673308344841193 0.0029296875
0 0.39169461432235153 0.865966796875 0.0027618859735648055 0.00732421875
0 0.26514105346222133 0.865478515625 0.0072992700729927005 0.00634765625
0 0.3814855000986388 0.864990234375 0.0036496350364963502 0.00634765625
0 0.33211678832116787 0.864501953125 0.002959163543105149 0.00537109375
0 0.38365555336358254 0.8623046875 0.0006904714933912014 0.001953125
0 0.3748767015190373 0.864501953125 0.0036496350364963502 0.00634765625
0 0.18889327283487867 0.863037109375 0.004142828960347208 0.00341796875
0 0.22972972972972974 0.865478515625 0.004537384099427895 0.00927734375
0 0.22578417833892286 0.86181640625 0.0027618859735648055 0.001953125
0 0.21241862300256462 0.86181640625 0.0036496350364963502 0.001953125
0 0.1790293943578615 0.862548828125 0.002959163543105149 0.00341796875
0 0.43795620437956206 0.862060546875 0.0039455513908068654 0.00341796875
0 0.42099033339909253 0.862060546875 0.004931939238508582 0.00341796875
0 0.4320871966857368 0.86181640625 0.003452357466956007 0.00390625
0 0.5440915367922667 0.861572265625 0.004734661668968239 0.00439453125
0 0.3870092720457684 0.862060546875 0.00483330045373841 0.00537109375
0 0.3512033931741961 0.860595703125 0.0044387453146577235 0.00341796875
0 0.36017952258828173 0.8603515625 0.002071414480173604 0.00390625
0 0.22100019727756953 0.859619140625 0.0022686920497139475 0.00341796875
0 0.17133556914578812 0.858642578125 0.0025646084040244622 0.00244140625
0 0.1623101203393174 0.85791015625 0.005030578023278753 0.0029296875
0 0.15550404419017558 0.857421875 0.0012823042020122311 0.001953125
0 0.39652791477608995 0.857177734375 0.000789110278161373 0.00244140625
0 0.3733971197474847 0.85791015625 0.0066087985796014995 0.00390625
0 0.3681692641546656 0.8583984375 0.0036496350364963502 0.0048828125
0 0.3145590846320773 0.85791015625 0.004537384099427895 0.00390625
0 0.16645294929966462 0.860595703125 0.005819688301440126 0.00927734375
0 0.3246202406786348 0.856689453125 0.0027618859735648055 0.00244140625
0 0.30464588676267507 0.8583984375 0.0038469126060366936 0.005859375
0 0.2116788321167883 0.85693359375 0.003156441112645492 0.0029296875
0 0.16882028013414874 0.857421875 0.0022686920497139475 0.00390625
0 0.29123101203393176 0.8564453125 0.0016768593410929177 0.0029296875
0 0.20156835667784573 0.8564453125 0.0016768593410929177 0.0029296875
0 0.14766226080094694 0.856689453125 0.002170053264943776 0.00439453125
0 0.4318899191161965 0.85595703125 0.0016768593410929177 0.00390625
0 0.33043992898007496 0.85498046875 0.001578220556322746 0.001953125
0 0.22958177155257448 0.85546875 0.0030578023278753207 0.0029296875
0 0.35835470507003353 0.85546875 0.005918327086210298 0.00390625
0 0.27895048333004535 0.8564453125 0.0025646084040244622 0.0068359375
0 0.6072696784375616 0.854248046875 0.0038469126060366936 0.00341796875
0 0.4475734858946538 0.854248046875 0.0030578023278753207 0.00341796875
0 0.38237324916157034 0.854736328125 0.0036496350364963502 0.00634765625
0 0.36629512724403235 0.85302734375 0.0014795817715525744 0.0029296875
0 0.2702702702702703 0.852783203125 0.0019727756954034327 0.00244140625
0 0.3163345827579404 0.85302734375 0.004931939238508582 0.00390625
0 0.2815644111264549 0.8525390625 0.0038469126060366936 0.0029296875
0 0.21601893864667587 0.8525390625 0.0033537186821858355 0.0029296875
0 0.29073781811008087 0.851806640625 0.003255079897415664 0.00341796875
0 0.21128427697770763 0.851318359375 0.0033537186821858355 0.00244140625
0 0.4579305582955218 0.85107421875 0.0030578023278753207 0.0029296875
0 0.2263266916551588 0.85205078125 0.006411521010061156 0.0048828125
0 0.26134346024856975 0.853759765625 0.007989741566383901 0.01025390625
0 0.4787926612744131 0.85107421875 0.0033537186821858355 0.005859375
0 0.3856776484513711 0.850341796875 0.0019727756954034327 0.00439453125
0 0.567222331820872 0.848876953125 0.002071414480173604 0.00244140625
0 0.2725389623199842 0.850830078125 0.0025646084040244622 0.00634765625
0 0.30632274610376803 0.850341796875 0.007003353718682186 0.00634765625
0 0.1989051094890511 0.850341796875 0.005819688301440126 0.00634765625
0 0.45497139475241666 0.848388671875 0.006016965870980469 0.00341796875
0 0.4394357861511146 0.849609375 0.005918327086210298 0.005859375
0 0.3811402643519432 0.84814453125 0.0013809429867824028 0.0029296875
0 0.1878082462024068 0.8505859375 0.0025646084040244622 0.0078125
0 0.4190175577036891 0.848388671875 0.0033537186821858355 0.00439453125
0 0.3262971000197278 0.847900390625 0.003748273821266522 0.00341796875
0 0.23214637995659892 0.84814453125 0.0028605247583349774 0.00390625
0 0.2291378970211087 0.84765625 0.0019727756954034327 0.00390625
0 0.3924837246005129 0.848388671875 0.004734661668968239 0.00634765625
0 0.4605444860919313 0.845947265625 0.002959163543105149 0.00244140625
0 0.4156638390215033 0.845703125 0.0023673308344841193 0.001953125
0 0.5252515289011639 0.84765625 0.008088380351154074 0.0068359375
0 0.29719865851252714 0.847412109375 0.0061156046557506415 0.00732421875
0 0.2855099625172618 0.8447265625 0.0016768593410929177 0.001953125
0 0.38454330242651413 0.8447265625 0.0014795817715525744 0.0029296875
0 0.3741862300256461 0.84521484375 0.0022686920497139475 0.00390625
0 0.22617873347800355 0.843994140625 0.0009863878477017164 0.00146484375
0 0.34168475044387453 0.844970703125 0.0025646084040244622 0.00537109375
0 0.30632274610376803 0.843994140625 0.0028605247583349774 0.00341796875
0 0.5373347800355099 0.84326171875 0.002663247188794634 0.0029296875
0 0.30045373840994277 0.843994140625 0.002959163543105149 0.00439453125
0 0.24215821661077136 0.84423828125 0.003550996251726179 0.0048828125
0 0.4350956796212271 0.84228515625 0.0023673308344841193 0.001953125
0 0.3129315446833695 0.842529296875 0.001874136910633261 0.00244140625
0 0.5483330045373841 0.843994140625 0.008285657920694417 0.00634765625
0 0.22864470309725785 0.84228515625 0.003156441112645492 0.00390625
0 0.5326987571513119 0.84130859375 0.0030578023278753207 0.0029296875
0 0.3301440126257644 0.841796875 0.0027618859735648055 0.00390625
0 0.29182284474255277 0.84130859375 0.005030578023278753 0.00390625
0 0.5908956401657132 0.84228515625 0.006214243440520813 0.0068359375
0 0.5429078713750246 0.8408203125 0.004537384099427895 0.00390625
0 0.38755178536200435 0.842529296875 0.0025646084040244622 0.00732421875
0 0.2353521404616295 0.84033203125 0.004340106529887552 0.0029296875
0 0.4847603077530085 0.84033203125 0.0030578023278753207 0.00390625
0 0.2312093115012823 0.83935546875 0.0017754981258630894 0.001953125
0 0.1567863483921878 0.841064453125 0.00424146774511738 0.00537109375
0 0.548234365752614 0.839111328125 0.001578220556322746 0.00244140625
0 0.43272834878674293 0.83935546875 0.002170053264943776 0.0029296875
0 0.2037384099427895 0.839599609375 0.0044387453146577235 0.00341796875
0 0.22104951666995462 0.838623046875 0.0019727756954034327 0.00244140625
0 0.2808246202406786 0.83837890625 0.0023673308344841193 0.0029296875
0 0.240234760307753 0.8388671875 0.0044387453146577235 0.00390625
0 0.4391891891891892 0.83740234375 0.002071414480173604 0.001953125
0 0.3798086407575459 0.837646484375 0.002071414480173604 0.00244140625
0 0.5718090353126849 0.83740234375 0.004340106529887552 0.0029296875
0 0.39026435194318404 0.837646484375 0.002071414480173604 0.00341796875
0 0.27692838824225685 0.837890625 0.003255079897415664 0.00390625
0 0.22445255474452555 0.838134765625 0.00424146774511738 0.00439453125
0 0.10682580390609588 0.837646484375 0.0023673308344841193 0.00341796875
0 0.5677648451371079 0.836669921875 0.0019727756954034327 0.00244140625
0 0.3851844545275202 0.8369140625 0.001578220556322746 0.0029296875
0 0.31495363977115803 0.83642578125 0.0019727756954034327 0.001953125
0 0.30681594002761886 0.837158203125 0.003452357466956007 0.00341796875
0 0.2603077530084829 0.837158203125 0.003550996251726179 0.00341796875
0 0.257447228250148 0.8369140625 0.001578220556322746 0.0029296875
0 0.5452258828171237 0.83642578125 0.0030578023278753207 0.0029296875
0 0.2654862892089169 0.836181640625 0.002071414480173604 0.00244140625
0 0.2704182284474255 0.8359375 0.00483330045373841 0.0029296875
0 0.6962911816926416 0.8349609375 0.0027618859735648055 0.001953125
0 0.47800355099625175 0.8359375 0.006312882225290984 0.00390625
0 0.45388636811994476 0.8359375 0.003255079897415664 0.00390625
0 0.21098836062339713 0.838134765625 0.0051292168080489245 0.00830078125
0 0.3650621424344052 0.8359375 0.0025646084040244622 0.0048828125
0 0.3032156243835076 0.834716796875 0.0033537186821858355 0.00341796875
0 0.2166107713552969 0.8359375 0.005326494377589268 0.005859375
0 0.2823042020122312 0.833251953125 0.002170053264943776 0.00244140625
0 0.26686723219569936 0.833251953125 0.0012823042020122311 0.00244140625
0 0.7041329650818702 0.832763671875 0.0036496350364963502 0.00244140625
0 0.4328269875715131 0.833984375 0.004537384099427895 0.0048828125
0 0.16699546261590056 0.834228515625 0.004142828960347208 0.00537109375
0 0.3744821463799566 0.8330078125 0.0012823042020122311 0.00390625
0 0.32826987571513117 0.832275390625 0.001578220556322746 0.00244140625
0 0.2441309923061748 0.83251953125 0.004142828960347208 0.0029296875
0 0.23979088577628724 0.832763671875 0.004340106529887552 0.00341796875
0 0.19525547445255476 0.833984375 0.003255079897415664 0.005859375
0 0.17306174787926612 0.8349609375 0.007989741566383901 0.0078125
0 0.5466561451962911 0.831787109375 0.0025646084040244622 0.00244140625
0 0.20319589662655357 0.83349609375 0.004142828960347208 0.0068359375
0 0.1995462615900572 0.831298828125 0.004340106529887552 0.00244140625
0 0.5225882817123693 0.832763671875 0.006904714933912014 0.00634765625
0 0.4199546261590057 0.8310546875 0.00542513316235944 0.00390625
0 0.2768790688498718 0.830322265625 0.003156441112645492 0.00244140625
0 0.5595285066087986 0.82958984375 0.00483330045373841 0.0029296875
0 0.2078812389031367 0.83056640625 0.00542513316235944 0.0048828125
0 0.5423653580587887 0.82958984375 0.006214243440520813 0.0048828125
0 0.5383704872755968 0.827880859375 0.0025646084040244622 0.00244140625
0 0.22958177155257448 0.83251953125 0.007003353718682186 0.0126953125
0 0.5710692444269087 0.828125 0.007397908857762872 0.0048828125
0 0.5331426316827776 0.826904296875 0.003550996251726179 0.00244140625
0 0.5265831524955612 0.828857421875 0.004044190175577037 0.00634765625
0 0.5160288025251529 0.8271484375 0.003452357466956007 0.0029296875
0 0.45314657723416846 0.828857421875 0.009863878477017163 0.00634765625
0 0.4440718090353127 0.82861328125 0.004537384099427895 0.005859375
0 0.29285855198263955 0.828125 0.002959163543105149 0.0048828125
0 0.17291378970211088 0.827880859375 0.004340106529887552 0.00439453125
0 0.5296409548234365 0.826416015625 0.0022686920497139475 0.00244140625
0 0.3933714736634445 0.826171875 0.0005918327086210298 0.001953125
0 0.2596172815150917 0.82666015625 0.0023673308344841193 0.0029296875
0 0.25295916354310516 0.827880859375 0.008187019135924246 0.00537109375
0 0.28363582560662853 0.827392578125 0.0038469126060366936 0.00537109375
0 0.27702702702702703 0.826171875 0.005030578023278753 0.0029296875
0 0.5438449398303413 0.82568359375 0.005622410731899783 0.0029296875
0 0.1825803906095877 0.82763671875 0.0027618859735648055 0.0068359375
0 0.578763069638982 0.826416015625 0.007200631288222529 0.00537109375
0 0.4471789307555731 0.82470703125 0.0014795817715525744 0.001953125
0 0.42858551982639576 0.8251953125 0.004537384099427895 0.0029296875
0 0.5107516275399487 0.824462890625 0.0023673308344841193 0.00244140625
0 0.25581968830144014 0.824462890625 0.0022686920497139475 0.00244140625
0 0.20156835667784573 0.826171875 0.007397908857762872 0.005859375
0 0.3828171236930361 0.82421875 0.001578220556322746 0.0029296875
0 0.241960939041231 0.825927734375 0.0027618859735648055 0.00634765625
0 0.5835963700927205 0.823974609375 0.00424146774511738 0.00439453125
0 0.44249358847898995 0.824951171875 0.0033537186821858355 0.00634765625
0 0.2718978102189781 0.823486328125 0.0044387453146577235 0.00341796875
0 0.23594397317025054 0.825439453125 0.006510159794831328 0.00732421875
0 0.18618070625369895 0.822021484375 0.0012823042020122311 0.00146484375
0 0.16600907476819884 0.822265625 0.001578220556322746 0.0029296875
0 0.3851844545275202 0.822021484375 0.0027618859735648055 0.00341796875
0 0.29369698165318603 0.824462890625 0.005622410731899783 0.00830078125
0 0.5121325705267311 0.821044921875 0.002959163543105149 0.00244140625
0 0.44969421976721247 0.822021484375 0.005326494377589268 0.00439453125
0 0.4392878279739594 0.8212890625 0.004044190175577037 0.0029296875
0 0.19140856184651805 0.821533203125 0.003255079897415664 0.00341796875
0 0.5305780232787533 0.820556640625 0.0017754981258630894 0.00244140625
0 0.3883408956401657 0.820556640625 0.0013809429867824028 0.00244140625
0 0.286792266719274 0.822509765625 0.00483330045373841 0.00634765625
0 0.17720457683961333 0.821533203125 0.0012823042020122311 0.00439453125
0 0.26681791280331424 0.82080078125 0.003156441112645492 0.00390625
0 0.16768593410929178 0.820068359375 0.0013809429867824028 0.00244140625
0 0.43070625369895443 0.81982421875 0.002663247188794634 0.0029296875
0 0.37186821858354707 0.81982421875 0.001578220556322746 0.0029296875
0 0.15885776287236142 0.821533203125 0.005227855592819097 0.00634765625
0 0.6039159597553758 0.819091796875 0.0038469126060366936 0.00244140625
0 0.232195699348984 0.81982421875 0.002959163543105149 0.00390625
0 0.3006510159794831 0.81884765625 0.003550996251726179 0.00390625
0 0.44619254290787136 0.81884765625 0.005030578023278753 0.0048828125
0 0.4359341092917735 0.818115234375 0.003255079897415664 0.00341796875
0 0.29192148352732294 0.81689453125 0.0012823042020122311 0.001953125
0 0.27515289011639377 0.817138671875 0.0022686920497139475 0.00244140625
0 0.2716018938646676 0.817626953125 0.0016768593410929177 0.00341796875
0 0.1630499112250937 0.818115234375 0.002959163543105149 0.00439453125
0 0.29394357861511144 0.817626953125 0.0023673308344841193 0.00439453125
0 0.22889130005918326 0.817138671875 0.0030578023278753207 0.00341796875
0 0.42375221937265733 0.816162109375 0.0023673308344841193 0.00244140625
0 0.26025843361609785 0.8193359375 0.0077924639968435586 0.009765625
0 0.4432826987571513 0.815185546875 0.0017754981258630894 0.00244140625
0 0.2882718484908266 0.815673828125 0.004044190175577037 0.00341796875
0 0.23623988952456107 0.815185546875 0.0023673308344841193 0.00244140625
0 0.19569934898402053 0.81689453125 0.0039455513908068654 0.005859375
0 0.47095087788518447 0.815185546875 0.00542513316235944 0.00341796875
0 0.5720556322746104 0.814453125 0.00424146774511738 0.0029296875
0 0.6077135529690274 0.8154296875 0.003156441112645492 0.005859375
0 0.5685539554152693 0.8134765625 0.002170053264943776 0.001953125
0 0.3821266521996449 0.8134765625 0.0023673308344841193 0.001953125
0 0.6007101992503452 0.8134765625 0.0039455513908068654 0.0029296875
0 0.43825212073387254 0.813232421875 0.003550996251726179 0.00244140625
0 0.23392187808246204 0.81298828125 0.001085026632471888 0.001953125
0 0.18169264154665615 0.819091796875 0.004537384099427895 0.01513671875
0 0.4498421779443677 0.8125 0.0044387453146577235 0.0029296875
0 0.17690866048530282 0.813720703125 0.0036496350364963502 0.00537109375
0 0.2295324521601894 0.812255859375 0.0009863878477017164 0.00341796875
0 0.18692049713947523 0.814453125 0.008680213059775104 0.0078125
0 0.6142730321562438 0.811767578125 0.005030578023278753 0.00341796875
0 0.5884296705464589 0.811767578125 0.005819688301440126 0.00341796875
0 0.5352633655553364 0.811767578125 0.00483330045373841 0.00341796875
0 0.29961530873939635 0.81103515625 0.001085026632471888 0.001953125
0 0.21749852041822845 0.81201171875 0.004340106529887552 0.00390625
0 0.6226573288617084 0.81201171875 0.006806076149141842 0.0048828125
0 0.4273032156243835 0.8115234375 0.002959163543105149 0.00390625
0 0.28284671532846717 0.8134765625 0.002663247188794634 0.0078125
0 0.20497139475241666 0.8125 0.003748273821266522 0.005859375
0 0.4721345433024265 0.810302734375 0.002465969619254291 0.00244140625
0 0.16295127244032354 0.810302734375 0.003156441112645492 0.00244140625
0 0.552327875320576 0.809814453125 0.002465969619254291 0.00244140625
0 0.4892976918524364 0.8095703125 0.0012823042020122311 0.001953125
0 0.21093904123101204 0.8095703125 0.0014795817715525744 0.001953125
0 0.3995857171039653 0.809326171875 0.0009863878477017164 0.00244140625
0 0.23984020516867233 0.8095703125 0.002071414480173604 0.0029296875
0 0.23791674886565398 0.8095703125 0.001578220556322746 0.0029296875
0 0.7076839613335963 0.808837890625 0.0030578023278753207 0.00244140625
0 0.5206155060169658 0.809326171875 0.005721049516669955 0.00341796875
0 0.4757348589465378 0.8095703125 0.0039455513908068654 0.00390625
0 0.18208719668573684 0.80859375 0.0019727756954034327 0.001953125
0 0.16911619648845927 0.80908203125 0.0038469126060366936 0.0048828125
0 0.6256164924048135 0.80810546875 0.006016965870980469 0.00390625
0 0.5129216808048925 0.807373046875 0.0027618859735648055 0.00244140625
0 0.42991714342079307 0.806884765625 0.0036496350364963502 0.00244140625
0 0.2506411521010061 0.8076171875 0.0017754981258630894 0.00390625
0 0.45950877885184455 0.806640625 0.004044190175577037 0.0029296875
0 0.29877687906884987 0.806396484375 0.0017754981258630894 0.00244140625
0 0.21897810218978103 0.806640625 0.0017754981258630894 0.0029296875
0 0.26119550207141445 0.806640625 0.007891102781613731 0.0048828125
0 0.22652396922469914 0.805419921875 0.0014795817715525744 0.00244140625
0 0.5384691260603669 0.8046875 0.003156441112645492 0.001953125
0 0.4768198855790097 0.805419921875 0.004931939238508582 0.00341796875
0 0.23180114420990333 0.8056640625 0.0011836654172420597 0.00390625
0 0.20275202209508777 0.805908203125 0.005622410731899783 0.00439453125
0 0.5554843164332215 0.804443359375 0.0016768593410929177 0.00244140625
0 0.5238212665219965 0.8046875 0.00424146774511738 0.0029296875
0 0.5438449398303413 0.8037109375 0.0028605247583349774 0.001953125
0 0.15999210889721838 0.804443359375 0.002959163543105149 0.00341796875
0 0.6706450976523969 0.80419921875 0.004734661668968239 0.0048828125
0 0.2938942592227264 0.8076171875 0.00424146774511738 0.01171875
0 0.6666502268692049 0.8037109375 0.00424146774511738 0.0048828125
0 0.39342079305582955 0.802490234375 0.0012823042020122311 0.00244140625
0 0.2221838626948116 0.80419921875 0.00424146774511738 0.005859375
0 0.28422765831524954 0.80419921875 0.0038469126060366936 0.0068359375
0 0.24250345235746695 0.802001953125 0.001085026632471888 0.00244140625
0 0.17523180114420991 0.80517578125 0.004044190175577037 0.009765625
0 0.5589366739001775 0.8017578125 0.00483330045373841 0.00390625
0 0.552278555928191 0.801025390625 0.003156441112645492 0.00244140625
0 0.25863089366739 0.8017578125 0.003550996251726179 0.00390625
0 0.22770763464194121 0.80126953125 0.0016768593410929177 0.0029296875
0 0.6867232195699349 0.802001953125 0.009863878477017163 0.00537109375
0 0.17242059577826002 0.80078125 0.0009863878477017164 0.0029296875
0 0.5133655553363583 0.802001953125 0.01154073781811008 0.00634765625
0 0.43297494574866835 0.80078125 0.002663247188794634 0.00390625
0 0.39134937857565594 0.80322265625 0.002465969619254291 0.0087890625
0 0.21227066482540935 0.800537109375 0.0017754981258630894 0.00341796875
0 0.19540343262971 0.7998046875 0.001578220556322746 0.001953125
0 0.7188794634050109 0.80078125 0.007891102781613731 0.0048828125
0 0.5727954231603867 0.799072265625 0.002170053264943776 0.00244140625
0 0.2301736042611955 0.799072265625 0.002071414480173604 0.00244140625
0 0.36269481159992106 0.79833984375 0.000789110278161373 0.001953125
0 0.2796409548234366 0.798828125 0.0023673308344841193 0.0029296875
0 0.7258334977313079 0.7978515625 0.003452357466956007 0.001953125
0 0.5123791674886565 0.79833984375 0.0036496350364963502 0.0029296875
0 0.5052278555928191 0.798828125 0.003550996251726179 0.00390625
0 0.644209903333991 0.798583984375 0.0072992700729927005 0.00439453125
0 0.22538962319984218 0.79736328125 0.0009863878477017164 0.001953125
0 0.21961925429078713 0.798583984375 0.0030578023278753207 0.00439453125
0 0.18795620437956204 0.7978515625 0.001874136910633261 0.0029296875
0 0.710939041231012 0.797119140625 0.002663247188794634 0.00244140625
0 0.5491221148155455 0.79736328125 0.0019727756954034327 0.0029296875
0 0.4742552771749852 0.79736328125 0.003156441112645492 0.0029296875
0 0.1359735648056816 0.797119140625 0.004044190175577037 0.00244140625
0 0.6478102189781022 0.796630859375 0.0036496350364963502 0.00244140625
0 0.700581968830144 0.7958984375 0.002465969619254291 0.001953125
0 0.4478200828565792 0.796142578125 0.003156441112645492 0.00244140625
0 0.3887847701716315 0.79736328125 0.0012823042020122311 0.0048828125
0 0.6847504438745314 0.795654296875 0.0051292168080489245 0.00341796875
0 0.5261885973564806 0.794921875 0.001874136910633261 0.001953125
0 0.4555139080686526 0.795166015625 0.0017754981258630894 0.00244140625
0 0.6323732491615703 0.79443359375 0.003156441112645492 0.001953125
0 0.3525350167685934 0.79443359375 0.000789110278161373 0.001953125
0 0.6369106332609982 0.795166015625 0.005918327086210298 0.00439453125
0 0.1912112842769777 0.794189453125 0.002071414480173604 0.00244140625
0 0.5454724797790491 0.79345703125 0.0019727756954034327 0.001953125
0 0.5152396922469915 0.79443359375 0.005622410731899783 0.00390625
0 0.217251923456303 0.795166015625 0.0038469126060366936 0.00537109375
0 0.3592917735253502 0.793212890625 0.001085026632471888 0.00341796875
0 0.19550207141448017 0.7939453125 0.001578220556322746 0.0048828125
0 0.6413000591832708 0.7919921875 0.004044190175577037 0.0029296875
0 0.4500887749062932 0.79248046875 0.004537384099427895 0.00390625
0 0.7305681594002762 0.791259765625 0.00424146774511738 0.00244140625
0 0.5068553955415269 0.79296875 0.009173406983625962 0.005859375
0 0.24782994673505623 0.791259765625 0.001874136910633261 0.00244140625
0 0.20122312093115013 0.79150390625 0.0013809429867824028 0.0029296875
0 0.43790688498717695 0.790771484375 0.0022686920497139475 0.00244140625
0 0.16502268692049715 0.7919921875 0.0033537186821858355 0.0048828125
0 0.7036397711580193 0.7900390625 0.0038469126060366936 0.001953125
0 0.6232984809627146 0.791015625 0.004931939238508582 0.00390625
0 0.4882619846123496 0.79052734375 0.003550996251726179 0.0029296875
0 0.20763464194121128 0.79443359375 0.005721049516669955 0.0107421875
0 0.3862694811599921 0.7939453125 0.003748273821266522 0.0107421875
0 0.4659696192542908 0.790283203125 0.005523771947129611 0.00439453125
0 0.1811501282304202 0.79150390625 0.00424146774511738 0.0068359375
0 0.6495857171039653 0.790283203125 0.004044190175577037 0.00537109375
0 0.5087788518445453 0.78955078125 0.0025646084040244622 0.00390625
0 0.626997435391596 0.7890625 0.006214243440520813 0.00390625
0 0.1894851055434997 0.789794921875 0.003550996251726179 0.00537109375
0 0.6685243637798383 0.788818359375 0.00542513316235944 0.00439453125
0 0.5959262181889919 0.789306640625 0.006411521010061156 0.00537109375
0 0.48101203393174197 0.787841796875 0.002663247188794634 0.00244140625
0 0.7175971592029986 0.786865234375 0.0023673308344841193 0.00146484375
0 0.582757940422174 0.787841796875 0.0061156046557506415 0.00341796875
0 0.5622410731899783 0.787109375 0.001578220556322746 0.001953125
0 0.7235154862892089 0.787109375 0.005523771947129611 0.0029296875
0 0.6858847898993884 0.786865234375 0.0022686920497139475 0.00244140625
0 0.5030578023278753 0.78662109375 0.002959163543105149 0.001953125
0 0.46330637206549613 0.786865234375 0.0017754981258630894 0.00244140625
0 0.5424146774511738 0.787353515625 0.005918327086210298 0.00439453125
0 0.4426415466561452 0.78662109375 0.0030578023278753207 0.0029296875
0 0.23392187808246204 0.786865234375 0.001085026632471888 0.00341796875
0 0.6216709410140067 0.78515625 0.0036496350364963502 0.001953125
0 0.3849871769579799 0.78515625 0.0009863878477017164 0.001953125
0 0.7112349575853225 0.78466796875 0.002071414480173604 0.001953125
0 0.5507003353718682 0.78662109375 0.004340106529887552 0.005859375
0 0.4697672124679424 0.78515625 0.0016768593410929177 0.0029296875
0 0.20955809824422963 0.785400390625 0.001874136910633261 0.00341796875
0 0.1933320181495364 0.784423828125 0.0011836654172420597 0.00244140625
0 0.7198658512527125 0.7841796875 0.003156441112645492 0.0029296875
0 0.5331919510751627 0.78369140625 0.0012823042020122311 0.001953125
0 0.16808048924837246 0.785888671875 0.002959163543105149 0.00732421875
0 0.28832116788321166 0.78271484375 0.0011836654172420597 0.001953125
0 0.5182974945748668 0.781494140625 0.002465969619254291 0.00244140625
0 0.4815052278555928 0.78271484375 0.0030578023278753207 0.0048828125
0 0.2851154073781811 0.781005859375 0.002663247188794634 0.00244140625
0 0.22701716314855 0.78125 0.0022686920497139475 0.0029296875
0 0.22198658512527125 0.78125 0.001874136910633261 0.0029296875
0 0.21291181692641548 0.78076171875 0.001085026632471888 0.001953125
0 0.6240382718484908 0.780517578125 0.004636022884198066 0.00244140625
0 0.4621227066482541 0.781982421875 0.004931939238508582 0.00537109375
0 0.5841388834089564 0.781494140625 0.0027618859735648055 0.00537109375
0 0.5616985598737424 0.779541015625 0.0008877490629315447 0.00146484375
0 0.7010258433616098 0.779296875 0.003156441112645492 0.001953125
0 0.6343460248569738 0.7802734375 0.003748273821266522 0.00390625
0 0.5949891497336752 0.779296875 0.003748273821266522 0.001953125
0 0.5919806667981851 0.7802734375 0.001874136910633261 0.00390625
0 0.48688104162556717 0.781494140625 0.0033537186821858355 0.00634765625
0 0.2593213651607812 0.77880859375 0.0017754981258630894 0.0029296875
0 0.648303412901953 0.778076171875 0.00424146774511738 0.00244140625
0 0.5320082856579207 0.778076171875 0.001874136910633261 0.00244140625
0 0.3619550207141448 0.778076171875 0.001085026632471888 0.00244140625
0 0.5471000197277569 0.777587890625 0.002465969619254291 0.00244140625
0 0.4968928782797396 0.778076171875 0.00424146774511738 0.00341796875
0 0.45497139475241666 0.77734375 0.003255079897415664 0.001953125
0 0.20349181298086408 0.777099609375 0.004340106529887552 0.00439453125
0 0.17271651213257053 0.775634765625 0.0025646084040244622 0.00244140625
0 0.6582166107713553 0.77490234375 0.002170053264943776 0.001953125
0 0.4619747484710988 0.77490234375 0.0022686920497139475 0.001953125
0 0.475882817123693 0.775146484375 0.004636022884198066 0.00341796875
0 0.6020418228447425 0.77587890625 0.0044387453146577235 0.005859375
0 0.6208325113434603 0.772705078125 0.0025646084040244622 0.00244140625
0 0.27702702702702703 0.7724609375 0.001085026632471888 0.001953125
0 0.686230025646084 0.77197265625 0.0023673308344841193 0.001953125
0 0.7318504636022884 0.771240234375 0.004636022884198066 0.00244140625
0 0.6705464588676268 0.771484375 0.0039455513908068654 0.0029296875
0 0.4811599921088972 0.7724609375 0.0023673308344841193 0.0048828125
0 0.7127638587492602 0.7705078125 0.0025646084040244622 0.001953125
0 0.21217202604063917 0.77294921875 0.002170053264943776 0.0068359375
0 0.633359637009272 0.77099609375 0.004340106529887552 0.00390625
0 0.49166502268692047 0.770263671875 0.0022686920497139475 0.00244140625
0 0.4721838626948116 0.769287109375 0.0017754981258630894 0.00244140625
0 0.5765436969816532 0.7685546875 0.003156441112645492 0.001953125
0 0.17863483921878082 0.768798828125 0.003156441112645492 0.00244140625
0 0.18524363779838232 0.76806640625 0.0011836654172420597 0.001953125
0 0.6791773525350168 0.76806640625 0.0066087985796014995 0.00390625
0 0.6105740777273624 0.76806640625 0.0061156046557506415 0.00390625
0 0.47657328861708426 0.767333984375 0.002071414480173604 0.00244140625
0 0.4898402051686723 0.766357421875 0.002959163543105149 0.00244140625
0 0.1523476030775301 0.76611328125 0.001874136910633261 0.0029296875
0 0.6420891694614322 0.7646484375 0.0016768593410929177 0.001953125
0 0.21843558887354508 0.765380859375 0.0014795817715525744 0.00439453125
0 0.46335569145788125 0.763916015625 0.0014795817715525744 0.00244140625
0 0.6316334582757941 0.76318359375 0.0022686920497139475 0.001953125
0 0.6035707240086802 0.76318359375 0.0013809429867824028 0.001953125
0 0.6815446833695009 0.7626953125 0.001874136910633261 0.001953125
0 0.6556026829749457 0.76220703125 0.0022686920497139475 0.001953125
0 0.3940619451568357 0.762939453125 0.0011836654172420597 0.00341796875
0 0.6458867626750838 0.76171875 0.0025646084040244622 0.001953125
0 0.49842177944367727 0.76171875 0.0019727756954034327 0.0029296875
0 0.18213651607812192 0.761474609375 0.0028605247583349774 0.00537109375
0 0.49043203787729334 0.7587890625 0.003156441112645492 0.001953125
0 0.26311895837443283 0.758056640625 0.0012823042020122311 0.00244140625
0 0.5807851647267706 0.75732421875 0.0011836654172420597 0.001953125
0 0.4814065890708226 0.757568359375 0.002071414480173604 0.00244140625
0 0.3181100808838035 0.7578125 0.0027618859735648055 0.0029296875
0 0.47104951666995465 0.757568359375 0.0022686920497139475 0.00341796875
0 0.7220852239100414 0.756103515625 0.002465969619254291 0.00244140625
0 0.49501874136910634 0.755615234375 0.0030578023278753207 0.00244140625
0 0.4599526533833103 0.75390625 0.001578220556322746 0.001953125
0 0.4808147563622016 0.75390625 0.0030578023278753207 0.0029296875
0 0.4629118169264155 0.747314453125 0.001578220556322746 0.00244140625
0 0.4948707831919511 0.74658203125 0.001578220556322746 0.001953125
0 0.49048135726967845 0.74609375 0.002071414480173604 0.001953125
0 0.4390412310120339 0.74609375 0.001578220556322746 0.001953125
0 0.4562043795620438 0.74560546875 0.0013809429867824028 0.001953125
0 0.5591339514697179 0.740234375 0.0012823042020122311 0.001953125
0 0.5967646478595384 0.739990234375 0.0027618859735648055 0.00244140625
0 0.66669954626159 0.735107421875 0.0017754981258630894 0.00244140625
0 0.5031564411126455 0.73583984375 0.0017754981258630894 0.00390625
0 0.6771059380548432 0.734130859375 0.002465969619254291 0.00244140625
0 0.6900276188597356 0.732666015625 0.0028605247583349774 0.00341796875
0 0.47691852436377985 0.73095703125 0.0011836654172420597 0.001953125
0 0.18095285066087985 0.729736328125 0.0014795817715525744 0.00244140625
0 0.5042907871375024 0.727783203125 0.001874136910633261 0.00244140625
0 0.7056125468534228 0.72216796875 0.005819688301440126 0.0029296875
0 0.17898007496547644 0.721923828125 0.0030578023278753207 0.00341796875
0 0.6454922075360031 0.72021484375 0.0019727756954034327 0.00390625
