0 0.5224896429275991 0.997314453125 0.0009863878477017164 0.00341796875
0 0.531663049911225 0.996826171875 0.001578220556322746 0.00634765625
0 0.5356579206944171 0.995361328125 0.001085026632471888 0.00439453125
0 0.5091240875912408 0.99365234375 0.0008877490629315447 0.0029296875
0 0.5016275399487078 0.99609375 0.0066087985796014995 0.0078125
0 0.4908759124087591 0.99267578125 0.0012823042020122311 0.00390625
0 0.5014795817715526 0.99267578125 0.001578220556322746 0.005859375
0 0.53452357466956 0.9921875 0.002959163543105149 0.0068359375
0 0.4988163345827579 0.989990234375 0.0011836654172420597 0.00244140625
0 0.5321069244426909 0.990478515625 0.0014795817715525744 0.00537109375
0 0.5078911027816138 0.9892578125 0.002170053264943776 0.00390625
0 0.523525350167686 0.98974609375 0.003255079897415664 0.0068359375
0 0.49886565397514304 0.985595703125 0.001874136910633261 0.00439453125
0 0.5171631485500099 0.982666015625 0.0019727756954034327 0.00341796875
0 0.5329946735056225 0.982421875 0.0036496350364963502 0.009765625
0 0.526435194318406 0.97705078125 0.0025646084040244622 0.0078125
0 0.501183665417242 0.977783203125 0.003748273821266522 0.00927734375
0 0.5096666009074768 0.977294921875 0.0039455513908068654 0.01025390625
0 0.5140560268297495 0.97314453125 0.0012823042020122311 0.0048828125
0 0.5158315249556126 0.970703125 0.0016768593410929177 0.001953125
0 0.5104063917932531 0.965576171875 0.001085026632471888 0.00439453125
0 0.5125271256658118 0.96484375 0.002170053264943776 0.005859375
0 0.5346715328467153 0.962158203125 0.0008877490629315447 0.00244140625
0 0.5121818899191162 0.95947265625 0.0006904714933912014 0.001953125
0 0.49427895048333004 0.962890625 0.003550996251726179 0.0107421875
0 0.4958078516472677 0.956298828125 0.0028605247583349774 0.00439453125
0 0.5289504833300454 0.953369140625 0.0014795817715525744 0.00244140625
0 0.4967449201025843 0.949462890625 0.0023673308344841193 0.00439453125
0 0.5269283882422569 0.948486328125 0.0011836654172420597 0.00439453125
0 0.5289504833300454 0.947509765625 0.002071414480173604 0.00439453125
0 0.5244624186230026 0.949951171875 0.0027618859735648055 0.00927734375
0 0.5193332018149537 0.946044921875 0.0013809429867824028 0.00537109375
0 0.5211086999408168 0.946533203125 0.0017754981258630894 0.00732421875
0 0.49418031169855986 0.94287109375 0.0009863878477017164 0.0029296875
0 0.5065594791872164 0.941162109375 0.0012823042020122311 0.00439453125
0 0.52298283685145 0.9375 0.0009863878477017164 0.0029296875
0 0.5253994870783192 0.9404296875 0.0038469126060366936 0.0126953125
0 0.5073979088577629 0.93505859375 0.002170053264943776 0.005859375
0 0.5207141448017361 0.92626953125 0.001578220556322746 0.00390625
0 0.5015289011639377 0.9296875 0.005622410731899783 0.0146484375
0 0.5012823042020123 0.91796875 0.0017754981258630894 0.0068359375
0 0.5048333004537384 0.913818359375 0.000789110278161373 0.00244140625
0 0.5194318405997238 0.9140625 0.0019727756954034327 0.0048828125
0 0.5280627342671138 0.909912109375 0.0016768593410929177 0.00537109375
0 0.5007397908857762 0.9072265625 0.002663247188794634 0.0068359375
0 0.5064115210100611 0.9033203125 0.001578220556322746 0.00390625
0 0.49768198855790097 0.902587890625 0.001874136910633261 0.00341796875
0 0.5230814756362202 0.893798828125 0.0017754981258630894 0.00341796875
0 0.5243637798382323 0.891357421875 0.0011836654172420597 0.00244140625
0 0.5255474452554745 0.884521484375 0.0009863878477017164 0.00244140625
0 0.520122312093115 0.851318359375 0.0011836654172420597 0.00341796875
0 0.5240678634839219 0.7666015625 0.0011836654172420597 0.0029296875
0 0.5231801144209903 0.76123046875 0.0019727756954034327 0.005859375
0 0.5216018938646676 0.747802734375 0.0009863878477017164 0.00244140625
0 0.5039948707831919 0.746826171875 0.0008877490629315447 0.00244140625
0 0.5227855592819096 0.734130859375 0.000789110278161373 0.00244140625
