0 0.3960347208522391 0.998291015625 0.001578220556322746 0.00146484375
0 0.6775004931939238 0.99853515625 0.002071414480173604 0.0029296875
0 0.5869500887749063 0.99853515625 0.001874136910633261 0.0029296875
0 0.43070625369895443 0.998291015625 0.005030578023278753 0.00341796875
0 0.6888932728348787 0.998046875 0.0027618859735648055 0.00390625
0 0.5757545867034918 0.99755859375 0.0017754981258630894 0.0029296875
0 0.3849871769579799 0.9970703125 0.0009863878477017164 0.001953125
0 0.3324127046754784 0.997802734375 0.003156441112645492 0.00439453125
0 0.581081081081081 0.99755859375 0.0025646084040244622 0.0048828125
0 0.5338331031761688 0.99755859375 0.002170053264943776 0.0048828125
0 0.32575458670349183 0.9970703125 0.002663247188794634 0.00390625
0 0.2552278555928191 0.996337890625 0.002465969619254291 0.00341796875
0 0.7047247977904912 0.99609375 0.002071414480173604 0.00390625
0 0.6435194318405997 0.9970703125 0.004340106529887552 0.005859375
0 0.38084434799763267 0.9951171875 0.0011836654172420597 0.001953125
0 0.5722529098441507 0.99462890625 0.001085026632471888 0.001953125
0 0.4562043795620438 0.995849609375 0.0011836654172420597 0.00439453125
0 0.32215427105938055 0.996826171875 0.004734661668968239 0.00634765625
0 0.14682383113040048 0.99560546875 0.004044190175577037 0.00390625
0 0.4870289998027224 0.99658203125 0.00976523969224699 0.0068359375
0 0.4077727362398895 0.99560546875 0.003156441112645492 0.0048828125
0 0.3837541921483527 0.994384765625 0.0012823042020122311 0.00244140625
0 0.3286151114618268 0.99658203125 0.003452357466956007 0.0068359375
0 0.671286249753403 0.994384765625 0.002465969619254291 0.00341796875
0 0.6613237324916157 0.996337890625 0.0044387453146577235 0.00732421875
0 0.6328664430854212 0.993408203125 0.000789110278161373 0.00244140625
0 0.5986387847701716 0.99462890625 0.001578220556322746 0.0048828125
0 0.5780232787532058 0.99462890625 0.002170053264943776 0.0048828125
0 0.39307555730913396 0.994140625 0.001578220556322746 0.00390625
0 0.5877391990530677 0.99462890625 0.00424146774511738 0.005859375
0 0.404024462418623 0.9931640625 0.0009863878477017164 0.0029296875
0 0.38962319984217797 0.993896484375 0.002959163543105149 0.00439453125
0 0.688498717695798 0.99267578125 0.003748273821266522 0.00390625
0 0.5515387650424147 0.991943359375 0.001085026632471888 0.00244140625
0 0.6650720063128822 0.9912109375 0.001085026632471888 0.001953125
0 0.578713750246597 0.991455078125 0.0009863878477017164 0.00244140625
0 0.4052081278358651 0.9912109375 0.0009863878477017164 0.001953125
0 0.3871079108305386 0.991455078125 0.001874136910633261 0.00244140625
0 0.690767409745512 0.990966796875 0.0009863878477017164 0.00244140625
0 0.6298086407575458 0.991455078125 0.0011836654172420597 0.00341796875
0 0.40801933320181494 0.99072265625 0.0022686920497139475 0.001953125
0 0.40136121522982837 0.99267578125 0.0023673308344841193 0.005859375
0 0.22538962319984218 0.992431640625 0.004931939238508582 0.00537109375
0 0.6801144209903334 0.991455078125 0.001578220556322746 0.00439453125
0 0.43243243243243246 0.991943359375 0.0025646084040244622 0.00537109375
0 0.5645097652396922 0.98974609375 0.000789110278161373 0.001953125
0 0.38863681199447625 0.98974609375 0.001578220556322746 0.001953125
0 0.6762675083842967 0.990966796875 0.002959163543105149 0.00537109375
0 0.6570822647464983 0.991455078125 0.0030578023278753207 0.00634765625
0 0.26543696981653186 0.98974609375 0.0017754981258630894 0.0029296875
0 0.18623002564608404 0.99072265625 0.002959163543105149 0.0048828125
0 0.2536003156441113 0.9892578125 0.0013809429867824028 0.0029296875
0 0.6852929571907674 0.98876953125 0.0008877490629315447 0.0029296875
0 0.45196291181692644 0.989990234375 0.004734661668968239 0.00537109375
0 0.383902150325508 0.989990234375 0.004340106529887552 0.00537109375
0 0.44249358847898995 0.988525390625 0.0017754981258630894 0.00341796875
0 0.38192937463010457 0.988037109375 0.0019727756954034327 0.00244140625
0 0.5684553166304991 0.98681640625 0.0011836654172420597 0.001953125
0 0.5417735253501677 0.98681640625 0.0006904714933912014 0.001953125
0 0.651114618267903 0.987548828125 0.001578220556322746 0.00439453125
0 0.2585322548826198 0.98779296875 0.002959163543105149 0.0048828125
0 0.6695107516275399 0.987060546875 0.0014795817715525744 0.00439453125
0 0.20876898796606827 0.98779296875 0.0036496350364963502 0.005859375
0 0.6388340895640165 0.990234375 0.0044387453146577235 0.01171875
0 0.6349378575655948 0.988525390625 0.0033537186821858355 0.00830078125
0 0.5802426514105347 0.989013671875 0.003255079897415664 0.00927734375
0 0.6832708621029789 0.986083984375 0.0011836654172420597 0.00439453125
0 0.6668475044387453 0.98876953125 0.0044387453146577235 0.009765625
0 0.4554645886762675 0.985595703125 0.0022686920497139475 0.00341796875
0 0.448263957388045 0.986083984375 0.001085026632471888 0.00439453125
0 0.40515880844347996 0.985107421875 0.0016768593410929177 0.00244140625
0 0.5761984612349575 0.987060546875 0.0028605247583349774 0.00732421875
0 0.3989938843953442 0.98486328125 0.0011836654172420597 0.0029296875
0 0.33487867429473267 0.98779296875 0.0027618859735648055 0.0087890625
0 0.3746301045571119 0.985107421875 0.004142828960347208 0.00439453125
0 0.24240481357269678 0.984375 0.0022686920497139475 0.0029296875
0 0.3158413888340896 0.98388671875 0.0027618859735648055 0.0029296875
0 0.4429867824028408 0.982421875 0.000789110278161373 0.001953125
0 0.4082659301637404 0.983154296875 0.0023673308344841193 0.00341796875
0 0.2312093115012823 0.98486328125 0.003748273821266522 0.0068359375
0 0.41906687709607415 0.98193359375 0.0008877490629315447 0.001953125
0 0.3295521799171434 0.982177734375 0.002170053264943776 0.00244140625
0 0.2590747681988558 0.982177734375 0.003452357466956007 0.00341796875
0 0.38508581574275 0.981201171875 0.0023673308344841193 0.00244140625
0 0.37073387255869006 0.982666015625 0.0038469126060366936 0.00537109375
0 0.31929374630104557 0.989990234375 0.008088380351154074 0.02001953125
0 0.2239593608206747 0.98193359375 0.003255079897415664 0.00390625
0 0.6403136713355692 0.984619140625 0.004636022884198066 0.01025390625
0 0.3400078911027816 0.98095703125 0.0017754981258630894 0.0029296875
0 0.40313671335569146 0.9794921875 0.001578220556322746 0.0029296875
0 0.4005227855592819 0.97900390625 0.0008877490629315447 0.001953125
0 0.23722627737226276 0.98193359375 0.00907476819885579 0.0078125
0 0.4570428092325903 0.978759765625 0.001874136910633261 0.00244140625
0 0.44392385085815744 0.978759765625 0.001085026632471888 0.00244140625
0 0.4417044782008286 0.978759765625 0.0013809429867824028 0.00244140625
0 0.4298185046360229 0.9794921875 0.001874136910633261 0.00390625
0 0.7059084632077333 0.982421875 0.007200631288222529 0.0107421875
0 0.6862793450384691 0.978271484375 0.001874136910633261 0.00244140625
0 0.5471986585125271 0.977783203125 0.0008877490629315447 0.00146484375
0 0.424146774511738 0.97998046875 0.002959163543105149 0.005859375
0 0.32757940422174 0.978759765625 0.0017754981258630894 0.00341796875
0 0.41048530282106926 0.978759765625 0.0012823042020122311 0.00439453125
0 0.20659893470112448 0.979248046875 0.00542513316235944 0.00537109375
0 0.680459656737029 0.9775390625 0.0016768593410929177 0.0029296875
0 0.4123101203393174 0.97705078125 0.000789110278161373 0.001953125
0 0.4019037285460643 0.97705078125 0.0008877490629315447 0.001953125
0 0.3369500887749063 0.977294921875 0.0009863878477017164 0.00244140625
0 0.3071118563819294 0.977783203125 0.002071414480173604 0.00341796875
0 0.15111461826790293 0.9775390625 0.0023673308344841193 0.0029296875
0 0.6721246794239495 0.9775390625 0.001578220556322746 0.00390625
0 0.5774314460445847 0.978759765625 0.0027618859735648055 0.00634765625
0 0.43938646675872955 0.977783203125 0.0030578023278753207 0.00439453125
0 0.6389327283487868 0.976806640625 0.0016768593410929177 0.00341796875
0 0.3334484119155652 0.98095703125 0.004044190175577037 0.01171875
0 0.33019333201814954 0.97607421875 0.0012823042020122311 0.001953125
0 0.6780923259025449 0.98046875 0.005819688301440126 0.01171875
0 0.4527520220950878 0.97607421875 0.0013809429867824028 0.0029296875
0 0.4283389228644703 0.97607421875 0.0016768593410929177 0.0029296875
0 0.4220260406391793 0.9755859375 0.0014795817715525744 0.001953125
0 0.21197474847109884 0.976806640625 0.003550996251726179 0.00439453125
0 0.5733872558690077 0.976318359375 0.001578220556322746 0.00439453125
0 0.3890313671335569 0.975341796875 0.001578220556322746 0.00439453125
0 0.5509962517261787 0.9736328125 0.0009863878477017164 0.001953125
0 0.44634050108502665 0.97509765625 0.0017754981258630894 0.0048828125
0 0.42459064904320376 0.9736328125 0.0008877490629315447 0.001953125
0 0.4187709607417637 0.9736328125 0.0006904714933912014 0.001953125
0 0.3279739593608207 0.973876953125 0.0027618859735648055 0.00341796875
0 0.6997928585519826 0.974365234375 0.00542513316235944 0.00537109375
0 0.674196093904123 0.973876953125 0.001578220556322746 0.00439453125
0 0.5538074570921286 0.972900390625 0.0012823042020122311 0.00244140625
0 0.4496449003748274 0.97265625 0.0008877490629315447 0.001953125
0 0.4134937857565595 0.97265625 0.000789110278161373 0.001953125
0 0.2670151903728546 0.9736328125 0.001578220556322746 0.00390625
0 0.5483330045373841 0.973388671875 0.0013809429867824028 0.00439453125
0 0.19017557703689092 0.97119140625 0.002959163543105149 0.001953125
0 0.4432826987571513 0.9716796875 0.002170053264943776 0.00390625
0 0.6790787137502466 0.972900390625 0.001874136910633261 0.00732421875
0 0.5766423357664233 0.972412109375 0.003156441112645492 0.00634765625
0 0.5713651607812191 0.97265625 0.001874136910633261 0.0068359375
0 0.637946340501085 0.969970703125 0.0012823042020122311 0.00244140625
0 0.3856776484513711 0.97021484375 0.001578220556322746 0.0029296875
0 0.5673209706056421 0.97021484375 0.001085026632471888 0.00390625
0 0.4165022686920497 0.969482421875 0.0014795817715525744 0.00244140625
0 0.414381534819491 0.97021484375 0.0011836654172420597 0.00390625
0 0.4059479187216414 0.97021484375 0.002663247188794634 0.00390625
0 0.5751627539948708 0.96923828125 0.000789110278161373 0.0029296875
0 0.5738311304004735 0.9697265625 0.0016768593410929177 0.00390625
0 0.40141053462221343 0.96875 0.0006904714933912014 0.001953125
0 0.26681791280331424 0.969482421875 0.0019727756954034327 0.00341796875
0 0.6311895837443283 0.968994140625 0.0025646084040244622 0.00439453125
0 0.4221739988163346 0.966796875 0.0013809429867824028 0.001953125
0 0.5767409745511936 0.96630859375 0.0013809429867824028 0.001953125
0 0.4473268889327284 0.9677734375 0.002170053264943776 0.0048828125
0 0.3772933517459065 0.968017578125 0.0027618859735648055 0.00537109375
0 0.31589070822647464 0.96728515625 0.0028605247583349774 0.00390625
0 0.6497336752811206 0.967041015625 0.0027618859735648055 0.00439453125
0 0.5538074570921286 0.9658203125 0.0012823042020122311 0.001953125
0 0.5471000197277569 0.966552734375 0.0022686920497139475 0.00341796875
0 0.7096074176366147 0.9677734375 0.004340106529887552 0.0068359375
0 0.42843756164924046 0.96630859375 0.002071414480173604 0.00390625
0 0.40274215821661075 0.96533203125 0.000789110278161373 0.001953125
0 0.3998323140658907 0.96435546875 0.0008877490629315447 0.001953125
0 0.4251824817518248 0.966064453125 0.0036496350364963502 0.00634765625
0 0.4042710593805484 0.962890625 0.0012823042020122311 0.001953125
0 0.3091339514697179 0.96728515625 0.005918327086210298 0.0107421875
0 0.6684750443874532 0.962890625 0.0013809429867824028 0.0029296875
0 0.4411126454922075 0.962646484375 0.0013809429867824028 0.00244140625
0 0.43766028802525153 0.9638671875 0.0025646084040244622 0.0048828125
0 0.5651509173406983 0.9619140625 0.001085026632471888 0.001953125
0 0.5488755178536201 0.9619140625 0.0016768593410929177 0.001953125
0 0.5451765634247386 0.962158203125 0.001578220556322746 0.00244140625
0 0.4022489642927599 0.9619140625 0.0009863878477017164 0.001953125
0 0.5521799171434207 0.96142578125 0.000789110278161373 0.001953125
0 0.5434010652988756 0.96142578125 0.0009863878477017164 0.001953125
0 0.420694417044782 0.96240234375 0.0019727756954034327 0.00390625
0 0.4151706450976524 0.961669921875 0.0017754981258630894 0.00244140625
0 0.41211284276977705 0.964111328125 0.0027618859735648055 0.00732421875
0 0.387946340501085 0.961669921875 0.0011836654172420597 0.00244140625
0 0.664381534819491 0.96435546875 0.00424146774511738 0.0087890625
0 0.1439633063720655 0.9619140625 0.00483330045373841 0.00390625
0 0.5681594002761886 0.9609375 0.001578220556322746 0.0029296875
0 0.5537088183073584 0.96044921875 0.0014795817715525744 0.001953125
0 0.4496449003748274 0.9609375 0.0008877490629315447 0.0029296875
0 0.2249457486683764 0.962158203125 0.00483330045373841 0.00537109375
0 0.667242059577826 0.960693359375 0.002071414480173604 0.00341796875
0 0.5568159400276188 0.9609375 0.0033537186821858355 0.00390625
0 0.2170053264943776 0.96142578125 0.005918327086210298 0.0048828125
0 0.5751627539948708 0.95947265625 0.0011836654172420597 0.001953125
0 0.31628526336555535 0.96044921875 0.0038469126060366936 0.00390625
0 0.2604063917932531 0.960205078125 0.0027618859735648055 0.00341796875
0 0.5602682974945749 0.95947265625 0.0013809429867824028 0.0029296875
0 0.4181791280331426 0.958984375 0.001085026632471888 0.001953125
0 0.37112842769777077 0.960205078125 0.0022686920497139475 0.00439453125
0 0.2378181100808838 0.9599609375 0.003156441112645492 0.00390625
0 0.5450779246399684 0.95849609375 0.001578220556322746 0.001953125
0 0.32141448017360424 0.9599609375 0.004636022884198066 0.0048828125
0 0.2458571710396528 0.960205078125 0.0022686920497139475 0.00537109375
0 0.6818899191161965 0.960693359375 0.0023673308344841193 0.00732421875
0 0.6361708423752219 0.960205078125 0.002465969619254291 0.00634765625
0 0.5703787729335175 0.961669921875 0.0030578023278753207 0.00927734375
0 0.45146971789307555 0.958740234375 0.0017754981258630894 0.00341796875
0 0.6777964095482344 0.95849609375 0.0014795817715525744 0.00390625
0 0.44599526533833106 0.9580078125 0.002663247188794634 0.0029296875
0 0.3117971986585125 0.9580078125 0.002959163543105149 0.00390625
0 0.6991023870585914 0.96142578125 0.0066087985796014995 0.01171875
0 0.5483823239297692 0.95703125 0.003452357466956007 0.0029296875
0 0.4078713750246597 0.95849609375 0.0023673308344841193 0.005859375
0 0.4502367330834484 0.9560546875 0.001085026632471888 0.001953125
0 0.440224896429276 0.956298828125 0.0013809429867824028 0.00244140625
0 0.42404813572696787 0.95751953125 0.003748273821266522 0.0048828125
0 0.4058492799368712 0.958251953125 0.001874136910633261 0.00634765625
0 0.22825014795817716 0.9560546875 0.003550996251726179 0.0029296875
0 0.4226178733478004 0.955078125 0.001085026632471888 0.001953125
0 0.32560662852633654 0.958740234375 0.004142828960347208 0.00927734375
0 0.7175478398106135 0.955322265625 0.001874136910633261 0.00341796875
0 0.5450779246399684 0.95458984375 0.0017754981258630894 0.001953125
0 0.4429867824028408 0.956298828125 0.0023673308344841193 0.00537109375
0 0.2594693233379365 0.954833984375 0.0022686920497139475 0.00244140625
0 0.5589366739001775 0.95458984375 0.0022686920497139475 0.0029296875
0 0.4341586111659104 0.954345703125 0.0016768593410929177 0.00244140625
0 0.14805681594002762 0.95654296875 0.0051292168080489245 0.0068359375
0 0.5717597159202998 0.953857421875 0.0006904714933912014 0.00244140625
0 0.5384691260603669 0.95361328125 0.0011836654172420597 0.001953125
0 0.2548826198461235 0.95458984375 0.0025646084040244622 0.00390625
0 0.564953639771158 0.953369140625 0.001874136910633261 0.00244140625
0 0.5616985598737424 0.953369140625 0.0016768593410929177 0.00244140625
0 0.5561254685342276 0.953369140625 0.0017754981258630894 0.00244140625
0 0.5416748865653975 0.955078125 0.0036496350364963502 0.005859375
0 0.200581968830144 0.954345703125 0.0044387453146577235 0.00439453125
0 0.552870388636812 0.95361328125 0.0017754981258630894 0.00390625
0 0.4479187216413494 0.953369140625 0.0019727756954034327 0.00341796875
0 0.4099921088972184 0.953857421875 0.0014795817715525744 0.00439453125
0 0.7007299270072993 0.9541015625 0.0039455513908068654 0.005859375
0 0.6455415269283883 0.952392578125 0.0028605247583349774 0.00341796875
0 0.32674097455119355 0.951904296875 0.0014795817715525744 0.00244140625
0 0.5727954231603867 0.951416015625 0.000789110278161373 0.00244140625
0 0.42473860722035905 0.951416015625 0.0011836654172420597 0.00244140625
0 0.5466561451962911 0.951171875 0.0019727756954034327 0.0029296875
0 0.37961136318800554 0.953125 0.002465969619254291 0.0068359375
0 0.5715624383507595 0.9501953125 0.0008877490629315447 0.001953125
0 0.42291378970211085 0.949951171875 0.002071414480173604 0.00244140625
0 0.17794436772538963 0.95166015625 0.008088380351154074 0.005859375
0 0.3713257052673111 0.949462890625 0.0012823042020122311 0.00244140625
0 0.31904714933912015 0.953125 0.005819688301440126 0.009765625
0 0.32452160189386464 0.951904296875 0.004340106529887552 0.00830078125
0 0.3115506016965871 0.9521484375 0.005819688301440126 0.0087890625
0 0.6856875123298481 0.94921875 0.001085026632471888 0.00390625
0 0.5550897612941409 0.9482421875 0.0016768593410929177 0.001953125
0 0.5392089169461433 0.949951171875 0.0016768593410929177 0.00537109375
0 0.30222923653580586 0.94921875 0.003156441112645492 0.00390625
0 0.2364371670941014 0.94970703125 0.0051292168080489245 0.0048828125
0 0.6980173604261195 0.9482421875 0.001874136910633261 0.0029296875
0 0.4036792266719274 0.95166015625 0.004636022884198066 0.009765625
0 0.20289998027224304 0.949462890625 0.006312882225290984 0.00537109375
0 0.5628822252909844 0.947265625 0.0012823042020122311 0.001953125
0 0.5519333201814953 0.947998046875 0.0016768593410929177 0.00341796875
0 0.16985598737423555 0.948974609375 0.0039455513908068654 0.00537109375
0 0.5490727954231603 0.94677734375 0.0008877490629315447 0.001953125
0 0.3179128033142632 0.947998046875 0.0023673308344841193 0.00439453125
0 0.4294732688893273 0.94775390625 0.0019727756954034327 0.0048828125
0 0.7156737028999802 0.94775390625 0.004636022884198066 0.005859375
0 0.5461629512724403 0.94580078125 0.0011836654172420597 0.001953125
0 0.5662359439731702 0.94677734375 0.0044387453146577235 0.0048828125
0 0.38128822252909844 0.9462890625 0.003452357466956007 0.0048828125
0 0.15732886170842375 0.9462890625 0.005918327086210298 0.0048828125
0 0.6853422765831525 0.944580078125 0.003156441112645492 0.00244140625
0 0.6668968238311304 0.946044921875 0.0017754981258630894 0.00537109375
0 0.5478891300059183 0.94580078125 0.0014795817715525744 0.0048828125
0 0.5430558295521799 0.944091796875 0.001085026632471888 0.00146484375
0 0.5379759321365161 0.94482421875 0.002959163543105149 0.0029296875
0 0.44081672913789705 0.944580078125 0.002170053264943776 0.00244140625
0 0.6807062536989544 0.946044921875 0.0025646084040244622 0.00634765625
0 0.5709706056421385 0.944580078125 0.0030578023278753207 0.00341796875
0 0.5575557309133952 0.94580078125 0.0028605247583349774 0.005859375
0 0.4016571315841389 0.943603515625 0.0013809429867824028 0.00146484375
0 0.37458078516472676 0.947021484375 0.0077924639968435586 0.00830078125
0 0.6632471887946341 0.94580078125 0.004734661668968239 0.0068359375
0 0.540836456894851 0.944091796875 0.0017754981258630894 0.00341796875
0 0.6707437364371671 0.943115234375 0.0011836654172420597 0.00244140625
0 0.3999309528506609 0.94287109375 0.001085026632471888 0.001953125
0 0.5795028605247583 0.943359375 0.0017754981258630894 0.00390625
0 0.649487078319195 0.946533203125 0.0038469126060366936 0.01220703125
0 0.3056815940027619 0.94287109375 0.004931939238508582 0.0048828125
0 0.6760209114223713 0.942138671875 0.0012823042020122311 0.00439453125
0 0.5652002367330834 0.941162109375 0.0017754981258630894 0.00244140625
0 0.6722233182087197 0.941162109375 0.0017754981258630894 0.00341796875
0 0.6642828960347209 0.94091796875 0.0008877490629315447 0.0029296875
0 0.18578615111461827 0.944580078125 0.010751627539948707 0.01025390625
0 0.5762971000197278 0.94189453125 0.002663247188794634 0.0068359375
0 0.5687019135924245 0.940185546875 0.0014795817715525744 0.00341796875
0 0.30883803511540736 0.939697265625 0.0013809429867824028 0.00244140625
0 0.37354507792464 0.940185546875 0.003748273821266522 0.00439453125
0 0.43539159597553756 0.938720703125 0.0027618859735648055 0.00244140625
0 0.42306174787926615 0.940185546875 0.004734661668968239 0.00634765625
0 0.2058098244229631 0.938720703125 0.002071414480173604 0.00341796875
0 0.37818110080883804 0.939697265625 0.003748273821266522 0.00634765625
0 0.43105148944565 0.93798828125 0.002170053264943776 0.00390625
0 0.7119747484710989 0.937744140625 0.003156441112645492 0.00439453125
0 0.6775004931939238 0.93701171875 0.0012823042020122311 0.00390625
0 0.548234365752614 0.936279296875 0.0017754981258630894 0.00341796875
0 0.5458177155257448 0.937744140625 0.0036496350364963502 0.00830078125
0 0.5375320576050503 0.9345703125 0.0008877490629315447 0.001953125
0 0.39904320378772934 0.93505859375 0.001085026632471888 0.0029296875
0 0.5664825409350956 0.934326171875 0.002170053264943776 0.00244140625
0 0.6995955809824423 0.935791015625 0.0038469126060366936 0.00634765625
0 0.6739001775498126 0.935546875 0.0023673308344841193 0.005859375
0 0.43692049713947523 0.933837890625 0.0022686920497139475 0.00244140625
0 0.43376405602682977 0.93310546875 0.0028605247583349774 0.0029296875
0 0.4313967251923456 0.9326171875 0.0008877490629315447 0.001953125
0 0.42710593805484315 0.933837890625 0.0027618859735648055 0.00439453125
0 0.5611560465575064 0.932373046875 0.001578220556322746 0.00244140625
0 0.2630696389820477 0.932861328125 0.0017754981258630894 0.00341796875
0 0.17528112053659498 0.933837890625 0.005326494377589268 0.00537109375
0 0.6836654172420595 0.93359375 0.004734661668968239 0.005859375
0 0.6544683369500888 0.933837890625 0.0019727756954034327 0.00634765625
0 0.5639179325310713 0.931884765625 0.0017754981258630894 0.00244140625
0 0.4456993489840205 0.931884765625 0.0016768593410929177 0.00244140625
0 0.6660090747681988 0.931640625 0.000789110278161373 0.0029296875
0 0.4033339909252318 0.930908203125 0.0011836654172420597 0.00146484375
0 0.3687610968632866 0.931396484375 0.0012823042020122311 0.00244140625
0 0.43889327283487867 0.930908203125 0.0016768593410929177 0.00244140625
0 0.19712961136318802 0.93212890625 0.001874136910633261 0.005859375
0 0.6496843558887354 0.930419921875 0.0016768593410929177 0.00341796875
0 0.5459163543105149 0.93017578125 0.001085026632471888 0.0029296875
0 0.22188794634050107 0.931396484375 0.003452357466956007 0.00537109375
0 0.5622410731899783 0.92822265625 0.0009863878477017164 0.001953125
0 0.5414282896034721 0.93115234375 0.006707437364371671 0.0078125
0 0.41946143223515486 0.927734375 0.0028605247583349774 0.0029296875
0 0.2871868218583547 0.927490234375 0.00424146774511738 0.00341796875
0 0.18593410929177354 0.926513671875 0.003748273821266522 0.00341796875
0 0.6793746301045571 0.92724609375 0.0030578023278753207 0.0068359375
0 0.21606825803906096 0.92529296875 0.002071414480173604 0.0029296875
0 0.2596172815150917 0.923828125 0.0023673308344841193 0.0029296875
0 0.1790787137502466 0.924072265625 0.002465969619254291 0.00341796875
0 0.6776484513710791 0.92333984375 0.0009863878477017164 0.0029296875
0 0.4308048924837246 0.92431640625 0.003255079897415664 0.0048828125
0 0.3956894851055435 0.92333984375 0.001085026632471888 0.0029296875
0 0.19525547445255476 0.9228515625 0.0022686920497139475 0.001953125
0 0.14835273229433812 0.924560546875 0.005326494377589268 0.00537109375
0 0.4279936871177747 0.92431640625 0.0023673308344841193 0.005859375
0 0.4336160978496745 0.923828125 0.003156441112645492 0.005859375
0 0.42375221937265733 0.92578125 0.0051292168080489245 0.009765625
0 0.18129808640757547 0.922119140625 0.0017754981258630894 0.00341796875
0 0.15328467153284672 0.922607421875 0.001578220556322746 0.00439453125
0 0.3105148944565003 0.922119140625 0.0027618859735648055 0.00439453125
0 0.22060564213848885 0.9228515625 0.006806076149141842 0.0068359375
0 0.23441507200631287 0.920654296875 0.005819688301440126 0.00634765625
0 0.6508680213059775 0.919189453125 0.002071414480173604 0.00439453125
0 0.39425922272637604 0.9189453125 0.001578220556322746 0.00390625
0 0.13242256855395543 0.918212890625 0.0012823042020122311 0.00244140625
0 0.6736042611955021 0.9189453125 0.002170053264943776 0.0087890625
0 0.6710889721838627 0.91455078125 0.001085026632471888 0.0029296875
0 0.694811599921089 0.913330078125 0.0027618859735648055 0.00244140625
0 0.6793746301045571 0.916015625 0.002071414480173604 0.0078125
0 0.4306569343065693 0.915283203125 0.006312882225290984 0.00732421875
0 0.30222923653580586 0.91259765625 0.0009863878477017164 0.001953125
0 0.1550601696587098 0.91259765625 0.002959163543105149 0.0029296875
0 0.18297494574866838 0.9111328125 0.003550996251726179 0.00390625
0 0.6900276188597356 0.91162109375 0.0028605247583349774 0.005859375
0 0.10253501676859342 0.91015625 0.0030578023278753207 0.0029296875
0 0.19022489642927598 0.910400390625 0.003255079897415664 0.00439453125
0 0.13227461037680016 0.90869140625 0.002170053264943776 0.001953125
0 0.11604853028210692 0.908447265625 0.004636022884198066 0.00244140625
0 0.3761096863286644 0.910400390625 0.004537384099427895 0.00830078125
0 0.09854014598540146 0.908203125 0.0023673308344841193 0.00390625
0 0.1432728348786743 0.906982421875 0.0036496350364963502 0.00341796875
0 0.38054843164332214 0.907470703125 0.003748273821266522 0.00634765625
0 0.1568356677845729 0.90478515625 0.0009863878477017164 0.001953125
0 0.6778457289406195 0.904541015625 0.002959163543105149 0.00341796875
0 0.13996843558887354 0.904052734375 0.0023673308344841193 0.00244140625
0 0.6495363977115802 0.904541015625 0.0017754981258630894 0.00439453125
0 0.39208916946143224 0.906005859375 0.004931939238508582 0.00732421875
0 0.6725192345630302 0.904052734375 0.0013809429867824028 0.00439453125
0 0.6891891891891891 0.902587890625 0.0025646084040244622 0.00439453125
0 0.681643322154271 0.903076171875 0.004636022884198066 0.00537109375
0 0.3005030578023279 0.900634765625 0.002071414480173604 0.00244140625
0 0.12255869007693825 0.900390625 0.0028605247583349774 0.001953125
0 0.11284276977707634 0.8994140625 0.0019727756954034327 0.001953125
0 0.19426908660485304 0.8994140625 0.0028605247583349774 0.00390625
0 0.16354310514894457 0.898193359375 0.001578220556322746 0.00244140625
0 0.16521996449003748 0.896484375 0.0013809429867824028 0.001953125
0 0.1811501282304202 0.895751953125 0.002465969619254291 0.00244140625
0 0.13296508187019135 0.8955078125 0.004537384099427895 0.00390625
0 0.39243440520812783 0.894287109375 0.0012823042020122311 0.00244140625
0 0.37882225290984417 0.894775390625 0.004636022884198066 0.00341796875
0 0.10973564805681595 0.89501953125 0.0036496350364963502 0.00390625
0 0.389080686525942 0.896484375 0.0044387453146577235 0.0078125
0 0.17468928782797397 0.89453125 0.0017754981258630894 0.00390625
0 0.37645492207536 0.8916015625 0.0028605247583349774 0.0029296875
0 0.3960347208522391 0.89111328125 0.0013809429867824028 0.0029296875
0 0.14549220753600314 0.893310546875 0.006510159794831328 0.00830078125
0 0.668968238311304 0.89013671875 0.0011836654172420597 0.00390625
0 0.12043795620437957 0.888671875 0.0027618859735648055 0.001953125
0 0.16290195304793845 0.888427734375 0.001874136910633261 0.00244140625
0 0.6521010061156046 0.888427734375 0.0019727756954034327 0.00341796875
0 0.15989347011244823 0.88720703125 0.0019727756954034327 0.001953125
0 0.11757743144604459 0.887451171875 0.0025646084040244622 0.00244140625
0 0.3785756559479187 0.887451171875 0.004142828960347208 0.00341796875
0 0.15515880844347998 0.885986328125 0.0013809429867824028 0.00244140625
0 0.14963503649635038 0.88623046875 0.006904714933912014 0.00390625
0 0.09760307753008483 0.8857421875 0.0036496350364963502 0.0029296875
0 0.6815446833695009 0.887451171875 0.00542513316235944 0.00732421875
0 0.1678832116788321 0.884521484375 0.003748273821266522 0.00244140625
0 0.13538173209706056 0.884765625 0.001874136910633261 0.0029296875
0 0.1620142039850069 0.884765625 0.0014795817715525744 0.00390625
0 0.6548628920891695 0.883544921875 0.0013809429867824028 0.00244140625
0 0.1414973367528112 0.884033203125 0.002071414480173604 0.00341796875
0 0.12107910830538568 0.88232421875 0.0012823042020122311 0.00390625
0 0.1147169066877096 0.884765625 0.005523771947129611 0.0087890625
0 0.3892779640954823 0.8828125 0.003255079897415664 0.005859375
0 0.16319786940224895 0.880859375 0.0014795817715525744 0.001953125
0 0.6904221739988163 0.882080078125 0.004044190175577037 0.00537109375
0 0.12601104754389425 0.882568359375 0.007989741566383901 0.00634765625
0 0.16556520023673307 0.8798828125 0.0008877490629315447 0.001953125
0 0.1342473860722036 0.878662109375 0.0019727756954034327 0.00244140625
0 0.6956993489840205 0.87841796875 0.0017754981258630894 0.0029296875
0 0.6853422765831525 0.8798828125 0.0039455513908068654 0.005859375
0 0.37359439731702504 0.87890625 0.002663247188794634 0.00390625
0 0.533339909252318 0.87744140625 0.000789110278161373 0.001953125
0 0.15446833695008877 0.879150390625 0.003156441112645492 0.00537109375
0 0.6468731505227856 0.877197265625 0.0023673308344841193 0.00244140625
0 0.160337344643914 0.87890625 0.0028605247583349774 0.005859375
0 0.12093115012823041 0.877197265625 0.004142828960347208 0.00244140625
0 0.11131386861313869 0.878662109375 0.00483330045373841 0.00537109375
0 0.4872755967646479 0.87646484375 0.000789110278161373 0.001953125
0 0.14993095285066088 0.87841796875 0.0025646084040244622 0.005859375
0 0.6728644703097257 0.87646484375 0.0022686920497139475 0.0029296875
0 0.6693627934503847 0.876220703125 0.0013809429867824028 0.00244140625
0 0.20561254685342276 0.87646484375 0.002071414480173604 0.0029296875
0 0.12472874334188203 0.876220703125 0.0022686920497139475 0.00244140625
0 0.6510652988755179 0.87939453125 0.005622410731899783 0.009765625
0 0.18188991911619648 0.875732421875 0.0017754981258630894 0.00244140625
0 0.5320082856579207 0.876953125 0.0016768593410929177 0.005859375
0 0.694269086604853 0.87451171875 0.0014795817715525744 0.0029296875
0 0.17434405208127837 0.87451171875 0.0030578023278753207 0.0029296875
0 0.1710889721838627 0.873779296875 0.0012823042020122311 0.00244140625
0 0.6910140067074374 0.874755859375 0.00424146774511738 0.00537109375
0 0.48086407575458673 0.8740234375 0.0017754981258630894 0.00390625
0 0.14519629118169264 0.8740234375 0.005523771947129611 0.00390625
0 0.1373051884000789 0.87255859375 0.0019727756954034327 0.001953125
0 0.5430065101597948 0.8720703125 0.0011836654172420597 0.001953125
0 0.15284079700138095 0.872802734375 0.0038469126060366936 0.00341796875
0 0.684454527520221 0.873046875 0.0019727756954034327 0.0048828125
0 0.6348392187808246 0.873046875 0.004340106529887552 0.0048828125
0 0.48757151311895836 0.872314453125 0.001578220556322746 0.00341796875
0 0.16457881238903135 0.87158203125 0.001085026632471888 0.001953125
0 0.11412507397908858 0.871826171875 0.003156441112645492 0.00244140625
0 0.6546162951272441 0.87255859375 0.0038469126060366936 0.0048828125
0 0.14223712763858748 0.87109375 0.001578220556322746 0.001953125
0 0.4851055434997041 0.871337890625 0.0027618859735648055 0.00341796875
0 0.1665515880844348 0.87060546875 0.0014795817715525744 0.001953125
0 0.4787926612744131 0.8720703125 0.0019727756954034327 0.005859375
0 0.6480568159400276 0.87158203125 0.0023673308344841193 0.005859375
0 0.18549023476030777 0.86962890625 0.001085026632471888 0.001953125
0 0.3756164924048136 0.869873046875 0.002170053264943776 0.00341796875
0 0.17819096468731505 0.869873046875 0.0028605247583349774 0.00341796875
0 0.13543105148944565 0.869140625 0.0017754981258630894 0.001953125
0 0.47233182087196685 0.871337890625 0.0028605247583349774 0.00732421875
0 0.1314855000986388 0.87060546875 0.004537384099427895 0.005859375
0 0.5381732097060564 0.8681640625 0.0011836654172420597 0.001953125
0 0.1706450976523969 0.869384765625 0.003748273821266522 0.00439453125
0 0.6738508581574275 0.8681640625 0.001085026632471888 0.0029296875
0 0.5361511146182679 0.8681640625 0.0028605247583349774 0.0048828125
0 0.49630104557111854 0.866943359375 0.0012823042020122311 0.00244140625
0 0.3727559676464786 0.86669921875 0.000789110278161373 0.001953125
0 0.4763760110475439 0.866455078125 0.001085026632471888 0.00244140625
0 0.6935786151114618 0.865966796875 0.0008877490629315447 0.00244140625
0 0.6897317025054251 0.866455078125 0.0016768593410929177 0.00341796875
0 0.48791674886565395 0.865966796875 0.0030578023278753207 0.00244140625
0 0.47474847109883606 0.865966796875 0.0009863878477017164 0.00244140625
0 0.15875912408759124 0.865966796875 0.0030578023278753207 0.00244140625
0 0.14450581968830145 0.866455078125 0.0027618859735648055 0.00341796875
0 0.5295423160386664 0.86669921875 0.0012823042020122311 0.0048828125
0 0.5269283882422569 0.86767578125 0.004931939238508582 0.0078125
0 0.6437660288025252 0.8642578125 0.0006904714933912014 0.001953125
0 0.6302031958966265 0.864990234375 0.0033537186821858355 0.00341796875
0 0.11190570132175971 0.865478515625 0.006016965870980469 0.00439453125
0 0.4791378970211087 0.864013671875 0.0016768593410929177 0.00244140625
0 0.10061156046557507 0.86376953125 0.0013809429867824028 0.001953125
0 0.09646873150522786 0.864013671875 0.0013809429867824028 0.00244140625
0 0.47302229236535803 0.86328125 0.001085026632471888 0.001953125
0 0.22889130005918326 0.86376953125 0.0016768593410929177 0.0029296875
0 0.6822844742552772 0.864013671875 0.0025646084040244622 0.00439453125
0 0.6347898993884395 0.865966796875 0.0030578023278753207 0.00830078125
0 0.37250937068455314 0.862548828125 0.0014795817715525744 0.00244140625
0 0.6866245807851648 0.862060546875 0.0017754981258630894 0.00244140625
0 0.6704971394752417 0.861328125 0.0008877490629315447 0.001953125
0 0.15422173998816335 0.861572265625 0.002465969619254291 0.00244140625
0 0.47400868021305975 0.86083984375 0.0008877490629315447 0.001953125
0 0.13972183862694812 0.86474609375 0.005227855592819097 0.009765625
0 0.11984612349575853 0.86181640625 0.0039455513908068654 0.00390625
0 0.5299368711777471 0.8623046875 0.005622410731899783 0.0068359375
0 0.501726178733478 0.8603515625 0.001874136910633261 0.0029296875
0 0.45043401065298877 0.8603515625 0.002663247188794634 0.0029296875
0 0.0970112448214638 0.860107421875 0.003452357466956007 0.00244140625
0 0.6210791083053857 0.859375 0.001085026632471888 0.001953125
0 0.44456500295916357 0.859375 0.0011836654172420597 0.001953125
0 0.16640362990727955 0.861328125 0.005326494377589268 0.005859375
0 0.4801242848688104 0.85986328125 0.0012823042020122311 0.00390625
0 0.44811599921088974 0.859375 0.0017754981258630894 0.0029296875
0 0.5203195896626553 0.85791015625 0.0011836654172420597 0.001953125
0 0.4773623988952456 0.858154296875 0.0012823042020122311 0.00244140625
0 0.44584730716117577 0.858154296875 0.000789110278161373 0.00244140625
0 0.13163345827579404 0.861572265625 0.007397908857762872 0.00927734375
0 0.6309429867824028 0.858154296875 0.0022686920497139475 0.00341796875
0 0.5059183270862103 0.85986328125 0.0017754981258630894 0.0068359375
0 0.48520418228447426 0.857666015625 0.001578220556322746 0.00244140625
0 0.6261096863286645 0.859375 0.006016965870980469 0.0068359375
0 0.6148155454724797 0.85693359375 0.0013809429867824028 0.0029296875
0 0.5788617084237522 0.85791015625 0.0028605247583349774 0.0048828125
0 0.49718879463405014 0.85693359375 0.001085026632471888 0.0029296875
0 0.45768396133359635 0.858154296875 0.002170053264943776 0.00537109375
0 0.4551193529295719 0.85791015625 0.0019727756954034327 0.0048828125
0 0.5495659893470113 0.855712890625 0.0012823042020122311 0.00244140625
0 0.4630597751035707 0.85595703125 0.002071414480173604 0.0029296875
0 0.21088972183862695 0.855712890625 0.002170053264943776 0.00244140625
0 0.11437167094101401 0.8564453125 0.002071414480173604 0.00390625
0 0.5444860919313474 0.855712890625 0.0019727756954034327 0.00341796875
0 0.5391595975537581 0.856201171875 0.0025646084040244622 0.00439453125
0 0.10766423357664233 0.857421875 0.002663247188794634 0.0068359375
0 0.4675971592029986 0.8544921875 0.0014795817715525744 0.001953125
0 0.5318603274807654 0.85498046875 0.0011836654172420597 0.0048828125
0 0.2009765239692247 0.85400390625 0.0016768593410929177 0.0029296875
0 0.5078417833892287 0.853271484375 0.0030578023278753207 0.00244140625
0 0.5046360228841981 0.85302734375 0.000789110278161373 0.001953125
0 0.4948707831919511 0.853271484375 0.0023673308344841193 0.00244140625
0 0.43938646675872955 0.853271484375 0.0016768593410929177 0.00244140625
0 0.5125271256658118 0.853759765625 0.0011836654172420597 0.00439453125
0 0.48880449792858555 0.855712890625 0.0022686920497139475 0.00830078125
0 0.6270960741763661 0.853271484375 0.002071414480173604 0.00439453125
0 0.6168376405602684 0.853759765625 0.002663247188794634 0.00537109375
0 0.15215032550798974 0.85205078125 0.0022686920497139475 0.0029296875
0 0.6388834089564016 0.85205078125 0.0025646084040244622 0.00390625
0 0.6351351351351351 0.854248046875 0.0039455513908068654 0.00830078125
0 0.6033241270467548 0.8525390625 0.0028605247583349774 0.0048828125
0 0.5374334188202802 0.851318359375 0.0014795817715525744 0.00244140625
0 0.45600710199250344 0.851318359375 0.0019727756954034327 0.00244140625
0 0.6851943184059972 0.850830078125 0.0008877490629315447 0.00244140625
0 0.4923554941803117 0.8525390625 0.002071414480173604 0.005859375
0 0.4651805089761294 0.85107421875 0.0023673308344841193 0.0029296875
0 0.5222923653580588 0.8505859375 0.0011836654172420597 0.0029296875
0 0.5136121522982837 0.8505859375 0.0013809429867824028 0.0029296875
0 0.3707831919510752 0.8505859375 0.0027618859735648055 0.0029296875
0 0.6285263365555336 0.85009765625 0.0017754981258630894 0.0029296875
0 0.4818504636022884 0.85009765625 0.0013809429867824028 0.0029296875
0 0.3675774314460446 0.849853515625 0.0012823042020122311 0.00244140625
0 0.32309133951469715 0.849853515625 0.0008877490629315447 0.00244140625
0 0.5806372065496153 0.85302734375 0.003255079897415664 0.009765625
0 0.11772538962319984 0.85205078125 0.00424146774511738 0.0078125
0 0.6809528506608798 0.848876953125 0.0016768593410929177 0.00244140625
0 0.45817715525744723 0.84912109375 0.001578220556322746 0.0029296875
0 0.6238409942789505 0.852783203125 0.003452357466956007 0.01123046875
0 0.5634247386072203 0.84814453125 0.0009863878477017164 0.001953125
0 0.5435983428684159 0.84814453125 0.0023673308344841193 0.001953125
0 0.5200729927007299 0.849853515625 0.002663247188794634 0.00537109375
0 0.5062142434405208 0.848388671875 0.0017754981258630894 0.00244140625
0 0.4624186230025646 0.84814453125 0.0011836654172420597 0.001953125
0 0.0939041231012034 0.848388671875 0.0017754981258630894 0.00244140625
0 0.6004636022884198 0.84912109375 0.0022686920497139475 0.0048828125
0 0.571217202604064 0.851318359375 0.003748273821266522 0.00927734375
0 0.5456697573485895 0.849853515625 0.0023673308344841193 0.00634765625
0 0.502860524758335 0.853271484375 0.003550996251726179 0.01318359375
0 0.16255671730124285 0.84814453125 0.0011836654172420597 0.0029296875
0 0.5370881830735845 0.847412109375 0.0011836654172420597 0.00244140625
0 0.5352633655553364 0.847900390625 0.001874136910633261 0.00341796875
0 0.5283586506214244 0.85205078125 0.006214243440520813 0.01171875
0 0.4743539159597554 0.848876953125 0.0019727756954034327 0.00537109375
0 0.3866640362990728 0.847412109375 0.0013809429867824028 0.00244140625
0 0.5852732294338133 0.8466796875 0.001085026632471888 0.001953125
0 0.44417044782008286 0.846923828125 0.0009863878477017164 0.00244140625
0 0.1220654961530874 0.847900390625 0.005030578023278753 0.00439453125
0 0.10613533241270467 0.846923828125 0.0017754981258630894 0.00244140625
0 0.6535312684947722 0.847900390625 0.0022686920497139475 0.00537109375
0 0.6428782797395937 0.849853515625 0.005622410731899783 0.00927734375
0 0.5474452554744526 0.845947265625 0.0011836654172420597 0.00146484375
0 0.5388143618070625 0.84619140625 0.0008877490629315447 0.001953125
0 0.4768198855790097 0.846923828125 0.0009863878477017164 0.00341796875
0 0.4423949496942198 0.8466796875 0.0009863878477017164 0.0029296875
0 0.17217399881633458 0.84765625 0.007397908857762872 0.0048828125
0 0.15254488064707042 0.84716796875 0.0036496350364963502 0.00390625
0 0.4399289800749655 0.846435546875 0.0023673308344841193 0.00341796875
0 0.6047543894259223 0.846435546875 0.004340106529887552 0.00439453125
0 0.5901065298875517 0.845458984375 0.002465969619254291 0.00244140625
0 0.6414973367528112 0.845703125 0.001874136910633261 0.00390625
0 0.5515387650424147 0.847900390625 0.003255079897415664 0.00830078125
0 0.5123298480962715 0.8447265625 0.0009863878477017164 0.001953125
0 0.4990136121522983 0.845947265625 0.0027618859735648055 0.00439453125
0 0.18238311304004734 0.844970703125 0.0023673308344841193 0.00244140625
0 0.6742454132965082 0.845703125 0.0028605247583349774 0.0048828125
0 0.5620437956204379 0.8447265625 0.0013809429867824028 0.0029296875
0 0.5425626356283291 0.84423828125 0.001085026632471888 0.001953125
0 0.13478989938843952 0.844482421875 0.001874136910633261 0.00244140625
0 0.6230518840007891 0.84423828125 0.0014795817715525744 0.0029296875
0 0.325853225488262 0.8447265625 0.0028605247583349774 0.00390625
0 0.14312487670151905 0.84375 0.002959163543105149 0.001953125
0 0.13079502860524758 0.844482421875 0.0027618859735648055 0.00341796875
0 0.5365456697573486 0.843505859375 0.001874136910633261 0.00244140625
0 0.4851055434997041 0.84326171875 0.0005918327086210298 0.001953125
0 0.5211086999408168 0.843505859375 0.0011836654172420597 0.00341796875
0 0.5152890116393766 0.843017578125 0.0011836654172420597 0.00244140625
0 0.5015289011639377 0.843505859375 0.002071414480173604 0.00341796875
0 0.6329157624778062 0.843505859375 0.0022686920497139475 0.00439453125
0 0.5488755178536201 0.843994140625 0.0016768593410929177 0.00537109375
0 0.5291477608995857 0.84375 0.002663247188794634 0.0048828125
0 0.5231801144209903 0.84375 0.002170053264943776 0.0048828125
0 0.4835766423357664 0.842529296875 0.0012823042020122311 0.00244140625
0 0.1880548431643322 0.842529296875 0.001085026632471888 0.00244140625
0 0.17710593805484318 0.843994140625 0.00424146774511738 0.00537109375
0 0.15417242059577826 0.843017578125 0.002959163543105149 0.00341796875
0 0.09952653383310317 0.8427734375 0.002170053264943776 0.0029296875
0 0.6161964884592622 0.84326171875 0.0027618859735648055 0.0048828125
0 0.4675971592029986 0.842041015625 0.0006904714933912014 0.00244140625
0 0.46429275991319785 0.841796875 0.0011836654172420597 0.001953125
0 0.4537877293351746 0.84130859375 0.001085026632471888 0.001953125
0 0.32388044979285857 0.841796875 0.001085026632471888 0.0029296875
0 0.16630499112250938 0.843505859375 0.005721049516669955 0.00634765625
0 0.6196488459262182 0.843017578125 0.002959163543105149 0.00634765625
0 0.5976030775300848 0.8427734375 0.001874136910633261 0.005859375
0 0.5128230420201223 0.841064453125 0.0011836654172420597 0.00244140625
0 0.11841586111659104 0.842041015625 0.0038469126060366936 0.00439453125
0 0.10283093312290392 0.841552734375 0.0028605247583349774 0.00341796875
0 0.6268001578220557 0.84326171875 0.005030578023278753 0.0078125
0 0.5676168869599526 0.84130859375 0.0014795817715525744 0.00390625
0 0.5318603274807654 0.843505859375 0.003156441112645492 0.00927734375
0 0.4800749654764253 0.83984375 0.000789110278161373 0.001953125
0 0.14914184257249952 0.843505859375 0.004537384099427895 0.00927734375
0 0.555188400078911 0.839599609375 0.0012823042020122311 0.00244140625
0 0.554004734661669 0.840576171875 0.001085026632471888 0.00439453125
0 0.4963996843558887 0.839599609375 0.001085026632471888 0.00244140625
0 0.12719471296113632 0.84228515625 0.003452357466956007 0.0087890625
0 0.5237719471296114 0.83837890625 0.0011836654172420597 0.001953125
0 0.48949496942197673 0.839111328125 0.001874136910633261 0.00341796875
0 0.14480173604261196 0.83935546875 0.003550996251726179 0.00390625
0 0.1216709410140067 0.8388671875 0.0012823042020122311 0.0029296875
0 0.6376504241467745 0.843017578125 0.00483330045373841 0.01220703125
0 0.6054941803116985 0.83935546875 0.001874136910633261 0.0048828125
0 0.5997731307950286 0.838134765625 0.0012823042020122311 0.00244140625
0 0.5219471296113631 0.838623046875 0.0022686920497139475 0.00341796875
0 0.4920102584336161 0.837890625 0.0009863878477017164 0.001953125
0 0.33246202406786346 0.837890625 0.0014795817715525744 0.001953125
0 0.1105740777273624 0.841552734375 0.010455711185638194 0.00927734375
0 0.5637206549615309 0.840576171875 0.0051292168080489245 0.00830078125
0 0.552327875320576 0.83837890625 0.0016768593410929177 0.00390625
0 0.5504537384099428 0.83740234375 0.0008877490629315447 0.001953125
0 0.5468041033734464 0.837646484375 0.001085026632471888 0.00244140625
0 0.5256954034326297 0.83837890625 0.001874136910633261 0.00390625
0 0.51154073781811 0.83740234375 0.001578220556322746 0.001953125
0 0.506904714933912 0.837646484375 0.0011836654172420597 0.00244140625
0 0.5840402446241862 0.841552734375 0.004142828960347208 0.01123046875
0 0.536742947326889 0.837890625 0.0038469126060366936 0.00390625
0 0.64371670941014 0.837158203125 0.0039455513908068654 0.00341796875
0 0.5336358256066285 0.836669921875 0.0011836654172420597 0.00244140625
0 0.5318110080883803 0.83642578125 0.001085026632471888 0.001953125
0 0.46434207930558297 0.836669921875 0.0006904714933912014 0.00244140625
0 0.17409745511935293 0.837890625 0.003550996251726179 0.0048828125
0 0.13197869402248966 0.83935546875 0.0039455513908068654 0.0078125
0 0.6785362004340106 0.83935546875 0.004734661668968239 0.0087890625
0 0.6500789110278161 0.838134765625 0.002663247188794634 0.00634765625
0 0.6243341882028013 0.83837890625 0.002465969619254291 0.0068359375
0 0.6130893667390018 0.8359375 0.0008877490629315447 0.001953125
0 0.5269777076346419 0.8359375 0.0008877490629315447 0.001953125
0 0.44476228052870387 0.83740234375 0.0013809429867824028 0.0048828125
0 0.1912112842769777 0.8359375 0.0036496350364963502 0.001953125
0 0.16709410140067074 0.836181640625 0.0019727756954034327 0.00341796875
0 0.15002959163543106 0.836181640625 0.003748273821266522 0.00341796875
0 0.6550108502663248 0.835693359375 0.002465969619254291 0.00341796875
0 0.6021404616295127 0.8349609375 0.0012823042020122311 0.001953125
0 0.5659400276188598 0.8349609375 0.0006904714933912014 0.001953125
0 0.5636713355691458 0.835693359375 0.0016768593410929177 0.00341796875
0 0.23071611757743143 0.835693359375 0.001578220556322746 0.00341796875
0 0.6055434997040836 0.83447265625 0.0011836654172420597 0.001953125
0 0.4859932925626356 0.834716796875 0.000789110278161373 0.00244140625
0 0.18336950088774906 0.83642578125 0.004340106529887552 0.005859375
0 0.5881830735845335 0.83544921875 0.001578220556322746 0.0048828125
0 0.1432728348786743 0.83544921875 0.002465969619254291 0.0048828125
0 0.11866245807851647 0.8349609375 0.003156441112645492 0.00390625
0 0.15836456894851056 0.840087890625 0.007003353718682186 0.01513671875
0 0.6352830933122904 0.83349609375 0.001874136910633261 0.0029296875
0 0.5790096666009075 0.834716796875 0.0019727756954034327 0.00537109375
0 0.5486782402840797 0.833251953125 0.0012823042020122311 0.00244140625
0 0.45423160386664035 0.83349609375 0.000789110278161373 0.0029296875
0 0.3648155454724798 0.833251953125 0.001874136910633261 0.00244140625
0 0.5773328072598145 0.83251953125 0.000789110278161373 0.001953125
0 0.4599526533833103 0.83251953125 0.000789110278161373 0.001953125
0 0.20023673308344841 0.83251953125 0.0019727756954034327 0.001953125
0 0.639623199842178 0.8330078125 0.0030578023278753207 0.00390625
0 0.5855691457881239 0.833984375 0.0036496350364963502 0.005859375
0 0.5605148944565003 0.834228515625 0.0022686920497139475 0.00634765625
0 0.5237226277372263 0.831787109375 0.002465969619254291 0.00244140625
0 0.4377589268100217 0.832275390625 0.002170053264943776 0.00341796875
0 0.5820181495363977 0.831298828125 0.001085026632471888 0.00244140625
0 0.5394061945156836 0.831298828125 0.0014795817715525744 0.00244140625
0 0.5117873347800355 0.83251953125 0.0016768593410929177 0.0048828125
0 0.12364371670941014 0.831298828125 0.002663247188794634 0.00244140625
0 0.11989544288814362 0.831298828125 0.0030578023278753207 0.00244140625
0 0.11146182679029394 0.832275390625 0.003748273821266522 0.00439453125
0 0.6734563030183468 0.83056640625 0.002465969619254291 0.001953125
0 0.5697376208325113 0.83056640625 0.0009863878477017164 0.001953125
0 0.5586407575458671 0.831787109375 0.0014795817715525744 0.00439453125
0 0.6104754389425923 0.832275390625 0.002170053264943776 0.00634765625
0 0.4944762280528704 0.83056640625 0.0013809429867824028 0.0029296875
0 0.5648550009863879 0.830078125 0.0012823042020122311 0.0029296875
0 0.17404813572696784 0.833251953125 0.00897612941408562 0.00927734375
0 0.6462813178141645 0.833251953125 0.005721049516669955 0.01025390625
0 0.39006707437364374 0.829345703125 0.0014795817715525744 0.00244140625
0 0.130449792858552 0.830078125 0.003255079897415664 0.00390625
0 0.6079601499309528 0.831298828125 0.0028605247583349774 0.00732421875
0 0.11599921088972184 0.829345703125 0.0033537186821858355 0.00341796875
0 0.0994772144407181 0.828857421875 0.0022686920497139475 0.00244140625
0 0.6027322943381338 0.829345703125 0.001874136910633261 0.00439453125
0 0.6003649635036497 0.83056640625 0.002071414480173604 0.0068359375
0 0.5248569737620833 0.828125 0.000789110278161373 0.001953125
0 0.5232787532057604 0.828125 0.0009863878477017164 0.001953125
0 0.5608601302031959 0.82861328125 0.0019727756954034327 0.00390625
0 0.5019234563030184 0.827880859375 0.001085026632471888 0.00244140625
0 0.17967054645886762 0.828369140625 0.002465969619254291 0.00341796875
0 0.12714539356875124 0.82861328125 0.0025646084040244622 0.00390625
0 0.6273919905306766 0.829345703125 0.0016768593410929177 0.00634765625
0 0.3296508187019136 0.83056640625 0.0061156046557506415 0.0087890625
0 0.17168080489248372 0.82763671875 0.0012823042020122311 0.0029296875
0 0.6636910633260998 0.8271484375 0.002465969619254291 0.0029296875
0 0.5679621227066483 0.833984375 0.004340106529887552 0.0166015625
0 0.09577826001183666 0.8271484375 0.0019727756954034327 0.0029296875
0 0.6938745314657724 0.826416015625 0.0014795817715525744 0.00244140625
0 0.6211777470901558 0.826904296875 0.001874136910633261 0.00341796875
0 0.12038863681199448 0.826416015625 0.00483330045373841 0.00341796875
0 0.6759222726376011 0.826904296875 0.003255079897415664 0.00537109375
0 0.6148155454724797 0.828369140625 0.005326494377589268 0.00830078125
0 0.5867034918129809 0.825927734375 0.001578220556322746 0.00341796875
0 0.5665811797198659 0.825439453125 0.0017754981258630894 0.00341796875
0 0.6791773525350168 0.826904296875 0.002663247188794634 0.00732421875
0 0.6586604853028211 0.824951171875 0.001874136910633261 0.00341796875
0 0.6372558690076938 0.826416015625 0.004636022884198066 0.00634765625
0 0.6246794239494969 0.826416015625 0.002170053264943776 0.00634765625
0 0.5635726967843756 0.82421875 0.0008877490629315447 0.001953125
0 0.5491714342079306 0.82470703125 0.001085026632471888 0.0029296875
0 0.6409548234365753 0.82421875 0.0011836654172420597 0.0029296875
0 0.5730913395146972 0.824951171875 0.0011836654172420597 0.00439453125
0 0.534474255277175 0.8232421875 0.0008877490629315447 0.001953125
0 0.6520023673308345 0.82470703125 0.0027618859735648055 0.005859375
0 0.625271256658118 0.82275390625 0.0009863878477017164 0.001953125
0 0.5184454527520221 0.8251953125 0.0025646084040244622 0.0068359375
0 0.5389130005918327 0.822265625 0.0006904714933912014 0.001953125
0 0.4385480370881831 0.823486328125 0.0013809429867824028 0.00439453125
0 0.1432728348786743 0.822509765625 0.001085026632471888 0.00244140625
0 0.12058591438153482 0.822265625 0.0022686920497139475 0.001953125
0 0.6435687512329848 0.8232421875 0.00483330045373841 0.0048828125
0 0.5159794831327678 0.82177734375 0.0013809429867824028 0.001953125
0 0.1842079305582955 0.822509765625 0.008384296705464589 0.00439453125
0 0.6546162951272441 0.8232421875 0.0036496350364963502 0.0068359375
0 0.5774807654369698 0.822509765625 0.0022686920497139475 0.00537109375
0 0.13848885381732098 0.826416015625 0.006510159794831328 0.01318359375
0 0.5598737423554941 0.8203125 0.000789110278161373 0.001953125
0 0.16743933714736634 0.822509765625 0.003452357466956007 0.00634765625
0 0.13059775103570723 0.822265625 0.003550996251726179 0.005859375
0 0.6791280331426317 0.8203125 0.002170053264943776 0.0029296875
0 0.6205859143815348 0.8212890625 0.0028605247583349774 0.0048828125
0 0.3607220359045177 0.820556640625 0.0017754981258630894 0.00341796875
0 0.5659893470112448 0.820068359375 0.0009863878477017164 0.00341796875
0 0.3374432826987572 0.819580078125 0.0011836654172420597 0.00244140625
0 0.33473071611757743 0.823486328125 0.0038469126060366936 0.01025390625
0 0.10860130203195896 0.8193359375 0.0025646084040244622 0.00390625
0 0.6660090747681988 0.8193359375 0.001578220556322746 0.0048828125
0 0.6060860130203196 0.81884765625 0.001874136910633261 0.00390625
0 0.0970112448214638 0.8193359375 0.0036496350364963502 0.0048828125
0 0.5972578417833893 0.819091796875 0.0027618859735648055 0.00537109375
0 0.5837443282698758 0.81884765625 0.002959163543105149 0.0048828125
0 0.4964983231406589 0.818115234375 0.0008877490629315447 0.00341796875
0 0.6576740974551194 0.81787109375 0.002465969619254291 0.00390625
0 0.6118070625369896 0.817626953125 0.0012823042020122311 0.00341796875
0 0.6014499901361215 0.8193359375 0.002663247188794634 0.0068359375
0 0.5723515486289209 0.8203125 0.003255079897415664 0.0087890625
0 0.5671236930361018 0.816650390625 0.0016768593410929177 0.00341796875
0 0.541921483527323 0.816162109375 0.0009863878477017164 0.00244140625
0 0.3156934306569343 0.81884765625 0.003255079897415664 0.0078125
0 0.13276780430065102 0.816162109375 0.002170053264943776 0.00244140625
0 0.10066087985796016 0.81689453125 0.0030578023278753207 0.00390625
0 0.5808838035115408 0.816650390625 0.0017754981258630894 0.00439453125
0 0.17533043992898006 0.815673828125 0.0016768593410929177 0.00244140625
0 0.13533241270467547 0.816650390625 0.0019727756954034327 0.00439453125
0 0.5213552969027422 0.81494140625 0.0006904714933912014 0.001953125
0 0.35919313474058 0.815185546875 0.0012823042020122311 0.00244140625
0 0.11111659104359835 0.8173828125 0.0028605247583349774 0.0068359375
0 0.5574570921286249 0.81494140625 0.0012823042020122311 0.0029296875
0 0.647119747484711 0.815185546875 0.0030578023278753207 0.00439453125
0 0.623594397317025 0.81640625 0.004931939238508582 0.0068359375
0 0.5282600118366542 0.814453125 0.001085026632471888 0.0029296875
0 0.3208719668573683 0.81591796875 0.0051292168080489245 0.005859375
0 0.12122706648254093 0.814208984375 0.0017754981258630894 0.00244140625
0 0.6144703097257842 0.816650390625 0.00483330045373841 0.00830078125
0 0.624728743341882 0.812744140625 0.0008877490629315447 0.00244140625
0 0.59765239692247 0.81298828125 0.0023673308344841193 0.0029296875
0 0.5876405602682975 0.8154296875 0.006016965870980469 0.0078125
0 0.3250641152101006 0.816650390625 0.005819688301440126 0.01025390625
0 0.317814164529493 0.813720703125 0.002170053264943776 0.00439453125
0 0.6495363977115802 0.813232421875 0.001578220556322746 0.00439453125
0 0.6404123101203393 0.81494140625 0.002663247188794634 0.0078125
0 0.5728447425527717 0.813720703125 0.0014795817715525744 0.00537109375
0 0.5514894456500296 0.812255859375 0.0009863878477017164 0.00244140625
0 0.38863681199447625 0.812255859375 0.0011836654172420597 0.00244140625
0 0.35850266324718877 0.813232421875 0.002465969619254291 0.00439453125
0 0.2075853225488262 0.81201171875 0.0012823042020122311 0.001953125
0 0.13079502860524758 0.8125 0.0023673308344841193 0.0029296875
0 0.15382718484908267 0.81201171875 0.0016768593410929177 0.0029296875
0 0.6021897810218978 0.8134765625 0.0033537186821858355 0.0068359375
0 0.5680114420990333 0.8115234375 0.0008877490629315447 0.0029296875
0 0.5137107910830538 0.81103515625 0.0009863878477017164 0.001953125
0 0.16428289603472085 0.8115234375 0.002465969619254291 0.0029296875
0 0.10460643124876702 0.811767578125 0.002465969619254291 0.00341796875
0 0.6784868810416256 0.811279296875 0.002071414480173604 0.00341796875
0 0.6608798579601499 0.8125 0.0039455513908068654 0.005859375
0 0.3556914578812389 0.811767578125 0.0023673308344841193 0.00439453125
0 0.3393667390017755 0.810791015625 0.0014795817715525744 0.00244140625
0 0.3096271453935687 0.810546875 0.0009863878477017164 0.001953125
0 0.6728151509173407 0.810546875 0.002170053264943776 0.0029296875
0 0.6444071809035312 0.810302734375 0.000789110278161373 0.00244140625
0 0.6092917735253501 0.812255859375 0.004931939238508582 0.00634765625
0 0.5616492404813572 0.8134765625 0.003748273821266522 0.0087890625
0 0.39342079305582955 0.81005859375 0.0008877490629315447 0.001953125
0 0.32817123693036104 0.810302734375 0.0025646084040244622 0.00244140625
0 0.3205760505030578 0.810791015625 0.002170053264943776 0.00341796875
0 0.6812980864075755 0.811279296875 0.001578220556322746 0.00537109375
0 0.6200927204576839 0.811767578125 0.002663247188794634 0.00732421875
0 0.14771158019333203 0.81005859375 0.0022686920497139475 0.00390625
0 0.5805385677648451 0.810302734375 0.0014795817715525744 0.00537109375
0 0.17044782008285658 0.808837890625 0.0013809429867824028 0.00244140625
0 0.09158611165910437 0.80908203125 0.003452357466956007 0.0029296875
0 0.6347898993884395 0.80859375 0.002663247188794634 0.0029296875
0 0.6241862300256461 0.80908203125 0.0019727756954034327 0.00390625
0 0.1659104359834287 0.808349609375 0.002959163543105149 0.00244140625
0 0.11565397514302624 0.810791015625 0.009173406983625962 0.00732421875
0 0.39559084632077335 0.808349609375 0.002465969619254291 0.00439453125
0 0.3134740579996054 0.8076171875 0.002170053264943776 0.00390625
0 0.6256164924048135 0.80712890625 0.0016768593410929177 0.00390625
0 0.3300453738409943 0.806640625 0.0019727756954034327 0.0029296875
0 0.17725389623199841 0.806884765625 0.0033537186821858355 0.00341796875
0 0.16117577431446045 0.80859375 0.0027618859735648055 0.0068359375
0 0.645393568751233 0.807373046875 0.002959163543105149 0.00537109375
0 0.3223515486289209 0.8056640625 0.0013809429867824028 0.001953125
0 0.11239889524561057 0.806640625 0.0038469126060366936 0.0048828125
0 0.5163247188794634 0.80517578125 0.0014795817715525744 0.0029296875
0 0.3159893470112448 0.80615234375 0.002071414480173604 0.0048828125
0 0.3942099033339909 0.804931640625 0.002663247188794634 0.00439453125
0 0.5594298678240284 0.80712890625 0.003255079897415664 0.009765625
0 0.1251726178733478 0.80615234375 0.0061156046557506415 0.0078125
0 0.5812290392582363 0.802978515625 0.0008877490629315447 0.00244140625
0 0.3582067468928783 0.804443359375 0.0016768593410929177 0.00537109375
0 0.14549220753600314 0.802734375 0.0025646084040244622 0.001953125
0 0.3417833892286447 0.804931640625 0.004931939238508582 0.00732421875
0 0.32777668179128033 0.802978515625 0.002170053264943776 0.00341796875
0 0.12196685736831722 0.804931640625 0.00542513316235944 0.00732421875
0 0.6549122114815545 0.80224609375 0.0016768593410929177 0.0029296875
0 0.5935095679621227 0.80224609375 0.0013809429867824028 0.0029296875
0 0.15515880844347998 0.80419921875 0.005326494377589268 0.0068359375
0 0.13888340895640167 0.802734375 0.003550996251726179 0.00390625
0 0.6409548234365753 0.803955078125 0.0027618859735648055 0.00732421875
0 0.6176760702308147 0.801513671875 0.000789110278161373 0.00244140625
0 0.35490234760307754 0.80126953125 0.001578220556322746 0.001953125
0 0.3331031761688696 0.802001953125 0.0025646084040244622 0.00341796875
0 0.15900572104951666 0.802734375 0.004142828960347208 0.0048828125
0 0.1304004734661669 0.802490234375 0.0039455513908068654 0.00439453125
0 0.11407575458670349 0.80126953125 0.0014795817715525744 0.001953125
0 0.10406391793253107 0.802734375 0.0025646084040244622 0.0048828125
0 0.6243835075951865 0.8017578125 0.003156441112645492 0.00390625
0 0.6053462221345433 0.80126953125 0.001578220556322746 0.0029296875
0 0.3530282106924443 0.80224609375 0.0019727756954034327 0.0048828125
0 0.3014401262576445 0.80224609375 0.005326494377589268 0.0048828125
0 0.20048333004537383 0.801513671875 0.001874136910633261 0.00341796875
0 0.16137305188400078 0.80078125 0.001578220556322746 0.001953125
0 0.10929177352535016 0.802490234375 0.004537384099427895 0.00537109375
0 0.43376405602682977 0.80078125 0.0008877490629315447 0.0029296875
0 0.1348885381732097 0.8017578125 0.00424146774511738 0.0048828125
0 0.5993785756559479 0.800048828125 0.001085026632471888 0.00244140625
0 0.5961728151509174 0.800048828125 0.0025646084040244622 0.00341796875
0 0.3137206549615309 0.800537109375 0.004044190175577037 0.00439453125
0 0.6082560662852634 0.79931640625 0.001085026632471888 0.0029296875
0 0.33630893667390016 0.80078125 0.0038469126060366936 0.005859375
0 0.3177648451371079 0.799072265625 0.0022686920497139475 0.00244140625
0 0.34124087591240876 0.79931640625 0.0028605247583349774 0.00390625
0 0.17025054251331623 0.798583984375 0.002170053264943776 0.00244140625
0 0.16576247780627343 0.800537109375 0.002071414480173604 0.00634765625
0 0.13883408956401658 0.798095703125 0.0014795817715525744 0.00244140625
0 0.6004142828960347 0.798095703125 0.0017754981258630894 0.00341796875
0 0.5549418031169856 0.79833984375 0.003156441112645492 0.0048828125
0 0.13237324916157034 0.79736328125 0.0017754981258630894 0.0029296875
0 0.11151114618267903 0.79736328125 0.0022686920497139475 0.0029296875
0 0.6026829749457486 0.798095703125 0.004537384099427895 0.00537109375
0 0.32314065890708227 0.796875 0.0011836654172420597 0.0029296875
0 0.18726573288617085 0.796875 0.0016768593410929177 0.0029296875
0 0.09202998619057014 0.7978515625 0.003156441112645492 0.0048828125
0 0.5869994081672913 0.796875 0.0017754981258630894 0.00390625
0 0.5479877687906884 0.796630859375 0.001085026632471888 0.00341796875
0 0.35549418031169855 0.796875 0.002959163543105149 0.00390625
0 0.1897810218978102 0.7958984375 0.001578220556322746 0.001953125
0 0.11664036299072796 0.798583984375 0.006214243440520813 0.00732421875
0 0.36284276977707636 0.795654296875 0.002071414480173604 0.00244140625
0 0.34863878477017163 0.796142578125 0.0030578023278753207 0.00341796875
0 0.1255178536200434 0.79736328125 0.004044190175577037 0.005859375
0 0.6114618267902939 0.795166015625 0.000789110278161373 0.00244140625
0 0.5795521799171435 0.79638671875 0.0022686920497139475 0.0048828125
0 0.3520911422371276 0.797119140625 0.0028605247583349774 0.00634765625
0 0.3519431840599724 0.794921875 0.0009863878477017164 0.001953125
0 0.1359242454132965 0.796142578125 0.003550996251726179 0.00439453125
0 0.6702505425133163 0.79541015625 0.0019727756954034327 0.00390625
0 0.6550601696587098 0.796142578125 0.0017754981258630894 0.00537109375
0 0.5220457683961334 0.794677734375 0.0012823042020122311 0.00244140625
0 0.3343361609784967 0.795166015625 0.0022686920497139475 0.00341796875
0 0.6237916748865654 0.795654296875 0.0027618859735648055 0.00537109375
0 0.3199348984020517 0.79443359375 0.001085026632471888 0.0029296875
0 0.17991714342079307 0.794677734375 0.0019727756954034327 0.00341796875
0 0.14036299072795425 0.795166015625 0.003156441112645492 0.00439453125
0 0.16053462221345433 0.79638671875 0.003255079897415664 0.0078125
0 0.12083251134346025 0.79541015625 0.004340106529887552 0.005859375
0 0.43445452752022096 0.79296875 0.001085026632471888 0.001953125
0 0.329305582955218 0.7978515625 0.0044387453146577235 0.01171875
0 0.594791872164135 0.793212890625 0.0011836654172420597 0.00341796875
0 0.185638192937463 0.792724609375 0.0023673308344841193 0.00244140625
0 0.5524758334977313 0.793212890625 0.003550996251726179 0.00537109375
0 0.3369994081672914 0.791015625 0.002465969619254291 0.0029296875
0 0.31184651805089764 0.790771484375 0.001085026632471888 0.00244140625
0 0.16566383902150325 0.79248046875 0.004044190175577037 0.005859375
0 0.3003550996251726 0.79296875 0.004537384099427895 0.0078125
0 0.6179226671927401 0.789794921875 0.0012823042020122311 0.00244140625
0 0.549467350562241 0.791015625 0.0028605247583349774 0.0048828125
0 0.39702110869994084 0.790283203125 0.002170053264943776 0.00341796875
0 0.3546557506411521 0.789794921875 0.002071414480173604 0.00244140625
0 0.316679818504636 0.78955078125 0.002071414480173604 0.001953125
0 0.15486289208916945 0.792724609375 0.002959163543105149 0.00927734375
0 0.4352436377983823 0.788818359375 0.0006904714933912014 0.00244140625
0 0.1731603866640363 0.7890625 0.00424146774511738 0.0029296875
0 0.6146675872953246 0.788818359375 0.0014795817715525744 0.00341796875
0 0.432185835470507 0.788818359375 0.0012823042020122311 0.00341796875
0 0.3412901953047938 0.78857421875 0.0025646084040244622 0.0029296875
0 0.17794436772538963 0.79052734375 0.0051292168080489245 0.0078125
0 0.13991911619648845 0.787841796875 0.002071414480173604 0.00341796875
0 0.12053659498914973 0.787841796875 0.0017754981258630894 0.00439453125
0 0.1994969421976721 0.786865234375 0.002071414480173604 0.00341796875
0 0.16142237127638587 0.7861328125 0.0012823042020122311 0.001953125
0 0.5937561649240481 0.785888671875 0.0012823042020122311 0.00244140625
0 0.5492207536003156 0.7861328125 0.0019727756954034327 0.0029296875
0 0.5602682974945749 0.785400390625 0.0011836654172420597 0.00244140625
0 0.4335174590649043 0.786376953125 0.0011836654172420597 0.00439453125
0 0.33532254882619844 0.78564453125 0.0022686920497139475 0.0029296875
0 0.21054448609193135 0.78515625 0.0036496350364963502 0.0029296875
0 0.31880055237719473 0.784912109375 0.0011836654172420597 0.00341796875
0 0.1735056224107319 0.784912109375 0.004142828960347208 0.00439453125
0 0.10741763661471691 0.785400390625 0.003550996251726179 0.00634765625
0 0.6248767015190373 0.78271484375 0.0011836654172420597 0.001953125
0 0.6054448609193135 0.783203125 0.0009863878477017164 0.00390625
0 0.5187413691063326 0.78662109375 0.003156441112645492 0.0107421875
0 0.3415367922667193 0.783935546875 0.00483330045373841 0.00537109375
0 0.3150522785559282 0.78271484375 0.0025646084040244622 0.0029296875
0 0.10125271256658118 0.783447265625 0.002465969619254291 0.00439453125
0 0.6618169264154665 0.781494140625 0.0008877490629315447 0.00244140625
0 0.40141053462221343 0.785400390625 0.005819688301440126 0.01025390625
0 0.3473564805681594 0.78125 0.0012823042020122311 0.001953125
0 0.18711777470901558 0.78125 0.0033537186821858355 0.001953125
0 0.5823633852830933 0.781005859375 0.0011836654172420597 0.00244140625
0 0.332757940422174 0.7861328125 0.005622410731899783 0.0126953125
0 0.31796212270664825 0.78076171875 0.001085026632471888 0.0029296875
0 0.34163543105148947 0.779541015625 0.0016768593410929177 0.00244140625
0 0.33675281120536593 0.78076171875 0.003156441112645492 0.0048828125
0 0.1964884592621819 0.779296875 0.003156441112645492 0.001953125
0 0.6098836062339712 0.781494140625 0.0033537186821858355 0.00732421875
0 0.593065693430657 0.780029296875 0.002663247188794634 0.00439453125
0 0.5150917340698362 0.77880859375 0.000789110278161373 0.001953125
0 0.09242454132965082 0.78076171875 0.003156441112645492 0.005859375
0 0.6457881238903137 0.779296875 0.0011836654172420597 0.00390625
0 0.5135628329058985 0.779541015625 0.001874136910633261 0.00537109375
0 0.1790293943578615 0.779296875 0.0039455513908068654 0.0048828125
0 0.3529295719076741 0.777587890625 0.0013809429867824028 0.00244140625
0 0.32807259814559087 0.780029296875 0.004142828960347208 0.00830078125
0 0.6591536792266719 0.77685546875 0.001085026632471888 0.00390625
0 0.12384099427895048 0.7763671875 0.002465969619254291 0.0029296875
0 0.553462221345433 0.778076171875 0.003550996251726179 0.00732421875
0 0.34370684553166303 0.775634765625 0.0014795817715525744 0.00244140625
0 0.17217399881633458 0.776123046875 0.0016768593410929177 0.00341796875
0 0.19387453146577235 0.775146484375 0.002663247188794634 0.00244140625
0 0.4047149339120142 0.774658203125 0.000789110278161373 0.00244140625
0 0.5478891300059183 0.774169921875 0.002071414480173604 0.00244140625
0 0.1994969421976721 0.7744140625 0.001874136910633261 0.0029296875
0 0.09691260603669363 0.775634765625 0.005030578023278753 0.00537109375
0 0.12142434405208127 0.77685546875 0.0051292168080489245 0.0087890625
0 0.11673900177549812 0.780517578125 0.00483330045373841 0.01611328125
0 0.32900966660090747 0.77294921875 0.003255079897415664 0.001953125
0 0.17059577826001185 0.77587890625 0.0022686920497139475 0.0078125
0 0.33226474649832316 0.774169921875 0.0038469126060366936 0.00634765625
0 0.639623199842178 0.7734375 0.003255079897415664 0.005859375
0 0.1967843756164924 0.772216796875 0.002170053264943776 0.00341796875
0 0.6571809035312685 0.771484375 0.0036496350364963502 0.0029296875
0 0.5503057802327875 0.771728515625 0.0011836654172420597 0.00341796875
0 0.5441408561846518 0.7724609375 0.002465969619254291 0.0048828125
0 0.4056026829749457 0.7724609375 0.0011836654172420597 0.0048828125
0 0.10929177352535016 0.7734375 0.005523771947129611 0.0078125
0 0.4071315841388834 0.7705078125 0.0014795817715525744 0.0029296875
0 0.5806865259420004 0.7734375 0.003748273821266522 0.009765625
0 0.175872953245216 0.771728515625 0.0027618859735648055 0.00634765625
0 0.12704675478398106 0.76953125 0.001578220556322746 0.0029296875
0 0.1922469915170645 0.76806640625 0.0017754981258630894 0.001953125
0 0.13232392976918525 0.7685546875 0.0022686920497139475 0.0029296875
0 0.5507496547642533 0.76806640625 0.0012823042020122311 0.0029296875
0 0.40422173998816335 0.767578125 0.000789110278161373 0.001953125
0 0.5199250345235746 0.77001953125 0.003550996251726179 0.0078125
0 0.326445058196883 0.767578125 0.002071414480173604 0.0029296875
0 0.5542020122312094 0.766357421875 0.0016768593410929177 0.00244140625
0 0.3116492404813573 0.766357421875 0.001874136910633261 0.00341796875
0 0.5478891300059183 0.766845703125 0.0030578023278753207 0.00537109375
0 0.5245117380153876 0.7666015625 0.001874136910633261 0.0048828125
0 0.5228841980666799 0.765625 0.0009863878477017164 0.0029296875
0 0.3002564608404025 0.766357421875 0.004142828960347208 0.00439453125
0 0.1341980666798185 0.765869140625 0.0014795817715525744 0.00341796875
0 0.11881041625567174 0.766845703125 0.006214243440520813 0.00537109375
0 0.5355592819096469 0.76513671875 0.001085026632471888 0.0029296875
0 0.5128230420201223 0.764892578125 0.0009863878477017164 0.00244140625
0 0.5253008482935491 0.76416015625 0.0008877490629315447 0.001953125
0 0.20181495363977117 0.766357421875 0.0061156046557506415 0.00634765625
0 0.1272933517459065 0.76416015625 0.0008877490629315447 0.001953125
0 0.5935588873545078 0.763671875 0.001085026632471888 0.0029296875
0 0.43588478989938845 0.763427734375 0.0011836654172420597 0.00341796875
0 0.33053856776484514 0.763916015625 0.0039455513908068654 0.00439453125
0 0.5795028605247583 0.76416015625 0.002170053264943776 0.0068359375
0 0.4060958768987966 0.761962890625 0.0009863878477017164 0.00244140625
0 0.5516867232195699 0.762451171875 0.003550996251726179 0.00537109375
0 0.5141546656145196 0.760986328125 0.001874136910633261 0.00244140625
0 0.30499112250937066 0.76025390625 0.0011836654172420597 0.001953125
0 0.6017952258828171 0.760009765625 0.0025646084040244622 0.00244140625
0 0.19934898402051687 0.759765625 0.0013809429867824028 0.001953125
0 0.5865062142434405 0.7607421875 0.0027618859735648055 0.0048828125
0 0.19683369500887749 0.759033203125 0.0016768593410929177 0.00244140625
0 0.5933122903925824 0.7578125 0.002959163543105149 0.001953125
0 0.5780232787532058 0.758544921875 0.0009863878477017164 0.00341796875
0 0.17824028407970013 0.760986328125 0.004931939238508582 0.00830078125
0 0.10273229433813376 0.7587890625 0.0014795817715525744 0.00390625
0 0.09336160978496745 0.7587890625 0.002071414480173604 0.00390625
0 0.5124778062734268 0.75732421875 0.0008877490629315447 0.001953125
0 0.1332116788321168 0.759033203125 0.001874136910633261 0.00537109375
0 0.581031761688696 0.757568359375 0.0008877490629315447 0.00341796875
0 0.4095482343657526 0.7578125 0.0019727756954034327 0.00390625
0 0.3518938646675873 0.756591796875 0.001085026632471888 0.00244140625
0 0.20403432629710003 0.75634765625 0.0012823042020122311 0.001953125
0 0.3295521799171434 0.75634765625 0.0019727756954034327 0.0029296875
0 0.1460347208522391 0.75732421875 0.00424146774511738 0.0048828125
0 0.6004636022884198 0.755615234375 0.001085026632471888 0.00244140625
0 0.5572598145590847 0.754638671875 0.001085026632471888 0.00341796875
0 0.5470507003353718 0.75390625 0.000789110278161373 0.001953125
0 0.13000591832708622 0.754638671875 0.001578220556322746 0.00439453125
0 0.5275202209508779 0.757568359375 0.0051292168080489245 0.01123046875
0 0.12615900572104952 0.75341796875 0.000789110278161373 0.0029296875
0 0.19999013612152297 0.754150390625 0.003255079897415664 0.00537109375
0 0.13400078911027816 0.753173828125 0.0030578023278753207 0.00341796875
0 0.13163345827579404 0.7529296875 0.001085026632471888 0.0029296875
0 0.5821661077135529 0.75390625 0.0017754981258630894 0.005859375
0 0.43756164924048135 0.75244140625 0.0011836654172420597 0.00390625
0 0.5202209508778852 0.756103515625 0.003748273821266522 0.01318359375
0 0.5181988557900966 0.7529296875 0.001874136910633261 0.0068359375
0 0.30400473466166894 0.750732421875 0.0009863878477017164 0.00244140625
0 0.19323337936476623 0.75341796875 0.006510159794831328 0.0078125
0 0.17745117380153877 0.752685546875 0.002959163543105149 0.00634765625
0 0.17330834484119156 0.754638671875 0.004931939238508582 0.01025390625
0 0.5268790688498718 0.750244140625 0.001085026632471888 0.00244140625
0 0.2075853225488262 0.751220703125 0.002465969619254291 0.00634765625
0 0.5460643124876702 0.748779296875 0.001578220556322746 0.00244140625
0 0.5154369698165319 0.750732421875 0.0038469126060366936 0.00634765625
0 0.4117182876306964 0.748779296875 0.000789110278161373 0.00244140625
0 0.13030183468139672 0.748779296875 0.0013809429867824028 0.00244140625
0 0.6012033931741961 0.748779296875 0.0017754981258630894 0.00341796875
0 0.6055434997040836 0.747802734375 0.0023673308344841193 0.00244140625
0 0.3201814953639771 0.747802734375 0.0011836654172420597 0.00244140625
0 0.5857171039652791 0.748046875 0.002170053264943776 0.00390625
0 0.5835963700927205 0.74755859375 0.001085026632471888 0.0029296875
0 0.5792069441704478 0.748046875 0.001578220556322746 0.00390625
0 0.19915170645097652 0.747314453125 0.0013809429867824028 0.00244140625
0 0.43899191161964884 0.7470703125 0.0008877490629315447 0.0029296875
0 0.19313474057999605 0.74755859375 0.0013809429867824028 0.00390625
0 0.15668770960741762 0.746826171875 0.001085026632471888 0.00244140625
0 0.5526731110672717 0.751220703125 0.003550996251726179 0.01220703125
0 0.09829354902347603 0.74609375 0.0012823042020122311 0.001953125
0 0.13528309331229038 0.746337890625 0.0022686920497139475 0.00341796875
0 0.44032353521404616 0.7451171875 0.000789110278161373 0.001953125
0 0.1745413296508187 0.7470703125 0.0022686920497139475 0.005859375
0 0.1533833103176169 0.746337890625 0.0023673308344841193 0.00439453125
0 0.4182284474255277 0.744873046875 0.0017754981258630894 0.00244140625
0 0.41319786940224895 0.745849609375 0.0013809429867824028 0.00439453125
0 0.3267902939435786 0.744873046875 0.000789110278161373 0.00244140625
0 0.5919806667981851 0.747314453125 0.004636022884198066 0.00830078125
0 0.588528309331229 0.744873046875 0.002663247188794634 0.00341796875
0 0.5408857762872361 0.744140625 0.0022686920497139475 0.001953125
0 0.6027816137305189 0.744873046875 0.0017754981258630894 0.00439453125
0 0.10860130203195896 0.743896484375 0.000789110278161373 0.00244140625
0 0.5171138291576248 0.743408203125 0.0016768593410929177 0.00341796875
0 0.15609587689879661 0.742919921875 0.0008877490629315447 0.00244140625
0 0.5472972972972973 0.742919921875 0.0014795817715525744 0.00341796875
0 0.1884493983034129 0.74755859375 0.006214243440520813 0.0126953125
0 0.20980469520615505 0.74169921875 0.000789110278161373 0.0029296875
0 0.5898599329256263 0.7412109375 0.0011836654172420597 0.0029296875
0 0.5811304004734662 0.740966796875 0.0012823042020122311 0.00341796875
0 0.5224896429275991 0.743896484375 0.007891102781613731 0.00927734375
0 0.14790885776287235 0.740478515625 0.0008877490629315447 0.00244140625
0 0.5185440915367923 0.739990234375 0.001578220556322746 0.00244140625
0 0.3004044190175577 0.740234375 0.001085026632471888 0.0029296875
0 0.240234760307753 0.73974609375 0.0008877490629315447 0.001953125
0 0.4693233379364766 0.739501953125 0.002170053264943776 0.00244140625
0 0.6014499901361215 0.7392578125 0.0016768593410929177 0.0029296875
0 0.10899585717103966 0.73876953125 0.000789110278161373 0.001953125
0 0.3109587689879661 0.738525390625 0.002071414480173604 0.00244140625
0 0.20881830735845333 0.73828125 0.0013809429867824028 0.001953125
0 0.22262773722627738 0.73828125 0.0019727756954034327 0.0029296875
0 0.1585618465180509 0.73779296875 0.001874136910633261 0.001953125
0 0.5323042020122312 0.740234375 0.004636022884198066 0.0078125
0 0.14470309725784178 0.737548828125 0.0011836654172420597 0.00244140625
0 0.13271848490826593 0.73974609375 0.0038469126060366936 0.0068359375
0 0.5471000197277569 0.73779296875 0.002071414480173604 0.00390625
0 0.15348194910238705 0.73876953125 0.0025646084040244622 0.005859375
0 0.23628920891694613 0.736083984375 0.0022686920497139475 0.00439453125
0 0.15708226474649833 0.7353515625 0.0016768593410929177 0.00390625
0 0.14302623791674887 0.734619140625 0.000789110278161373 0.00244140625
0 0.4216808048924837 0.734130859375 0.0005918327086210298 0.00244140625
0 0.14766226080094694 0.73388671875 0.0009863878477017164 0.001953125
0 0.4197573485894654 0.73486328125 0.0030578023278753207 0.0048828125
0 0.21656145196291182 0.73193359375 0.0012823042020122311 0.001953125
0 0.1529394357861511 0.731201171875 0.001085026632471888 0.00244140625
0 0.1463799565989347 0.732421875 0.0013809429867824028 0.0048828125
0 0.1547149339120142 0.731689453125 0.001874136910633261 0.00439453125
0 0.4246399684355889 0.729736328125 0.0009863878477017164 0.00244140625
0 0.5427105938054844 0.73095703125 0.0017754981258630894 0.0068359375
0 0.42256855395541526 0.728515625 0.0011836654172420597 0.0029296875
0 0.1484020516867232 0.72900390625 0.003255079897415664 0.0048828125
0 0.13118958374432826 0.72705078125 0.0009863878477017164 0.001953125
0 0.5355592819096469 0.7275390625 0.0012823042020122311 0.00390625
0 0.21222134543302426 0.72900390625 0.0030578023278753207 0.0068359375
0 0.14435786151114618 0.72802734375 0.001874136910633261 0.005859375
0 0.16812980864075755 0.7255859375 0.0006904714933912014 0.001953125
0 0.44032353521404616 0.727294921875 0.0033537186821858355 0.00634765625
0 0.23249161570329455 0.7255859375 0.0009863878477017164 0.0029296875
0 0.20837443282698756 0.7275390625 0.006016965870980469 0.0068359375
0 0.22608009469323337 0.72509765625 0.001578220556322746 0.0029296875
0 0.5413296508187019 0.724365234375 0.0011836654172420597 0.00244140625
0 0.5460149930952851 0.723876953125 0.0014795817715525744 0.00244140625
0 0.5441408561846518 0.724853515625 0.003255079897415664 0.00537109375
0 0.4238508581574275 0.724609375 0.0019727756954034327 0.0048828125
0 0.44619254290787136 0.723388671875 0.003255079897415664 0.00537109375
0 0.15180508976129414 0.72412109375 0.0019727756954034327 0.0078125
0 0.1300552377194713 0.721435546875 0.0008877490629315447 0.00244140625
0 0.13784770171631486 0.72119140625 0.0008877490629315447 0.0029296875
0 0.13508581574275005 0.720458984375 0.001085026632471888 0.00244140625
0 0.42759913197869404 0.72119140625 0.0011836654172420597 0.0048828125
0 0.5166699546261591 0.72021484375 0.0013809429867824028 0.00390625
0 0.15486289208916945 0.722900390625 0.004142828960347208 0.00927734375
0 0.441951075162754 0.718994140625 0.0008877490629315447 0.00244140625
0 0.23693036101795226 0.720947265625 0.002959163543105149 0.00732421875
0 0.5108502663247189 0.718017578125 0.000789110278161373 0.00244140625
0 0.5417735253501677 0.718505859375 0.002465969619254291 0.00439453125
0 0.5464588676267509 0.71826171875 0.002959163543105149 0.005859375
0 0.1539751430262379 0.71630859375 0.0009863878477017164 0.001953125
0 0.23387255869007695 0.71728515625 0.0019727756954034327 0.0048828125
0 0.2416157032945354 0.71630859375 0.0014795817715525744 0.00390625
0 0.523574669560071 0.715576171875 0.002170053264943776 0.00439453125
0 0.2958177155257447 0.714599609375 0.0009863878477017164 0.00244140625
0 0.22341684750443874 0.717529296875 0.0027618859735648055 0.01025390625
0 0.4323337936476623 0.7138671875 0.0009863878477017164 0.00390625
0 0.23619057013217598 0.713134765625 0.0012823042020122311 0.00341796875
0 0.5164726770566187 0.716064453125 0.0027618859735648055 0.01025390625
0 0.5381238903136714 0.712890625 0.002071414480173604 0.0048828125
0 0.44274018544091537 0.7119140625 0.0012823042020122311 0.0029296875
0 0.21779443677253896 0.712890625 0.0019727756954034327 0.0068359375
0 0.5422667192740186 0.712158203125 0.0036496350364963502 0.00634765625
0 0.5199743539159598 0.7109375 0.001874136910633261 0.00390625
0 0.16004142828960347 0.712158203125 0.0028605247583349774 0.00634765625
0 0.5224896429275991 0.7099609375 0.0011836654172420597 0.0029296875
0 0.5392089169461433 0.7099609375 0.0014795817715525744 0.0048828125
0 0.24018544091536792 0.709228515625 0.0027618859735648055 0.00439453125
0 0.21212270664825408 0.70849609375 0.0012823042020122311 0.0029296875
0 0.5777766817912803 0.708251953125 0.0014795817715525744 0.00341796875
0 0.5440422173998817 0.70751953125 0.0022686920497139475 0.0029296875
0 0.2990727954231604 0.70703125 0.0009863878477017164 0.001953125
0 0.23012428486881042 0.709228515625 0.0017754981258630894 0.00634765625
0 0.4489051094890511 0.708251953125 0.004142828960347208 0.00634765625
0 0.17153284671532848 0.70703125 0.0019727756954034327 0.00390625
0 0.5414776089958572 0.706787109375 0.001085026632471888 0.00439453125
0 0.22903925823633853 0.70703125 0.0013809429867824028 0.0048828125
0 0.5749654764253305 0.705810546875 0.0009863878477017164 0.00341796875
0 0.13947524166502268 0.705322265625 0.0009863878477017164 0.00244140625
0 0.5878871572302229 0.704833984375 0.0019727756954034327 0.00341796875
0 0.5394061945156836 0.7041015625 0.0014795817715525744 0.0029296875
0 0.16906687709607418 0.7080078125 0.003156441112645492 0.01171875
0 0.2922173998816335 0.70361328125 0.0014795817715525744 0.00390625
0 0.25078911027816136 0.70263671875 0.0008877490629315447 0.0029296875
0 0.22770763464194121 0.704833984375 0.002663247188794634 0.00732421875
0 0.22075360031564412 0.707275390625 0.002959163543105149 0.01220703125
0 0.44392385085815744 0.7041015625 0.002465969619254291 0.0078125
0 0.5624876701519037 0.701416015625 0.002465969619254291 0.00341796875
0 0.24492010258433616 0.7021484375 0.0017754981258630894 0.0048828125
0 0.1645294929966463 0.70166015625 0.001578220556322746 0.00390625
0 0.4343558887354508 0.70263671875 0.002071414480173604 0.0068359375
0 0.23111067271651214 0.7021484375 0.001578220556322746 0.005859375
0 0.23801538765042415 0.7001953125 0.001578220556322746 0.0029296875
0 0.4468336950088775 0.702392578125 0.0027618859735648055 0.00830078125
0 0.2430459656737029 0.70361328125 0.003748273821266522 0.01171875
0 0.16936279345038469 0.698974609375 0.0011836654172420597 0.00244140625
0 0.21912606036693627 0.699951171875 0.0016768593410929177 0.00537109375
0 0.5302821069244427 0.697509765625 0.0017754981258630894 0.00341796875
0 0.5387650424146775 0.696533203125 0.0013809429867824028 0.00439453125
0 0.2399881633458276 0.69775390625 0.0027618859735648055 0.0068359375
0 0.23411915565200236 0.696044921875 0.002071414480173604 0.00341796875
0 0.24393371473663444 0.69482421875 0.0017754981258630894 0.001953125
0 0.43756164924048135 0.695068359375 0.001578220556322746 0.00341796875
0 0.44214835273229436 0.694091796875 0.002465969619254291 0.00439453125
0 0.20817715525744723 0.69384765625 0.0016768593410929177 0.00390625
0 0.16245807851647268 0.693115234375 0.001578220556322746 0.00341796875
0 0.27036890905504046 0.692138671875 0.0011836654172420597 0.00341796875
0 0.21340501085026634 0.692138671875 0.0014795817715525744 0.00537109375
0 0.19712961136318802 0.692138671875 0.001874136910633261 0.00537109375
0 0.17306174787926612 0.692138671875 0.0022686920497139475 0.00537109375
0 0.5619451568356678 0.6904296875 0.0011836654172420597 0.0029296875
0 0.23347800355099624 0.6904296875 0.001578220556322746 0.00390625
0 0.17927599131978694 0.689697265625 0.001085026632471888 0.00244140625
0 0.23697968041033735 0.68896484375 0.001085026632471888 0.00390625
0 0.44180311698559876 0.68798828125 0.000789110278161373 0.0029296875
0 0.4454527520220951 0.690673828125 0.0027618859735648055 0.00927734375
0 0.24496942197672125 0.68798828125 0.001085026632471888 0.00390625
0 0.21291181692641548 0.686767578125 0.0012823042020122311 0.00341796875
0 0.45112448214637996 0.687744140625 0.001874136910633261 0.00634765625
0 0.22859538370487276 0.689697265625 0.0038469126060366936 0.01025390625
0 0.20926218188991913 0.6875 0.0016768593410929177 0.0068359375
0 0.21084040244624186 0.684814453125 0.0008877490629315447 0.00244140625
0 0.4605444860919313 0.6845703125 0.000789110278161373 0.0029296875
0 0.2211974748471099 0.6865234375 0.001874136910633261 0.0068359375
0 0.21759715920299863 0.687744140625 0.0039455513908068654 0.00927734375
0 0.44703097257841784 0.683349609375 0.001578220556322746 0.00244140625
0 0.2280528703886368 0.683349609375 0.0009863878477017164 0.00341796875
0 0.5489741566383902 0.68212890625 0.001085026632471888 0.00390625
0 0.556322746103768 0.680419921875 0.0011836654172420597 0.00244140625
0 0.23594397317025054 0.679931640625 0.0009863878477017164 0.00244140625
0 0.21503255079897415 0.6806640625 0.001578220556322746 0.005859375
0 0.444811599921089 0.678955078125 0.002663247188794634 0.00341796875
0 0.24496942197672125 0.67919921875 0.002465969619254291 0.00390625
0 0.20876898796606827 0.67919921875 0.0014795817715525744 0.00390625
0 0.2266719274018544 0.677490234375 0.001578220556322746 0.00439453125
0 0.24127046754783982 0.677734375 0.0023673308344841193 0.005859375
0 0.23066679818504637 0.67578125 0.002071414480173604 0.0029296875
0 0.5557802327875321 0.67529296875 0.0014795817715525744 0.0029296875
0 0.2502465969619254 0.671142578125 0.004537384099427895 0.00537109375
0 0.23140658907082265 0.671142578125 0.005918327086210298 0.00634765625
0 0.2266719274018544 0.669921875 0.003156441112645492 0.00390625
0 0.2698263957388045 0.668212890625 0.002663247188794634 0.00244140625
0 0.4468336950088775 0.6669921875 0.0027618859735648055 0.00390625
