0 0.3757151311895837 0.97021484375 0.0039455513908068654 0.00390625
0 0.18593410929177354 0.96044921875 0.003550996251726179 0.001953125
0 0.18174196093904124 0.9599609375 0.002071414480173604 0.001953125
0 0.3613138686131387 0.957275390625 0.0017754981258630894 0.00244140625
0 0.09819491023870586 0.95703125 0.0016768593410929177 0.0029296875
0 0.3570230814756362 0.956298828125 0.0016768593410929177 0.00341796875
0 0.3594397317025054 0.95458984375 0.002170053264943776 0.001953125
0 0.3825212073387256 0.95458984375 0.004340106529887552 0.005859375
0 0.358058788715723 0.9501953125 0.0011836654172420597 0.001953125
0 0.18943578615111462 0.945068359375 0.003452357466956007 0.00341796875
0 0.18696981653186032 0.94384765625 0.0014795817715525744 0.001953125
0 0.18169264154665615 0.93896484375 0.0011836654172420597 0.001953125
0 0.09484119155652003 0.93798828125 0.003255079897415664 0.00390625
0 0.1735056224107319 0.93701171875 0.002959163543105149 0.00390625
0 0.3650128230420201 0.934326171875 0.003452357466956007 0.00244140625
0 0.3811402643519432 0.93408203125 0.002959163543105149 0.0029296875
0 0.346567370289998 0.933349609375 0.001874136910633261 0.00244140625
0 0.34158611165910435 0.930908203125 0.0011836654172420597 0.00244140625
0 0.20403432629710003 0.931396484375 0.0030578023278753207 0.00341796875
0 0.3675774314460446 0.931640625 0.002465969619254291 0.0048828125
0 0.35830538567764847 0.9306640625 0.004044190175577037 0.0029296875
0 0.18652594200039455 0.9306640625 0.002170053264943776 0.0029296875
0 0.3618070625369895 0.928955078125 0.0013809429867824028 0.00244140625
0 0.19905306766620634 0.9287109375 0.0017754981258630894 0.00390625
0 0.4186723219569935 0.9228515625 0.003255079897415664 0.001953125
0 0.3883902150325508 0.9228515625 0.002465969619254291 0.0029296875
0 0.36733083448411913 0.9228515625 0.0039455513908068654 0.0029296875
0 0.19431840599723813 0.917724609375 0.0013809429867824028 0.00244140625
0 0.1494870783191951 0.91748046875 0.0016768593410929177 0.001953125
0 0.3253600315644111 0.916015625 0.0014795817715525744 0.001953125
0 0.10722035904517656 0.91650390625 0.002959163543105149 0.0029296875
0 0.09932925626356283 0.917724609375 0.00907476819885579 0.00830078125
0 0.17671138291576247 0.9140625 0.0016768593410929177 0.001953125
0 0.19037285460643125 0.9140625 0.006312882225290984 0.00390625
0 0.39968435588873547 0.9111328125 0.0011836654172420597 0.001953125
0 0.3520911422371276 0.91064453125 0.0008877490629315447 0.001953125
0 0.2176464785953837 0.913330078125 0.007989741566383901 0.00732421875
0 0.34257249950680607 0.91015625 0.000789110278161373 0.001953125
0 0.33916946143223514 0.91064453125 0.0028605247583349774 0.0029296875
0 0.2127638587492602 0.9140625 0.005918327086210298 0.009765625
0 0.3320674689287828 0.907958984375 0.00424146774511738 0.00341796875
0 0.2170053264943776 0.90673828125 0.0072992700729927005 0.0048828125
0 0.14855000986387848 0.90478515625 0.0017754981258630894 0.001953125
0 0.35682580390609586 0.904296875 0.001085026632471888 0.001953125
0 0.19599526533833103 0.904541015625 0.0019727756954034327 0.00244140625
0 0.11525942000394555 0.905029296875 0.006016965870980469 0.00341796875
0 0.3898697968041034 0.90380859375 0.001085026632471888 0.001953125
0 0.12680015782205564 0.904052734375 0.0014795817715525744 0.00244140625
0 0.10204182284474256 0.904296875 0.006411521010061156 0.0048828125
0 0.42099033339909253 0.903076171875 0.004734661668968239 0.00341796875
0 0.18410929177352536 0.903076171875 0.0036496350364963502 0.00341796875
0 0.17360426119550207 0.904541015625 0.0061156046557506415 0.00634765625
0 0.22854606431248767 0.902099609375 0.0039455513908068654 0.00341796875
0 0.3512033931741961 0.902587890625 0.00542513316235944 0.00732421875
0 0.11101795225882817 0.89990234375 0.0036496350364963502 0.00390625
0 0.34084632077332805 0.8984375 0.0014795817715525744 0.0029296875
0 0.3514993095285066 0.898193359375 0.0044387453146577235 0.00439453125
0 0.2148845926218189 0.89697265625 0.003452357466956007 0.00390625
0 0.10692444269086605 0.896240234375 0.001578220556322746 0.00244140625
0 0.1029295719076741 0.89599609375 0.0036496350364963502 0.0029296875
0 0.09903333990925232 0.8955078125 0.003748273821266522 0.0029296875
0 0.3459262181889919 0.89599609375 0.004142828960347208 0.0048828125
0 0.3168277766817913 0.8916015625 0.0009863878477017164 0.001953125
0 0.1251726178733478 0.891357421875 0.004340106529887552 0.00244140625
0 0.3221049516669955 0.890625 0.0008877490629315447 0.001953125
0 0.3204280923259025 0.890625 0.0008877490629315447 0.001953125
0 0.12093115012823041 0.890869140625 0.003156441112645492 0.00244140625
0 0.11782402840797002 0.889404296875 0.001085026632471888 0.00244140625
0 0.1015486289208917 0.889404296875 0.004044190175577037 0.00244140625
0 0.337344643913987 0.88671875 0.001578220556322746 0.001953125
0 0.11590057210495167 0.88671875 0.0009863878477017164 0.001953125
0 0.33236338528309334 0.886474609375 0.0008877490629315447 0.00244140625
0 0.39652791477608995 0.88623046875 0.004537384099427895 0.00390625
0 0.33773919905306765 0.8818359375 0.003550996251726179 0.0029296875
0 0.1262576445058197 0.880615234375 0.0023673308344841193 0.00244140625
0 0.34158611165910435 0.8828125 0.006707437364371671 0.0078125
0 0.22691852436377985 0.8779296875 0.002071414480173604 0.001953125
0 0.21064312487670153 0.87939453125 0.00424146774511738 0.0048828125
0 0.15624383507595185 0.876953125 0.000789110278161373 0.001953125
0 0.12990727954231604 0.87744140625 0.004142828960347208 0.0029296875
0 0.1216709410140067 0.876708984375 0.003255079897415664 0.00341796875
0 0.1171828763069639 0.8759765625 0.0009863878477017164 0.001953125
0 0.32693825212073385 0.87548828125 0.001085026632471888 0.001953125
0 0.41645294929966464 0.8759765625 0.0027618859735648055 0.00390625
0 0.3233379364766226 0.87548828125 0.001578220556322746 0.0029296875
0 0.11175774314460446 0.87451171875 0.0019727756954034327 0.001953125
0 0.42330834484119156 0.8740234375 0.003452357466956007 0.001953125
0 0.32032945354113235 0.875244140625 0.002663247188794634 0.00439453125
0 0.30617478792661273 0.874267578125 0.001578220556322746 0.00244140625
0 0.1301045571118564 0.8740234375 0.0009863878477017164 0.001953125
0 0.30356086013020317 0.874267578125 0.002663247188794634 0.00341796875
0 0.4057013217597159 0.87353515625 0.006312882225290984 0.00390625
0 0.42020122312093117 0.8720703125 0.0023673308344841193 0.001953125
0 0.26504241467745115 0.870361328125 0.0011836654172420597 0.00244140625
0 0.09824422963109095 0.869384765625 0.004537384099427895 0.00537109375
0 0.4018544091536792 0.86767578125 0.004931939238508582 0.0029296875
0 0.18277766817912802 0.869384765625 0.008877490629315447 0.00634765625
0 0.15303807457092128 0.868896484375 0.007200631288222529 0.00537109375
0 0.09661668968238311 0.866455078125 0.001085026632471888 0.00244140625
0 0.4120142039850069 0.866943359375 0.006707437364371671 0.00439453125
0 0.3262971000197278 0.865234375 0.0011836654172420597 0.001953125
0 0.09232590254488064 0.865966796875 0.005523771947129611 0.00341796875
0 0.3299960544486092 0.865234375 0.0022686920497139475 0.0029296875
0 0.13133754192148353 0.864501953125 0.002071414480173604 0.00244140625
0 0.3171730124284869 0.86376953125 0.0016768593410929177 0.001953125
0 0.12339711974748471 0.865234375 0.0061156046557506415 0.005859375
0 0.5678634839218781 0.863037109375 0.003550996251726179 0.00244140625
0 0.10475438942592227 0.862548828125 0.003156441112645492 0.00244140625
0 0.2225784178338923 0.86279296875 0.008187019135924246 0.005859375
0 0.3372460051292168 0.860595703125 0.0017754981258630894 0.00244140625
0 0.3283191951075163 0.859619140625 0.003452357466956007 0.00244140625
0 0.13079502860524758 0.85986328125 0.006510159794831328 0.0068359375
0 0.38035115407378184 0.857177734375 0.002170053264943776 0.00244140625
0 0.3135726967843756 0.856689453125 0.0011836654172420597 0.00244140625
0 0.4119648845926218 0.856201171875 0.002663247188794634 0.00244140625
0 0.40944959558098243 0.85595703125 0.001578220556322746 0.001953125
0 0.3746301045571119 0.8544921875 0.0019727756954034327 0.001953125
0 0.2176464785953837 0.85400390625 0.002663247188794634 0.0029296875
0 0.3222035904517656 0.853515625 0.003255079897415664 0.0029296875
0 0.21532846715328466 0.85302734375 0.0023673308344841193 0.001953125
0 0.5676662063523378 0.85107421875 0.003748273821266522 0.0029296875
0 0.22317025054251333 0.849853515625 0.0014795817715525744 0.00244140625
0 0.42409745511935293 0.848876953125 0.008778851844545275 0.00439453125
0 0.3193430656934307 0.84716796875 0.004636022884198066 0.0029296875
0 0.21567370289998028 0.84765625 0.004636022884198066 0.00390625
0 0.19130992306174788 0.84765625 0.006806076149141842 0.0048828125
0 0.31140264351943187 0.84619140625 0.003156441112645492 0.0029296875
0 0.30642138488853815 0.844970703125 0.002663247188794634 0.00244140625
0 0.2625271256658118 0.8447265625 0.001874136910633261 0.001953125
0 0.13829157624778063 0.84423828125 0.0017754981258630894 0.001953125
0 0.21952061550601695 0.843994140625 0.0016768593410929177 0.00244140625
0 0.5509469323337937 0.84375 0.002465969619254291 0.0029296875
0 0.2141941211284277 0.839599609375 0.002663247188794634 0.00341796875
0 0.323535214046163 0.838623046875 0.0013809429867824028 0.00244140625
0 0.31978694022489645 0.837158203125 0.0025646084040244622 0.00244140625
0 0.3181100808838035 0.839111328125 0.009863878477017163 0.00634765625
0 0.30030578023278753 0.83740234375 0.00424146774511738 0.0029296875
0 0.2100019727756954 0.837646484375 0.0025646084040244622 0.00341796875
0 0.3771947129611363 0.8369140625 0.004340106529887552 0.0048828125
0 0.17439337147366343 0.833740234375 0.0011836654172420597 0.00244140625
0 0.5764943775892681 0.8330078125 0.003452357466956007 0.001953125
0 0.5690471493391202 0.832763671875 0.004142828960347208 0.00244140625
0 0.21577234168475046 0.831298828125 0.0030578023278753207 0.00439453125
0 0.1738508581574275 0.830078125 0.0038469126060366936 0.001953125
0 0.3059775103570724 0.83056640625 0.007101992503452358 0.00390625
0 0.5646084040244624 0.828369140625 0.004931939238508582 0.00244140625
0 0.37635628329058984 0.828369140625 0.005819688301440126 0.00341796875
0 0.2934010652988755 0.827880859375 0.0036496350364963502 0.00244140625
0 0.2002860524758335 0.825927734375 0.0044387453146577235 0.00341796875
0 0.17335766423357665 0.825439453125 0.0008877490629315447 0.00244140625
0 0.5708226474649832 0.824462890625 0.004931939238508582 0.00244140625
0 0.3812389031367134 0.826171875 0.003156441112645492 0.0078125
0 0.5642631682777668 0.82275390625 0.00483330045373841 0.0029296875
0 0.37374235549418033 0.822509765625 0.0013809429867824028 0.00244140625
0 0.2097060564213849 0.822998046875 0.003550996251726179 0.00341796875
0 0.17774709015584927 0.823974609375 0.0033537186821858355 0.00537109375
0 0.25833497731307953 0.82177734375 0.0011836654172420597 0.001953125
0 0.23352732294338133 0.82177734375 0.0014795817715525744 0.001953125
0 0.18356677845728941 0.82177734375 0.001578220556322746 0.001953125
0 0.1978694022489643 0.822021484375 0.004142828960347208 0.00439453125
0 0.24136910633261 0.8203125 0.0017754981258630894 0.001953125
0 0.38538173209706056 0.820068359375 0.002170053264943776 0.00244140625
0 0.539652791477609 0.81787109375 0.0039455513908068654 0.001953125
0 0.20240678634839218 0.8173828125 0.0051292168080489245 0.0029296875
0 0.5280134148747287 0.81640625 0.005326494377589268 0.0029296875
0 0.3042020122312093 0.816650390625 0.008088380351154074 0.00439453125
0 0.243095285066088 0.8154296875 0.002465969619254291 0.001953125
0 0.370092720457684 0.81591796875 0.007101992503452358 0.0048828125
0 0.23836062339711975 0.814697265625 0.0022686920497139475 0.00244140625
0 0.21838626948116 0.814697265625 0.002170053264943776 0.00244140625
0 0.1937265732886171 0.8173828125 0.006510159794831328 0.0078125
0 0.19767212467942394 0.8134765625 0.0017754981258630894 0.001953125
0 0.185638192937463 0.81494140625 0.004340106529887552 0.0048828125
0 0.5722035904517656 0.8125 0.002170053264943776 0.001953125
0 0.18203787729335175 0.81201171875 0.0014795817715525744 0.001953125
0 0.2239100414282896 0.811279296875 0.0025646084040244622 0.00244140625
0 0.20842375221937265 0.811279296875 0.004340106529887552 0.00244140625
0 0.3860228841980667 0.810546875 0.0016768593410929177 0.001953125
0 0.30898599329256266 0.811767578125 0.006016965870980469 0.00537109375
0 0.2963109094495956 0.810546875 0.004537384099427895 0.0029296875
0 0.550552377194713 0.809326171875 0.002663247188794634 0.00244140625
0 0.4350956796212271 0.811279296875 0.007101992503452358 0.00634765625
0 0.25019727756954036 0.80908203125 0.002071414480173604 0.001953125
0 0.19560071019925035 0.809326171875 0.002170053264943776 0.00244140625
0 0.3588972183862695 0.808837890625 0.002663247188794634 0.00244140625
0 0.372410731899783 0.810546875 0.00424146774511738 0.0068359375
0 0.24630104557111857 0.807861328125 0.0023673308344841193 0.00146484375
0 0.21291181692641548 0.80810546875 0.0016768593410929177 0.001953125
0 0.5542020122312094 0.807861328125 0.003452357466956007 0.00244140625
0 0.398845926218189 0.807861328125 0.0030578023278753207 0.00244140625
0 0.38858749260209113 0.807861328125 0.003255079897415664 0.00244140625
0 0.23589465377786545 0.8076171875 0.0014795817715525744 0.001953125
0 0.517804300651016 0.807373046875 0.0036496350364963502 0.00244140625
0 0.44969421976721247 0.806396484375 0.004931939238508582 0.00244140625
0 0.1891398697968041 0.8076171875 0.0044387453146577235 0.0048828125
0 0.5323042020122312 0.80517578125 0.002663247188794634 0.001953125
0 0.18479976326691655 0.805908203125 0.0036496350364963502 0.00341796875
0 0.23831130400473466 0.8046875 0.0027618859735648055 0.001953125
0 0.3771453935687512 0.803955078125 0.003255079897415664 0.00341796875
0 0.2607516275399487 0.80322265625 0.0014795817715525744 0.001953125
0 0.5634247386072203 0.8046875 0.003550996251726179 0.005859375
0 0.21158019333201816 0.80322265625 0.0027618859735648055 0.0029296875
0 0.22519234563030183 0.80126953125 0.0013809429867824028 0.001953125
0 0.536200434010653 0.801025390625 0.004931939238508582 0.00341796875
0 0.3646675872953245 0.80224609375 0.0027618859735648055 0.005859375
0 0.3043499704083646 0.80126953125 0.003452357466956007 0.00390625
0 0.18721641349378576 0.800537109375 0.003550996251726179 0.00244140625
0 0.527569540343263 0.80029296875 0.005622410731899783 0.0029296875
0 0.5102091142237127 0.7998046875 0.0008877490629315447 0.001953125
0 0.3594397317025054 0.802001953125 0.006312882225290984 0.00634765625
0 0.5236239889524561 0.799560546875 0.0014795817715525744 0.00244140625
0 0.24452554744525548 0.800537109375 0.007693825212073387 0.00439453125
0 0.5459656737029 0.80078125 0.007496547642533044 0.005859375
0 0.5138094298678241 0.798828125 0.0023673308344841193 0.001953125
0 0.24205957782600118 0.798828125 0.001578220556322746 0.001953125
0 0.21148155454724799 0.79931640625 0.0039455513908068654 0.00390625
0 0.2983330045373841 0.798828125 0.006016965870980469 0.00390625
0 0.43830144012625766 0.799072265625 0.008581574275004932 0.00537109375
0 0.21537778654566975 0.798095703125 0.003452357466956007 0.00537109375
0 0.2721937265732886 0.7958984375 0.0016768593410929177 0.001953125
0 0.2333793647662261 0.796142578125 0.0027618859735648055 0.00244140625
0 0.22164134937857566 0.796142578125 0.0023673308344841193 0.00244140625
0 0.3648155454724798 0.7958984375 0.0016768593410929177 0.00390625
0 0.27007299270072993 0.795166015625 0.0023673308344841193 0.00244140625
0 0.3056322746103768 0.79443359375 0.0016768593410929177 0.0029296875
0 0.3686131386861314 0.795654296875 0.003550996251726179 0.00634765625
0 0.5764943775892681 0.79345703125 0.005227855592819097 0.0029296875
0 0.3025251528901164 0.7939453125 0.005326494377589268 0.00390625
0 0.24570921286249753 0.7939453125 0.005326494377589268 0.00390625
0 0.5335865062142434 0.792236328125 0.0012823042020122311 0.00146484375
0 0.3779838232392977 0.792236328125 0.0013809429867824028 0.00244140625
0 0.3879956598934701 0.790771484375 0.002465969619254291 0.00244140625
0 0.38513513513513514 0.78955078125 0.0030578023278753207 0.001953125
0 0.5894160583941606 0.789306640625 0.002465969619254291 0.00244140625
0 0.395393568751233 0.791015625 0.007200631288222529 0.005859375
0 0.26721246794239495 0.789306640625 0.0019727756954034327 0.00244140625
0 0.2643026237916749 0.788818359375 0.003452357466956007 0.00244140625
0 0.29256263562832907 0.7880859375 0.0025646084040244622 0.001953125
0 0.22351548628920892 0.7880859375 0.0019727756954034327 0.001953125
0 0.10021700532649437 0.78759765625 0.000789110278161373 0.001953125
0 0.46754783981061354 0.787109375 0.002959163543105149 0.001953125
0 0.40037482738212665 0.787109375 0.0027618859735648055 0.001953125
0 0.27105938054843165 0.787109375 0.0017754981258630894 0.001953125
0 0.23831130400473466 0.787353515625 0.005918327086210298 0.00439453125
0 0.5847307161175774 0.785888671875 0.004537384099427895 0.00244140625
0 0.38311304004734664 0.78564453125 0.0019727756954034327 0.001953125
0 0.235056224107319 0.784912109375 0.003550996251726179 0.00244140625
0 0.22548826198461236 0.78466796875 0.003156441112645492 0.001953125
0 0.09089564016571317 0.78466796875 0.0028605247583349774 0.00390625
0 0.25473466166896824 0.782958984375 0.0044387453146577235 0.00244140625
0 0.24990136121522982 0.78271484375 0.002663247188794634 0.001953125
0 0.37670151903728544 0.78173828125 0.004142828960347208 0.0029296875
0 0.3602781613730519 0.781982421875 0.005622410731899783 0.00341796875
0 0.22573485894653778 0.77978515625 0.0022686920497139475 0.001953125
0 0.39677451173801537 0.782470703125 0.0038469126060366936 0.00830078125
0 0.2440816729137897 0.779052734375 0.002465969619254291 0.00244140625
0 0.0983921878082462 0.779296875 0.0022686920497139475 0.0029296875
0 0.2628723614125074 0.778076171875 0.0033537186821858355 0.00244140625
0 0.2572006312882225 0.77880859375 0.0036496350364963502 0.00390625
0 0.23431643322154272 0.778564453125 0.0030578023278753207 0.00341796875
0 0.23140658907082265 0.77783203125 0.001578220556322746 0.001953125
0 0.4469816531860327 0.77783203125 0.0044387453146577235 0.0029296875
0 0.10051292168080489 0.77734375 0.0011836654172420597 0.001953125
0 0.35583941605839414 0.77783203125 0.0016768593410929177 0.00390625
0 0.5869500887749063 0.77734375 0.0066087985796014995 0.00390625
0 0.39460445847307163 0.7763671875 0.0014795817715525744 0.001953125
0 0.38848885381732096 0.7763671875 0.0044387453146577235 0.00390625
0 0.2901953047938449 0.775146484375 0.002170053264943776 0.00244140625
0 0.4016078121917538 0.77783203125 0.00424146774511738 0.0087890625
0 0.1112645492207536 0.77490234375 0.005523771947129611 0.00390625
0 0.39677451173801537 0.7724609375 0.0022686920497139475 0.001953125
0 0.352288419806668 0.771728515625 0.0016768593410929177 0.00244140625
0 0.26262576445058194 0.771484375 0.0014795817715525744 0.001953125
0 0.09893470112448215 0.771728515625 0.004142828960347208 0.00244140625
0 0.356875123298481 0.77099609375 0.0017754981258630894 0.001953125
0 0.1185638192937463 0.77099609375 0.0013809429867824028 0.001953125
0 0.0939041231012034 0.77001953125 0.0009863878477017164 0.001953125
0 0.48071611757743143 0.77099609375 0.008187019135924246 0.0048828125
0 0.36279345038469124 0.768798828125 0.0061156046557506415 0.00341796875
0 0.28289603472085223 0.768310546875 0.0017754981258630894 0.00244140625
0 0.401163937660288 0.76806640625 0.003550996251726179 0.0029296875
0 0.5885776287236141 0.76806640625 0.005721049516669955 0.00390625
0 0.5102584336160978 0.76708984375 0.0019727756954034327 0.001953125
0 0.3563819293746301 0.76708984375 0.0009863878477017164 0.001953125
0 0.10524758334977313 0.765625 0.000789110278161373 0.001953125
0 0.5998717695797988 0.76513671875 0.002663247188794634 0.001953125
0 0.39652791477608995 0.7646484375 0.0013809429867824028 0.001953125
0 0.382767804300651 0.764892578125 0.002465969619254291 0.00244140625
0 0.09720852239100414 0.76513671875 0.002465969619254291 0.0029296875
0 0.47992700729927007 0.762939453125 0.004636022884198066 0.00244140625
0 0.4582264746498323 0.7626953125 0.001085026632471888 0.001953125
0 0.2687906884987177 0.7626953125 0.005918327086210298 0.005859375
0 0.1064312487670152 0.7607421875 0.002170053264943776 0.001953125
0 0.09400276188597356 0.760986328125 0.002170053264943776 0.00244140625
0 0.41531860327480763 0.760498046875 0.002465969619254291 0.00244140625
0 0.5874432826987571 0.76171875 0.006411521010061156 0.0068359375
0 0.10307753008482935 0.759521484375 0.000789110278161373 0.00244140625
0 0.5048333004537384 0.758056640625 0.004142828960347208 0.00244140625
0 0.3566285263365555 0.75830078125 0.003452357466956007 0.0029296875
0 0.48037088183073584 0.758544921875 0.004734661668968239 0.00439453125
0 0.4040737818110081 0.7568359375 0.0022686920497139475 0.001953125
0 0.3469126060366936 0.755859375 0.0017754981258630894 0.001953125
0 0.09696192542907871 0.757080078125 0.003156441112645492 0.00439453125
0 0.5997238114026435 0.755126953125 0.0019727756954034327 0.00146484375
0 0.3628920891694614 0.75537109375 0.0013809429867824028 0.001953125
0 0.1231012033931742 0.756591796875 0.0013809429867824028 0.00537109375
0 0.09967449201025844 0.7548828125 0.0012823042020122311 0.0029296875
0 0.46468731505227856 0.754150390625 0.003156441112645492 0.00244140625
0 0.4871276385874926 0.75341796875 0.003255079897415664 0.001953125
0 0.27549812586308936 0.7529296875 0.005721049516669955 0.0029296875
0 0.2673111067271651 0.75244140625 0.005523771947129611 0.0029296875
0 0.11516078121917538 0.751708984375 0.0016768593410929177 0.00244140625
0 0.3804004734661669 0.7509765625 0.001874136910633261 0.001953125
0 0.6071217202604063 0.750732421875 0.0023673308344841193 0.00244140625
0 0.5966660090747682 0.75146484375 0.0023673308344841193 0.00390625
0 0.154024462418623 0.751220703125 0.0044387453146577235 0.00341796875
0 0.11013020319589663 0.75146484375 0.0028605247583349774 0.00390625
0 0.6110179522588282 0.75146484375 0.0038469126060366936 0.0048828125
0 0.35179522588281714 0.750244140625 0.002071414480173604 0.00244140625
0 0.41571315841388834 0.749267578125 0.004044190175577037 0.00244140625
0 0.3389228644703097 0.752685546875 0.005523771947129611 0.01025390625
0 0.14899388439534425 0.749267578125 0.0016768593410929177 0.00341796875
0 0.45743736437167093 0.749755859375 0.005622410731899783 0.00537109375
0 0.14593608206746894 0.748291015625 0.0022686920497139475 0.00244140625
0 0.14174393371473665 0.748291015625 0.002959163543105149 0.00439453125
0 0.10214046162951272 0.747314453125 0.002071414480173604 0.00341796875
0 0.5983428684158612 0.74560546875 0.0009863878477017164 0.001953125
0 0.1529394357861511 0.746337890625 0.001874136910633261 0.00341796875
0 0.34760307753008485 0.7451171875 0.001578220556322746 0.001953125
0 0.4165515880844348 0.745361328125 0.003550996251726179 0.00341796875
0 0.34400276188597356 0.744873046875 0.001874136910633261 0.00244140625
0 0.3407476819885579 0.7451171875 0.001874136910633261 0.0029296875
0 0.14899388439534425 0.744873046875 0.0016768593410929177 0.00244140625
0 0.510307753008483 0.74462890625 0.0038469126060366936 0.0029296875
0 0.45817715525744723 0.744140625 0.005326494377589268 0.0029296875
0 0.13503649635036497 0.743408203125 0.0009863878477017164 0.00244140625
0 0.48002564608404025 0.7421875 0.002465969619254291 0.001953125
0 0.17133556914578812 0.742431640625 0.0009863878477017164 0.00244140625
0 0.10549418031169856 0.742431640625 0.0006904714933912014 0.00244140625
0 0.41561451962911816 0.74169921875 0.0028605247583349774 0.001953125
0 0.41319786940224895 0.740234375 0.0019727756954034327 0.001953125
0 0.41956007101992504 0.739990234375 0.0036496350364963502 0.00244140625
0 0.16023870585914382 0.739501953125 0.004636022884198066 0.00244140625
0 0.34750443874531467 0.73876953125 0.001578220556322746 0.001953125
0 0.33941605839416056 0.737548828125 0.0011836654172420597 0.00146484375
0 0.154024462418623 0.737548828125 0.0030578023278753207 0.00244140625
0 0.3932235154862892 0.73681640625 0.0014795817715525744 0.001953125
0 0.6010554349970408 0.737060546875 0.006214243440520813 0.00341796875
0 0.34434799763266916 0.736328125 0.0009863878477017164 0.001953125
0 0.14302623791674887 0.736328125 0.0019727756954034327 0.001953125
0 0.27515289011639377 0.736328125 0.004044190175577037 0.0029296875
0 0.486190570132176 0.736328125 0.007101992503452358 0.0048828125
0 0.3369007693825212 0.73486328125 0.0012823042020122311 0.001953125
0 0.3510061156046558 0.734375 0.0006904714933912014 0.001953125
0 0.1606825803906096 0.734619140625 0.000789110278161373 0.00244140625
0 0.28491812980864073 0.73388671875 0.00542513316235944 0.00390625
0 0.48337936476622606 0.732421875 0.0028605247583349774 0.001953125
0 0.13986979680410339 0.734130859375 0.0019727756954034327 0.00537109375
0 0.36343460248569737 0.731689453125 0.001085026632471888 0.00146484375
0 0.33547050700335374 0.731689453125 0.0011836654172420597 0.00146484375
0 0.5052278555928191 0.733154296875 0.002170053264943776 0.00537109375
0 0.4124087591240876 0.732421875 0.0061156046557506415 0.00390625
0 0.27406786348392187 0.731201171875 0.0022686920497139475 0.00244140625
0 0.354606431248767 0.73046875 0.0017754981258630894 0.001953125
0 0.14692246991517063 0.730712890625 0.001874136910633261 0.00244140625
0 0.3493292562635628 0.730224609375 0.0012823042020122311 0.00244140625
0 0.27875320576050505 0.732177734375 0.006510159794831328 0.00634765625
0 0.35238705859143815 0.730224609375 0.0012823042020122311 0.00341796875
0 0.5140067074373643 0.731201171875 0.006312882225290984 0.00634765625
0 0.3471592029986191 0.729248046875 0.0022686920497139475 0.00244140625
0 0.15002959163543106 0.7294921875 0.002170053264943776 0.0029296875
0 0.3410929177352535 0.728515625 0.001578220556322746 0.001953125
0 0.33872558690076937 0.728515625 0.001578220556322746 0.001953125
0 0.17355494180311698 0.728759765625 0.0014795817715525744 0.00244140625
0 0.16048530282106924 0.729736328125 0.002170053264943776 0.00439453125
0 0.6031761688695996 0.730224609375 0.006312882225290984 0.00634765625
0 0.35021700532649436 0.727294921875 0.0006904714933912014 0.00244140625
0 0.1355790096666009 0.72705078125 0.0008877490629315447 0.001953125
0 0.33009469323337937 0.72705078125 0.0016768593410929177 0.00390625
0 0.5949398303412902 0.727294921875 0.010357072400868021 0.00537109375
0 0.33290589859932923 0.727294921875 0.0019727756954034327 0.00634765625
0 0.47918721641349377 0.724609375 0.003550996251726179 0.001953125
0 0.15989347011244823 0.723388671875 0.0017754981258630894 0.00244140625
0 0.2886170842375222 0.722412109375 0.0017754981258630894 0.00244140625
0 0.5052278555928191 0.721923828125 0.005523771947129611 0.00341796875
0 0.5960741763661471 0.720703125 0.0019727756954034327 0.001953125
0 0.608601302031959 0.718017578125 0.0025646084040244622 0.00146484375
0 0.16521996449003748 0.71875 0.0017754981258630894 0.0029296875
0 0.5905997238114027 0.7177734375 0.0012823042020122311 0.001953125
0 0.30923259025448807 0.717529296875 0.0013809429867824028 0.00244140625
0 0.16946143223515486 0.71728515625 0.0011836654172420597 0.001953125
0 0.345975537581377 0.716796875 0.0012823042020122311 0.001953125
0 0.31894851055435 0.717041015625 0.0006904714933912014 0.00244140625
0 0.45492207536003154 0.716796875 0.006312882225290984 0.0048828125
0 0.42498520418228447 0.715576171875 0.0012823042020122311 0.00244140625
0 0.3237818110080884 0.716064453125 0.0022686920497139475 0.00439453125
0 0.14189189189189189 0.71484375 0.001085026632471888 0.001953125
0 0.31835667784572896 0.71337890625 0.0030578023278753207 0.001953125
0 0.1251232984809627 0.712890625 0.0012823042020122311 0.001953125
0 0.18790688498717695 0.71337890625 0.0019727756954034327 0.0048828125
0 0.6105247583349773 0.711669921875 0.0028605247583349774 0.00244140625
0 0.5080390609587689 0.7119140625 0.004636022884198066 0.0029296875
0 0.5785164726770566 0.7119140625 0.005918327086210298 0.00390625
0 0.19944762280528705 0.711181640625 0.0019727756954034327 0.00341796875
0 0.6032748076543697 0.70947265625 0.0033537186821858355 0.001953125
0 0.5721542710593805 0.710693359375 0.003452357466956007 0.00537109375
0 0.45354113237324917 0.709228515625 0.0033537186821858355 0.00244140625
0 0.17434405208127837 0.71044921875 0.003452357466956007 0.0048828125
0 0.1707437364371671 0.710693359375 0.0033537186821858355 0.00537109375
0 0.33379364766226083 0.7080078125 0.0011836654172420597 0.001953125
0 0.3306865259420004 0.70751953125 0.0008877490629315447 0.001953125
0 0.3198362596172815 0.70751953125 0.0014795817715525744 0.0029296875
0 0.3170743736437167 0.70703125 0.0012823042020122311 0.001953125
0 0.145985401459854 0.70654296875 0.0011836654172420597 0.001953125
0 0.3268889327283488 0.70654296875 0.0025646084040244622 0.0029296875
0 0.3229433813375419 0.70703125 0.003156441112645492 0.00390625
0 0.1825803906095877 0.706298828125 0.0027618859735648055 0.00341796875
0 0.4294732688893273 0.70556640625 0.0019727756954034327 0.0029296875
0 0.19170447820082856 0.705322265625 0.0014795817715525744 0.00244140625
0 0.5474452554744526 0.706787109375 0.002170053264943776 0.00634765625
0 0.193677253896232 0.705078125 0.0008877490629315447 0.0029296875
0 0.5155849279936872 0.706298828125 0.008088380351154074 0.00634765625
0 0.4670053264943776 0.70458984375 0.0036496350364963502 0.0029296875
0 0.5691951075162754 0.70751953125 0.008778851844545275 0.009765625
0 0.4318405997238114 0.705322265625 0.002170053264943776 0.00537109375
0 0.19860919313474057 0.703125 0.001874136910633261 0.0029296875
0 0.5089761294140857 0.70166015625 0.0051292168080489245 0.0029296875
0 0.3215131189583744 0.701904296875 0.002071414480173604 0.00341796875
0 0.5680607614914184 0.701171875 0.003156441112645492 0.00390625
0 0.562635628329059 0.701171875 0.0025646084040244622 0.00390625
0 0.18761096863286644 0.704345703125 0.005918327086210298 0.01025390625
0 0.6023870585914382 0.700439453125 0.005721049516669955 0.00341796875
0 0.569540343262971 0.699462890625 0.0013809429867824028 0.00146484375
0 0.18213651607812192 0.699951171875 0.0028605247583349774 0.00341796875
0 0.4078220556322746 0.69873046875 0.0014795817715525744 0.001953125
0 0.3656539751430262 0.69873046875 0.0013809429867824028 0.001953125
0 0.5449792858551983 0.699951171875 0.005326494377589268 0.00537109375
0 0.539060958768988 0.69873046875 0.0017754981258630894 0.0029296875
0 0.44895442888143616 0.700927734375 0.011935292957190768 0.00732421875
0 0.40205168672321956 0.6982421875 0.0023673308344841193 0.001953125
0 0.3418820280134149 0.698974609375 0.004734661668968239 0.00341796875
0 0.42690866048530285 0.69921875 0.0072992700729927005 0.0048828125
0 0.3688597356480568 0.697509765625 0.001085026632471888 0.00146484375
0 0.35924245413296507 0.69775390625 0.0025646084040244622 0.001953125
0 0.34962517261787335 0.698486328125 0.0038469126060366936 0.00341796875
0 0.3309824422963109 0.69775390625 0.0016768593410929177 0.001953125
0 0.3276287236141251 0.697998046875 0.0038469126060366936 0.00341796875
0 0.0955809824422963 0.697509765625 0.0025646084040244622 0.00244140625
0 0.5733872558690077 0.696533203125 0.0027618859735648055 0.00244140625
0 0.5483823239297692 0.69677734375 0.003452357466956007 0.0029296875
0 0.20161767607023082 0.697998046875 0.002170053264943776 0.00537109375
0 0.19417044782008286 0.696533203125 0.0014795817715525744 0.00244140625
0 0.5579009666600907 0.699951171875 0.01144209903333991 0.01025390625
0 0.3355691457881239 0.697265625 0.005918327086210298 0.0048828125
0 0.10248569737620833 0.696044921875 0.002170053264943776 0.00244140625
0 0.5424639968435588 0.697265625 0.0038469126060366936 0.005859375
0 0.335075951864273 0.695068359375 0.0009863878477017164 0.00244140625
0 0.5795521799171435 0.69677734375 0.009962517261787335 0.0068359375
0 0.5342276583152495 0.69580078125 0.004537384099427895 0.0048828125
0 0.513217597159203 0.695068359375 0.0019727756954034327 0.00341796875
0 0.3125863089366739 0.6943359375 0.0011836654172420597 0.001953125
0 0.32560662852633654 0.69384765625 0.0017754981258630894 0.001953125
0 0.18105148944565003 0.6923828125 0.0012823042020122311 0.001953125
0 0.46552574472282504 0.692138671875 0.0044387453146577235 0.00244140625
0 0.31140264351943187 0.692626953125 0.001578220556322746 0.00439453125
0 0.18553955415269283 0.691650390625 0.0011836654172420597 0.00244140625
0 0.1828269875715131 0.692138671875 0.0012823042020122311 0.00341796875
0 0.325853225488262 0.68994140625 0.0008877490629315447 0.001953125
0 0.3081475636220162 0.69091796875 0.003550996251726179 0.0068359375
0 0.29853028210692445 0.689208984375 0.0022686920497139475 0.00439453125
0 0.300009863878477 0.6875 0.001085026632471888 0.001953125
0 0.5416748865653975 0.68994140625 0.009370684553166305 0.0078125
0 0.3097257841783389 0.68798828125 0.001578220556322746 0.00390625
0 0.18938646675872953 0.6875 0.0011836654172420597 0.0029296875
0 0.18376405602682974 0.6865234375 0.001578220556322746 0.00390625
0 0.5821661077135529 0.6875 0.006707437364371671 0.0078125
0 0.4441211284276978 0.68505859375 0.003452357466956007 0.00390625
0 0.3016867232195699 0.68505859375 0.0012823042020122311 0.00390625
0 0.1906194515683567 0.68408203125 0.0008877490629315447 0.001953125
0 0.4889524561057408 0.682861328125 0.004537384099427895 0.00341796875
0 0.4494969421976721 0.681640625 0.0019727756954034327 0.00390625
0 0.13030183468139672 0.680908203125 0.003550996251726179 0.00244140625
0 0.27717498520418227 0.680419921875 0.002170053264943776 0.00244140625
0 0.4830834484119156 0.68017578125 0.0028605247583349774 0.0029296875
0 0.18618070625369895 0.680419921875 0.0016768593410929177 0.00439453125
0 0.2743144604458473 0.678955078125 0.0017754981258630894 0.00244140625
0 0.19219767212467942 0.6787109375 0.0008877490629315447 0.001953125
0 0.5855198263957389 0.678955078125 0.003156441112645492 0.00341796875
0 0.14332215427105938 0.67822265625 0.001578220556322746 0.001953125
0 0.13952456105740776 0.6787109375 0.0016768593410929177 0.0029296875
0 0.2928092325902545 0.679443359375 0.0016768593410929177 0.00537109375
0 0.14776089958571711 0.677490234375 0.004340106529887552 0.00244140625
0 0.13651607812191754 0.678466796875 0.003748273821266522 0.00439453125
0 0.3035115407378181 0.679443359375 0.005326494377589268 0.00732421875
0 0.2701716314855001 0.676513671875 0.0009863878477017164 0.00244140625
0 0.2674097455119353 0.6767578125 0.0023673308344841193 0.0029296875
0 0.42439337147366346 0.67578125 0.001085026632471888 0.001953125
0 0.15313671335569146 0.676025390625 0.003452357466956007 0.00244140625
0 0.2812191753797593 0.676513671875 0.001578220556322746 0.00439453125
0 0.2690866048530282 0.675537109375 0.0009863878477017164 0.00244140625
0 0.2989741566383902 0.676025390625 0.0017754981258630894 0.00439453125
0 0.42952258828171236 0.675048828125 0.0030578023278753207 0.00341796875
0 0.2903432629710002 0.674560546875 0.002465969619254291 0.00341796875
0 0.27485697376208323 0.67431640625 0.001085026632471888 0.0029296875
0 0.27717498520418227 0.674560546875 0.002959163543105149 0.00537109375
0 0.20797987768790688 0.673095703125 0.0008877490629315447 0.00244140625
0 0.31174787926612746 0.67236328125 0.0014795817715525744 0.001953125
0 0.2864963503649635 0.6728515625 0.0008877490629315447 0.0029296875
0 0.2267212467942395 0.672607421875 0.0008877490629315447 0.00341796875
0 0.28284671532846717 0.6748046875 0.00424146774511738 0.0087890625
0 0.24245413296508186 0.67138671875 0.0009863878477017164 0.001953125
0 0.24565989347011244 0.67138671875 0.002663247188794634 0.00390625
0 0.556322746103768 0.670166015625 0.0033537186821858355 0.00341796875
0 0.42991714342079307 0.66943359375 0.0028605247583349774 0.0029296875
0 0.2706155060169659 0.6708984375 0.002663247188794634 0.005859375
0 0.23293549023476032 0.670166015625 0.002071414480173604 0.00439453125
0 0.4346024856973762 0.669189453125 0.004340106529887552 0.00439453125
0 0.3004044190175577 0.6689453125 0.002465969619254291 0.00390625
0 0.5864568948510555 0.66845703125 0.005622410731899783 0.00390625
0 0.23929769185243638 0.669677734375 0.002170053264943776 0.00732421875
0 0.2886170842375222 0.66796875 0.0033537186821858355 0.0048828125
0 0.260899585717104 0.6669921875 0.0019727756954034327 0.00390625
0 0.21961925429078713 0.66650390625 0.0012823042020122311 0.0029296875
0 0.5821661077135529 0.665771484375 0.0025646084040244622 0.00439453125
0 0.4585717103965279 0.665283203125 0.005918327086210298 0.00341796875
0 0.2962615900572105 0.66650390625 0.002071414480173604 0.005859375
0 0.4522588281712369 0.661865234375 0.0005918327086210298 0.00244140625
0 0.31998421779443675 0.66064453125 0.0009863878477017164 0.001953125
0 0.1571315841388834 0.660888671875 0.0025646084040244622 0.00244140625
0 0.5443874531465772 0.660888671875 0.002170053264943776 0.00341796875
0 0.24763266916551588 0.66015625 0.006411521010061156 0.0048828125
0 0.5561254685342276 0.659423828125 0.005918327086210298 0.00439453125
0 0.4829848096271454 0.658203125 0.001085026632471888 0.0029296875
0 0.5959262181889919 0.65771484375 0.0016768593410929177 0.0029296875
0 0.5880844347997632 0.658203125 0.003550996251726179 0.0048828125
0 0.5823140658907082 0.658447265625 0.005227855592819097 0.00537109375
0 0.44343065693430656 0.655517578125 0.008778851844545275 0.00732421875
0 0.5919313474058 0.64794921875 0.0013809429867824028 0.0029296875
