0 0.4667587295324522 0.999267578125 0.0019727756954034327 0.00146484375
0 0.5324521601893865 0.9990234375 0.002170053264943776 0.001953125
0 0.5722035904517656 0.998291015625 0.002170053264943776 0.00341796875
0 0.11590057210495167 0.998291015625 0.0033537186821858355 0.00341796875
0 0.11313868613138686 0.998046875 0.002170053264943776 0.00390625
0 0.6523969224699152 0.9970703125 0.002170053264943776 0.0029296875
0 0.5443381337541922 0.997314453125 0.0022686920497139475 0.00341796875
0 0.1933320181495364 0.997802734375 0.0033537186821858355 0.00439453125
0 0.4869303610179523 0.996337890625 0.0014795817715525744 0.00244140625
0 0.22583349773130795 0.99609375 0.0008877490629315447 0.001953125
0 0.10149930952850661 0.997314453125 0.0051292168080489245 0.00537109375
0 0.5834977313079502 0.9970703125 0.009173406983625962 0.005859375
0 0.4196093904123101 0.99560546875 0.003748273821266522 0.0029296875
0 0.2955711185638193 0.99560546875 0.002663247188794634 0.0029296875
0 0.6837147366344447 0.996826171875 0.008778851844545275 0.00634765625
0 0.4819984217794437 0.9951171875 0.001874136910633261 0.0029296875
0 0.642533043992898 0.99658203125 0.002959163543105149 0.0068359375
0 0.6240875912408759 0.99658203125 0.0025646084040244622 0.0068359375
0 0.5963700927204577 0.993896484375 0.001578220556322746 0.00146484375
0 0.575803906095877 0.99609375 0.00483330045373841 0.0078125
0 0.36979680410337346 0.99462890625 0.002959163543105149 0.0048828125
0 0.16428289603472085 0.99609375 0.006214243440520813 0.0078125
0 0.14578812389031368 0.99609375 0.007496547642533044 0.0078125
0 0.7287926612744131 0.994384765625 0.007003353718682186 0.00732421875
0 0.5812783586506214 0.99169921875 0.0025646084040244622 0.0029296875
0 0.5760505030578024 0.99072265625 0.0011836654172420597 0.001953125
0 0.5718583547050701 0.9921875 0.0066087985796014995 0.0048828125
0 0.09311501282304202 0.991455078125 0.001578220556322746 0.00341796875
0 0.1703491812980864 0.99462890625 0.006510159794831328 0.0107421875
0 0.4003255079897416 0.990478515625 0.001874136910633261 0.00341796875
0 0.14963503649635038 0.990234375 0.0025646084040244622 0.00390625
0 0.6146675872953246 0.98974609375 0.004044190175577037 0.00390625
0 0.13276780430065102 0.9892578125 0.0013809429867824028 0.0029296875
0 0.6030282106924443 0.98828125 0.0008877490629315447 0.001953125
0 0.5875912408759124 0.989501953125 0.003550996251726179 0.00439453125
0 0.11234957585322548 0.990478515625 0.003550996251726179 0.00634765625
0 0.43440520812783584 0.9873046875 0.0019727756954034327 0.001953125
0 0.16941211284276977 0.987060546875 0.0012823042020122311 0.00244140625
0 0.13543105148944565 0.98779296875 0.0027618859735648055 0.00390625
0 0.6440126257644506 0.986572265625 0.0011836654172420597 0.00341796875
0 0.6421384888538173 0.987548828125 0.002170053264943776 0.00634765625
0 0.5918327086210298 0.987548828125 0.004734661668968239 0.00634765625
0 0.11392779640954824 0.985595703125 0.001578220556322746 0.00244140625
0 0.6516078121917538 0.98583984375 0.005523771947129611 0.005859375
0 0.36412507397908855 0.984619140625 0.008778851844545275 0.00537109375
0 0.11841586111659104 0.984130859375 0.00483330045373841 0.00439453125
0 0.2020122312093115 0.98291015625 0.0027618859735648055 0.0029296875
0 0.12951272440323536 0.985595703125 0.006312882225290984 0.00927734375
0 0.09824422963109095 0.9833984375 0.0017754981258630894 0.0048828125
0 0.1543696981653186 0.982666015625 0.0019727756954034327 0.00439453125
0 0.22598145590846322 0.9814453125 0.0033537186821858355 0.0029296875
0 0.1623101203393174 0.98486328125 0.00897612941408562 0.0107421875
0 0.610919313474058 0.980224609375 0.0012823042020122311 0.00244140625
0 0.359784967449201 0.979736328125 0.002071414480173604 0.00244140625
0 0.1644801736042612 0.98046875 0.003452357466956007 0.005859375
0 0.41778457289406196 0.977783203125 0.001874136910633261 0.00244140625
0 0.4067863483921878 0.97705078125 0.003748273821266522 0.00390625
0 0.3139672519234563 0.97607421875 0.0023673308344841193 0.001953125
0 0.1550601696587098 0.97705078125 0.0039455513908068654 0.005859375
0 0.729335174590649 0.976318359375 0.005523771947129611 0.00537109375
0 0.36846518050897614 0.97607421875 0.006806076149141842 0.005859375
0 0.670102584336161 0.974365234375 0.0016768593410929177 0.00341796875
0 0.4033339909252318 0.974853515625 0.007496547642533044 0.00537109375
0 0.16122509370684554 0.974609375 0.007397908857762872 0.0068359375
0 0.30203195896626556 0.97216796875 0.0017754981258630894 0.0029296875
0 0.31135332412704675 0.97119140625 0.0014795817715525744 0.001953125
0 0.2357960149930953 0.970703125 0.001085026632471888 0.00390625
0 0.22169066877096075 0.969970703125 0.001085026632471888 0.00244140625
0 0.3681692641546656 0.970458984375 0.006214243440520813 0.00439453125
0 0.13390215032550798 0.970458984375 0.0030578023278753207 0.00439453125
0 0.3484908265930164 0.968994140625 0.0017754981258630894 0.00244140625
0 0.3932235154862892 0.968994140625 0.0012823042020122311 0.00439453125
0 0.21749852041822845 0.9736328125 0.003550996251726179 0.0146484375
0 0.15052278555928192 0.969482421875 0.008088380351154074 0.00830078125
0 0.719569934898402 0.96630859375 0.0019727756954034327 0.0029296875
0 0.22075360031564412 0.966064453125 0.0011836654172420597 0.00244140625
0 0.17390017754981257 0.966796875 0.0019727756954034327 0.0048828125
0 0.21897810218978103 0.964111328125 0.0013809429867824028 0.00244140625
0 0.1050009863878477 0.966064453125 0.0016768593410929177 0.00634765625
0 0.33788715723022295 0.964599609375 0.004636022884198066 0.00439453125
0 0.7128131781416452 0.96044921875 0.0014795817715525744 0.001953125
0 0.6950088774906293 0.960693359375 0.0013809429867824028 0.00244140625
0 0.7163148550009864 0.96142578125 0.004931939238508582 0.005859375
0 0.39978299467350564 0.960205078125 0.003748273821266522 0.00537109375
0 0.10307753008482935 0.959228515625 0.0017754981258630894 0.00341796875
0 0.13513513513513514 0.95703125 0.004340106529887552 0.0029296875
0 0.4145788123890314 0.956298828125 0.0009863878477017164 0.00244140625
0 0.09474255277174985 0.956298828125 0.001085026632471888 0.00341796875
0 0.39751430262379167 0.955078125 0.003156441112645492 0.00390625
0 0.09760307753008483 0.954833984375 0.0016768593410929177 0.00341796875
0 0.19836259617281515 0.953369140625 0.000789110278161373 0.00244140625
0 0.6832708621029789 0.952880859375 0.0025646084040244622 0.00244140625
0 0.7300256460840402 0.9541015625 0.0039455513908068654 0.005859375
0 0.7172026040639179 0.954345703125 0.004340106529887552 0.00634765625
0 0.3525843361609785 0.951904296875 0.0012823042020122311 0.00244140625
0 0.16260603669362794 0.955322265625 0.0028605247583349774 0.00927734375
0 0.10352140461629512 0.9521484375 0.003255079897415664 0.0029296875
0 0.11274413099230618 0.9482421875 0.0009863878477017164 0.0029296875
0 0.10110475438942593 0.947998046875 0.0009863878477017164 0.00244140625
0 0.7125172617873348 0.9501953125 0.0077924639968435586 0.0078125
0 0.21892878279739594 0.94677734375 0.001085026632471888 0.0029296875
0 0.18746301045571118 0.94677734375 0.0014795817715525744 0.00390625
0 0.36126454922075363 0.94677734375 0.0036496350364963502 0.0048828125
0 0.21128427697770763 0.945556640625 0.0011836654172420597 0.00244140625
0 0.14031367133556916 0.945556640625 0.0014795817715525744 0.00341796875
0 0.7209508778851844 0.9453125 0.004931939238508582 0.00390625
0 0.16295127244032354 0.94775390625 0.008877490629315447 0.0087890625
0 0.1589070822647465 0.9443359375 0.0009863878477017164 0.001953125
0 0.10914381534819491 0.9453125 0.002071414480173604 0.00390625
0 0.16990530676662063 0.945068359375 0.003452357466956007 0.00439453125
0 0.7058591438153482 0.94384765625 0.003550996251726179 0.0029296875
0 0.2145393568751233 0.94140625 0.0013809429867824028 0.00390625
0 0.10598737423554942 0.941650390625 0.002663247188794634 0.00439453125
0 0.20467547839810613 0.94091796875 0.0017754981258630894 0.0068359375
0 0.7325902544880647 0.93798828125 0.0011836654172420597 0.0029296875
0 0.683912014203985 0.936279296875 0.0016768593410929177 0.00244140625
0 0.0980469520615506 0.938232421875 0.0025646084040244622 0.00732421875
0 0.23096271453935688 0.934814453125 0.0008877490629315447 0.00244140625
0 0.2179917143420793 0.935546875 0.0009863878477017164 0.00390625
0 0.7088676267508385 0.9365234375 0.007003353718682186 0.0078125
0 0.10342276583152496 0.9365234375 0.005030578023278753 0.0078125
0 0.47021108699940817 0.9345703125 0.0013809429867824028 0.0048828125
0 0.2298283685144999 0.932861328125 0.0011836654172420597 0.00244140625
0 0.3500690471493391 0.935546875 0.006312882225290984 0.0087890625
0 0.20566186624580785 0.933349609375 0.003550996251726179 0.00439453125
0 0.11289208916946143 0.93310546875 0.001085026632471888 0.00390625
0 0.4719372657328862 0.932373046875 0.0012823042020122311 0.00439453125
0 0.37768790688498716 0.931396484375 0.0023673308344841193 0.00341796875
0 0.21236930361017953 0.931640625 0.0017754981258630894 0.00390625
0 0.3935687512329848 0.93017578125 0.002170053264943776 0.0029296875
0 0.11392779640954824 0.92919921875 0.0017754981258630894 0.00390625
0 0.21769579798776878 0.927001953125 0.0009863878477017164 0.00244140625
0 0.3951469717893076 0.92578125 0.0013809429867824028 0.001953125
0 0.46409548234365755 0.92578125 0.0009863878477017164 0.0029296875
0 0.7297297297297297 0.929931640625 0.00848293549023476 0.01220703125
0 0.10554349970408365 0.9248046875 0.0009863878477017164 0.001953125
0 0.39075754586703493 0.925048828125 0.001085026632471888 0.00341796875
0 0.34469323337936475 0.925048828125 0.001874136910633261 0.00341796875
0 0.21217202604063917 0.92578125 0.0011836654172420597 0.0048828125
0 0.20181495363977117 0.923583984375 0.000789110278161373 0.00244140625
0 0.215525744722825 0.92431640625 0.001578220556322746 0.0048828125
0 0.4670053264943776 0.9228515625 0.003452357466956007 0.0078125
0 0.3640757545867035 0.920654296875 0.0011836654172420597 0.00341796875
0 0.22134543302426515 0.919921875 0.0009863878477017164 0.001953125
0 0.40215032550798974 0.9208984375 0.0019727756954034327 0.0048828125
0 0.22464983231406588 0.919189453125 0.0008877490629315447 0.00244140625
0 0.722430459656737 0.92138671875 0.00966660090747682 0.0078125
0 0.3992404813572697 0.919921875 0.0036496350364963502 0.0048828125
0 0.22617873347800355 0.91845703125 0.0009863878477017164 0.001953125
0 0.20156835667784573 0.9189453125 0.0008877490629315447 0.0029296875
0 0.3560860130203196 0.9189453125 0.006707437364371671 0.0048828125
0 0.10391595975537582 0.91943359375 0.003452357466956007 0.005859375
0 0.6889919116196489 0.917236328125 0.002170053264943776 0.00341796875
0 0.4005227855592819 0.9169921875 0.001874136910633261 0.0029296875
0 0.7140954823436575 0.916015625 0.0014795817715525744 0.001953125
0 0.11017952258828172 0.918212890625 0.003748273821266522 0.00634765625
0 0.36521010061156045 0.9169921875 0.001874136910633261 0.0048828125
0 0.2037384099427895 0.9169921875 0.0014795817715525744 0.0048828125
0 0.7173012428486881 0.91650390625 0.004340106529887552 0.005859375
0 0.7042316038666404 0.914794921875 0.003255079897415664 0.00244140625
0 0.6995462615900572 0.9140625 0.0011836654172420597 0.001953125
0 0.22326888932728348 0.91552734375 0.002663247188794634 0.0048828125
0 0.09937857565594792 0.91552734375 0.0022686920497139475 0.0048828125
0 0.40239692246991515 0.91259765625 0.002663247188794634 0.001953125
0 0.21098836062339713 0.9130859375 0.002170053264943776 0.00390625
0 0.21720260406391792 0.91455078125 0.004734661668968239 0.0078125
0 0.22627737226277372 0.91162109375 0.0027618859735648055 0.00390625
0 0.7057605050305781 0.91064453125 0.001578220556322746 0.0029296875
0 0.22173998816334584 0.910400390625 0.0017754981258630894 0.00244140625
0 0.6975734858946537 0.909912109375 0.002959163543105149 0.00244140625
0 0.39692246991517066 0.912109375 0.004537384099427895 0.0068359375
0 0.19934898402051687 0.909912109375 0.0013809429867824028 0.00341796875
0 0.40106529887551784 0.91015625 0.003748273821266522 0.0048828125
0 0.2016669954626159 0.9091796875 0.0022686920497139475 0.00390625
0 0.7106431248767016 0.90771484375 0.0012823042020122311 0.001953125
0 0.3543105148944565 0.90869140625 0.003748273821266522 0.00390625
0 0.24728743341882028 0.909423828125 0.0025646084040244622 0.00537109375
0 0.10026632471887946 0.90869140625 0.0014795817715525744 0.0048828125
0 0.71547642533044 0.906494140625 0.0012823042020122311 0.00146484375
0 0.3897218386269481 0.90673828125 0.000789110278161373 0.0029296875
0 0.18958374432826988 0.907470703125 0.001578220556322746 0.00537109375
0 0.3953442493588479 0.90625 0.0013809429867824028 0.00390625
0 0.24635036496350365 0.9052734375 0.0016768593410929177 0.001953125
0 0.20802919708029197 0.907470703125 0.0017754981258630894 0.00634765625
0 0.7246498323140659 0.90478515625 0.0022686920497139475 0.0029296875
0 0.1651213257052673 0.90478515625 0.001578220556322746 0.0029296875
0 0.11047543894259222 0.904296875 0.0009863878477017164 0.0029296875
0 0.4645886762675084 0.904541015625 0.0013809429867824028 0.00439453125
0 0.39692246991517066 0.903076171875 0.0013809429867824028 0.00244140625
0 0.22134543302426515 0.903564453125 0.0017754981258630894 0.00341796875
0 0.2033438548037088 0.9052734375 0.0022686920497139475 0.0068359375
0 0.1046557506411521 0.906494140625 0.004340106529887552 0.00927734375
0 0.21843558887354508 0.90234375 0.0008877490629315447 0.0029296875
0 0.201716314855001 0.902099609375 0.000789110278161373 0.00244140625
0 0.16329650818701913 0.902099609375 0.0012823042020122311 0.00244140625
0 0.1077628723614125 0.90283203125 0.0022686920497139475 0.00390625
0 0.21325705267311107 0.901123046875 0.002959163543105149 0.00439453125
0 0.6584138883408956 0.898681640625 0.0013809429867824028 0.00244140625
0 0.46463799565989344 0.8984375 0.0006904714933912014 0.001953125
0 0.35722035904517657 0.89892578125 0.002071414480173604 0.0029296875
0 0.5067567567567568 0.897705078125 0.001085026632471888 0.00244140625
0 0.6626060366936279 0.897216796875 0.0016768593410929177 0.00341796875
0 0.15885776287236142 0.8974609375 0.003255079897415664 0.00390625
0 0.21158019333201816 0.896484375 0.0019727756954034327 0.0029296875
0 0.47006312882225293 0.895263671875 0.0008877490629315447 0.00244140625
0 0.4541822844742553 0.8955078125 0.001085026632471888 0.0029296875
0 0.16467745117380153 0.8955078125 0.0014795817715525744 0.0029296875
0 0.6775004931939238 0.8955078125 0.002663247188794634 0.0048828125
0 0.3618070625369895 0.898193359375 0.006510159794831328 0.01025390625
0 0.19481159992108898 0.894287109375 0.0009863878477017164 0.00341796875
0 0.4673012428486881 0.894287109375 0.0014795817715525744 0.00439453125
0 0.0932136516078122 0.894775390625 0.0017754981258630894 0.00634765625
0 0.7203590451765635 0.893310546875 0.005918327086210298 0.00439453125
0 0.3699447622805287 0.893310546875 0.002071414480173604 0.00439453125
0 0.23939633063720656 0.893310546875 0.001578220556322746 0.00439453125
0 0.45600710199250344 0.8935546875 0.0019727756954034327 0.005859375
0 0.2455119352929572 0.8916015625 0.0009863878477017164 0.0029296875
0 0.20659893470112448 0.891357421875 0.0008877490629315447 0.00341796875
0 0.2427007299270073 0.890869140625 0.0014795817715525744 0.00439453125
0 0.23619057013217598 0.88818359375 0.0008877490629315447 0.001953125
0 0.7316531860327481 0.888427734375 0.0030578023278753207 0.00341796875
0 0.7049220753600316 0.89013671875 0.00424146774511738 0.0068359375
0 0.680410337344644 0.88818359375 0.004142828960347208 0.0029296875
0 0.15348194910238705 0.89111328125 0.005721049516669955 0.009765625
0 0.7260800946932334 0.886962890625 0.0027618859735648055 0.00244140625
0 0.1884493983034129 0.886962890625 0.001085026632471888 0.00244140625
0 0.7089662655356086 0.886474609375 0.002071414480173604 0.00244140625
0 0.4644900374827382 0.88623046875 0.0017754981258630894 0.001953125
0 0.45664825409350956 0.886962890625 0.0016768593410929177 0.00341796875
0 0.39963503649635035 0.886962890625 0.0044387453146577235 0.00341796875
0 0.16413493785756558 0.88818359375 0.0027618859735648055 0.005859375
0 0.16009074768198855 0.887939453125 0.003550996251726179 0.00537109375
0 0.466660090747682 0.88623046875 0.0019727756954034327 0.0029296875
0 0.7004833300453739 0.88623046875 0.002663247188794634 0.00390625
0 0.6971789307555731 0.886474609375 0.0019727756954034327 0.00439453125
0 0.5135628329058985 0.885498046875 0.0008877490629315447 0.00244140625
0 0.4687315052278556 0.885009765625 0.0013809429867824028 0.00244140625
0 0.22933517459064903 0.8857421875 0.0013809429867824028 0.00390625
0 0.13760110475438941 0.885986328125 0.0051292168080489245 0.00439453125
0 0.17759913197869404 0.884765625 0.0012823042020122311 0.0029296875
0 0.18968238311304006 0.88427734375 0.000789110278161373 0.0029296875
0 0.713207733280726 0.88330078125 0.002071414480173604 0.001953125
0 0.22603077530084828 0.884521484375 0.0016768593410929177 0.00439453125
0 0.3668376405602683 0.884765625 0.0025646084040244622 0.005859375
0 0.22090155849279938 0.88330078125 0.0012823042020122311 0.0029296875
0 0.17439337147366343 0.88330078125 0.0009863878477017164 0.0029296875
0 0.2156243835075952 0.882568359375 0.0009863878477017164 0.00244140625
0 0.1644801736042612 0.882568359375 0.001085026632471888 0.00244140625
0 0.09222726376011048 0.8857421875 0.0025646084040244622 0.0087890625
0 0.5439435786151114 0.8818359375 0.002465969619254291 0.001953125
0 0.5300848293549023 0.88134765625 0.0019727756954034327 0.001953125
0 0.37073387255869006 0.8818359375 0.002071414480173604 0.0029296875
0 0.1999408167291379 0.88134765625 0.0009863878477017164 0.001953125
0 0.11294140856184652 0.883544921875 0.003550996251726179 0.00634765625
0 0.47297297297297297 0.883056640625 0.002959163543105149 0.00634765625
0 0.3559380548431643 0.88330078125 0.005819688301440126 0.0068359375
0 0.6929867824028408 0.881103515625 0.007003353718682186 0.00439453125
0 0.47030972578417835 0.8818359375 0.0017754981258630894 0.005859375
0 0.7188301440126258 0.882080078125 0.00424146774511738 0.00732421875
0 0.6992010258433616 0.88037109375 0.00483330045373841 0.00390625
0 0.4509765239692247 0.88134765625 0.0025646084040244622 0.005859375
0 0.20546458867626752 0.881103515625 0.002959163543105149 0.00537109375
0 0.17222331820871967 0.87939453125 0.000789110278161373 0.0029296875
0 0.16280331426316827 0.87939453125 0.001085026632471888 0.0029296875
0 0.1328171236930361 0.879638671875 0.001874136910633261 0.00341796875
0 0.7246991517064509 0.87890625 0.004537384099427895 0.0029296875
0 0.6870191359242455 0.879638671875 0.004734661668968239 0.00439453125
0 0.23042020122312093 0.881103515625 0.0025646084040244622 0.00732421875
0 0.3493292562635628 0.8798828125 0.0036496350364963502 0.005859375
0 0.20926218188991913 0.878173828125 0.0006904714933912014 0.00244140625
0 0.17059577826001185 0.878662109375 0.0016768593410929177 0.00341796875
0 0.6816926415466561 0.880126953125 0.004537384099427895 0.00732421875
0 0.50863089366739 0.8779296875 0.001085026632471888 0.0029296875
0 0.4735154862892089 0.87744140625 0.001085026632471888 0.001953125
0 0.4689287827973959 0.8779296875 0.001578220556322746 0.0029296875
0 0.44929966462813176 0.8779296875 0.0013809429867824028 0.0029296875
0 0.25606628526336556 0.877685546875 0.0017754981258630894 0.00244140625
0 0.22815150917340699 0.87744140625 0.0009863878477017164 0.001953125
0 0.4644900374827382 0.878173828125 0.003550996251726179 0.00439453125
0 0.17750049319392386 0.87744140625 0.0016768593410929177 0.0029296875
0 0.13612152298283686 0.879150390625 0.003748273821266522 0.00634765625
0 0.09671532846715329 0.8779296875 0.001874136910633261 0.005859375
0 0.3713257052673111 0.876220703125 0.0028605247583349774 0.00341796875
0 0.16635431051489447 0.875732421875 0.001085026632471888 0.00244140625
0 0.5425626356283291 0.875 0.001874136910633261 0.0029296875
0 0.1992503452357467 0.874755859375 0.0013809429867824028 0.00244140625
0 0.21222134543302426 0.876220703125 0.0030578023278753207 0.00634765625
0 0.22302229236535806 0.876953125 0.004142828960347208 0.0107421875
0 0.4744525547445255 0.873779296875 0.0025646084040244622 0.00537109375
0 0.1769579798776879 0.873046875 0.0013809429867824028 0.00390625
0 0.1790293943578615 0.8720703125 0.0009863878477017164 0.0029296875
0 0.16886959952653383 0.872314453125 0.0013809429867824028 0.00439453125
0 0.4783981061353324 0.870849609375 0.0009863878477017164 0.00244140625
0 0.14805681594002762 0.87060546875 0.0019727756954034327 0.0029296875
0 0.35574077727362396 0.872802734375 0.006214243440520813 0.00927734375
0 0.22548826198461236 0.869384765625 0.0009863878477017164 0.00244140625
0 0.162063523377392 0.868408203125 0.003748273821266522 0.00341796875
0 0.0966660090747682 0.8701171875 0.0017754981258630894 0.0068359375
0 0.7025054251331624 0.86767578125 0.0039455513908068654 0.0029296875
0 0.6811994476228053 0.867431640625 0.004142828960347208 0.00341796875
0 0.47963109094495954 0.866943359375 0.0016768593410929177 0.00244140625
0 0.4770664825409351 0.866943359375 0.002663247188794634 0.00244140625
0 0.3584533438548037 0.866943359375 0.0017754981258630894 0.00244140625
0 0.09301637403827184 0.87353515625 0.005326494377589268 0.015625
0 0.7275596764647859 0.866455078125 0.0039455513908068654 0.00341796875
0 0.2409252318011442 0.869140625 0.002663247188794634 0.0107421875
0 0.7115308739396331 0.864501953125 0.0012823042020122311 0.00244140625
0 0.36678832116788324 0.865234375 0.0028605247583349774 0.00390625
0 0.26099822450187415 0.864501953125 0.0013809429867824028 0.00244140625
0 0.21084040244624186 0.869140625 0.005030578023278753 0.0126953125
0 0.6859834286841586 0.86572265625 0.007200631288222529 0.0068359375
0 0.6762675083842967 0.865478515625 0.007101992503452358 0.00732421875
0 0.7163148550009864 0.861572265625 0.0017754981258630894 0.00244140625
0 0.3533241270467548 0.86328125 0.002959163543105149 0.005859375
0 0.6910633260998225 0.861572265625 0.0023673308344841193 0.00341796875
0 0.22736239889524562 0.864990234375 0.003156441112645492 0.01025390625
0 0.26405602682974944 0.8603515625 0.000789110278161373 0.001953125
0 0.702258828171237 0.859619140625 0.001085026632471888 0.00244140625
0 0.5442394949694219 0.859375 0.0008877490629315447 0.001953125
0 0.240234760307753 0.860595703125 0.0016768593410929177 0.00439453125
0 0.489100414282896 0.860107421875 0.005030578023278753 0.00439453125
0 0.6975734858946537 0.860107421875 0.005721049516669955 0.00537109375
0 0.565545472479779 0.861572265625 0.010751627539948707 0.00830078125
0 0.4931446044584731 0.859130859375 0.003255079897415664 0.00341796875
0 0.470704280923259 0.859130859375 0.004537384099427895 0.00341796875
0 0.5561747879266128 0.85986328125 0.006806076149141842 0.005859375
0 0.47440323535214046 0.85791015625 0.0012823042020122311 0.001953125
0 0.2239593608206747 0.860107421875 0.003255079897415664 0.00634765625
0 0.4087098046952062 0.85791015625 0.001874136910633261 0.0029296875
0 0.3647662260800947 0.857666015625 0.0009863878477017164 0.00244140625
0 0.49837246005129215 0.857177734375 0.0008877490629315447 0.00244140625
0 0.21227066482540935 0.857421875 0.0009863878477017164 0.0029296875
0 0.571266521996449 0.8564453125 0.0014795817715525744 0.001953125
0 0.478151509173407 0.855712890625 0.0030578023278753207 0.00244140625
0 0.16842572499506805 0.85546875 0.0016768593410929177 0.001953125
0 0.4575360031564411 0.855224609375 0.0008877490629315447 0.00244140625
0 0.20018741369106333 0.85498046875 0.0008877490629315447 0.001953125
0 0.09316433221542711 0.856201171875 0.005622410731899783 0.00439453125
0 0.17799368711777472 0.855712890625 0.0022686920497139475 0.00439453125
0 0.17390017754981257 0.85546875 0.0011836654172420597 0.00390625
0 0.23663444466364175 0.85693359375 0.004142828960347208 0.0078125
0 0.15496153087393963 0.854248046875 0.0011836654172420597 0.00244140625
0 0.22410731899782996 0.853759765625 0.0013809429867824028 0.00341796875
0 0.20255474452554745 0.8544921875 0.003255079897415664 0.0048828125
0 0.4605444860919313 0.85302734375 0.0011836654172420597 0.00390625
0 0.4002761885973565 0.851806640625 0.0023673308344841193 0.00244140625
0 0.3645689485105543 0.85205078125 0.0013809429867824028 0.0029296875
0 0.19491023870585913 0.8515625 0.0013809429867824028 0.001953125
0 0.45941014006707437 0.852294921875 0.0014795817715525744 0.00439453125
0 0.5572104951666995 0.8515625 0.002959163543105149 0.00390625
0 0.45590846320773326 0.851318359375 0.0023673308344841193 0.00341796875
0 0.14623199842177945 0.852783203125 0.002465969619254291 0.00634765625
0 0.6401163937660288 0.850341796875 0.0016768593410929177 0.00244140625
0 0.5541033734464391 0.850830078125 0.002465969619254291 0.00341796875
0 0.551094890510949 0.851318359375 0.0025646084040244622 0.00439453125
0 0.15289011639376604 0.8515625 0.0027618859735648055 0.0048828125
0 0.24176366147169068 0.853515625 0.005326494377589268 0.009765625
0 0.5639179325310713 0.85009765625 0.003156441112645492 0.00390625
0 0.5766423357664233 0.849609375 0.005721049516669955 0.00390625
0 0.14223712763858748 0.853515625 0.005523771947129611 0.01171875
0 0.5682087196685737 0.85009765625 0.005030578023278753 0.005859375
0 0.09429867824028408 0.849609375 0.003550996251726179 0.0048828125
0 0.5602682974945749 0.84912109375 0.002959163543105149 0.0048828125
0 0.16300059183270862 0.8486328125 0.002465969619254291 0.00390625
0 0.7055632274610377 0.84765625 0.0017754981258630894 0.0029296875
0 0.10371868218583546 0.850830078125 0.006411521010061156 0.00927734375
0 0.7182383113040047 0.84814453125 0.00483330045373841 0.0048828125
0 0.16640362990727955 0.846923828125 0.0023673308344841193 0.00341796875
0 0.11062339711974749 0.846435546875 0.0014795817715525744 0.00244140625
0 0.2152298283685145 0.846923828125 0.0011836654172420597 0.00439453125
0 0.19520615506016967 0.84619140625 0.0011836654172420597 0.0029296875
0 0.6940718090353127 0.845458984375 0.0028605247583349774 0.00244140625
0 0.2532057605050306 0.84619140625 0.003748273821266522 0.00390625
0 0.691408561846518 0.844970703125 0.001085026632471888 0.00244140625
0 0.647711580193332 0.844970703125 0.002071414480173604 0.00244140625
0 0.5300355099625172 0.844970703125 0.001085026632471888 0.00244140625
0 0.4684355888735451 0.847412109375 0.0017754981258630894 0.00732421875
0 0.17567567567567569 0.844970703125 0.0011836654172420597 0.00244140625
0 0.45867034918129806 0.84521484375 0.004142828960347208 0.00390625
0 0.3962319984217794 0.84619140625 0.005721049516669955 0.005859375
0 0.17227263760110476 0.845458984375 0.0014795817715525744 0.00439453125
0 0.7294831327678043 0.844970703125 0.005622410731899783 0.00439453125
0 0.1975734858946538 0.846923828125 0.003156441112645492 0.00830078125
0 0.09927993687117774 0.845703125 0.0030578023278753207 0.005859375
0 0.5362990727954232 0.8447265625 0.006904714933912014 0.0048828125
0 0.3710297889130006 0.843505859375 0.0012823042020122311 0.00244140625
0 0.2629216808048925 0.8427734375 0.0014795817715525744 0.001953125
0 0.11358256066285263 0.844482421875 0.0030578023278753207 0.00537109375
0 0.5060169658709804 0.84326171875 0.004931939238508582 0.00390625
0 0.48239297691852434 0.84228515625 0.0014795817715525744 0.001953125
0 0.6440126257644506 0.842041015625 0.0027618859735648055 0.00244140625
0 0.4734661668968238 0.841796875 0.000789110278161373 0.001953125
0 0.18869599526533834 0.842041015625 0.0019727756954034327 0.00341796875
0 0.702308147563622 0.841552734375 0.0027618859735648055 0.00341796875
0 0.6521503255079898 0.84130859375 0.0036496350364963502 0.00390625
0 0.3512033931741961 0.8408203125 0.0012823042020122311 0.0029296875
0 0.203442493588479 0.84228515625 0.006411521010061156 0.005859375
0 0.6849970408364568 0.84033203125 0.002071414480173604 0.0029296875
0 0.4627145393568751 0.83984375 0.0009863878477017164 0.001953125
0 0.3729532452160189 0.84033203125 0.0023673308344841193 0.0029296875
0 0.22312093115012824 0.84423828125 0.0061156046557506415 0.0107421875
0 0.647711580193332 0.839599609375 0.004044190175577037 0.00244140625
0 0.09153679226671928 0.83984375 0.0025646084040244622 0.0029296875
0 0.6859834286841586 0.8388671875 0.0022686920497139475 0.0029296875
0 0.25221937265732886 0.838623046875 0.001578220556322746 0.00244140625
0 0.5348688104162557 0.839599609375 0.002071414480173604 0.00537109375
0 0.3595383704872756 0.83935546875 0.002170053264943776 0.0048828125
0 0.24531465772341685 0.837890625 0.0011836654172420597 0.0029296875
0 0.7221838626948116 0.83740234375 0.004044190175577037 0.0029296875
0 0.47484710988360623 0.837158203125 0.001578220556322746 0.00244140625
0 0.5572104951666995 0.83740234375 0.0033537186821858355 0.00390625
0 0.15732886170842375 0.837646484375 0.001578220556322746 0.00439453125
0 0.19722825014795817 0.837646484375 0.0038469126060366936 0.00537109375
0 0.19160583941605838 0.83984375 0.0030578023278753207 0.009765625
0 0.21952061550601695 0.83642578125 0.0030578023278753207 0.00390625
0 0.200581968830144 0.8359375 0.003255079897415664 0.0029296875
0 0.6996942197672125 0.835205078125 0.0016768593410929177 0.00244140625
0 0.5803412901953048 0.835693359375 0.002071414480173604 0.00341796875
0 0.4613829157624778 0.83544921875 0.001085026632471888 0.0029296875
0 0.3471592029986191 0.837646484375 0.002071414480173604 0.00732421875
0 0.694811599921089 0.834716796875 0.001578220556322746 0.00244140625
0 0.3549516669954626 0.834716796875 0.0028605247583349774 0.00244140625
0 0.21404616295127243 0.83544921875 0.003550996251726179 0.00390625
0 0.5739297691852436 0.83544921875 0.0077924639968435586 0.0048828125
0 0.2096567370289998 0.839599609375 0.003452357466956007 0.01416015625
0 0.6466265535608602 0.83349609375 0.0028605247583349774 0.0029296875
0 0.4582264746498323 0.8330078125 0.0008877490629315447 0.001953125
0 0.2405799960544486 0.833251953125 0.0011836654172420597 0.00244140625
0 0.6720753600315644 0.833984375 0.005030578023278753 0.0048828125
0 0.22746103768001577 0.834228515625 0.002959163543105149 0.00537109375
0 0.10125271256658118 0.833251953125 0.0008877490629315447 0.00341796875
0 0.5895146971789308 0.833740234375 0.006806076149141842 0.00537109375
0 0.4803215624383508 0.832275390625 0.001085026632471888 0.00244140625
0 0.5789110278161373 0.83154296875 0.001578220556322746 0.001953125
0 0.4698658512527126 0.833251953125 0.0028605247583349774 0.00537109375
0 0.1693134740579996 0.83203125 0.0022686920497139475 0.0029296875
0 0.15170645097652397 0.83251953125 0.002170053264943776 0.00390625
0 0.34923061747879264 0.832763671875 0.0014795817715525744 0.00537109375
0 0.280479384493983 0.832275390625 0.002465969619254291 0.00439453125
0 0.6432235154862892 0.833740234375 0.004142828960347208 0.00830078125
0 0.4630597751035707 0.831787109375 0.002071414480173604 0.00439453125
0 0.4040737818110081 0.8310546875 0.0030578023278753207 0.0029296875
0 0.24363779838232394 0.83349609375 0.0039455513908068654 0.0078125
0 0.16418425724995067 0.8330078125 0.0022686920497139475 0.0068359375
0 0.10919313474058 0.832275390625 0.005523771947129611 0.00537109375
0 0.6534326297100019 0.830322265625 0.0016768593410929177 0.00244140625
0 0.4523574669560071 0.83056640625 0.001578220556322746 0.0029296875
0 0.24205957782600118 0.83056640625 0.001578220556322746 0.0029296875
0 0.21966857368317222 0.83154296875 0.003156441112645492 0.0048828125
0 0.17276583152495562 0.830322265625 0.0014795817715525744 0.00244140625
0 0.09691260603669363 0.830810546875 0.0014795817715525744 0.00341796875
0 0.1989544288814362 0.830078125 0.0017754981258630894 0.0029296875
0 0.6393272834878674 0.8291015625 0.002071414480173604 0.001953125
0 0.35164726770566185 0.830322265625 0.0017754981258630894 0.00439453125
0 0.1363188005523772 0.829833984375 0.0039455513908068654 0.00341796875
0 0.6549122114815545 0.828857421875 0.002071414480173604 0.00244140625
0 0.4714440718090353 0.82861328125 0.0014795817715525744 0.001953125
0 0.26962911816926416 0.83154296875 0.006411521010061156 0.0078125
0 0.6783389228644703 0.829345703125 0.003748273821266522 0.00439453125
0 0.6639376602880253 0.82958984375 0.004340106529887552 0.005859375
0 0.5556322746103768 0.827880859375 0.0013809429867824028 0.00244140625
0 0.3578615111461827 0.82861328125 0.002170053264943776 0.00390625
0 0.25892681002170054 0.8291015625 0.0011836654172420597 0.0048828125
0 0.23702899980272243 0.82958984375 0.0027618859735648055 0.005859375
0 0.6864766226080095 0.82763671875 0.004636022884198066 0.0029296875
0 0.21093904123101204 0.828369140625 0.002071414480173604 0.00439453125
0 0.2141941211284277 0.827880859375 0.001085026632471888 0.00439453125
0 0.6809035312684948 0.82666015625 0.0039455513908068654 0.0029296875
0 0.5506510159794832 0.82666015625 0.0012823042020122311 0.0029296875
0 0.4785460643124877 0.826416015625 0.0014795817715525744 0.00244140625
0 0.4602978891300059 0.826416015625 0.0012823042020122311 0.00244140625
0 0.23939633063720656 0.8271484375 0.0013809429867824028 0.00390625
0 0.2297790491221148 0.827392578125 0.001085026632471888 0.00439453125
0 0.16906687709607418 0.826416015625 0.0013809429867824028 0.00244140625
0 0.14721838626948117 0.826416015625 0.002071414480173604 0.00244140625
0 0.5719569934898402 0.827392578125 0.0066087985796014995 0.00537109375
0 0.2430459656737029 0.826416015625 0.0013809429867824028 0.00439453125
0 0.5621917537975932 0.825927734375 0.0028605247583349774 0.00439453125
0 0.47164134937857566 0.82470703125 0.001085026632471888 0.001953125
0 0.6253698954428881 0.823974609375 0.0025646084040244622 0.00244140625
0 0.46261590057210494 0.823974609375 0.001578220556322746 0.00244140625
0 0.4485105543499704 0.823486328125 0.0009863878477017164 0.00244140625
0 0.2280528703886368 0.823974609375 0.0009863878477017164 0.00341796875
0 0.5481850463602288 0.823974609375 0.002465969619254291 0.00439453125
0 0.3554448609193135 0.82568359375 0.005819688301440126 0.0078125
0 0.4673012428486881 0.827392578125 0.006016965870980469 0.01220703125
0 0.12172026040639179 0.822509765625 0.000789110278161373 0.00244140625
0 0.6686723219569934 0.822265625 0.004931939238508582 0.0029296875
0 0.6634937857565595 0.822998046875 0.00542513316235944 0.00439453125
0 0.6569836259617281 0.822509765625 0.0028605247583349774 0.00341796875
0 0.6416946143223515 0.82275390625 0.003452357466956007 0.00390625
0 0.6901262576445059 0.822021484375 0.00483330045373841 0.00341796875
0 0.5559775103570724 0.822265625 0.00424146774511738 0.00390625
0 0.674738607220359 0.820556640625 0.002071414480173604 0.00244140625
0 0.17523180114420991 0.822998046875 0.004636022884198066 0.00732421875
0 0.15136121522982837 0.820556640625 0.0022686920497139475 0.00244140625
0 0.13617084237522195 0.821044921875 0.003452357466956007 0.00341796875
0 0.6462813178141645 0.822265625 0.004340106529887552 0.0068359375
0 0.5958275794042217 0.819580078125 0.00424146774511738 0.00244140625
0 0.5924738607220359 0.82080078125 0.008778851844545275 0.0048828125
0 0.4866837640560268 0.820556640625 0.0027618859735648055 0.00439453125
0 0.45122312093115013 0.82177734375 0.002465969619254291 0.0068359375
0 0.13922864470309726 0.819580078125 0.001874136910633261 0.00244140625
0 0.5837936476622608 0.8203125 0.007989741566383901 0.0048828125
0 0.2575951864273032 0.819580078125 0.0014795817715525744 0.00341796875
0 0.6859834286841586 0.818359375 0.002663247188794634 0.001953125
0 0.47065496153087394 0.81982421875 0.002071414480173604 0.0048828125
0 0.2617380153876504 0.8212890625 0.004636022884198066 0.0078125
0 0.09967449201025844 0.8203125 0.0030578023278753207 0.005859375
0 0.5604162556717301 0.817626953125 0.0022686920497139475 0.00244140625
0 0.17015190372854608 0.8173828125 0.002170053264943776 0.001953125
0 0.46010061156046556 0.81689453125 0.0008877490629315447 0.001953125
0 0.16773525350167687 0.81689453125 0.0014795817715525744 0.001953125
0 0.116097849674492 0.818115234375 0.002170053264943776 0.00439453125
0 0.5546458867626751 0.81640625 0.0013809429867824028 0.001953125
0 0.6664036299072795 0.816162109375 0.0039455513908068654 0.00244140625
0 0.3662458078516473 0.81640625 0.0061156046557506415 0.00390625
0 0.21379956598934702 0.816162109375 0.0012823042020122311 0.00341796875
0 0.5705760505030578 0.81494140625 0.001874136910633261 0.001953125
0 0.36032748076543697 0.816650390625 0.005326494377589268 0.00537109375
0 0.22760899585717104 0.817138671875 0.0036496350364963502 0.00634765625
0 0.13942592227263761 0.815185546875 0.002663247188794634 0.00341796875
0 0.7026040639179325 0.814697265625 0.004537384099427895 0.00341796875
0 0.6417439337147366 0.81640625 0.004734661668968239 0.0068359375
0 0.22262773722627738 0.81494140625 0.0013809429867824028 0.00390625
0 0.6702998619057013 0.814208984375 0.0030578023278753207 0.00341796875
0 0.6553067666206353 0.814208984375 0.0036496350364963502 0.00341796875
0 0.5454724797790491 0.813720703125 0.0013809429867824028 0.00341796875
0 0.45541526928388243 0.81298828125 0.0017754981258630894 0.0029296875
0 0.2681002170053265 0.81298828125 0.0019727756954034327 0.0029296875
0 0.26760702308147566 0.816650390625 0.006312882225290984 0.01025390625
0 0.16023870585914382 0.812255859375 0.0012823042020122311 0.00244140625
0 0.14194121128427697 0.81201171875 0.0013809429867824028 0.001953125
0 0.5261885973564806 0.814453125 0.003452357466956007 0.0078125
0 0.47608009469323337 0.8115234375 0.0008877490629315447 0.001953125
0 0.17025054251331623 0.81201171875 0.0033537186821858355 0.0029296875
0 0.16665022686920497 0.81201171875 0.003255079897415664 0.0029296875
0 0.09360820674689288 0.81396484375 0.006904714933912014 0.0068359375
0 0.13794634050108504 0.812744140625 0.002663247188794634 0.00537109375
0 0.10342276583152496 0.811767578125 0.001085026632471888 0.00341796875
0 0.5615999210889722 0.810791015625 0.001085026632471888 0.00244140625
0 0.4617774709015585 0.81201171875 0.0038469126060366936 0.0048828125
0 0.3571217202604064 0.812744140625 0.003255079897415664 0.00634765625
0 0.3664924048135727 0.81005859375 0.002071414480173604 0.001953125
0 0.10874926020911423 0.811767578125 0.0044387453146577235 0.00537109375
0 0.6270960741763661 0.8095703125 0.001874136910633261 0.001953125
0 0.19929966462813178 0.809814453125 0.0022686920497139475 0.00244140625
0 0.49309528506608796 0.813232421875 0.0039455513908068654 0.01025390625
0 0.48421779443677254 0.81005859375 0.0025646084040244622 0.00390625
0 0.46991517064509764 0.81005859375 0.003550996251726179 0.00390625
0 0.14830341290195304 0.809814453125 0.0016768593410929177 0.00341796875
0 0.4821463799565989 0.80859375 0.001578220556322746 0.001953125
0 0.4552673111067272 0.80908203125 0.0022686920497139475 0.0029296875
0 0.2676563424738607 0.808837890625 0.0012823042020122311 0.00244140625
0 0.20521799171434207 0.809814453125 0.005030578023278753 0.00439453125
0 0.6700039455513908 0.80859375 0.0022686920497139475 0.0029296875
0 0.47376208325113434 0.808349609375 0.0019727756954034327 0.00244140625
0 0.6797691852436378 0.807861328125 0.001874136910633261 0.00244140625
0 0.2607023081475636 0.81103515625 0.003748273821266522 0.0087890625
0 0.4656737028999803 0.80859375 0.0017754981258630894 0.0048828125
0 0.45891694614322354 0.808349609375 0.002465969619254291 0.00439453125
0 0.35263365555336357 0.811767578125 0.005721049516669955 0.01220703125
0 0.5924738607220359 0.8076171875 0.00483330045373841 0.0048828125
0 0.5475438942592227 0.805908203125 0.0023673308344841193 0.00244140625
0 0.4676464785953837 0.805908203125 0.0013809429867824028 0.00244140625
0 0.4051094890510949 0.8076171875 0.003550996251726179 0.005859375
0 0.35756559479187217 0.806640625 0.004142828960347208 0.00390625
0 0.11289208916946143 0.808837890625 0.005227855592819097 0.00830078125
0 0.4621227066482541 0.8056640625 0.0017754981258630894 0.0029296875
0 0.4548234365752614 0.80517578125 0.0011836654172420597 0.001953125
0 0.2186821858354705 0.8076171875 0.003550996251726179 0.0068359375
0 0.6345926218188992 0.80517578125 0.002663247188794634 0.0029296875
0 0.5872953245216019 0.80712890625 0.004537384099427895 0.0068359375
0 0.5139080686525942 0.8046875 0.001578220556322746 0.001953125
0 0.5437956204379562 0.8056640625 0.004340106529887552 0.0048828125
0 0.4767212467942395 0.8046875 0.0027618859735648055 0.0048828125
0 0.135628329058986 0.8056640625 0.0027618859735648055 0.0068359375
0 0.5364470309725784 0.8046875 0.0036496350364963502 0.005859375
0 0.20043401065298874 0.80322265625 0.0033537186821858355 0.0029296875
0 0.1412014203985007 0.805419921875 0.003255079897415664 0.00732421875
0 0.5572104951666995 0.804443359375 0.002170053264943776 0.00634765625
0 0.5156835667784573 0.802490234375 0.0011836654172420597 0.00244140625
0 0.5513908068652594 0.802001953125 0.0011836654172420597 0.00244140625
0 0.46720260406391795 0.80224609375 0.003255079897415664 0.0029296875
0 0.45053264943775895 0.802734375 0.001874136910633261 0.00390625
0 0.22519234563030183 0.80615234375 0.006510159794831328 0.0107421875
0 0.25399487078319194 0.80322265625 0.0019727756954034327 0.005859375
0 0.5034030380745709 0.80078125 0.0006904714933912014 0.001953125
0 0.46143223515486287 0.80078125 0.0011836654172420597 0.001953125
0 0.6727658315249556 0.80078125 0.002465969619254291 0.0029296875
0 0.4757348589465378 0.800537109375 0.0017754981258630894 0.00244140625
0 0.5053758137699743 0.800537109375 0.0016768593410929177 0.00341796875
0 0.2214933912014204 0.80078125 0.0012823042020122311 0.00390625
0 0.16911619648845927 0.800048828125 0.0014795817715525744 0.00244140625
0 0.35894653777865454 0.80126953125 0.0061156046557506415 0.005859375
0 0.15145985401459855 0.800048828125 0.002071414480173604 0.00341796875
0 0.5498125863089367 0.80029296875 0.0011836654172420597 0.0048828125
0 0.27944367725389624 0.800537109375 0.004734661668968239 0.00537109375
0 0.26647267705661865 0.80126953125 0.0030578023278753207 0.0068359375
0 0.494229631090945 0.7998046875 0.0014795817715525744 0.0048828125
0 0.6612250937068456 0.79833984375 0.004044190175577037 0.0029296875
0 0.6535805878871572 0.79833984375 0.0023673308344841193 0.0029296875
0 0.49191161964884594 0.798095703125 0.0023673308344841193 0.00244140625
0 0.45428092325902547 0.79833984375 0.0012823042020122311 0.0029296875
0 0.15693430656934307 0.80224609375 0.007101992503452358 0.0107421875
0 0.09464391398697967 0.800048828125 0.004044190175577037 0.00634765625
0 0.588528309331229 0.799072265625 0.006214243440520813 0.00537109375
0 0.5459656737029 0.798583984375 0.002959163543105149 0.00439453125
0 0.6824817518248175 0.797119140625 0.003156441112645492 0.00244140625
0 0.46394752416650226 0.796875 0.0022686920497139475 0.001953125
0 0.257447228250148 0.7978515625 0.002170053264943776 0.00390625
0 0.2238607220359045 0.798095703125 0.003452357466956007 0.00439453125
0 0.36974748471098834 0.796630859375 0.0008877490629315447 0.00244140625
0 0.28186032748076545 0.796630859375 0.0016768593410929177 0.00244140625
0 0.6762181889919117 0.7958984375 0.0014795817715525744 0.001953125
0 0.4516176760702308 0.796142578125 0.0012823042020122311 0.00244140625
0 0.40323535214046163 0.7978515625 0.004931939238508582 0.005859375
0 0.23347800355099624 0.796630859375 0.0009863878477017164 0.00341796875
0 0.7073387255869008 0.7958984375 0.003550996251726179 0.0029296875
0 0.46670941014006706 0.795654296875 0.0012823042020122311 0.00244140625
0 0.4412112842769777 0.794921875 0.0023673308344841193 0.001953125
0 0.4721345433024265 0.797607421875 0.005227855592819097 0.01025390625
0 0.6382422568553956 0.79345703125 0.003255079897415664 0.0029296875
0 0.3647169066877096 0.793212890625 0.0030578023278753207 0.00244140625
0 0.21498323140658906 0.7939453125 0.002465969619254291 0.00390625
0 0.5104063917932531 0.79248046875 0.0014795817715525744 0.001953125
0 0.5059183270862103 0.793701171875 0.0013809429867824028 0.00439453125
0 0.10993292562635629 0.79296875 0.001874136910633261 0.0029296875
0 0.6550108502663248 0.792236328125 0.0038469126060366936 0.00244140625
0 0.6415959755375814 0.792724609375 0.0030578023278753207 0.00341796875
0 0.6013513513513513 0.793212890625 0.0066087985796014995 0.00439453125
0 0.4440224896429276 0.79248046875 0.0012823042020122311 0.0029296875
0 0.5852732294338133 0.791748046875 0.0012823042020122311 0.00244140625
0 0.5075458670349181 0.791748046875 0.0014795817715525744 0.00244140625
0 0.47795423160386663 0.79150390625 0.0014795817715525744 0.001953125
0 0.3594890510948905 0.791748046875 0.002465969619254291 0.00244140625
0 0.2697770763464194 0.79296875 0.002170053264943776 0.005859375
0 0.2582856579206944 0.791748046875 0.002071414480173604 0.00341796875
0 0.22972972972972974 0.79443359375 0.0051292168080489245 0.0087890625
0 0.2255869007693825 0.79345703125 0.003748273821266522 0.0068359375
0 0.5125271256658118 0.790771484375 0.0011836654172420597 0.00244140625
0 0.5635726967843756 0.790771484375 0.0008877490629315447 0.00341796875
0 0.5529197080291971 0.790283203125 0.003452357466956007 0.00341796875
0 0.4920595778260012 0.78955078125 0.0006904714933912014 0.001953125
0 0.362053659498915 0.789794921875 0.0014795817715525744 0.00244140625
0 0.27500493193923853 0.791259765625 0.0027618859735648055 0.00537109375
0 0.6647267705661867 0.789794921875 0.003156441112645492 0.00341796875
0 0.6595482343657526 0.789306640625 0.003255079897415664 0.00244140625
0 0.5963207733280727 0.789306640625 0.003255079897415664 0.00244140625
0 0.46956993489840204 0.790771484375 0.0022686920497139475 0.00634765625
0 0.46468731505227856 0.7900390625 0.0025646084040244622 0.0048828125
0 0.6802623791674887 0.78857421875 0.004044190175577037 0.0029296875
0 0.25414282896034723 0.78857421875 0.001874136910633261 0.0029296875
0 0.6492898007496548 0.788818359375 0.004044190175577037 0.00439453125
0 0.6429769185243638 0.7880859375 0.002663247188794634 0.00390625
0 0.23204774117182878 0.786865234375 0.003255079897415664 0.00244140625
0 0.5251035707240087 0.786376953125 0.0008877490629315447 0.00244140625
0 0.5079897415663839 0.7861328125 0.000789110278161373 0.001953125
0 0.2727855592819097 0.786376953125 0.0014795817715525744 0.00244140625
0 0.21320773328072598 0.788818359375 0.001874136910633261 0.00732421875
0 0.6545176563424738 0.78662109375 0.00483330045373841 0.00390625
0 0.47894061945156835 0.785400390625 0.001085026632471888 0.00146484375
0 0.21986585125271257 0.788818359375 0.004734661668968239 0.00927734375
0 0.1797691852436378 0.785888671875 0.002663247188794634 0.00341796875
0 0.5580982442296311 0.78564453125 0.0017754981258630894 0.00390625
0 0.5878871572302229 0.7861328125 0.0019727756954034327 0.005859375
0 0.5378279739593608 0.786865234375 0.0038469126060366936 0.00732421875
0 0.4744525547445255 0.785888671875 0.002959163543105149 0.00537109375
0 0.4711974748471099 0.78564453125 0.0025646084040244622 0.0048828125
0 0.25858157427500494 0.78515625 0.002465969619254291 0.00390625
0 0.13863681199447622 0.784423828125 0.002071414480173604 0.00244140625
0 0.1498323140658907 0.787109375 0.006510159794831328 0.0087890625
0 0.45423160386664035 0.783203125 0.0017754981258630894 0.001953125
0 0.16087985796014992 0.78515625 0.008285657920694417 0.005859375
0 0.6168376405602684 0.782958984375 0.001874136910633261 0.00244140625
0 0.40491221148155454 0.786376953125 0.006510159794831328 0.00927734375
0 0.647070428092326 0.7841796875 0.004931939238508582 0.005859375
0 0.5243144604458473 0.78271484375 0.001085026632471888 0.0029296875
0 0.25290984415072004 0.786376953125 0.0039455513908068654 0.01025390625
0 0.17725389623199841 0.784912109375 0.003550996251726179 0.00732421875
0 0.5485796014993095 0.781982421875 0.002465969619254291 0.00244140625
0 0.5147958177155257 0.78173828125 0.0009863878477017164 0.001953125
0 0.24733675281120537 0.783447265625 0.007595186427303216 0.00537109375
0 0.6585125271256658 0.78125 0.0019727756954034327 0.001953125
0 0.2767311106727165 0.782958984375 0.0030578023278753207 0.00537109375
0 0.5969126060366936 0.78173828125 0.002071414480173604 0.00390625
0 0.5849773130795028 0.78125 0.0022686920497139475 0.0029296875
0 0.5110475438942592 0.7841796875 0.006510159794831328 0.0087890625
0 0.4757841783389229 0.7822265625 0.002465969619254291 0.0048828125
0 0.458621029788913 0.78466796875 0.002663247188794634 0.009765625
0 0.26208325113434605 0.781982421875 0.002170053264943776 0.00439453125
0 0.5830045373840994 0.780517578125 0.0016768593410929177 0.00244140625
0 0.5441901755770369 0.787353515625 0.006312882225290984 0.01611328125
0 0.2935490234760308 0.78076171875 0.0009863878477017164 0.0029296875
0 0.668968238311304 0.7802734375 0.0051292168080489245 0.0029296875
0 0.14682383113040048 0.781005859375 0.0028605247583349774 0.00439453125
0 0.6645788123890314 0.780029296875 0.0022686920497139475 0.00341796875
0 0.554004734661669 0.779296875 0.002071414480173604 0.001953125
0 0.48244229631090946 0.782470703125 0.0051292168080489245 0.00830078125
0 0.5265338331031761 0.779052734375 0.0011836654172420597 0.00244140625
0 0.5054744525547445 0.780029296875 0.0044387453146577235 0.00439453125
0 0.4788419806667982 0.77880859375 0.0022686920497139475 0.001953125
0 0.5495166699546261 0.77880859375 0.000789110278161373 0.0029296875
0 0.5369402248964292 0.779541015625 0.003255079897415664 0.00439453125
0 0.3470605642138489 0.780517578125 0.001874136910633261 0.00634765625
0 0.24077727362398896 0.77880859375 0.0009863878477017164 0.0029296875
0 0.49151706450976523 0.779296875 0.0017754981258630894 0.0048828125
0 0.47114815545472477 0.77783203125 0.0012823042020122311 0.001953125
0 0.22489642927599132 0.78125 0.0033537186821858355 0.009765625
0 0.20285066087985795 0.77978515625 0.005622410731899783 0.0068359375
0 0.5999210889721839 0.77783203125 0.003550996251726179 0.00390625
0 0.29231603866640365 0.77783203125 0.0012823042020122311 0.00390625
0 0.494229631090945 0.776611328125 0.002465969619254291 0.00244140625
0 0.2792463996843559 0.777587890625 0.003156441112645492 0.00439453125
0 0.540787137502466 0.7763671875 0.0008877490629315447 0.0029296875
0 0.2742651410534622 0.776123046875 0.002465969619254291 0.00244140625
0 0.6503748273821266 0.775634765625 0.0028605247583349774 0.00244140625
0 0.5101597948313277 0.775634765625 0.001578220556322746 0.00244140625
0 0.24378575655947918 0.775390625 0.0006904714933912014 0.001953125
0 0.22874334188202802 0.776611328125 0.001578220556322746 0.00439453125
0 0.4990136121522983 0.775146484375 0.0017754981258630894 0.00244140625
0 0.47405799960544487 0.77490234375 0.002170053264943776 0.001953125
0 0.4077727362398895 0.77587890625 0.0019727756954034327 0.00390625
0 0.2583842967054646 0.776611328125 0.002071414480173604 0.00537109375
0 0.2568553955415269 0.77587890625 0.0009863878477017164 0.00390625
0 0.5788123890313671 0.77490234375 0.0013809429867824028 0.0029296875
0 0.1717301242848688 0.776123046875 0.005918327086210298 0.00537109375
0 0.6430755573091339 0.774169921875 0.0036496350364963502 0.00244140625
0 0.5382225290984415 0.774169921875 0.002071414480173604 0.00244140625
0 0.5341783389228645 0.775634765625 0.003255079897415664 0.00537109375
0 0.3618070625369895 0.775390625 0.0019727756954034327 0.0048828125
0 0.35909449595580983 0.774169921875 0.0016768593410929177 0.00244140625
0 0.28985006904714933 0.77392578125 0.002663247188794634 0.001953125
0 0.2409252318011442 0.77490234375 0.003452357466956007 0.00390625
0 0.2037384099427895 0.774169921875 0.0012823042020122311 0.00244140625
0 0.619007693825212 0.7734375 0.0022686920497139475 0.001953125
0 0.4526040639179325 0.77392578125 0.001085026632471888 0.0029296875
0 0.19431840599723813 0.775634765625 0.003550996251726179 0.00634765625
0 0.6725192345630302 0.77392578125 0.004142828960347208 0.00390625
0 0.6137305188400078 0.7744140625 0.005523771947129611 0.0048828125
0 0.5243144604458473 0.77392578125 0.001874136910633261 0.0048828125
0 0.2869402248964293 0.772705078125 0.0019727756954034327 0.00244140625
0 0.6640856184651805 0.772705078125 0.00424146774511738 0.00341796875
0 0.4899388439534425 0.7724609375 0.0011836654172420597 0.0029296875
0 0.2921187610968633 0.772705078125 0.001085026632471888 0.00341796875
0 0.5747681988557901 0.771728515625 0.0009863878477017164 0.00244140625
0 0.5621424344052082 0.771728515625 0.0013809429867824028 0.00244140625
0 0.5581968830144013 0.772705078125 0.002959163543105149 0.00439453125
0 0.45590846320773326 0.771728515625 0.0023673308344841193 0.00244140625
0 0.2507397908857763 0.775634765625 0.006707437364371671 0.01025390625
0 0.6317814164529493 0.771240234375 0.0019727756954034327 0.00244140625
0 0.5962714539356875 0.771728515625 0.003156441112645492 0.00341796875
0 0.5256460840402446 0.77099609375 0.0009863878477017164 0.001953125
0 0.5061649240481357 0.77099609375 0.002465969619254291 0.001953125
0 0.27870388636811994 0.77197265625 0.0028605247583349774 0.00390625
0 0.5226869204971395 0.770751953125 0.0027618859735648055 0.00244140625
0 0.47795423160386663 0.7705078125 0.0016768593410929177 0.001953125
0 0.26099822450187415 0.7724609375 0.0025646084040244622 0.005859375
0 0.46552574472282504 0.77099609375 0.0014795817715525744 0.00390625
0 0.44801736042611956 0.770263671875 0.0009863878477017164 0.00244140625
0 0.2824028407970014 0.770751953125 0.0019727756954034327 0.00341796875
0 0.1609784967449201 0.771728515625 0.008088380351154074 0.00537109375
0 0.35021700532649436 0.77294921875 0.005622410731899783 0.0087890625
0 0.6224600512921681 0.770263671875 0.005622410731899783 0.00439453125
0 0.5434010652988756 0.771484375 0.003748273821266522 0.0068359375
0 0.3559380548431643 0.76953125 0.005030578023278753 0.0029296875
0 0.23293549023476032 0.769287109375 0.0016768593410929177 0.00244140625
0 0.17375221937265733 0.769775390625 0.0036496350364963502 0.00341796875
0 0.46187610968632864 0.769775390625 0.002465969619254291 0.00439453125
0 0.40274215821661075 0.7685546875 0.0011836654172420597 0.001953125
0 0.49743539159597555 0.7685546875 0.0009863878477017164 0.0029296875
0 0.48313276780430064 0.772705078125 0.004142828960347208 0.01123046875
0 0.6611264549220753 0.767822265625 0.001874136910633261 0.00244140625
0 0.5083349773130795 0.767578125 0.0012823042020122311 0.001953125
0 0.6473663444466364 0.77001953125 0.0039455513908068654 0.0078125
0 0.4937857565594792 0.767333984375 0.000789110278161373 0.00244140625
0 0.2655849279936871 0.767333984375 0.0022686920497139475 0.00244140625
0 0.5334385480370882 0.767333984375 0.0019727756954034327 0.00341796875
0 0.4759814559084632 0.7666015625 0.0008877490629315447 0.001953125
0 0.44560071019925035 0.7705078125 0.005227855592819097 0.009765625
0 0.2896034720852239 0.767333984375 0.003156441112645492 0.00341796875
0 0.22622805287038864 0.76904296875 0.0028605247583349774 0.0068359375
0 0.16610771355296902 0.76806640625 0.004340106529887552 0.0048828125
0 0.6087492602091142 0.767578125 0.0030578023278753207 0.0048828125
0 0.26129414085618463 0.7666015625 0.0011836654172420597 0.0029296875
0 0.25364963503649635 0.766357421875 0.0016768593410929177 0.00244140625
0 0.23525350167685935 0.766845703125 0.0019727756954034327 0.00341796875
0 0.6533833103176169 0.7685546875 0.004340106529887552 0.0078125
0 0.540787137502466 0.76611328125 0.0022686920497139475 0.0029296875
0 0.5265338331031761 0.76611328125 0.002170053264943776 0.0029296875
0 0.45714144801736045 0.765869140625 0.0008877490629315447 0.00244140625
0 0.40565200236733084 0.765869140625 0.004044190175577037 0.00244140625
0 0.2757940422173999 0.765869140625 0.0013809429867824028 0.00244140625
0 0.5110968632866443 0.767578125 0.003255079897415664 0.0068359375
0 0.35056224107318995 0.767333984375 0.001578220556322746 0.00634765625
0 0.27860524758334976 0.765869140625 0.0022686920497139475 0.00341796875
0 0.22963109094495956 0.766845703125 0.004340106529887552 0.00537109375
0 0.10026632471887946 0.765625 0.003255079897415664 0.0029296875
0 0.6301045571118564 0.767333984375 0.005721049516669955 0.00732421875
0 0.6205859143815348 0.764892578125 0.0022686920497139475 0.00244140625
0 0.178733478003551 0.766845703125 0.005523771947129611 0.00732421875
0 0.15732886170842375 0.765380859375 0.0025646084040244622 0.00439453125
0 0.6381929374630104 0.764404296875 0.002170053264943776 0.00341796875
0 0.5425626356283291 0.76416015625 0.0016768593410929177 0.0029296875
0 0.4501874136910633 0.763671875 0.0009863878477017164 0.001953125
0 0.2593706845531663 0.764404296875 0.0008877490629315447 0.00341796875
0 0.5967646478595384 0.763916015625 0.004537384099427895 0.00341796875
0 0.5155849279936872 0.763671875 0.0023673308344841193 0.0029296875
0 0.48347800355099624 0.763427734375 0.002663247188794634 0.00244140625
0 0.36151114618267904 0.763671875 0.002170053264943776 0.0029296875
0 0.6598934701124483 0.763671875 0.002959163543105149 0.00390625
0 0.5666304991122509 0.763427734375 0.0014795817715525744 0.00439453125
0 0.2625764450581969 0.762451171875 0.0023673308344841193 0.00244140625
0 0.19944762280528705 0.763427734375 0.002959163543105149 0.00439453125
0 0.6124975340303808 0.76220703125 0.003452357466956007 0.0029296875
0 0.5220457683961334 0.76416015625 0.00483330045373841 0.0078125
0 0.4974847109883606 0.762451171875 0.0014795817715525744 0.00439453125
0 0.27036890905504046 0.761474609375 0.002959163543105149 0.00244140625
0 0.645393568751233 0.7607421875 0.0013809429867824028 0.001953125
0 0.6429275991319787 0.76123046875 0.003156441112645492 0.0029296875
0 0.6480568159400276 0.76025390625 0.002959163543105149 0.001953125
0 0.6325212073387256 0.76025390625 0.0028605247583349774 0.001953125
0 0.4897908857762872 0.76171875 0.005030578023278753 0.0048828125
0 0.4429867824028408 0.76123046875 0.0017754981258630894 0.00390625
0 0.09858946537778654 0.760498046875 0.0028605247583349774 0.00244140625
0 0.5561747879266128 0.759765625 0.001085026632471888 0.001953125
0 0.5174590649043204 0.761474609375 0.004142828960347208 0.00537109375
0 0.5106036693627934 0.760009765625 0.0030578023278753207 0.00244140625
0 0.6278851844545276 0.7607421875 0.004636022884198066 0.0048828125
0 0.5340797001380942 0.759765625 0.002465969619254291 0.0029296875
0 0.49166502268692047 0.7587890625 0.0012823042020122311 0.001953125
0 0.17542907871375024 0.76025390625 0.001874136910633261 0.0048828125
0 0.4791378970211087 0.758544921875 0.0014795817715525744 0.00244140625
0 0.27465969619254293 0.759765625 0.002465969619254291 0.0048828125
0 0.6409055040441902 0.7578125 0.001874136910633261 0.001953125
0 0.5935588873545078 0.7587890625 0.002663247188794634 0.00390625
0 0.27969027421582165 0.75732421875 0.0014795817715525744 0.001953125
0 0.20664825409350956 0.7578125 0.0017754981258630894 0.0029296875
0 0.17991714342079307 0.760498046875 0.008877490629315447 0.00830078125
0 0.6365160781219176 0.7568359375 0.0025646084040244622 0.001953125
0 0.5360031564411126 0.757568359375 0.0013809429867824028 0.00341796875
0 0.2878279739593608 0.757080078125 0.0019727756954034327 0.00244140625
0 0.23387255869007695 0.758056640625 0.0039455513908068654 0.00537109375
0 0.2033438548037088 0.758544921875 0.004044190175577037 0.00634765625
0 0.19269086604853028 0.757568359375 0.0016768593410929177 0.00439453125
0 0.5462122706648254 0.759033203125 0.00424146774511738 0.00830078125
0 0.1818405997238114 0.756591796875 0.0030578023278753207 0.00341796875
0 0.5897119747484711 0.755859375 0.003255079897415664 0.0029296875
0 0.46360228841980666 0.755859375 0.0013809429867824028 0.0029296875
0 0.44461432235154863 0.755859375 0.002465969619254291 0.00390625
0 0.6121029788913 0.755615234375 0.0036496350364963502 0.00439453125
0 0.4885579009666601 0.75439453125 0.000789110278161373 0.001953125
0 0.26647267705661865 0.757080078125 0.003255079897415664 0.00732421875
0 0.2579897415663839 0.754638671875 0.001874136910633261 0.00341796875
0 0.25049319392385083 0.75439453125 0.002465969619254291 0.0029296875
0 0.23007496547642534 0.755126953125 0.002071414480173604 0.00439453125
0 0.4955119352929572 0.753173828125 0.0008877490629315447 0.00146484375
0 0.2378674294732689 0.755126953125 0.0030578023278753207 0.00537109375
0 0.2249950680607615 0.7568359375 0.007496547642533044 0.0087890625
0 0.1794239494969422 0.754150390625 0.001578220556322746 0.00341796875
0 0.09918129808640758 0.75439453125 0.0036496350364963502 0.00390625
0 0.3633852830933123 0.7529296875 0.003156441112645492 0.001953125
0 0.2551292168080489 0.754150390625 0.0016768593410929177 0.00439453125
0 0.6748865653975143 0.75244140625 0.0013809429867824028 0.001953125
0 0.4502367330834484 0.75341796875 0.00483330045373841 0.00390625
0 0.2617380153876504 0.75244140625 0.001085026632471888 0.001953125
0 0.6210791083053857 0.752197265625 0.002663247188794634 0.00244140625
0 0.5806372065496153 0.75244140625 0.003255079897415664 0.0029296875
0 0.16985598737423555 0.7529296875 0.002959163543105149 0.00390625
0 0.645442888143618 0.751953125 0.0030578023278753207 0.0029296875
0 0.6815446833695009 0.751220703125 0.0016768593410929177 0.00244140625
0 0.626997435391596 0.7509765625 0.0012823042020122311 0.001953125
0 0.5319096468731506 0.7529296875 0.0014795817715525744 0.005859375
0 0.39317419609390414 0.751220703125 0.003748273821266522 0.00244140625
0 0.11792266719274018 0.751220703125 0.0008877490629315447 0.00244140625
0 0.5133162359439731 0.751220703125 0.005721049516669955 0.00439453125
0 0.4912211481554547 0.75 0.001578220556322746 0.001953125
0 0.17394949694219766 0.750244140625 0.001874136910633261 0.00244140625
0 0.27584336160978495 0.752685546875 0.004044190175577037 0.00830078125
0 0.2877786545669757 0.75048828125 0.0030578023278753207 0.0048828125
0 0.2820082856579207 0.74951171875 0.0009863878477017164 0.0029296875
0 0.18494772144407182 0.7509765625 0.003550996251726179 0.005859375
0 0.16053462221345433 0.749755859375 0.0036496350364963502 0.00439453125
0 0.6527914776089958 0.748291015625 0.002959163543105149 0.00244140625
0 0.46394752416650226 0.748046875 0.0006904714933912014 0.001953125
0 0.11037680015782206 0.75 0.0033537186821858355 0.005859375
0 0.10071019925034523 0.75 0.0051292168080489245 0.005859375
0 0.2696784375616492 0.74853515625 0.0025646084040244622 0.00390625
0 0.15525744722825016 0.749755859375 0.004931939238508582 0.00634765625
0 0.5431544683369501 0.74853515625 0.005622410731899783 0.0068359375
0 0.13991911619648845 0.746337890625 0.002663247188794634 0.00244140625
0 0.6044584730716117 0.746826171875 0.0019727756954034327 0.00439453125
0 0.5340797001380942 0.746337890625 0.0022686920497139475 0.00341796875
0 0.4461432235154863 0.746826171875 0.0013809429867824028 0.00439453125
0 0.6069737620832512 0.7451171875 0.0012823042020122311 0.001953125
0 0.4947228250147958 0.7451171875 0.0016768593410929177 0.001953125
0 0.45196291181692644 0.7451171875 0.000789110278161373 0.001953125
0 0.19071809035312684 0.748779296875 0.008384296705464589 0.00927734375
0 0.26336555533635825 0.74462890625 0.0013809429867824028 0.001953125
0 0.2458571710396528 0.746826171875 0.0028605247583349774 0.00634765625
0 0.6023377391990531 0.744384765625 0.002071414480173604 0.00244140625
0 0.4441211284276978 0.745361328125 0.002071414480173604 0.00439453125
0 0.6547149339120142 0.7431640625 0.0028605247583349774 0.001953125
0 0.6187117774709016 0.743408203125 0.0008877490629315447 0.00244140625
0 0.4742552771749852 0.742919921875 0.000789110278161373 0.00244140625
0 0.27248964292759914 0.74267578125 0.001085026632471888 0.001953125
0 0.4456500295916354 0.74169921875 0.001578220556322746 0.001953125
0 0.2532550798974157 0.74169921875 0.002465969619254291 0.001953125
0 0.6662063523377392 0.7412109375 0.002170053264943776 0.001953125
0 0.5518840007891103 0.740966796875 0.001578220556322746 0.00244140625
0 0.5029591635431051 0.74072265625 0.0009863878477017164 0.001953125
0 0.19974353915959756 0.74072265625 0.0011836654172420597 0.001953125
0 0.12852633655553364 0.741455078125 0.003550996251726179 0.00341796875
0 0.5382225290984415 0.740478515625 0.002071414480173604 0.00244140625
0 0.5352140461629513 0.74169921875 0.002170053264943776 0.0048828125
0 0.28555928190964686 0.7412109375 0.005721049516669955 0.00390625
0 0.1690175577036891 0.740234375 0.004044190175577037 0.0029296875
0 0.11086999408167292 0.740234375 0.0011836654172420597 0.0029296875
0 0.6007595186427304 0.739501953125 0.002071414480173604 0.00244140625
0 0.45329453541132375 0.7392578125 0.0008877490629315447 0.001953125
0 0.28975143026237915 0.7392578125 0.001085026632471888 0.001953125
0 0.12127638587492602 0.741943359375 0.006016965870980469 0.00732421875
0 0.1404123101203393 0.739501953125 0.00424146774511738 0.00341796875
0 0.6391793253107122 0.73828125 0.001578220556322746 0.001953125
0 0.17508384296705465 0.740966796875 0.005721049516669955 0.00732421875
0 0.2600611560465575 0.73876953125 0.002071414480173604 0.00390625
0 0.24600512921680806 0.738037109375 0.0027618859735648055 0.00244140625
0 0.24087591240875914 0.740966796875 0.0061156046557506415 0.00830078125
0 0.1314855000986388 0.738525390625 0.0023673308344841193 0.00341796875
0 0.10031564411126455 0.73779296875 0.0025646084040244622 0.001953125
0 0.4856973762083251 0.73681640625 0.0009863878477017164 0.001953125
0 0.29226671927401854 0.740234375 0.0033537186821858355 0.0087890625
0 0.19831327678043006 0.738037109375 0.001874136910633261 0.00439453125
0 0.12556717301242848 0.739013671875 0.001578220556322746 0.00634765625
0 0.6160485302821069 0.739013671875 0.006214243440520813 0.00732421875
0 0.610919313474058 0.73681640625 0.00483330045373841 0.00390625
0 0.5187413691063326 0.738037109375 0.004537384099427895 0.00634765625
0 0.27322943381337544 0.73583984375 0.001578220556322746 0.001953125
0 0.15515880844347998 0.736328125 0.0019727756954034327 0.0029296875
0 0.3502663247188795 0.7373046875 0.0051292168080489245 0.005859375
0 0.18341882028013415 0.735595703125 0.0022686920497139475 0.00244140625
0 0.1734563030183468 0.734375 0.0016768593410929177 0.001953125
0 0.11535805878871572 0.734375 0.001874136910633261 0.001953125
0 0.09814559084632077 0.734375 0.0011836654172420597 0.001953125
0 0.5157822055632275 0.7353515625 0.002170053264943776 0.0048828125
0 0.47894061945156835 0.73388671875 0.0008877490629315447 0.001953125
0 0.6904221739988163 0.733642578125 0.0022686920497139475 0.00244140625
0 0.6316827776681792 0.73388671875 0.0023673308344841193 0.0029296875
0 0.5968632866443085 0.73486328125 0.0019727756954034327 0.0048828125
0 0.5459656737029 0.7333984375 0.0027618859735648055 0.0029296875
0 0.1355790096666009 0.73291015625 0.001874136910633261 0.0029296875
0 0.1046557506411521 0.732666015625 0.002959163543105149 0.00244140625
0 0.2781120536594989 0.7333984375 0.002465969619254291 0.0048828125
0 0.22598145590846322 0.732421875 0.0017754981258630894 0.0029296875
0 0.5859637009272046 0.73193359375 0.0022686920497139475 0.0029296875
0 0.5349181298086407 0.732421875 0.0033537186821858355 0.00390625
0 0.4512724403235352 0.731689453125 0.0039455513908068654 0.00244140625
0 0.35697376208325116 0.7314453125 0.0011836654172420597 0.001953125
0 0.49861905701321757 0.730712890625 0.0019727756954034327 0.00244140625
0 0.2589761294140856 0.731201171875 0.002465969619254291 0.00341796875
0 0.2471887946340501 0.731201171875 0.0023673308344841193 0.00341796875
0 0.5414282896034721 0.72998046875 0.0019727756954034327 0.001953125
0 0.5226376011047544 0.7333984375 0.005622410731899783 0.0087890625
0 0.23732491615703294 0.730224609375 0.0017754981258630894 0.00244140625
0 0.14914184257249952 0.731201171875 0.0023673308344841193 0.00439453125
0 0.125863089366739 0.730712890625 0.003748273821266522 0.00341796875
0 0.5310712172026041 0.72998046875 0.0027618859735648055 0.0029296875
0 0.4451568356677846 0.731201171875 0.0017754981258630894 0.00537109375
0 0.2802327875320576 0.730224609375 0.002170053264943776 0.00341796875
0 0.2301736042611955 0.730712890625 0.002071414480173604 0.00537109375
0 0.5181495363977116 0.729736328125 0.003156441112645492 0.00439453125
0 0.2761392779640955 0.729248046875 0.001874136910633261 0.00439453125
0 0.22627737226277372 0.72802734375 0.0009863878477017164 0.001953125
0 0.26435194318405997 0.727783203125 0.0023673308344841193 0.00244140625
0 0.19022489642927598 0.728271484375 0.0022686920497139475 0.00341796875
0 0.17681002170053264 0.72900390625 0.001874136910633261 0.0048828125
0 0.6243835075951865 0.72705078125 0.0023673308344841193 0.001953125
0 0.2914282896034721 0.7275390625 0.0022686920497139475 0.0029296875
0 0.2871868218583547 0.72802734375 0.0022686920497139475 0.00390625
0 0.15634247386072203 0.727783203125 0.0039455513908068654 0.00341796875
0 0.5281120536594989 0.72705078125 0.0019727756954034327 0.0029296875
0 0.18110080883803512 0.728515625 0.0051292168080489245 0.005859375
0 0.5489741566383902 0.7265625 0.001874136910633261 0.0029296875
0 0.278161373051884 0.726318359375 0.0011836654172420597 0.00244140625
0 0.13819293746301045 0.726806640625 0.0023673308344841193 0.00341796875
0 0.6105740777273624 0.726318359375 0.002959163543105149 0.00341796875
0 0.5212073387255869 0.7255859375 0.0011836654172420597 0.0029296875
0 0.27490629315446835 0.725341796875 0.0017754981258630894 0.00244140625
0 0.2510357072400868 0.7275390625 0.004537384099427895 0.0068359375
0 0.18677253896232 0.727783203125 0.005227855592819097 0.00732421875
0 0.44905306766620634 0.729736328125 0.010751627539948707 0.01220703125
0 0.17049713947524167 0.7255859375 0.003452357466956007 0.00390625
0 0.1431741960939041 0.729248046875 0.004044190175577037 0.01220703125
0 0.5365456697573486 0.723876953125 0.001874136910633261 0.00244140625
0 0.11491418425724995 0.72412109375 0.0025646084040244622 0.0029296875
0 0.2825014795817716 0.72265625 0.001578220556322746 0.001953125
0 0.24659696192542907 0.72314453125 0.0023673308344841193 0.0029296875
0 0.238508581574275 0.723388671875 0.003550996251726179 0.00634765625
0 0.5112448214637996 0.720703125 0.001578220556322746 0.001953125
0 0.641349378575656 0.72021484375 0.001578220556322746 0.001953125
0 0.18854803708818307 0.720947265625 0.005227855592819097 0.00439453125
0 0.1989544288814362 0.72021484375 0.001578220556322746 0.00390625
0 0.1495363977115802 0.72021484375 0.003748273821266522 0.00390625
0 0.10529690274215822 0.719970703125 0.003452357466956007 0.00341796875
0 0.185638192937463 0.719482421875 0.0027618859735648055 0.00341796875
0 0.5373347800355099 0.718505859375 0.002071414480173604 0.00244140625
0 0.5191852436377984 0.720458984375 0.008384296705464589 0.00830078125
0 0.44929966462813176 0.719970703125 0.0033537186821858355 0.00732421875
0 0.4395344249358848 0.71728515625 0.0019727756954034327 0.001953125
0 0.1679325310712172 0.7177734375 0.003255079897415664 0.0029296875
0 0.23155454724797792 0.71728515625 0.0016768593410929177 0.0029296875
0 0.5117380153876504 0.716796875 0.004340106529887552 0.0029296875
0 0.1735056224107319 0.716064453125 0.002959163543105149 0.00146484375
0 0.23875517853620043 0.716796875 0.0030578023278753207 0.0048828125
0 0.1947129611363188 0.715576171875 0.0017754981258630894 0.00244140625
0 0.6495363977115802 0.71484375 0.0017754981258630894 0.001953125
0 0.53452357466956 0.715576171875 0.0011836654172420597 0.00341796875
0 0.2562142434405208 0.71533203125 0.0044387453146577235 0.0029296875
0 0.16127441309923063 0.716064453125 0.0027618859735648055 0.00439453125
0 0.5929670546458867 0.71728515625 0.006411521010061156 0.009765625
0 0.44500887749062934 0.7138671875 0.0038469126060366936 0.0029296875
0 0.2864963503649635 0.713623046875 0.0028605247583349774 0.00341796875
0 0.1770566186624581 0.713134765625 0.001578220556322746 0.00244140625
0 0.5126257644505819 0.71337890625 0.003748273821266522 0.00390625
0 0.18351745906490433 0.713134765625 0.001874136910633261 0.00341796875
0 0.6041132373249162 0.71142578125 0.0012823042020122311 0.001953125
0 0.25138094298678243 0.71240234375 0.0022686920497139475 0.00390625
0 0.34646873150522783 0.711669921875 0.00424146774511738 0.00341796875
0 0.26326691655158807 0.7109375 0.0009863878477017164 0.001953125
0 0.6370092720457684 0.71044921875 0.0023673308344841193 0.001953125
0 0.14761294140856185 0.711181640625 0.0036496350364963502 0.00439453125
0 0.5552870388636812 0.71044921875 0.001874136910633261 0.00390625
0 0.5383704872755968 0.70947265625 0.002170053264943776 0.001953125
0 0.5137601104754389 0.709716796875 0.004636022884198066 0.00244140625
0 0.2941408561846518 0.709716796875 0.0017754981258630894 0.00244140625
0 0.19515683566778458 0.710693359375 0.004636022884198066 0.00537109375
0 0.17227263760110476 0.70947265625 0.002071414480173604 0.0029296875
0 0.6070230814756362 0.7099609375 0.003156441112645492 0.0048828125
0 0.1811994476228053 0.70947265625 0.002170053264943776 0.00390625
0 0.40530676662063525 0.708740234375 0.002959163543105149 0.00341796875
0 0.17769777076346419 0.708740234375 0.0022686920497139475 0.00341796875
0 0.5765930163740383 0.70751953125 0.001874136910633261 0.001953125
0 0.15254488064707042 0.707763671875 0.0014795817715525744 0.00244140625
0 0.6117577431446044 0.7080078125 0.0027618859735648055 0.00390625
0 0.5859637009272046 0.708740234375 0.009370684553166305 0.00537109375
0 0.4096468731505228 0.708740234375 0.0023673308344841193 0.00537109375
0 0.2374728743341882 0.707275390625 0.0006904714933912014 0.00244140625
0 0.5170151903728546 0.70751953125 0.0036496350364963502 0.00390625
0 0.45975537581376996 0.70654296875 0.0009863878477017164 0.001953125
0 0.19826395738804498 0.706787109375 0.0017754981258630894 0.00244140625
0 0.6095383704872755 0.7060546875 0.0016768593410929177 0.001953125
0 0.45087788518445454 0.706787109375 0.0011836654172420597 0.00341796875
0 0.4482146379956599 0.70703125 0.0023673308344841193 0.00390625
0 0.44066877096074175 0.70703125 0.0022686920497139475 0.00390625
0 0.21843558887354508 0.70703125 0.003452357466956007 0.0048828125
0 0.6400670743736437 0.70556640625 0.0027618859735648055 0.0029296875
0 0.5953343854803709 0.70556640625 0.0038469126060366936 0.0029296875
0 0.29024462418623004 0.705810546875 0.002071414480173604 0.00341796875
0 0.1251232984809627 0.7060546875 0.001874136910633261 0.00390625
0 0.1790787137502466 0.704833984375 0.001874136910633261 0.00244140625
0 0.17409745511935293 0.706298828125 0.003156441112645492 0.00537109375
0 0.6245314657723416 0.7041015625 0.001874136910633261 0.001953125
0 0.5119352929571908 0.704345703125 0.0033537186821858355 0.00341796875
0 0.24575853225488262 0.707763671875 0.005227855592819097 0.01025390625
0 0.17113829157624777 0.703369140625 0.0025646084040244622 0.00244140625
0 0.1547149339120142 0.70166015625 0.0012823042020122311 0.001953125
0 0.6148648648648649 0.701171875 0.001874136910633261 0.001953125
0 0.5772341684750444 0.70166015625 0.0009863878477017164 0.0029296875
0 0.19431840599723813 0.703125 0.004142828960347208 0.005859375
0 0.2938942592227264 0.700927734375 0.001085026632471888 0.00244140625
0 0.27618859735648055 0.700927734375 0.0023673308344841193 0.00341796875
0 0.6168376405602684 0.69970703125 0.001085026632471888 0.001953125
0 0.20240678634839218 0.700927734375 0.003156441112645492 0.00439453125
0 0.6077628723614125 0.69921875 0.0014795817715525744 0.001953125
0 0.2961629512724403 0.69970703125 0.0022686920497139475 0.0029296875
0 0.17863483921878082 0.69921875 0.0019727756954034327 0.001953125
0 0.2986782402840797 0.699951171875 0.002959163543105149 0.00439453125
0 0.3010948905109489 0.6982421875 0.0014795817715525744 0.0029296875
0 0.19796804103373447 0.69873046875 0.0051292168080489245 0.00390625
0 0.22124679423949498 0.700439453125 0.004340106529887552 0.00830078125
0 0.20945945945945946 0.697998046875 0.001085026632471888 0.00341796875
0 0.2072400868021306 0.69775390625 0.0023673308344841193 0.0029296875
0 0.29261195502071413 0.69775390625 0.0014795817715525744 0.00390625
0 0.6549615308739396 0.6962890625 0.001578220556322746 0.001953125
0 0.6106727165121326 0.697021484375 0.002959163543105149 0.00341796875
0 0.5824620240678635 0.697021484375 0.0013809429867824028 0.00341796875
0 0.19352929571907673 0.696533203125 0.0027618859735648055 0.00244140625
0 0.5953343854803709 0.697021484375 0.0014795817715525744 0.00439453125
0 0.5907970013809429 0.6962890625 0.0014795817715525744 0.0029296875
0 0.5250542513316236 0.69970703125 0.004931939238508582 0.009765625
0 0.44510751627539946 0.700439453125 0.003452357466956007 0.01220703125
0 0.2437364371670941 0.697021484375 0.003550996251726179 0.00537109375
0 0.534474255277175 0.6953125 0.0014795817715525744 0.0029296875
0 0.5177056618662458 0.6982421875 0.007595186427303216 0.0087890625
0 0.44811599921088974 0.695068359375 0.0009863878477017164 0.00244140625
0 0.4496449003748274 0.694580078125 0.0008877490629315447 0.00244140625
0 0.5317616886959953 0.69384765625 0.001578220556322746 0.001953125
0 0.1762675083842967 0.69677734375 0.004537384099427895 0.0078125
0 0.24713947524166502 0.69677734375 0.004636022884198066 0.0087890625
0 0.34553166304991123 0.692138671875 0.001578220556322746 0.00146484375
0 0.23042020122312093 0.69287109375 0.000789110278161373 0.0029296875
0 0.19624186230025645 0.693115234375 0.0022686920497139475 0.00341796875
0 0.5381732097060564 0.693115234375 0.0017754981258630894 0.00439453125
0 0.5223910041428289 0.693603515625 0.0027618859735648055 0.00537109375
0 0.16334582757940422 0.692138671875 0.004142828960347208 0.00244140625
0 0.22233182087196685 0.692138671875 0.0025646084040244622 0.00341796875
0 0.18272834878674293 0.69189453125 0.0030578023278753207 0.0029296875
0 0.16911619648845927 0.692626953125 0.004044190175577037 0.00439453125
0 0.40422173998816335 0.69140625 0.0023673308344841193 0.0029296875
0 0.5109982245018742 0.691162109375 0.0016768593410929177 0.00341796875
0 0.2511836654172421 0.6904296875 0.002465969619254291 0.001953125
0 0.2381633458275794 0.693115234375 0.006214243440520813 0.00830078125
0 0.4079700138094299 0.690673828125 0.0027618859735648055 0.00439453125
0 0.24348984020516867 0.6904296875 0.003452357466956007 0.00390625
0 0.22923653580587888 0.69140625 0.001578220556322746 0.005859375
0 0.20220950877885185 0.6904296875 0.0072992700729927005 0.005859375
0 0.18997829946735056 0.6904296875 0.0033537186821858355 0.005859375
0 0.5234267113829157 0.68798828125 0.0012823042020122311 0.001953125
0 0.20955809824422963 0.6904296875 0.0044387453146577235 0.0068359375
0 0.5151903728546064 0.689453125 0.0027618859735648055 0.005859375
0 0.34400276188597356 0.68701171875 0.0012823042020122311 0.001953125
0 0.2601104754389426 0.687744140625 0.0023673308344841193 0.00341796875
0 0.18336950088774906 0.688232421875 0.0025646084040244622 0.00439453125
0 0.27875320576050505 0.6865234375 0.0009863878477017164 0.001953125
0 0.1974748471098836 0.68798828125 0.0019727756954034327 0.0048828125
0 0.23811402643519433 0.6865234375 0.001578220556322746 0.0029296875
0 0.2169560071019925 0.6875 0.0016768593410929177 0.0048828125
0 0.2461037680015782 0.687255859375 0.0017754981258630894 0.00537109375
0 0.4468336950088775 0.688232421875 0.004734661668968239 0.00830078125
0 0.18608206746892877 0.686279296875 0.003255079897415664 0.00439453125
0 0.23939633063720656 0.683837890625 0.0013809429867824028 0.00244140625
0 0.4141349378575656 0.683349609375 0.001085026632471888 0.00244140625
0 0.34370684553166303 0.682861328125 0.0036496350364963502 0.00341796875
0 0.20773328072598146 0.68408203125 0.0025646084040244622 0.005859375
0 0.23209706056421384 0.68017578125 0.0009863878477017164 0.001953125
0 0.5330933122903926 0.68017578125 0.0012823042020122311 0.0029296875
0 0.5263365555336358 0.68212890625 0.002170053264943776 0.0068359375
0 0.21301045571118563 0.6806640625 0.002465969619254291 0.00390625
0 0.18450384691260605 0.679931640625 0.0016768593410929177 0.00341796875
0 0.16773525350167687 0.678466796875 0.0012823042020122311 0.00244140625
0 0.4449595580982442 0.677978515625 0.0013809429867824028 0.00244140625
0 0.34193134740579995 0.677734375 0.0012823042020122311 0.001953125
0 0.41344446636417437 0.677978515625 0.0016768593410929177 0.00439453125
0 0.5194318405997238 0.677001953125 0.006904714933912014 0.00537109375
0 0.41788321167883213 0.675537109375 0.0014795817715525744 0.00244140625
0 0.41043598342868415 0.67626953125 0.0017754981258630894 0.00390625
0 0.44668573683172225 0.675048828125 0.0012823042020122311 0.00341796875
0 0.20748668376405602 0.67529296875 0.002465969619254291 0.0048828125
0 0.43272834878674293 0.67236328125 0.0017754981258630894 0.001953125
0 0.4343558887354508 0.670654296875 0.0012823042020122311 0.00341796875
0 0.4456500295916354 0.671142578125 0.0023673308344841193 0.00634765625
0 0.4200532649437759 0.669677734375 0.0008877490629315447 0.00341796875
0 0.3195896626553561 0.665771484375 0.0009863878477017164 0.00244140625
0 0.33463207733280725 0.666015625 0.0028605247583349774 0.00390625
0 0.3261984612349576 0.66552734375 0.0013809429867824028 0.0048828125
0 0.32141448017360424 0.6630859375 0.001085026632471888 0.00390625
0 0.30508976129414084 0.6640625 0.0023673308344841193 0.0068359375
0 0.4484119155652002 0.663330078125 0.004734661668968239 0.00732421875
0 0.4248865653975143 0.659423828125 0.001874136910633261 0.00244140625
0 0.31663049911225094 0.659423828125 0.0039455513908068654 0.00439453125
0 0.21828763069638982 0.656982421875 0.0013809429867824028 0.00341796875
0 0.21370092720457684 0.6572265625 0.005030578023278753 0.00390625
0 0.5324028407970014 0.653564453125 0.0014795817715525744 0.00244140625
0 0.4349970408364569 0.65380859375 0.002170053264943776 0.0029296875
0 0.4315446833695009 0.654541015625 0.003156441112645492 0.00537109375
0 0.44703097257841784 0.65380859375 0.0023673308344841193 0.0048828125
0 0.5025646084040245 0.65087890625 0.0025646084040244622 0.001953125
0 0.49585717103965277 0.64990234375 0.0009863878477017164 0.001953125
0 0.49225685539554154 0.649658203125 0.003452357466956007 0.00244140625
0 0.4498914973367528 0.649658203125 0.000789110278161373 0.00244140625
0 0.3060268297494575 0.651123046875 0.005622410731899783 0.00634765625
0 0.4282896034720852 0.6474609375 0.002170053264943776 0.0029296875
0 0.4629118169264155 0.646240234375 0.0023673308344841193 0.00244140625
0 0.44076740974551193 0.646728515625 0.002071414480173604 0.00439453125
0 0.43386269481159995 0.646240234375 0.007989741566383901 0.00439453125
