0 0.4412112842769777 0.998779296875 0.0011836654172420597 0.00244140625
0 0.23234365752613928 0.998779296875 0.0022686920497139475 0.00244140625
0 0.28639771158019334 0.99853515625 0.001085026632471888 0.0029296875
0 0.641349378575656 0.997802734375 0.0033537186821858355 0.00244140625
0 0.3039060958768988 0.998291015625 0.0013809429867824028 0.00341796875
0 0.3176662063523377 0.997802734375 0.0012823042020122311 0.00439453125
0 0.34124087591240876 0.99658203125 0.0012823042020122311 0.0029296875
0 0.3193430656934307 0.996826171875 0.0012823042020122311 0.00341796875
0 0.28136713355691456 0.997314453125 0.0016768593410929177 0.00537109375
0 0.35238705859143815 0.9970703125 0.007397908857762872 0.005859375
0 0.3366048530282107 0.9951171875 0.0008877490629315447 0.0029296875
0 0.3305878871572302 0.995361328125 0.002071414480173604 0.00341796875
0 0.31322746103768 0.996826171875 0.003255079897415664 0.00634765625
0 0.34755375813769973 0.99658203125 0.001874136910633261 0.0068359375
0 0.4237028999802722 0.994384765625 0.0016768593410929177 0.00341796875
0 0.41872164134937856 0.99462890625 0.001578220556322746 0.00390625
0 0.37808246202406787 0.99462890625 0.001578220556322746 0.00390625
0 0.35968632866443084 0.99462890625 0.0014795817715525744 0.00390625
0 0.22124679423949498 0.99560546875 0.002170053264943776 0.005859375
0 0.20566186624580785 0.996337890625 0.006312882225290984 0.00732421875
0 0.3232886170842375 0.99609375 0.005030578023278753 0.0078125
0 0.3800059183270862 0.9931640625 0.0012823042020122311 0.00390625
0 0.33872558690076937 0.99365234375 0.002959163543105149 0.0048828125
0 0.2973466166896824 0.993408203125 0.001874136910633261 0.00439453125
0 0.1119550207141448 0.99267578125 0.0025646084040244622 0.0029296875
0 0.24127046754783982 0.99267578125 0.004537384099427895 0.00390625
0 0.12837837837837837 0.992919921875 0.00424146774511738 0.00439453125
0 0.31386861313868614 0.9921875 0.0013809429867824028 0.00390625
0 0.28812389031367136 0.9921875 0.002959163543105149 0.00390625
0 0.1825803906095877 0.991943359375 0.0017754981258630894 0.00341796875
0 0.1412507397908858 0.994140625 0.012625764450581969 0.0078125
0 0.414381534819491 0.991943359375 0.0025646084040244622 0.00439453125
0 0.3185046360228842 0.991455078125 0.0025646084040244622 0.00439453125
0 0.3158413888340896 0.992919921875 0.0017754981258630894 0.00732421875
0 0.3574176366147169 0.993896484375 0.0030578023278753207 0.01025390625
0 0.260899585717104 0.99072265625 0.0011836654172420597 0.00390625
0 0.2322450187413691 0.99267578125 0.007989741566383901 0.0078125
0 0.12176957979877688 0.989990234375 0.002663247188794634 0.00341796875
0 0.6430755573091339 0.989013671875 0.003255079897415664 0.00244140625
0 0.3449398303412902 0.99267578125 0.0025646084040244622 0.009765625
0 0.37566581179719866 0.9892578125 0.0014795817715525744 0.00390625
0 0.29685342276583154 0.989013671875 0.001085026632471888 0.00341796875
0 0.16665022686920497 0.988525390625 0.0036496350364963502 0.00244140625
0 0.3112053659498915 0.988525390625 0.0019727756954034327 0.00341796875
0 0.289652791477609 0.98828125 0.0012823042020122311 0.0029296875
0 0.34055040441901757 0.990234375 0.003255079897415664 0.0078125
0 0.4106332609982245 0.988037109375 0.002170053264943776 0.00439453125
0 0.3526829749457487 0.9892578125 0.0016768593410929177 0.0068359375
0 0.651114618267903 0.986572265625 0.001578220556322746 0.00244140625
0 0.3249654764253304 0.99072265625 0.003255079897415664 0.0107421875
0 0.40767409745511934 0.986083984375 0.0011836654172420597 0.00244140625
0 0.3962319984217794 0.984619140625 0.0009863878477017164 0.00244140625
0 0.21518050897612942 0.988525390625 0.003452357466956007 0.01025390625
0 0.39164529492996647 0.984619140625 0.0012823042020122311 0.00341796875
0 0.16541724205957783 0.984619140625 0.0027618859735648055 0.00439453125
0 0.10741763661471691 0.98388671875 0.002170053264943776 0.0029296875
0 0.6547149339120142 0.9853515625 0.00424146774511738 0.0068359375
0 0.35830538567764847 0.986572265625 0.006016965870980469 0.00927734375
0 0.3411422371276386 0.984130859375 0.0014795817715525744 0.00439453125
0 0.43179128033142633 0.98291015625 0.0012823042020122311 0.0029296875
0 0.35322548826198463 0.983642578125 0.001578220556322746 0.00439453125
0 0.22090155849279938 0.983154296875 0.0012823042020122311 0.00341796875
0 0.6315348194910239 0.982177734375 0.0030578023278753207 0.00244140625
0 0.13434602485697375 0.983154296875 0.005326494377589268 0.00439453125
0 0.2865456697573486 0.98291015625 0.0017754981258630894 0.0048828125
0 0.2793943578615111 0.984619140625 0.0038469126060366936 0.00830078125
0 0.2903432629710002 0.981689453125 0.0036496350364963502 0.00341796875
0 0.24240481357269678 0.983642578125 0.005622410731899783 0.00732421875
0 0.2596172815150917 0.9833984375 0.006312882225290984 0.0078125
0 0.21922469915170645 0.981201171875 0.0012823042020122311 0.00341796875
0 0.23441507200631287 0.98291015625 0.005819688301440126 0.0078125
0 0.6390313671335569 0.981689453125 0.007397908857762872 0.00634765625
0 0.4210889721838627 0.9794921875 0.0017754981258630894 0.0029296875
0 0.3825705267311107 0.97998046875 0.001085026632471888 0.00390625
0 0.3443973170250543 0.9814453125 0.0022686920497139475 0.0068359375
0 0.3640757545867035 0.98095703125 0.002170053264943776 0.0068359375
0 0.23318208719668573 0.97900390625 0.0017754981258630894 0.00390625
0 0.14475241665022687 0.9814453125 0.007003353718682186 0.0087890625
0 0.3505129216808049 0.980712890625 0.004044190175577037 0.00830078125
0 0.09498914973367528 0.977783203125 0.0025646084040244622 0.00244140625
0 0.33941605839416056 0.978271484375 0.0011836654172420597 0.00439453125
0 0.10263365555336358 0.976806640625 0.001874136910633261 0.00244140625
0 0.2736239889524561 0.976806640625 0.0039455513908068654 0.00341796875
0 0.1512132570526731 0.9814453125 0.007101992503452358 0.0126953125
0 0.11160978496744921 0.976318359375 0.0022686920497139475 0.00244140625
0 0.38720654961530876 0.977294921875 0.0016768593410929177 0.00634765625
0 0.3565298875517854 0.976806640625 0.002465969619254291 0.00537109375
0 0.6425823633852831 0.974853515625 0.0028605247583349774 0.00244140625
0 0.40387650424146776 0.978271484375 0.00424146774511738 0.00927734375
0 0.3460741763661472 0.975830078125 0.002663247188794634 0.00439453125
0 0.323535214046163 0.978515625 0.004340106529887552 0.009765625
0 0.23515486289208917 0.975341796875 0.0013809429867824028 0.00341796875
0 0.3922864470309726 0.974853515625 0.0011836654172420597 0.00341796875
0 0.6553067666206353 0.973876953125 0.0044387453146577235 0.00244140625
0 0.39618267902939436 0.973876953125 0.0008877490629315447 0.00244140625
0 0.315496153087394 0.974853515625 0.001085026632471888 0.00439453125
0 0.34375616492404815 0.974609375 0.0023673308344841193 0.0048828125
0 0.3101696587098047 0.973388671875 0.0038469126060366936 0.00341796875
0 0.2736239889524561 0.97314453125 0.0009863878477017164 0.0029296875
0 0.26361215229828366 0.974853515625 0.0038469126060366936 0.00732421875
0 0.24644900374827383 0.973876953125 0.002071414480173604 0.00537109375
0 0.15570132175971593 0.974609375 0.0030578023278753207 0.0068359375
0 0.1515584927993687 0.97265625 0.0036496350364963502 0.0029296875
0 0.6471690668770961 0.971923828125 0.002959163543105149 0.00244140625
0 0.4255770368909055 0.971923828125 0.001085026632471888 0.00341796875
0 0.30750641152101005 0.975341796875 0.010948905109489052 0.01123046875
0 0.664332215427106 0.97021484375 0.0023673308344841193 0.0029296875
0 0.6531860327480765 0.969970703125 0.003550996251726179 0.00341796875
0 0.3184553166304991 0.97314453125 0.003452357466956007 0.009765625
0 0.14090550404419017 0.969970703125 0.0022686920497139475 0.00341796875
0 0.12058591438153482 0.969970703125 0.002663247188794634 0.00341796875
0 0.36782402840797 0.968994140625 0.001578220556322746 0.00244140625
0 0.35248569737620833 0.969970703125 0.001874136910633261 0.00537109375
0 0.1491911619648846 0.96875 0.0014795817715525744 0.0029296875
0 0.36604853028210693 0.96875 0.0013809429867824028 0.00390625
0 0.30020714144801736 0.968994140625 0.001874136910633261 0.00439453125
0 0.11412507397908858 0.968017578125 0.0039455513908068654 0.00244140625
0 0.6667981850463602 0.966796875 0.003156441112645492 0.001953125
0 0.31283290589859936 0.9677734375 0.00542513316235944 0.0048828125
0 0.16009074768198855 0.966796875 0.0033537186821858355 0.0029296875
0 0.10963700927204577 0.966796875 0.002465969619254291 0.0029296875
0 0.2742158216610771 0.966552734375 0.0009863878477017164 0.00341796875
0 0.24151706450976523 0.970703125 0.0077924639968435586 0.01171875
0 0.3840007891102782 0.965576171875 0.000789110278161373 0.00244140625
0 0.12117774709015584 0.9658203125 0.0030578023278753207 0.00390625
0 0.3484908265930164 0.96875 0.003156441112645492 0.0107421875
0 0.32205563227461037 0.965576171875 0.0013809429867824028 0.00439453125
0 0.2846715328467153 0.965087890625 0.0009863878477017164 0.00341796875
0 0.32417636614716905 0.965576171875 0.001874136910633261 0.00537109375
0 0.35692444269086604 0.964599609375 0.001085026632471888 0.00439453125
0 0.09775103570724009 0.965087890625 0.012428486881041626 0.00732421875
0 0.11323732491615704 0.963134765625 0.0039455513908068654 0.00439453125
0 0.3151509173406984 0.962158203125 0.0009863878477017164 0.00341796875
0 0.11008088380351154 0.9619140625 0.0019727756954034327 0.0029296875
0 0.2173505622410732 0.96142578125 0.001874136910633261 0.0029296875
0 0.6718780824620241 0.962890625 0.004044190175577037 0.0068359375
0 0.332757940422174 0.962158203125 0.0016768593410929177 0.00537109375
0 0.11599921088972184 0.9609375 0.0019727756954034327 0.0029296875
0 0.6485500098638785 0.960205078125 0.002959163543105149 0.00244140625
0 0.3393667390017755 0.964599609375 0.004636022884198066 0.01123046875
0 0.2847701716314855 0.96044921875 0.0009863878477017164 0.0029296875
0 0.34459459459459457 0.960693359375 0.001085026632471888 0.00439453125
0 0.33009469323337937 0.968994140625 0.005622410731899783 0.02197265625
0 0.11239889524561057 0.959228515625 0.0022686920497139475 0.00244140625
0 0.1301045571118564 0.958984375 0.0033537186821858355 0.0029296875
0 0.6822351548628921 0.96044921875 0.00542513316235944 0.0068359375
0 0.6605346222134544 0.95849609375 0.003255079897415664 0.0029296875
0 0.14588676267508385 0.95849609375 0.0027618859735648055 0.00390625
0 0.3355198263957388 0.958984375 0.002663247188794634 0.005859375
0 0.3127342671138292 0.957275390625 0.001085026632471888 0.00244140625
0 0.36846518050897614 0.959228515625 0.0030578023278753207 0.00732421875
0 0.27165121325705266 0.95703125 0.002959163543105149 0.0029296875
0 0.35130203195896625 0.95654296875 0.001085026632471888 0.0029296875
0 0.16023870585914382 0.958984375 0.0036496350364963502 0.0078125
0 0.1529394357861511 0.95654296875 0.0014795817715525744 0.0029296875
0 0.6859341092917736 0.955322265625 0.0033537186821858355 0.00244140625
0 0.32634641941211284 0.95654296875 0.0016768593410929177 0.0048828125
0 0.31520023673308345 0.95703125 0.0016768593410929177 0.005859375
0 0.16457881238903135 0.95654296875 0.0036496350364963502 0.0048828125
0 0.11767607023081475 0.955810546875 0.0027618859735648055 0.00341796875
0 0.13202801341487472 0.95458984375 0.0030578023278753207 0.0029296875
0 0.3892779640954823 0.954345703125 0.0014795817715525744 0.00341796875
0 0.2874334188202801 0.952392578125 0.001578220556322746 0.00244140625
0 0.26745906490432036 0.95263671875 0.001085026632471888 0.0029296875
0 0.21646281317814164 0.954833984375 0.0038469126060366936 0.00732421875
0 0.21059380548431644 0.95361328125 0.001578220556322746 0.0048828125
0 0.26962911816926416 0.953125 0.002071414480173604 0.0048828125
0 0.1529394357861511 0.952392578125 0.0028605247583349774 0.00341796875
0 0.33093312290392585 0.952880859375 0.004537384099427895 0.00537109375
0 0.3496744920102584 0.95166015625 0.0011836654172420597 0.0048828125
0 0.2566087985796015 0.950439453125 0.002071414480173604 0.00244140625
0 0.2514302623791675 0.9521484375 0.004537384099427895 0.005859375
0 0.661471690668771 0.950927734375 0.003156441112645492 0.00439453125
0 0.3482442296310909 0.950439453125 0.0014795817715525744 0.00341796875
0 0.15949891497336752 0.950439453125 0.001578220556322746 0.00341796875
0 0.12433418820280134 0.95068359375 0.002071414480173604 0.00390625
0 0.15624383507595185 0.95361328125 0.004537384099427895 0.0107421875
0 0.1473663444466364 0.950927734375 0.003748273821266522 0.00537109375
0 0.10741763661471691 0.953125 0.005721049516669955 0.01171875
0 0.09267113829157625 0.94873046875 0.0014795817715525744 0.0029296875
0 0.3410435983428684 0.949462890625 0.0016768593410929177 0.00537109375
0 0.33532254882619844 0.949951171875 0.0036496350364963502 0.00634765625
0 0.2799861905701322 0.951416015625 0.0044387453146577235 0.01025390625
0 0.17153284671532848 0.947509765625 0.0033537186821858355 0.00341796875
0 0.1363188005523772 0.947265625 0.0011836654172420597 0.0029296875
0 0.21375024659696193 0.948974609375 0.0019727756954034327 0.00732421875
0 0.6547149339120142 0.9462890625 0.0016768593410929177 0.0029296875
0 0.11205365949891498 0.947998046875 0.006707437364371671 0.00634765625
0 0.31159992108897216 0.949951171875 0.0033537186821858355 0.01123046875
0 0.14386466758729533 0.94677734375 0.002663247188794634 0.005859375
0 0.11466758729532452 0.9462890625 0.0036496350364963502 0.0048828125
0 0.3067173012428487 0.9462890625 0.0038469126060366936 0.005859375
0 0.1390313671335569 0.944580078125 0.0014795817715525744 0.00341796875
0 0.31559479187216416 0.947509765625 0.004044190175577037 0.01123046875
0 0.21222134543302426 0.9423828125 0.002663247188794634 0.0029296875
0 0.10722035904517656 0.943359375 0.0051292168080489245 0.0048828125
0 0.3299467350562241 0.9423828125 0.0019727756954034327 0.00390625
0 0.27308147563622015 0.943359375 0.0066087985796014995 0.005859375
0 0.15742750049319393 0.943359375 0.0019727756954034327 0.005859375
0 0.3347800355099625 0.941162109375 0.0009863878477017164 0.00341796875
0 0.2864470309725784 0.94287109375 0.005918327086210298 0.009765625
0 0.3586999408167291 0.93896484375 0.0012823042020122311 0.0029296875
0 0.3207733280725981 0.93994140625 0.003550996251726179 0.0048828125
0 0.2877786545669757 0.93896484375 0.002663247188794634 0.0029296875
0 0.14859932925626357 0.939453125 0.0030578023278753207 0.00390625
0 0.2483231406589071 0.9404296875 0.005030578023278753 0.0087890625
0 0.25616492404813573 0.93701171875 0.002170053264943776 0.00390625
0 0.3471592029986191 0.93603515625 0.0008877490629315447 0.0029296875
0 0.21631485500098638 0.936279296875 0.0013809429867824028 0.00341796875
0 0.1216709410140067 0.935791015625 0.0022686920497139475 0.00244140625
0 0.4059479187216414 0.934814453125 0.0012823042020122311 0.00244140625
0 0.30489248372460054 0.938232421875 0.004537384099427895 0.00927734375
0 0.203442493588479 0.935302734375 0.002071414480173604 0.00341796875
0 0.15047346616689683 0.935302734375 0.003255079897415664 0.00341796875
0 0.1304004734661669 0.93408203125 0.0017754981258630894 0.0029296875
0 0.27860524758334976 0.933349609375 0.002071414480173604 0.00244140625
0 0.23623988952456107 0.933837890625 0.0017754981258630894 0.00341796875
0 0.3001578220556323 0.935791015625 0.002959163543105149 0.00927734375
0 0.28289603472085223 0.93310546875 0.0013809429867824028 0.00390625
0 0.2782106924442691 0.9365234375 0.007397908857762872 0.0107421875
0 0.23826198461234957 0.93359375 0.002663247188794634 0.005859375
0 0.3225981455908463 0.932373046875 0.003255079897415664 0.00439453125
0 0.15466561451962912 0.931396484375 0.0019727756954034327 0.00244140625
0 0.14332215427105938 0.93115234375 0.0011836654172420597 0.0029296875
0 0.14080686525942002 0.930908203125 0.002465969619254291 0.00244140625
0 0.3479976326691655 0.930419921875 0.0013809429867824028 0.00341796875
0 0.1342473860722036 0.929931640625 0.003748273821266522 0.00244140625
0 0.32008285657920693 0.9306640625 0.0013809429867824028 0.0048828125
0 0.22869402248964293 0.931884765625 0.004044190175577037 0.00732421875
0 0.26420398500690473 0.9296875 0.0014795817715525744 0.00390625
0 0.12339711974748471 0.9306640625 0.0027618859735648055 0.005859375
0 0.2009765239692247 0.928955078125 0.0022686920497139475 0.00341796875
0 0.22440323535214046 0.928955078125 0.0023673308344841193 0.00439453125
0 0.14933912014203984 0.92919921875 0.0051292168080489245 0.0048828125
0 0.3454823436575261 0.92822265625 0.001085026632471888 0.00390625
0 0.22045768396133358 0.929931640625 0.002959163543105149 0.00732421875
0 0.2520220950877885 0.928466796875 0.004931939238508582 0.00537109375
0 0.3727066482540935 0.927490234375 0.0022686920497139475 0.00537109375
0 0.3522391004142829 0.92578125 0.0009863878477017164 0.0029296875
0 0.21705464588676268 0.9267578125 0.0036496350364963502 0.0048828125
0 0.23342868415861118 0.926513671875 0.001874136910633261 0.00537109375
0 0.15382718484908267 0.9248046875 0.001085026632471888 0.001953125
0 0.3634839218780825 0.925048828125 0.0011836654172420597 0.00341796875
0 0.31342473860722037 0.927734375 0.007397908857762872 0.009765625
0 0.28639771158019334 0.923828125 0.002071414480173604 0.0029296875
0 0.14514697178930755 0.923828125 0.0022686920497139475 0.0029296875
0 0.32205563227461037 0.9228515625 0.0013809429867824028 0.0029296875
0 0.3250641152101006 0.923095703125 0.003452357466956007 0.00439453125
0 0.3176662063523377 0.922119140625 0.0008877490629315447 0.00244140625
0 0.22164134937857566 0.922119140625 0.0013809429867824028 0.00341796875
0 0.21912606036693627 0.921875 0.002071414480173604 0.00390625
0 0.1338528309331229 0.923095703125 0.005918327086210298 0.00634765625
0 0.16921483527322945 0.9208984375 0.0014795817715525744 0.00390625
0 0.22312093115012824 0.919677734375 0.0019727756954034327 0.00244140625
0 0.21656145196291182 0.92041015625 0.0028605247583349774 0.00390625
0 0.3607220359045177 0.919189453125 0.000789110278161373 0.00244140625
0 0.3146577234168475 0.91943359375 0.0013809429867824028 0.0029296875
0 0.23480962714539358 0.920166015625 0.001085026632471888 0.00439453125
0 0.16630499112250938 0.920654296875 0.004537384099427895 0.00537109375
0 0.202308147563622 0.920166015625 0.0013809429867824028 0.00537109375
0 0.19081672913789702 0.91845703125 0.0038469126060366936 0.00390625
0 0.2395442888143618 0.918212890625 0.00424146774511738 0.00439453125
0 0.23254093509567964 0.919921875 0.003255079897415664 0.0078125
0 0.31870191359242456 0.91748046875 0.0019727756954034327 0.0048828125
0 0.3581574275004932 0.916259765625 0.0013809429867824028 0.00341796875
0 0.29009666600907474 0.915283203125 0.001578220556322746 0.00439453125
0 0.24403235352140462 0.916015625 0.005918327086210298 0.005859375
0 0.23683172223318208 0.915283203125 0.003748273821266522 0.00439453125
0 0.1251232984809627 0.913818359375 0.0014795817715525744 0.00244140625
0 0.1547149339120142 0.916748046875 0.005622410731899783 0.01025390625
0 0.35071019925034524 0.91357421875 0.0016768593410929177 0.0048828125
0 0.3055829552179917 0.912109375 0.000789110278161373 0.0029296875
0 0.2920694417044782 0.914794921875 0.004340106529887552 0.00927734375
0 0.12961136318800554 0.911376953125 0.0011836654172420597 0.00244140625
0 0.5887749062931544 0.911865234375 0.0011836654172420597 0.00439453125
0 0.3651607812191754 0.910888671875 0.0011836654172420597 0.00244140625
0 0.2864470309725784 0.916259765625 0.007496547642533044 0.01416015625
0 0.21956993489840204 0.91064453125 0.0017754981258630894 0.0029296875
0 0.3070132175971592 0.910400390625 0.001085026632471888 0.00341796875
0 0.21542710593805484 0.910888671875 0.004142828960347208 0.00439453125
0 0.11323732491615704 0.909912109375 0.001578220556322746 0.00244140625
0 0.20142039850069046 0.9111328125 0.003156441112645492 0.005859375
0 0.19653777865456698 0.914306640625 0.005622410731899783 0.01220703125
0 0.12280528703886368 0.90966796875 0.0039455513908068654 0.0029296875
0 0.3144111264549221 0.9091796875 0.0014795817715525744 0.0029296875
0 0.11945156835667785 0.909423828125 0.0017754981258630894 0.00341796875
0 0.2740185440915368 0.912353515625 0.005523771947129611 0.01025390625
0 0.1589070822647465 0.908447265625 0.0009863878477017164 0.00244140625
0 0.15417242059577826 0.9091796875 0.004340106529887552 0.00390625
0 0.5375813769974354 0.908203125 0.0013809429867824028 0.00390625
0 0.3438054843164332 0.907958984375 0.001085026632471888 0.00341796875
0 0.28102189781021897 0.914794921875 0.004734661668968239 0.01708984375
0 0.11599921088972184 0.91015625 0.005326494377589268 0.0078125
0 0.1056914578812389 0.907470703125 0.0022686920497139475 0.00244140625
0 0.35514894456500296 0.90673828125 0.001085026632471888 0.0029296875
0 0.1456401657131584 0.906494140625 0.0014795817715525744 0.00244140625
0 0.13548037088183074 0.908203125 0.007003353718682186 0.005859375
0 0.10031564411126455 0.908447265625 0.004931939238508582 0.00634765625
0 0.3043499704083646 0.9072265625 0.0016768593410929177 0.0048828125
0 0.09641941211284277 0.906005859375 0.0014795817715525744 0.00244140625
0 0.3417833892286447 0.908935546875 0.002959163543105149 0.00927734375
0 0.24536397711580193 0.9052734375 0.0022686920497139475 0.00390625
0 0.3150522785559282 0.904541015625 0.0011836654172420597 0.00341796875
0 0.23111067271651214 0.90771484375 0.006510159794831328 0.0107421875
0 0.10865062142434405 0.905029296875 0.0022686920497139475 0.00537109375
0 0.10421187610968632 0.904541015625 0.0022686920497139475 0.00439453125
0 0.20275202209508777 0.90380859375 0.0028605247583349774 0.00390625
0 0.2954724797790491 0.90283203125 0.0012823042020122311 0.0029296875
0 0.3244229631090945 0.90283203125 0.0013809429867824028 0.00390625
0 0.2857565594791872 0.90478515625 0.0027618859735648055 0.0078125
0 0.21838626948116 0.904052734375 0.003748273821266522 0.00634765625
0 0.21493391201420398 0.903076171875 0.0033537186821858355 0.00537109375
0 0.13602288419806668 0.902587890625 0.005326494377589268 0.00439453125
0 0.16600907476819884 0.901611328125 0.003748273821266522 0.00341796875
0 0.22726376011047544 0.90185546875 0.001578220556322746 0.0048828125
0 0.13794634050108504 0.900390625 0.002465969619254291 0.001953125
0 0.1290688498717696 0.901611328125 0.007003353718682186 0.00439453125
0 0.3101696587098047 0.90380859375 0.0066087985796014995 0.009765625
0 0.17439337147366343 0.901123046875 0.0039455513908068654 0.00439453125
0 0.10194318405997238 0.9013671875 0.0028605247583349774 0.0048828125
0 0.09883606233971197 0.900634765625 0.0023673308344841193 0.00341796875
0 0.27752022095087786 0.90087890625 0.0014795817715525744 0.0048828125
0 0.293105148944565 0.900390625 0.0014795817715525744 0.0048828125
0 0.28856776484513713 0.901611328125 0.002663247188794634 0.00732421875
0 0.11165910435983428 0.899658203125 0.0019727756954034327 0.00341796875
0 0.23619057013217598 0.90234375 0.006016965870980469 0.009765625
0 0.11989544288814362 0.899169921875 0.0028605247583349774 0.00341796875
0 0.3031169855987374 0.899658203125 0.003550996251726179 0.00537109375
0 0.1676366147169067 0.8984375 0.0016768593410929177 0.0029296875
0 0.14268100217005328 0.898681640625 0.003255079897415664 0.00341796875
0 0.10830538567764846 0.900146484375 0.004142828960347208 0.00634765625
0 0.23046952061550602 0.8974609375 0.0016768593410929177 0.0029296875
0 0.24215821661077136 0.8984375 0.004931939238508582 0.005859375
0 0.28220556322746104 0.89697265625 0.0017754981258630894 0.00390625
0 0.101154073781811 0.895751953125 0.004636022884198066 0.00244140625
0 0.09153679226671928 0.896484375 0.003156441112645492 0.00390625
0 0.2641546656145196 0.8955078125 0.0017754981258630894 0.00390625
0 0.3077036890905504 0.89599609375 0.0022686920497139475 0.005859375
0 0.19767212467942394 0.894775390625 0.0025646084040244622 0.00341796875
0 0.18785756559479186 0.895751953125 0.0038469126060366936 0.00537109375
0 0.1446537778654567 0.89453125 0.00483330045373841 0.0029296875
0 0.21231998421779444 0.89404296875 0.001874136910633261 0.0029296875
0 0.1501775498125863 0.89404296875 0.001874136910633261 0.0029296875
0 0.13538173209706056 0.894287109375 0.0030578023278753207 0.00341796875
0 0.2886170842375222 0.89306640625 0.000789110278161373 0.0029296875
0 0.27969027421582165 0.893798828125 0.0014795817715525744 0.00439453125
0 0.22829946735056225 0.89306640625 0.001874136910633261 0.00390625
0 0.19288814361807063 0.892578125 0.0036496350364963502 0.005859375
0 0.20191359242454132 0.895263671875 0.008680213059775104 0.01220703125
0 0.21754783981061354 0.892578125 0.0066087985796014995 0.0078125
0 0.10815742750049319 0.8935546875 0.008384296705464589 0.009765625
0 0.09331229039258236 0.8896484375 0.0011836654172420597 0.001953125
0 0.09148747287433419 0.8896484375 0.0014795817715525744 0.001953125
0 0.19727756954034326 0.8896484375 0.0039455513908068654 0.0029296875
0 0.31110672716512133 0.889892578125 0.001578220556322746 0.00439453125
0 0.3227954231603867 0.889892578125 0.0014795817715525744 0.00537109375
0 0.20837443282698756 0.891357421875 0.00542513316235944 0.00830078125
0 0.27239100414282896 0.888427734375 0.0030578023278753207 0.00439453125
0 0.335075951864273 0.886474609375 0.0013809429867824028 0.00244140625
0 0.22272637601104756 0.8857421875 0.0009863878477017164 0.001953125
0 0.09508778851844546 0.885986328125 0.0013809429867824028 0.00244140625
0 0.3014401262576445 0.88525390625 0.0019727756954034327 0.0029296875
0 0.2888636811994476 0.8857421875 0.001874136910633261 0.00390625
0 0.2152791477608996 0.884765625 0.0022686920497139475 0.0029296875
0 0.1780430065101598 0.88427734375 0.0019727756954034327 0.001953125
0 0.14800749654764253 0.884765625 0.002663247188794634 0.0029296875
0 0.09923061747879267 0.887939453125 0.007891102781613731 0.00927734375
0 0.1686723219569935 0.884033203125 0.004142828960347208 0.00244140625
0 0.14169461432235156 0.885009765625 0.004636022884198066 0.00439453125
0 0.31756756756756754 0.884033203125 0.002071414480173604 0.00439453125
0 0.15210100611560465 0.883544921875 0.0025646084040244622 0.00341796875
0 0.13464194121128428 0.88232421875 0.0017754981258630894 0.001953125
0 0.20457683961333598 0.881103515625 0.000789110278161373 0.00244140625
0 0.1491911619648846 0.880859375 0.0016768593410929177 0.001953125
0 0.20911422371276386 0.881103515625 0.0013809429867824028 0.00341796875
0 0.13079502860524758 0.881591796875 0.003550996251726179 0.00634765625
0 0.12527125665811797 0.881591796875 0.005918327086210298 0.00634765625
0 0.19175379759321365 0.879638671875 0.0019727756954034327 0.00341796875
0 0.1672913789702111 0.879150390625 0.0017754981258630894 0.00244140625
0 0.33941605839416056 0.879150390625 0.001578220556322746 0.00341796875
0 0.17513316235943974 0.879150390625 0.0038469126060366936 0.00341796875
0 0.15935095679621228 0.877685546875 0.002663247188794634 0.00244140625
0 0.32289406194515685 0.877685546875 0.002071414480173604 0.00341796875
0 0.1202899980272243 0.878662109375 0.003255079897415664 0.00634765625
0 0.3191951075162754 0.877197265625 0.0025646084040244622 0.00439453125
0 0.21088972183862695 0.87744140625 0.0023673308344841193 0.0048828125
0 0.2222331820871967 0.876708984375 0.004931939238508582 0.00439453125
0 0.09799763266916552 0.8798828125 0.007989741566383901 0.0107421875
0 0.34794831327678044 0.87646484375 0.001874136910633261 0.0048828125
0 0.34553166304991123 0.875732421875 0.002170053264943776 0.00341796875
0 0.30188400078911026 0.876220703125 0.0014795817715525744 0.00439453125
0 0.20102584336160978 0.877197265625 0.0027618859735648055 0.00634765625
0 0.3268396133359637 0.874755859375 0.001085026632471888 0.00244140625
0 0.28008482935490236 0.875244140625 0.002071414480173604 0.00341796875
0 0.2730321562438351 0.875 0.0025646084040244622 0.00390625
0 0.1717794436772539 0.875244140625 0.00483330045373841 0.00439453125
0 0.1050009863878477 0.87890625 0.0030578023278753207 0.01171875
0 0.10297889130005919 0.874267578125 0.0013809429867824028 0.00244140625
0 0.29300651015979484 0.875 0.002071414480173604 0.0048828125
0 0.20709212862497534 0.874267578125 0.0030578023278753207 0.00439453125
0 0.17947326888932727 0.87744140625 0.0036496350364963502 0.01171875
0 0.1589070822647465 0.872802734375 0.0019727756954034327 0.00244140625
0 0.18696981653186032 0.87451171875 0.008384296705464589 0.0068359375
0 0.21892878279739594 0.871826171875 0.001085026632471888 0.00244140625
0 0.1960939041231012 0.874267578125 0.005523771947129611 0.00830078125
0 0.13937660288025253 0.872314453125 0.002959163543105149 0.00439453125
0 0.11447030972578418 0.872802734375 0.0038469126060366936 0.00537109375
0 0.29527520220950876 0.872802734375 0.003255079897415664 0.00634765625
0 0.17523180114420991 0.870361328125 0.002465969619254291 0.00341796875
0 0.1676366147169067 0.870361328125 0.00483330045373841 0.00341796875
0 0.32802327875320575 0.869873046875 0.001085026632471888 0.00341796875
0 0.1634444663641744 0.871337890625 0.002959163543105149 0.00634765625
0 0.11866245807851647 0.868896484375 0.0025646084040244622 0.00244140625
0 0.19303610179522587 0.866455078125 0.0025646084040244622 0.00244140625
0 0.17784572894061945 0.8671875 0.002959163543105149 0.00390625
0 0.14435786151114618 0.866455078125 0.0022686920497139475 0.00244140625
0 0.21355296902742157 0.86767578125 0.0023673308344841193 0.005859375
0 0.16822844742552773 0.865966796875 0.002465969619254291 0.00244140625
0 0.19846123495758533 0.86572265625 0.0011836654172420597 0.00390625
0 0.18553955415269283 0.86669921875 0.0033537186821858355 0.005859375
0 0.3394653777865457 0.8642578125 0.0012823042020122311 0.001953125
0 0.3090353126849477 0.8642578125 0.0009863878477017164 0.001953125
0 0.10455711185638193 0.864990234375 0.0027618859735648055 0.00341796875
0 0.14060958768987966 0.8642578125 0.004044190175577037 0.00390625
0 0.1745413296508187 0.863037109375 0.002071414480173604 0.00244140625
0 0.2923653580587887 0.864013671875 0.0039455513908068654 0.00537109375
0 0.1533833103176169 0.861083984375 0.004734661668968239 0.00537109375
0 0.17094101400670744 0.859375 0.003748273821266522 0.0029296875
0 0.18864667587295325 0.8603515625 0.004044190175577037 0.005859375
0 0.18613138686131386 0.85791015625 0.0017754981258630894 0.0029296875
0 0.1349378575655948 0.85791015625 0.0023673308344841193 0.0029296875
0 0.20314657723416849 0.85791015625 0.0030578023278753207 0.0048828125
0 0.15708226474649833 0.8564453125 0.0014795817715525744 0.0029296875
0 0.1220654961530874 0.85595703125 0.0016768593410929177 0.001953125
0 0.20571118563819293 0.85498046875 0.0008877490629315447 0.0029296875
0 0.1140264351943184 0.854248046875 0.002170053264943776 0.00244140625
0 0.17794436772538963 0.853759765625 0.0025646084040244622 0.00244140625
0 0.20156835667784573 0.8525390625 0.0014795817715525744 0.001953125
0 0.16245807851647268 0.853759765625 0.005523771947129611 0.00537109375
0 0.17291378970211088 0.85205078125 0.006312882225290984 0.005859375
0 0.1334582757940422 0.848388671875 0.005523771947129611 0.00634765625
0 0.13834089564016572 0.845703125 0.0028605247583349774 0.0029296875
0 0.11826790293943579 0.846435546875 0.0051292168080489245 0.00634765625
0 0.1613237324916157 0.841064453125 0.0036496350364963502 0.00341796875
0 0.1259124087591241 0.84375 0.005622410731899783 0.009765625
0 0.15362990727954232 0.835693359375 0.002465969619254291 0.00341796875
0 0.11190570132175971 0.83544921875 0.005030578023278753 0.0068359375
0 0.12477806273426711 0.832763671875 0.0033537186821858355 0.00341796875
0 0.19717893075557308 0.826171875 0.0025646084040244622 0.0029296875
0 0.14411126454922074 0.826171875 0.004537384099427895 0.0048828125
0 0.19066877096074175 0.823974609375 0.0011836654172420597 0.00244140625
0 0.11693627934503847 0.823974609375 0.001085026632471888 0.00244140625
0 0.130449792858552 0.819091796875 0.0016768593410929177 0.00244140625
0 0.13898204774117182 0.818359375 0.005523771947129611 0.0029296875
0 0.09424935884789899 0.818359375 0.0036496350364963502 0.0048828125
0 0.13153481949102386 0.814453125 0.0014795817715525744 0.001953125
0 0.11807062536989545 0.816162109375 0.002959163543105149 0.00537109375
0 0.16669954626159006 0.812255859375 0.0013809429867824028 0.00244140625
0 0.3369500887749063 0.811767578125 0.0025646084040244622 0.00244140625
0 0.11230025646084041 0.813232421875 0.00424146774511738 0.00537109375
0 0.32851647267705664 0.811279296875 0.003452357466956007 0.00244140625
0 0.29848096271453933 0.810546875 0.0011836654172420597 0.001953125
0 0.12847701716314855 0.813232421875 0.0044387453146577235 0.00732421875
0 0.14657723416847504 0.809814453125 0.001578220556322746 0.00244140625
0 0.13804497928585518 0.81005859375 0.003452357466956007 0.00390625
0 0.1512625764450582 0.808837890625 0.0030578023278753207 0.00244140625
0 0.1334582757940422 0.807861328125 0.0033537186821858355 0.00537109375
0 0.1223614125073979 0.80712890625 0.0012823042020122311 0.00390625
0 0.33394160583941607 0.8046875 0.0014795817715525744 0.001953125
0 0.14697178930755572 0.804443359375 0.004931939238508582 0.00244140625
0 0.31421384888538173 0.803955078125 0.0012823042020122311 0.00341796875
0 0.11940224896429276 0.80322265625 0.001874136910633261 0.001953125
0 0.12497534030380746 0.802734375 0.0019727756954034327 0.001953125
0 0.11619648845926218 0.803466796875 0.0025646084040244622 0.00341796875
0 0.09691260603669363 0.8046875 0.0038469126060366936 0.005859375
0 0.30139080686525943 0.80224609375 0.003452357466956007 0.0029296875
0 0.1874136910633261 0.802001953125 0.0013809429867824028 0.00244140625
0 0.10317616886959953 0.80029296875 0.0027618859735648055 0.00390625
0 0.09844150720063129 0.795654296875 0.0017754981258630894 0.00341796875
0 0.11185638192937462 0.793701171875 0.003550996251726179 0.00341796875
0 0.10914381534819491 0.7919921875 0.001874136910633261 0.00390625
0 0.10401459854014598 0.792724609375 0.0036496350364963502 0.00927734375
0 0.10283093312290392 0.78857421875 0.0012823042020122311 0.001953125
0 0.09937857565594792 0.787109375 0.0038469126060366936 0.0048828125
0 0.11624580785164727 0.78076171875 0.002663247188794634 0.0048828125
0 0.10588873545077924 0.686279296875 0.014105346222134543 0.00732421875
