0 0.10159794831327679 0.998779296875 0.0017754981258630894 0.00244140625
0 0.15885776287236142 0.99853515625 0.0016768593410929177 0.0029296875
0 0.13646675872953246 0.998291015625 0.003452357466956007 0.00341796875
0 0.6782402840797002 0.998046875 0.007693825212073387 0.00390625
0 0.7072400868021306 0.997802734375 0.0061156046557506415 0.00439453125
0 0.7015190372854606 0.9970703125 0.006312882225290984 0.00390625
0 0.24082659301637405 0.99755859375 0.005622410731899783 0.0048828125
0 0.14593608206746894 0.99755859375 0.0022686920497139475 0.0048828125
0 0.29009666600907474 0.99609375 0.004340106529887552 0.00390625
0 0.2565101597948313 0.99560546875 0.004636022884198066 0.0029296875
0 0.12418623002564608 0.995849609375 0.0051292168080489245 0.00537109375
0 0.4967942394949694 0.99462890625 0.003452357466956007 0.00390625
0 0.13217597159202998 0.996337890625 0.004931939238508582 0.00732421875
0 0.604606431248767 0.994873046875 0.007003353718682186 0.00634765625
0 0.18302426514105347 0.994384765625 0.008581574275004932 0.00634765625
0 0.6124482146379957 0.9931640625 0.007496547642533044 0.0068359375
0 0.5124284868810416 0.99169921875 0.004537384099427895 0.00390625
0 0.2727855592819097 0.991943359375 0.007989741566383901 0.00439453125
0 0.24087591240875914 0.990478515625 0.0023673308344841193 0.00341796875
0 0.23796606825803907 0.989990234375 0.002663247188794634 0.00244140625
0 0.20945945945945946 0.994384765625 0.01331623594397317 0.01123046875
0 0.4670053264943776 0.98974609375 0.00424146774511738 0.0029296875
0 0.19037285460643125 0.989990234375 0.002959163543105149 0.00341796875
0 0.12428486881041625 0.989013671875 0.0019727756954034327 0.00244140625
0 0.10692444269086605 0.988525390625 0.001578220556322746 0.00244140625
0 0.18519431840599723 0.98876953125 0.005030578023278753 0.00390625
0 0.15772341684750443 0.99267578125 0.009863878477017163 0.01171875
0 0.2503945551390807 0.987548828125 0.001874136910633261 0.00244140625
0 0.5107516275399487 0.986083984375 0.003550996251726179 0.00244140625
0 0.32215427105938055 0.986572265625 0.004142828960347208 0.00341796875
0 0.1790787137502466 0.98779296875 0.007003353718682186 0.0078125
0 0.343115012823042 0.98486328125 0.001874136910633261 0.0029296875
0 0.13222529098441507 0.985595703125 0.005030578023278753 0.00439453125
0 0.6378970211087 0.984130859375 0.0039455513908068654 0.00244140625
0 0.12783586506214242 0.9873046875 0.002959163543105149 0.0087890625
0 0.6454922075360031 0.984130859375 0.003156441112645492 0.00341796875
0 0.14169461432235156 0.986083984375 0.0044387453146577235 0.00830078125
0 0.7121227066482541 0.984375 0.007397908857762872 0.005859375
0 0.6525942000394556 0.98388671875 0.009272045768396133 0.0048828125
0 0.6313375419214835 0.983642578125 0.0044387453146577235 0.00439453125
0 0.12285460643124876 0.98291015625 0.0016768593410929177 0.0029296875
0 0.14001775498125862 0.981689453125 0.0012823042020122311 0.00244140625
0 0.3387749062931545 0.98291015625 0.004044190175577037 0.005859375
0 0.1168376405602683 0.979248046875 0.001874136910633261 0.00244140625
0 0.6162458078516473 0.9794921875 0.006214243440520813 0.00390625
0 0.5803412901953048 0.979736328125 0.004636022884198066 0.00439453125
0 0.12847701716314855 0.978515625 0.0014795817715525744 0.001953125
0 0.13158413888340895 0.9794921875 0.0027618859735648055 0.0048828125
0 0.5338331031761688 0.978515625 0.006312882225290984 0.0048828125
0 0.5165713158413888 0.977783203125 0.006904714933912014 0.00341796875
0 0.1248273821266522 0.97802734375 0.0030578023278753207 0.00390625
0 0.6759222726376011 0.978515625 0.009567962122706648 0.005859375
0 0.30439928980074965 0.97802734375 0.002170053264943776 0.0048828125
0 0.22854606431248767 0.978759765625 0.006510159794831328 0.00634765625
0 0.7040836456894851 0.9775390625 0.0061156046557506415 0.0048828125
0 0.6096370092720458 0.976806640625 0.006806076149141842 0.00341796875
0 0.14208916946143224 0.97705078125 0.003452357466956007 0.00390625
0 0.7128131781416452 0.97705078125 0.009370684553166305 0.0048828125
0 0.20531663049911225 0.977783203125 0.012329848096271454 0.00732421875
0 0.5958768987966069 0.975830078125 0.004340106529887552 0.00439453125
0 0.6040145985401459 0.97509765625 0.0036496350364963502 0.00390625
0 0.1383902150325508 0.974609375 0.0033537186821858355 0.00390625
0 0.681643322154271 0.973876953125 0.001874136910633261 0.00341796875
0 0.23234365752613928 0.9736328125 0.003452357466956007 0.0029296875
0 0.18381337541921483 0.974853515625 0.006214243440520813 0.00537109375
0 0.11461826790293944 0.974365234375 0.003748273821266522 0.00439453125
0 0.6415959755375814 0.974609375 0.009173406983625962 0.005859375
0 0.46059380548431644 0.972900390625 0.002071414480173604 0.00244140625
0 0.43563819293746303 0.972900390625 0.0030578023278753207 0.00244140625
0 0.45457683961333595 0.97265625 0.002663247188794634 0.0029296875
0 0.286792266719274 0.972412109375 0.003255079897415664 0.00244140625
0 0.09982245018741369 0.9775390625 0.00907476819885579 0.0126953125
0 0.14544288814361808 0.971923828125 0.0028605247583349774 0.00341796875
0 0.12265732886170842 0.973876953125 0.00897612941408562 0.00830078125
0 0.5488261984612349 0.97021484375 0.001578220556322746 0.001953125
0 0.6852436377983824 0.970703125 0.004142828960347208 0.00390625
0 0.11974748471098837 0.970458984375 0.002959163543105149 0.00439453125
0 0.4869303610179523 0.969482421875 0.0038469126060366936 0.00439453125
0 0.20635233773919906 0.96875 0.0025646084040244622 0.0029296875
0 0.10756559479187217 0.969970703125 0.0066087985796014995 0.00537109375
0 0.24072795423160387 0.96826171875 0.005227855592819097 0.0029296875
0 0.13168277766817912 0.968505859375 0.0019727756954034327 0.00341796875
0 0.2864963503649635 0.968017578125 0.006214243440520813 0.00341796875
0 0.1348885381732097 0.96923828125 0.00424146774511738 0.005859375
0 0.4726277372262774 0.96728515625 0.0030578023278753207 0.0029296875
0 0.20270270270270271 0.967041015625 0.004142828960347208 0.00244140625
0 0.17518248175182483 0.96875 0.004734661668968239 0.0068359375
0 0.30582955217991714 0.966552734375 0.0036496350364963502 0.00341796875
0 0.2667685934109292 0.968017578125 0.006806076149141842 0.00634765625
0 0.6139277964095482 0.96630859375 0.006707437364371671 0.00390625
0 0.3233379364766226 0.966552734375 0.005721049516669955 0.00439453125
0 0.3013414874728743 0.967041015625 0.004931939238508582 0.00634765625
0 0.6308443479976327 0.967529296875 0.00424146774511738 0.00830078125
0 0.0983921878082462 0.966552734375 0.0044387453146577235 0.00634765625
0 0.5452258828171237 0.964599609375 0.0028605247583349774 0.00341796875
0 0.642533043992898 0.96435546875 0.0019727756954034327 0.00390625
0 0.49955612546853423 0.96435546875 0.006016965870980469 0.00390625
0 0.7198165318603275 0.96533203125 0.010948905109489052 0.0068359375
0 0.16255671730124285 0.964599609375 0.0023673308344841193 0.00537109375
0 0.24191161964884592 0.96337890625 0.003255079897415664 0.00390625
0 0.27549812586308936 0.962890625 0.007496547642533044 0.00390625
0 0.2155750641152101 0.962890625 0.0044387453146577235 0.00390625
0 0.15589859932925626 0.963134765625 0.002465969619254291 0.00439453125
0 0.10593805484316433 0.963623046875 0.0039455513908068654 0.00537109375
0 0.4602978891300059 0.962158203125 0.002663247188794634 0.00341796875
0 0.662655356086013 0.96240234375 0.0051292168080489245 0.005859375
0 0.6240875912408759 0.962158203125 0.00966660090747682 0.00537109375
0 0.6908660485302821 0.960205078125 0.0027618859735648055 0.00244140625
0 0.6335075951864273 0.960693359375 0.005819688301440126 0.00341796875
0 0.610376800157822 0.960693359375 0.0061156046557506415 0.00341796875
0 0.2110869994081673 0.960693359375 0.004734661668968239 0.00341796875
0 0.12088183073584534 0.9609375 0.005622410731899783 0.00390625
0 0.127589268100217 0.960693359375 0.005622410731899783 0.00439453125
0 0.6449496942197672 0.95849609375 0.001874136910633261 0.001953125
0 0.5181988557900966 0.958984375 0.004044190175577037 0.0029296875
0 0.316087985796015 0.95849609375 0.008384296705464589 0.0048828125
0 0.6541724205957783 0.95703125 0.0039455513908068654 0.0029296875
0 0.15944959558098246 0.957763671875 0.0038469126060366936 0.00439453125
0 0.2322943381337542 0.957763671875 0.008088380351154074 0.00537109375
0 0.12882225290984414 0.9560546875 0.001578220556322746 0.001953125
0 0.33369500887749065 0.95703125 0.002959163543105149 0.0048828125
0 0.1039652791477609 0.95703125 0.0051292168080489245 0.005859375
0 0.6629019530479384 0.955322265625 0.0022686920497139475 0.00341796875
0 0.5605642138488853 0.955078125 0.003550996251726179 0.0029296875
0 0.1964391398697968 0.956787109375 0.003452357466956007 0.00634765625
0 0.1630499112250937 0.954833984375 0.0025646084040244622 0.00244140625
0 0.4519135924245413 0.95361328125 0.001874136910633261 0.0029296875
0 0.1515584927993687 0.95361328125 0.00424146774511738 0.0029296875
0 0.1567370289998027 0.952392578125 0.001578220556322746 0.00146484375
0 0.677549812586309 0.953125 0.005326494377589268 0.00390625
0 0.563819293746301 0.95263671875 0.0023673308344841193 0.0029296875
0 0.329305582955218 0.953857421875 0.00424146774511738 0.00537109375
0 0.1679325310712172 0.952392578125 0.0014795817715525744 0.00244140625
0 0.12265732886170842 0.953857421875 0.00483330045373841 0.00537109375
0 0.6998421779443678 0.95654296875 0.00966660090747682 0.01171875
0 0.1843065693430657 0.9521484375 0.002071414480173604 0.0029296875
0 0.6702012231209311 0.952880859375 0.011343460248569737 0.00732421875
0 0.6844052081278359 0.949951171875 0.004636022884198066 0.00244140625
0 0.6493391201420399 0.950439453125 0.0033537186821858355 0.00341796875
0 0.41393766028802526 0.9521484375 0.004636022884198066 0.0068359375
0 0.3055336358256066 0.950439453125 0.002663247188794634 0.00341796875
0 0.6096863286644308 0.95166015625 0.008285657920694417 0.0068359375
0 0.11106727165121326 0.950439453125 0.0039455513908068654 0.00439453125
0 0.09646873150522786 0.949951171875 0.0013809429867824028 0.00341796875
0 0.1085026632471888 0.952880859375 0.008088380351154074 0.01025390625
0 0.11664036299072796 0.95068359375 0.006411521010061156 0.0068359375
0 0.6445058196883015 0.949951171875 0.008285657920694417 0.00634765625
0 0.31939238508581574 0.949462890625 0.003550996251726179 0.00537109375
0 0.15520812783586507 0.94873046875 0.0028605247583349774 0.0048828125
0 0.6939238508581574 0.94970703125 0.00907476819885579 0.0078125
0 0.6241862300256461 0.94775390625 0.004734661668968239 0.00390625
0 0.5943973170250543 0.94775390625 0.0019727756954034327 0.00390625
0 0.5973071611757743 0.947265625 0.0030578023278753207 0.0048828125
0 0.5440422173998817 0.94677734375 0.005227855592819097 0.00390625
0 0.4210889721838627 0.946044921875 0.0017754981258630894 0.00244140625
0 0.29961530873939635 0.946533203125 0.006806076149141842 0.00341796875
0 0.11116591043598342 0.9462890625 0.002170053264943776 0.0029296875
0 0.7320970605642139 0.946044921875 0.004142828960347208 0.00341796875
0 0.2929571907674097 0.94677734375 0.005721049516669955 0.0048828125
0 0.1436180706253699 0.946044921875 0.0019727756954034327 0.00341796875
0 0.11481554547247978 0.94580078125 0.001578220556322746 0.0029296875
0 0.6134839218780824 0.947021484375 0.004636022884198066 0.00634765625
0 0.43889327283487867 0.948486328125 0.0139080686525942 0.01025390625
0 0.18450384691260605 0.94482421875 0.005622410731899783 0.0029296875
0 0.5210593805484316 0.945556640625 0.0066087985796014995 0.00537109375
0 0.0983921878082462 0.944580078125 0.0014795817715525744 0.00341796875
0 0.14998027224304597 0.943603515625 0.001874136910633261 0.00341796875
0 0.7198165318603275 0.94287109375 0.003452357466956007 0.0029296875
0 0.6839613335963701 0.9462890625 0.014795817715525744 0.009765625
0 0.1547642533043993 0.94287109375 0.002959163543105149 0.005859375
0 0.664381534819491 0.9404296875 0.005819688301440126 0.0029296875
0 0.23845926218188992 0.94189453125 0.010751627539948707 0.005859375
0 0.1453442493588479 0.94140625 0.004636022884198066 0.0048828125
0 0.552327875320576 0.9423828125 0.008778851844545275 0.0087890625
0 0.25986387847701714 0.939697265625 0.004044190175577037 0.00341796875
0 0.1485006904714934 0.93994140625 0.0014795817715525744 0.00390625
0 0.5376800157822056 0.9384765625 0.004142828960347208 0.0029296875
0 0.15969619254290787 0.941650390625 0.0039455513908068654 0.00927734375
0 0.09198066679818505 0.93994140625 0.0028605247583349774 0.005859375
0 0.3104655750641152 0.9375 0.0030578023278753207 0.0029296875
0 0.13972183862694812 0.939208984375 0.004636022884198066 0.00634765625
0 0.12265732886170842 0.937255859375 0.0008877490629315447 0.00244140625
0 0.10302821069244426 0.93798828125 0.003255079897415664 0.00390625
0 0.28210692444269087 0.9384765625 0.005918327086210298 0.0068359375
0 0.19343065693430658 0.937255859375 0.004537384099427895 0.00439453125
0 0.12102978891300059 0.93603515625 0.0017754981258630894 0.001953125
0 0.6970309725784178 0.93798828125 0.0044387453146577235 0.0068359375
0 0.16960939041231013 0.937255859375 0.010948905109489052 0.00634765625
0 0.5443381337541922 0.936279296875 0.007595186427303216 0.00537109375
0 0.24279936871177746 0.9345703125 0.0028605247583349774 0.001953125
0 0.6187610968632866 0.934814453125 0.007891102781613731 0.00439453125
0 0.49289800749654766 0.93408203125 0.0039455513908068654 0.0029296875
0 0.11644308542118761 0.93603515625 0.002663247188794634 0.0068359375
0 0.329305582955218 0.93505859375 0.002465969619254291 0.005859375
0 0.19426908660485304 0.9345703125 0.002663247188794634 0.0048828125
0 0.12995659893470113 0.93408203125 0.0038469126060366936 0.00390625
0 0.7029492996646282 0.9345703125 0.007595186427303216 0.005859375
0 0.1460347208522391 0.93310546875 0.0012823042020122311 0.0029296875
0 0.6375517853620043 0.933349609375 0.005622410731899783 0.00537109375
0 0.1842572499506806 0.9345703125 0.003748273821266522 0.0078125
0 0.7208522391004143 0.93212890625 0.003550996251726179 0.00390625
0 0.6568356677845729 0.9345703125 0.009469323337936477 0.0087890625
0 0.1356776484513711 0.931884765625 0.001874136910633261 0.00341796875
0 0.13232392976918525 0.9345703125 0.0044387453146577235 0.0087890625
0 0.6961432235154863 0.931396484375 0.00424146774511738 0.00341796875
0 0.12300256460840403 0.930908203125 0.0019727756954034327 0.00244140625
0 0.2644999013612152 0.932373046875 0.004636022884198066 0.00634765625
0 0.22159202998619057 0.93212890625 0.005030578023278753 0.005859375
0 0.315496153087394 0.930908203125 0.0030578023278753207 0.00439453125
0 0.5948905109489051 0.930908203125 0.0051292168080489245 0.00537109375
0 0.6731603866640363 0.9287109375 0.002663247188794634 0.0029296875
0 0.42483724600512923 0.927978515625 0.0017754981258630894 0.00244140625
0 0.21843558887354508 0.92919921875 0.004044190175577037 0.0048828125
0 0.20418228447425527 0.928466796875 0.0019727756954034327 0.00341796875
0 0.17439337147366343 0.927734375 0.0025646084040244622 0.0029296875
0 0.16053462221345433 0.927490234375 0.0014795817715525744 0.00244140625
0 0.6778457289406195 0.931640625 0.01953047938449398 0.01171875
0 0.34360820674689285 0.92724609375 0.0022686920497139475 0.0029296875
0 0.2474847109883606 0.929931640625 0.004340106529887552 0.00830078125
0 0.20038469126060368 0.92724609375 0.0028605247583349774 0.0029296875
0 0.1484513710791083 0.927734375 0.0023673308344841193 0.00390625
0 0.6634444663641744 0.926513671875 0.0039455513908068654 0.00244140625
0 0.345975537581377 0.9267578125 0.001874136910633261 0.0029296875
0 0.2892582363385283 0.927734375 0.004636022884198066 0.0048828125
0 0.47918721641349377 0.925537109375 0.004931939238508582 0.00244140625
0 0.1195995265338331 0.925537109375 0.002663247188794634 0.00244140625
0 0.11688695995265339 0.925537109375 0.0009863878477017164 0.00244140625
0 0.5582955217991714 0.925537109375 0.005721049516669955 0.00439453125
0 0.19130992306174788 0.924560546875 0.0030578023278753207 0.00341796875
0 0.11077135529690274 0.924072265625 0.0025646084040244622 0.00341796875
0 0.6811501282304202 0.923583984375 0.00424146774511738 0.00341796875
0 0.20699348984020516 0.92431640625 0.004044190175577037 0.0048828125
0 0.6603866640362991 0.922607421875 0.0023673308344841193 0.00244140625
0 0.6530380745709213 0.924560546875 0.011738015387650425 0.00634765625
0 0.7065002959163543 0.925048828125 0.01449990136121523 0.00830078125
0 0.6251232984809627 0.924072265625 0.007003353718682186 0.00634765625
0 0.15279147760899586 0.922119140625 0.000789110278161373 0.00244140625
0 0.30094693233379366 0.92431640625 0.009272045768396133 0.0078125
0 0.1254685342276583 0.92236328125 0.0025646084040244622 0.00390625
0 0.7242552771749852 0.922119140625 0.007397908857762872 0.00439453125
0 0.6709410140067075 0.9248046875 0.014993095285066088 0.009765625
0 0.266669954626159 0.922119140625 0.007595186427303216 0.00439453125
0 0.19550207141448017 0.9208984375 0.0011836654172420597 0.001953125
0 0.16438153481949103 0.92138671875 0.0028605247583349774 0.0029296875
0 0.14938843953442493 0.9208984375 0.0022686920497139475 0.001953125
0 0.11284276977707634 0.92041015625 0.0025646084040244622 0.0029296875
0 0.3263957388044979 0.9208984375 0.004734661668968239 0.0048828125
0 0.16748865653975142 0.921142578125 0.003156441112645492 0.00537109375
0 0.6532846715328468 0.920654296875 0.005918327086210298 0.00537109375
0 0.3502663247188795 0.92041015625 0.0013809429867824028 0.0048828125
0 0.09893470112448215 0.9208984375 0.005721049516669955 0.005859375
0 0.6195995265338331 0.92138671875 0.006411521010061156 0.0078125
0 0.24930952850660879 0.91943359375 0.001874136910633261 0.00390625
0 0.34434799763266916 0.918701171875 0.0025646084040244622 0.00341796875
0 0.23352732294338133 0.91796875 0.001874136910633261 0.001953125
0 0.14366739001775497 0.91943359375 0.0044387453146577235 0.0048828125
0 0.471838626948116 0.920166015625 0.006016965870980469 0.00732421875
0 0.11077135529690274 0.91796875 0.001578220556322746 0.0029296875
0 0.6588084434799764 0.9189453125 0.004537384099427895 0.005859375
0 0.12132570526731111 0.919189453125 0.004734661668968239 0.00634765625
0 0.33921878082462026 0.917724609375 0.002170053264943776 0.00439453125
0 0.21019925034523573 0.918701171875 0.006707437364371671 0.00634765625
0 0.1547642533043993 0.91796875 0.004734661668968239 0.005859375
0 0.1376504241467745 0.917236328125 0.0038469126060366936 0.00439453125
0 0.536249753403038 0.914794921875 0.0022686920497139475 0.00244140625
0 0.11348392187808246 0.915283203125 0.001085026632471888 0.00341796875
0 0.09503846912606037 0.91552734375 0.0014795817715525744 0.00390625
0 0.6100808838035116 0.920654296875 0.015387650424146774 0.01513671875
0 0.5216018938646676 0.91357421875 0.0019727756954034327 0.001953125
0 0.30928190964687313 0.9150390625 0.0016768593410929177 0.0048828125
0 0.1334582757940422 0.91455078125 0.004537384099427895 0.00390625
0 0.4932925626356283 0.916015625 0.01144209903333991 0.0087890625
0 0.3410929177352535 0.915283203125 0.003748273821266522 0.00732421875
0 0.2125172617873348 0.912109375 0.0022686920497139475 0.001953125
0 0.47026040639179323 0.9130859375 0.00897612941408562 0.0048828125
0 0.1665022686920497 0.911865234375 0.0033537186821858355 0.00244140625
0 0.21769579798776878 0.911376953125 0.0017754981258630894 0.00244140625
0 0.20921286249753404 0.911376953125 0.0013809429867824028 0.00244140625
0 0.10031564411126455 0.91357421875 0.0051292168080489245 0.0068359375
0 0.45507003353718684 0.912841796875 0.012724403235352141 0.00634765625
0 0.4438745314657723 0.914306640625 0.011639376602880253 0.01025390625
0 0.3042513316235944 0.912109375 0.0028605247583349774 0.005859375
0 0.25256460840402445 0.912841796875 0.011935292957190768 0.00732421875
0 0.11343460248569738 0.910400390625 0.002170053264943776 0.00244140625
0 0.6382422568553956 0.910400390625 0.002071414480173604 0.00341796875
0 0.6188597356480569 0.910400390625 0.003748273821266522 0.00341796875
0 0.5868514499901362 0.912353515625 0.006016965870980469 0.00732421875
0 0.3205267311106727 0.912109375 0.008187019135924246 0.0068359375
0 0.20610574077727362 0.90966796875 0.0028605247583349774 0.001953125
0 0.1432235154862892 0.91162109375 0.005721049516669955 0.005859375
0 0.17434405208127837 0.91064453125 0.0044387453146577235 0.0048828125
0 0.14494969421976722 0.9091796875 0.0008877490629315447 0.001953125
0 0.41354310514894455 0.908935546875 0.0016768593410929177 0.00244140625
0 0.4050601696587098 0.909423828125 0.00483330045373841 0.00341796875
0 0.21848490826593017 0.909423828125 0.003748273821266522 0.00439453125
0 0.14889524561057407 0.908935546875 0.00424146774511738 0.00341796875
0 0.10169658709804695 0.90966796875 0.0051292168080489245 0.0048828125
0 0.5429078713750246 0.908203125 0.009272045768396133 0.0048828125
0 0.20008877490629315 0.912109375 0.006806076149141842 0.0126953125
0 0.6519530479384494 0.908447265625 0.0066087985796014995 0.00634765625
0 0.5586407575458671 0.906982421875 0.00483330045373841 0.00341796875
0 0.09612349575853225 0.90625 0.0006904714933912014 0.001953125
0 0.6909153679226672 0.9072265625 0.006214243440520813 0.0048828125
0 0.23234365752613928 0.90771484375 0.005819688301440126 0.0068359375
0 0.15989347011244823 0.909912109375 0.008877490629315447 0.01123046875
0 0.7125172617873348 0.908447265625 0.008778851844545275 0.00927734375
0 0.20556322746103767 0.905029296875 0.0023673308344841193 0.00341796875
0 0.10722035904517656 0.904541015625 0.0017754981258630894 0.00244140625
0 0.17360426119550207 0.905029296875 0.005326494377589268 0.00439453125
0 0.14889524561057407 0.90380859375 0.0016768593410929177 0.001953125
0 0.478151509173407 0.905029296875 0.010357072400868021 0.00537109375
0 0.47139475241665024 0.90380859375 0.003748273821266522 0.0029296875
0 0.13602288419806668 0.904541015625 0.006312882225290984 0.00439453125
0 0.16778457289406196 0.90478515625 0.004734661668968239 0.005859375
0 0.1445551390806865 0.904296875 0.004636022884198066 0.005859375
0 0.3557900966660091 0.902587890625 0.004537384099427895 0.00341796875
0 0.6786348392187809 0.90234375 0.0051292168080489245 0.00390625
0 0.46562438350759516 0.903564453125 0.006411521010061156 0.00634765625
0 0.44500887749062934 0.902099609375 0.005030578023278753 0.00439453125
0 0.45339317419609393 0.900634765625 0.006016965870980469 0.00341796875
0 0.6698559873742356 0.900390625 0.004340106529887552 0.00390625
0 0.5152890116393766 0.90234375 0.010652988755178536 0.0078125
0 0.3474057999605445 0.900390625 0.004931939238508582 0.00390625
0 0.2669165515880844 0.899169921875 0.0039455513908068654 0.00341796875
0 0.15101597948313278 0.89892578125 0.004142828960347208 0.0029296875
0 0.17217399881633458 0.898193359375 0.0030578023278753207 0.00439453125
0 0.4934898402051687 0.898681640625 0.012428486881041626 0.00634765625
0 0.45714144801736045 0.8974609375 0.00424146774511738 0.0048828125
0 0.549418031169856 0.898193359375 0.005326494377589268 0.00732421875
0 0.22183862694811599 0.89453125 0.000789110278161373 0.001953125
0 0.16428289603472085 0.898193359375 0.0030578023278753207 0.00927734375
0 0.5967646478595384 0.89404296875 0.003748273821266522 0.001953125
0 0.14248372460051292 0.894287109375 0.002071414480173604 0.00244140625
0 0.1345433024265141 0.89453125 0.0027618859735648055 0.00390625
0 0.12985796014993095 0.894287109375 0.0022686920497139475 0.00341796875
0 0.6897810218978102 0.89697265625 0.01085026632471888 0.009765625
0 0.43238311304004734 0.893310546875 0.00424146774511738 0.00244140625
0 0.4181791280331426 0.896240234375 0.00424146774511738 0.00830078125
0 0.2589761294140856 0.893798828125 0.001085026632471888 0.00341796875
0 0.18129808640757547 0.8935546875 0.0027618859735648055 0.0029296875
0 0.640856184651805 0.89697265625 0.016176760702308147 0.0107421875
0 0.6124482146379957 0.896240234375 0.010652988755178536 0.00927734375
0 0.5668277766817913 0.8935546875 0.0036496350364963502 0.00390625
0 0.6732590254488064 0.893798828125 0.007003353718682186 0.00537109375
0 0.13666403629907278 0.89208984375 0.0012823042020122311 0.001953125
0 0.1529887551785362 0.892333984375 0.001578220556322746 0.00341796875
0 0.10539554152692839 0.892578125 0.00424146774511738 0.00390625
0 0.3255573091339515 0.892333984375 0.007003353718682186 0.00439453125
0 0.10929177352535016 0.892822265625 0.004142828960347208 0.00537109375
0 0.680410337344644 0.892578125 0.005918327086210298 0.0068359375
0 0.40219964490037485 0.891845703125 0.006214243440520813 0.00537109375
0 0.21710396527914777 0.8916015625 0.002959163543105149 0.0048828125
0 0.5139080686525942 0.891357421875 0.006312882225290984 0.00537109375
0 0.1342473860722036 0.89013671875 0.0033537186821858355 0.0029296875
0 0.12862497534030382 0.891357421875 0.0027618859735648055 0.00537109375
0 0.14189189189189189 0.889404296875 0.0008877490629315447 0.00244140625
0 0.5818208719668574 0.888916015625 0.0038469126060366936 0.00244140625
0 0.1773032156243835 0.891357421875 0.005030578023278753 0.00732421875
0 0.14559084632077332 0.892333984375 0.0051292168080489245 0.00927734375
0 0.5253008482935491 0.888671875 0.0036496350364963502 0.0029296875
0 0.1982146379956599 0.88818359375 0.0014795817715525744 0.001953125
0 0.11254685342276582 0.88916015625 0.0019727756954034327 0.00390625
0 0.46779443677253896 0.88818359375 0.00542513316235944 0.0029296875
0 0.6030282106924443 0.88916015625 0.005030578023278753 0.005859375
0 0.2959656737029 0.88671875 0.0028605247583349774 0.001953125
0 0.21197474847109884 0.88720703125 0.0023673308344841193 0.0029296875
0 0.6663049911225094 0.8896484375 0.016374038271848492 0.0087890625
0 0.10475438942592227 0.886474609375 0.000789110278161373 0.00244140625
0 0.4544288814361807 0.8876953125 0.013809429867824028 0.0068359375
0 0.42986782402840795 0.8857421875 0.001578220556322746 0.0029296875
0 0.18095285066087985 0.886962890625 0.0038469126060366936 0.00537109375
0 0.1509666600907477 0.88623046875 0.00483330045373841 0.0048828125
0 0.11156046557506412 0.885009765625 0.0011836654172420597 0.00244140625
0 0.4353422765831525 0.8857421875 0.008384296705464589 0.0048828125
0 0.23032156243835075 0.88525390625 0.0039455513908068654 0.00390625
0 0.14450581968830145 0.884033203125 0.0011836654172420597 0.00244140625
0 0.12463010455711186 0.88427734375 0.0014795817715525744 0.0029296875
0 0.23594397317025054 0.8837890625 0.003156441112645492 0.0029296875
0 0.22662260800946932 0.883056640625 0.001874136910633261 0.00244140625
0 0.14194121128427697 0.88427734375 0.002959163543105149 0.0048828125
0 0.10179522588281713 0.8857421875 0.004537384099427895 0.0078125
0 0.6906194515683567 0.884521484375 0.009173406983625962 0.00634765625
0 0.12615900572104952 0.882568359375 0.0019727756954034327 0.00244140625
0 0.13168277766817912 0.882080078125 0.0019727756954034327 0.00244140625
0 0.5979483132767804 0.8818359375 0.003156441112645492 0.0029296875
0 0.6302525152890116 0.884765625 0.015880844347997632 0.009765625
0 0.33990925231801145 0.8818359375 0.003156441112645492 0.00390625
0 0.6769086604853028 0.88232421875 0.007003353718682186 0.005859375
0 0.4067863483921878 0.880859375 0.0023673308344841193 0.0029296875
0 0.1908660485302821 0.88134765625 0.003748273821266522 0.00390625
0 0.15560268297494576 0.881591796875 0.007003353718682186 0.00439453125
0 0.5743243243243243 0.881591796875 0.009962517261787335 0.00537109375
0 0.17276583152495562 0.880615234375 0.003452357466956007 0.00439453125
0 0.709163543105149 0.8798828125 0.003452357466956007 0.00390625
0 0.2744624186230026 0.87890625 0.0016768593410929177 0.001953125
0 0.6241862300256461 0.88232421875 0.007496547642533044 0.0107421875
0 0.12408759124087591 0.877685546875 0.0017754981258630894 0.00341796875
0 0.2322943381337542 0.878662109375 0.005918327086210298 0.00732421875
0 0.10524758334977313 0.8779296875 0.006707437364371671 0.005859375
0 0.5343262971000198 0.878173828125 0.009469323337936477 0.00732421875
0 0.41872164134937856 0.876220703125 0.0019727756954034327 0.00341796875
0 0.20245610574077727 0.87646484375 0.005227855592819097 0.0048828125
0 0.09582757940422174 0.876953125 0.005227855592819097 0.005859375
0 0.15037482738212665 0.87451171875 0.0022686920497139475 0.001953125
0 0.6492404813572696 0.87548828125 0.006707437364371671 0.0048828125
0 0.1001676859341093 0.874755859375 0.002465969619254291 0.00439453125
0 0.4385480370881831 0.875244140625 0.00907476819885579 0.00634765625
0 0.7018642730321563 0.87646484375 0.011738015387650425 0.009765625
0 0.1662556717301243 0.872314453125 0.003255079897415664 0.00244140625
0 0.42819096468731505 0.874755859375 0.005523771947129611 0.00830078125
0 0.2615407378181101 0.874755859375 0.008581574275004932 0.00927734375
0 0.5958768987966069 0.871337890625 0.005523771947129611 0.00341796875
0 0.42542907871375024 0.87158203125 0.0027618859735648055 0.00390625
0 0.42232195699348984 0.873046875 0.003255079897415664 0.0068359375
0 0.2976425330439929 0.87109375 0.0016768593410929177 0.0029296875
0 0.28210692444269087 0.870849609375 0.0033537186821858355 0.00244140625
0 0.12768790688498718 0.87158203125 0.0030578023278753207 0.00390625
0 0.6052969027421582 0.871337890625 0.0030578023278753207 0.00439453125
0 0.17602091142237128 0.87109375 0.004044190175577037 0.00390625
0 0.12438350759518643 0.87060546875 0.0013809429867824028 0.0029296875
0 0.69540343262971 0.871826171875 0.00848293549023476 0.00634765625
0 0.463799565989347 0.87060546875 0.006312882225290984 0.00390625
0 0.24348984020516867 0.87548828125 0.011935292957190768 0.0146484375
0 0.35135135135135137 0.86962890625 0.0025646084040244622 0.00390625
0 0.18820280134148748 0.868896484375 0.0019727756954034327 0.00244140625
0 0.1386861313868613 0.869384765625 0.003550996251726179 0.00341796875
0 0.4474255277174985 0.869873046875 0.008285657920694417 0.00634765625
0 0.31140264351943187 0.86767578125 0.001578220556322746 0.001953125
0 0.20847307161175774 0.867919921875 0.002663247188794634 0.00244140625
0 0.5098638784770172 0.870849609375 0.012625764450581969 0.00927734375
0 0.16275399487078318 0.86767578125 0.0013809429867824028 0.0029296875
0 0.1310909449595581 0.86767578125 0.005721049516669955 0.0029296875
0 0.4529986190570132 0.870361328125 0.006214243440520813 0.00927734375
0 0.291970802919708 0.868896484375 0.005721049516669955 0.00634765625
0 0.16038666403629906 0.867919921875 0.0033537186821858355 0.00439453125
0 0.2697770763464194 0.869873046875 0.00907476819885579 0.00927734375
0 0.11501282304202012 0.866943359375 0.001578220556322746 0.00341796875
0 0.28807457092128624 0.86572265625 0.001874136910633261 0.0029296875
0 0.1783389228644703 0.865234375 0.0013809429867824028 0.001953125
0 0.15170645097652397 0.86572265625 0.004734661668968239 0.00390625
0 0.5546458867626751 0.8642578125 0.003550996251726179 0.001953125
0 0.3014401262576445 0.864990234375 0.003748273821266522 0.00341796875
0 0.2086703491812981 0.864013671875 0.001874136910633261 0.00146484375
0 0.11377983823239297 0.864501953125 0.001085026632471888 0.00244140625
0 0.11106727165121326 0.86572265625 0.0017754981258630894 0.0048828125
0 0.1842079305582955 0.86474609375 0.003255079897415664 0.005859375
0 0.12675083842967055 0.865234375 0.007891102781613731 0.0068359375
0 0.10874926020911423 0.863525390625 0.002663247188794634 0.00341796875
0 0.3281219175379759 0.864013671875 0.009962517261787335 0.00537109375
0 0.19565002959163544 0.86279296875 0.0028605247583349774 0.0029296875
0 0.17690866048530282 0.8623046875 0.0030578023278753207 0.001953125
0 0.23155454724797792 0.8642578125 0.007200631288222529 0.0068359375
0 0.4169954626159006 0.864990234375 0.005819688301440126 0.00927734375
0 0.2061550601696587 0.861572265625 0.001578220556322746 0.00244140625
0 0.17360426119550207 0.86279296875 0.0033537186821858355 0.0048828125
0 0.3007496547642533 0.861083984375 0.003550996251726179 0.00244140625
0 0.6006115604655751 0.862548828125 0.003550996251726179 0.00732421875
0 0.2444269086604853 0.8623046875 0.0072992700729927005 0.0068359375
0 0.23944565002959164 0.860107421875 0.0016768593410929177 0.00244140625
0 0.5854705070033537 0.860595703125 0.006411521010061156 0.00439453125
0 0.5365949891497337 0.861572265625 0.008680213059775104 0.00634765625
0 0.4412112842769777 0.86083984375 0.0033537186821858355 0.0048828125
0 0.4377589268100217 0.861083984375 0.003156441112645492 0.00537109375
0 0.44619254290787136 0.861328125 0.009962517261787335 0.0078125
0 0.47859538370487276 0.8583984375 0.004537384099427895 0.0029296875
0 0.6765141053462221 0.8583984375 0.005227855592819097 0.00390625
0 0.668918918918919 0.859375 0.01154073781811008 0.005859375
0 0.2572992700729927 0.857666015625 0.0022686920497139475 0.00244140625
0 0.5692937463010456 0.85791015625 0.006016965870980469 0.00390625
0 0.3167784572894062 0.857666015625 0.006016965870980469 0.00341796875
0 0.6148648648648649 0.857666015625 0.00897612941408562 0.00537109375
0 0.2497040836456895 0.8564453125 0.002465969619254291 0.0029296875
0 0.15944959558098246 0.856689453125 0.0066087985796014995 0.00341796875
0 0.13474057999605446 0.856201171875 0.0011836654172420597 0.00244140625
0 0.4443184059972381 0.85595703125 0.0014795817715525744 0.00390625
0 0.3059281909646873 0.85595703125 0.007397908857762872 0.00390625
0 0.14386466758729533 0.856201171875 0.007200631288222529 0.00537109375
0 0.21621621621621623 0.85400390625 0.0011836654172420597 0.001953125
0 0.20714144801736042 0.854248046875 0.0011836654172420597 0.00244140625
0 0.1404123101203393 0.8583984375 0.00483330045373841 0.0107421875
0 0.13745314657723418 0.854248046875 0.0012823042020122311 0.00244140625
0 0.203442493588479 0.853759765625 0.001085026632471888 0.00244140625
0 0.10914381534819491 0.853759765625 0.0008877490629315447 0.00244140625
0 0.6421384888538173 0.853759765625 0.004931939238508582 0.00341796875
0 0.31041625567173015 0.85302734375 0.003156441112645492 0.001953125
0 0.2905405405405405 0.853515625 0.002465969619254291 0.0029296875
0 0.20191359242454132 0.85302734375 0.0011836654172420597 0.001953125
0 0.6623101203393175 0.854736328125 0.011738015387650425 0.00634765625
0 0.22716512132570527 0.853271484375 0.004931939238508582 0.00341796875
0 0.43657526139277963 0.853515625 0.0025646084040244622 0.0048828125
0 0.15515880844347998 0.852294921875 0.0013809429867824028 0.00244140625
0 0.591388834089564 0.853515625 0.006016965870980469 0.005859375
0 0.43923850858157426 0.852294921875 0.0009863878477017164 0.00341796875
0 0.6543203787729335 0.855224609375 0.00424146774511738 0.01025390625
0 0.18228447425527716 0.85205078125 0.0039455513908068654 0.00390625
0 0.6144209903333991 0.8525390625 0.006312882225290984 0.005859375
0 0.13188005523771948 0.851318359375 0.002959163543105149 0.00439453125
0 0.5716117577431447 0.849609375 0.003550996251726179 0.0029296875
0 0.44456500295916357 0.851806640625 0.00966660090747682 0.00830078125
0 0.30153876504241467 0.848388671875 0.003748273821266522 0.00244140625
0 0.2562635628329059 0.84814453125 0.003550996251726179 0.0029296875
0 0.16610771355296902 0.8486328125 0.004142828960347208 0.00390625
0 0.5488261984612349 0.846923828125 0.0009863878477017164 0.00244140625
0 0.6605346222134544 0.84619140625 0.001874136910633261 0.001953125
0 0.4673012428486881 0.8466796875 0.003255079897415664 0.0029296875
0 0.6348885381732097 0.849365234375 0.015289011639376604 0.01025390625
0 0.6092424541329651 0.84619140625 0.007595186427303216 0.00390625
0 0.5871966857368317 0.849365234375 0.006312882225290984 0.01025390625
0 0.32037877293351746 0.845458984375 0.004340106529887552 0.00244140625
0 0.22026040639179326 0.845458984375 0.002170053264943776 0.00244140625
0 0.2909844150720063 0.8486328125 0.007693825212073387 0.009765625
0 0.17957190767409745 0.845947265625 0.0044387453146577235 0.00439453125
0 0.1487472874334188 0.849365234375 0.010652988755178536 0.01220703125
0 0.40639179325310715 0.844482421875 0.0061156046557506415 0.00439453125
0 0.3237324916157033 0.845458984375 0.004537384099427895 0.00634765625
0 0.23372460051292168 0.844482421875 0.006806076149141842 0.00439453125
0 0.662655356086013 0.84375 0.0019727756954034327 0.00390625
0 0.630449792858552 0.84423828125 0.006214243440520813 0.0048828125
0 0.4328763069638982 0.8427734375 0.0016768593410929177 0.001953125
0 0.20640165713158415 0.843017578125 0.002663247188794634 0.00341796875
0 0.16704478200828565 0.842529296875 0.002465969619254291 0.00244140625
0 0.5630301834681397 0.84228515625 0.003748273821266522 0.0029296875
0 0.31855395541526926 0.84228515625 0.0028605247583349774 0.0029296875
0 0.12389031367133557 0.84375 0.004931939238508582 0.005859375
0 0.6759222726376011 0.84716796875 0.015683566778457288 0.013671875
0 0.3319688301440126 0.842529296875 0.006411521010061156 0.00439453125
0 0.24782994673505623 0.841552734375 0.001085026632471888 0.00244140625
0 0.22346616689682383 0.8427734375 0.0036496350364963502 0.0048828125
0 0.5992306174787927 0.84228515625 0.006707437364371671 0.0048828125
0 0.3267902939435786 0.841552734375 0.004142828960347208 0.00341796875
0 0.2033438548037088 0.84228515625 0.003255079897415664 0.0048828125
0 0.13853817320970604 0.841552734375 0.0038469126060366936 0.00341796875
0 0.6575261392779641 0.841552734375 0.004340106529887552 0.00439453125
0 0.4239001775498126 0.841552734375 0.0038469126060366936 0.00439453125
0 0.29783981061353326 0.84033203125 0.002071414480173604 0.001953125
0 0.709163543105149 0.84033203125 0.00483330045373841 0.0029296875
0 0.2707634641941211 0.841552734375 0.007496547642533044 0.00537109375
0 0.16058394160583941 0.839599609375 0.001578220556322746 0.00244140625
0 0.15663839021503256 0.83984375 0.002170053264943776 0.0029296875
0 0.6723219569934898 0.83935546875 0.0051292168080489245 0.0029296875
0 0.19303610179522587 0.840576171875 0.0039455513908068654 0.00537109375
0 0.17276583152495562 0.839599609375 0.00542513316235944 0.00341796875
0 0.16285263365555336 0.839111328125 0.0019727756954034327 0.00244140625
0 0.10204182284474256 0.84130859375 0.004044190175577037 0.0068359375
0 0.4399289800749655 0.841796875 0.014795817715525744 0.009765625
0 0.32131584138883407 0.838623046875 0.0028605247583349774 0.00341796875
0 0.6659597553758138 0.83935546875 0.006411521010061156 0.005859375
0 0.1853422765831525 0.837890625 0.004142828960347208 0.0048828125
0 0.6509666600907477 0.839111328125 0.00897612941408562 0.00830078125
0 0.5751134346024857 0.8369140625 0.00542513316235944 0.00390625
0 0.20802919708029197 0.837890625 0.004537384099427895 0.005859375
0 0.46513118958374433 0.836181640625 0.0028605247583349774 0.00439453125
0 0.3494772144407181 0.837158203125 0.012231209311501283 0.00634765625
0 0.3381830735845334 0.836181640625 0.0038469126060366936 0.00439453125
0 0.2033438548037088 0.835693359375 0.004636022884198066 0.00341796875
0 0.12172026040639179 0.837890625 0.004142828960347208 0.0078125
0 0.1981159992108897 0.8369140625 0.00542513316235944 0.0068359375
0 0.6764647859538371 0.835693359375 0.004734661668968239 0.00537109375
0 0.6208818307358454 0.833984375 0.005227855592819097 0.0029296875
0 0.594791872164135 0.8359375 0.010455711185638194 0.0068359375
0 0.09893470112448215 0.836669921875 0.005721049516669955 0.00830078125
0 0.671828763069639 0.833984375 0.004142828960347208 0.00390625
0 0.5491714342079306 0.833984375 0.0066087985796014995 0.00390625
0 0.16882028013414874 0.833251953125 0.0016768593410929177 0.00244140625
0 0.4308048924837246 0.83349609375 0.0036496350364963502 0.0048828125
0 0.29542316038666405 0.831787109375 0.0027618859735648055 0.00244140625
0 0.17168080489248372 0.832275390625 0.003452357466956007 0.00341796875
0 0.11003156441112645 0.83251953125 0.0030578023278753207 0.00390625
0 0.3358650621424344 0.831298828125 0.0013809429867824028 0.00244140625
0 0.23490826593016373 0.83251953125 0.008384296705464589 0.0048828125
0 0.17967054645886762 0.8330078125 0.005819688301440126 0.005859375
0 0.7136516078121917 0.832275390625 0.008285657920694417 0.00537109375
0 0.4248865653975143 0.831787109375 0.007595186427303216 0.00439453125
0 0.3039554152692839 0.83056640625 0.002071414480173604 0.001953125
0 0.6353817320970606 0.834716796875 0.011146182679029394 0.01123046875
0 0.5868514499901362 0.830322265625 0.0030578023278753207 0.00244140625
0 0.2266719274018544 0.830078125 0.003156441112645492 0.0029296875
0 0.14347011244821464 0.83349609375 0.006016965870980469 0.009765625
0 0.7003846912606037 0.829345703125 0.0030578023278753207 0.00244140625
0 0.44846123495758533 0.8310546875 0.004044190175577037 0.005859375
0 0.433912014203985 0.829833984375 0.0025646084040244622 0.00341796875
0 0.19545275202209508 0.82958984375 0.0012823042020122311 0.0029296875
0 0.17685934109291773 0.829345703125 0.0017754981258630894 0.00244140625
0 0.6927401854409153 0.829833984375 0.00848293549023476 0.00439453125
0 0.6215229828368515 0.82861328125 0.0019727756954034327 0.001953125
0 0.6046557506411521 0.82958984375 0.005918327086210298 0.00390625
0 0.44032353521404616 0.830078125 0.0039455513908068654 0.0048828125
0 0.3223515486289209 0.829345703125 0.004931939238508582 0.00341796875
0 0.20600710199250344 0.82861328125 0.001874136910633261 0.0029296875
0 0.4508285657920694 0.827880859375 0.0006904714933912014 0.00244140625
0 0.21059380548431644 0.82666015625 0.0023673308344841193 0.001953125
0 0.10485302821069245 0.83056640625 0.005326494377589268 0.009765625
0 0.7142434405208128 0.826416015625 0.0023673308344841193 0.00244140625
0 0.45832511343460247 0.826416015625 0.0016768593410929177 0.00244140625
0 0.1790787137502466 0.826904296875 0.001874136910633261 0.00341796875
0 0.7179423949496943 0.825927734375 0.003452357466956007 0.00244140625
0 0.5995265338331032 0.825927734375 0.001578220556322746 0.00244140625
0 0.5401459854014599 0.82666015625 0.005326494377589268 0.00390625
0 0.09069836259617281 0.826904296875 0.0028605247583349774 0.00439453125
0 0.18376405602682974 0.82568359375 0.003156441112645492 0.0029296875
0 0.17049713947524167 0.82666015625 0.0022686920497139475 0.0048828125
0 0.5122312093115012 0.8251953125 0.003550996251726179 0.0029296875
0 0.4429867824028408 0.8291015625 0.005523771947129611 0.0107421875
0 0.23239297691852437 0.825439453125 0.001578220556322746 0.00439453125
0 0.1936279345038469 0.8251953125 0.0072992700729927005 0.00390625
0 0.4214342079305583 0.82421875 0.00424146774511738 0.0029296875
0 0.4166009074768199 0.82470703125 0.00483330045373841 0.00390625
0 0.31312882225290983 0.82421875 0.0036496350364963502 0.0029296875
0 0.26662063523377394 0.82666015625 0.003550996251726179 0.0078125
0 0.5869007693825212 0.823974609375 0.003748273821266522 0.00341796875
0 0.24008680213059774 0.824951171875 0.006510159794831328 0.00537109375
0 0.47760899585717104 0.823974609375 0.006904714933912014 0.00439453125
0 0.285066087985796 0.823974609375 0.0039455513908068654 0.00439453125
0 0.5940520812783586 0.82470703125 0.007397908857762872 0.0068359375
0 0.5783191951075163 0.823486328125 0.004340106529887552 0.00439453125
0 0.1762675083842967 0.823486328125 0.002170053264943776 0.00439453125
0 0.5287038863681199 0.822509765625 0.0061156046557506415 0.00341796875
0 0.5608601302031959 0.822265625 0.005721049516669955 0.00390625
0 0.17197672124679425 0.8212890625 0.001085026632471888 0.001953125
0 0.4660189386466759 0.822021484375 0.0014795817715525744 0.00439453125
0 0.518396133359637 0.82080078125 0.00424146774511738 0.0029296875
0 0.42991714342079307 0.82080078125 0.0028605247583349774 0.0029296875
0 0.3223515486289209 0.821044921875 0.003156441112645492 0.00341796875
0 0.13681199447622805 0.826171875 0.006510159794831328 0.0146484375
0 0.09158611165910437 0.8203125 0.0036496350364963502 0.0029296875
0 0.20082856579206945 0.8203125 0.003748273821266522 0.00390625
0 0.11664036299072796 0.820068359375 0.0012823042020122311 0.00341796875
0 0.09918129808640758 0.821044921875 0.003255079897415664 0.00537109375
0 0.43549023476030774 0.819091796875 0.003156441112645492 0.00244140625
0 0.1843065693430657 0.8193359375 0.001085026632471888 0.0029296875
0 0.6027816137305189 0.8173828125 0.0019727756954034327 0.001953125
0 0.46330637206549613 0.81884765625 0.002959163543105149 0.0048828125
0 0.2560169658709805 0.817626953125 0.004044190175577037 0.00244140625
0 0.23737423554941803 0.81689453125 0.001874136910633261 0.001953125
0 0.6087492602091142 0.8193359375 0.006806076149141842 0.0078125
0 0.23249161570329455 0.81884765625 0.007101992503452358 0.0068359375
0 0.22854606431248767 0.81884765625 0.005326494377589268 0.0068359375
0 0.7295324521601894 0.818603515625 0.009469323337936477 0.00732421875
0 0.11234957585322548 0.818603515625 0.007496547642533044 0.00732421875
0 0.10505030578023279 0.816650390625 0.005918327086210298 0.00341796875
0 0.6245314657723416 0.8193359375 0.010948905109489052 0.009765625
0 0.19584730716117577 0.818115234375 0.005819688301440126 0.00732421875
0 0.47583349773130795 0.81640625 0.007496547642533044 0.0048828125
0 0.18716709410140067 0.815185546875 0.001085026632471888 0.00244140625
0 0.4391891891891892 0.814453125 0.0008877490629315447 0.001953125
0 0.23406983625961728 0.814697265625 0.0013809429867824028 0.00244140625
0 0.09148747287433419 0.81494140625 0.0036496350364963502 0.0029296875
0 0.17444269086604852 0.81494140625 0.002465969619254291 0.00390625
0 0.6588577628723614 0.8154296875 0.0066087985796014995 0.005859375
0 0.6159992108897219 0.815673828125 0.006904714933912014 0.00634765625
0 0.1843065693430657 0.813720703125 0.002071414480173604 0.00244140625
0 0.4578812389031367 0.813720703125 0.004537384099427895 0.00341796875
0 0.15491221148155454 0.8154296875 0.004636022884198066 0.0068359375
0 0.532156243835076 0.8154296875 0.010061156046557506 0.0078125
0 0.16226080094693232 0.8125 0.0009863878477017164 0.001953125
0 0.642533043992898 0.812744140625 0.003156441112645492 0.00341796875
0 0.24427895048333004 0.812255859375 0.0028605247583349774 0.00341796875
0 0.22701716314855 0.812255859375 0.001085026632471888 0.00341796875
0 0.09612349575853225 0.814208984375 0.005622410731899783 0.00732421875
0 0.20763464194121128 0.8115234375 0.001578220556322746 0.00390625
0 0.1589564016571316 0.811767578125 0.0038469126060366936 0.00439453125
0 0.19910238705859143 0.810302734375 0.001874136910633261 0.00244140625
0 0.1703491812980864 0.810546875 0.0023673308344841193 0.0029296875
0 0.43376405602682977 0.809814453125 0.0012823042020122311 0.00244140625
0 0.21848490826593017 0.810546875 0.004537384099427895 0.00390625
0 0.1648747287433419 0.812255859375 0.0030578023278753207 0.00732421875
0 0.5418228447425528 0.811767578125 0.013020319589662656 0.00732421875
0 0.5226869204971395 0.810302734375 0.0025646084040244622 0.00439453125
0 0.3164332215427106 0.80908203125 0.0051292168080489245 0.0029296875
0 0.3081475636220162 0.80859375 0.0023673308344841193 0.001953125
0 0.32970013809429866 0.809326171875 0.005227855592819097 0.00439453125
0 0.30513908068652595 0.80810546875 0.0008877490629315447 0.001953125
0 0.6111165910435984 0.808837890625 0.008384296705464589 0.00439453125
0 0.6495363977115802 0.80859375 0.00966660090747682 0.0048828125
0 0.5566679818504636 0.807861328125 0.00483330045373841 0.00341796875
0 0.1004636022884198 0.807861328125 0.0022686920497139475 0.00341796875
0 0.09622213454330243 0.807373046875 0.001085026632471888 0.00244140625
0 0.3217103965279148 0.8076171875 0.005030578023278753 0.00390625
0 0.6273919905306766 0.806884765625 0.005227855592819097 0.00341796875
0 0.2839810613533241 0.807373046875 0.0025646084040244622 0.00439453125
0 0.23342868415861118 0.80615234375 0.0014795817715525744 0.001953125
0 0.10366936279345039 0.80712890625 0.003550996251726179 0.00390625
0 0.6197474847109884 0.807861328125 0.008877490629315447 0.00634765625
0 0.6023870585914382 0.80712890625 0.005721049516669955 0.0048828125
0 0.35583941605839414 0.80615234375 0.002663247188794634 0.0029296875
0 0.523574669560071 0.80615234375 0.004142828960347208 0.00390625
0 0.16083053856776486 0.805908203125 0.005030578023278753 0.00341796875
0 0.1550601696587098 0.805908203125 0.004931939238508582 0.00341796875
0 0.431594002761886 0.806884765625 0.002663247188794634 0.00830078125
0 0.2664233576642336 0.804443359375 0.003156441112645492 0.00341796875
0 0.18277766817912802 0.8046875 0.0013809429867824028 0.00390625
0 0.12739199053067665 0.80419921875 0.0028605247583349774 0.0029296875
0 0.2991714342079306 0.803466796875 0.000789110278161373 0.00244140625
0 0.31687709607417636 0.80322265625 0.005819688301440126 0.0029296875
0 0.2222331820871967 0.8037109375 0.002959163543105149 0.00390625
0 0.6116097849674492 0.80322265625 0.0030578023278753207 0.00390625
0 0.42459064904320376 0.803955078125 0.007595186427303216 0.00537109375
0 0.27895048333004535 0.802978515625 0.006510159794831328 0.00341796875
0 0.6353324127046754 0.80322265625 0.008877490629315447 0.0048828125
0 0.5398500690471494 0.803955078125 0.005523771947129611 0.00634765625
0 0.3102189781021898 0.802001953125 0.0023673308344841193 0.00244140625
0 0.49467350562241075 0.803466796875 0.009469323337936477 0.00634765625
0 0.10919313474058 0.80224609375 0.004142828960347208 0.00390625
0 0.5392089169461433 0.800048828125 0.0016768593410929177 0.00146484375
0 0.39411126454922074 0.80224609375 0.008384296705464589 0.005859375
0 0.3003550996251726 0.80029296875 0.0011836654172420597 0.001953125
0 0.28713750246596964 0.80078125 0.0025646084040244622 0.0029296875
0 0.2090155849279937 0.800537109375 0.0017754981258630894 0.00244140625
0 0.6016472677056619 0.80078125 0.007397908857762872 0.00390625
0 0.448263957388045 0.800048828125 0.001085026632471888 0.00244140625
0 0.44486091931347405 0.800048828125 0.004142828960347208 0.00244140625
0 0.21375024659696193 0.8017578125 0.004142828960347208 0.005859375
0 0.18800552377194713 0.800048828125 0.0027618859735648055 0.00244140625
0 0.17232195699348984 0.802001953125 0.006707437364371671 0.00634765625
0 0.625271256658118 0.801025390625 0.004142828960347208 0.00537109375
0 0.17547839810613533 0.7998046875 0.0013809429867824028 0.0029296875
0 0.5911422371276386 0.799072265625 0.0027618859735648055 0.00244140625
0 0.09089564016571317 0.799560546875 0.003452357466956007 0.00341796875
0 0.4123101203393174 0.799560546875 0.007891102781613731 0.00439453125
0 0.3313769974353916 0.798828125 0.005227855592819097 0.0029296875
0 0.43687117774709017 0.80029296875 0.009863878477017163 0.0068359375
0 0.3224501874136911 0.7998046875 0.005523771947129611 0.005859375
0 0.29399289800749656 0.79833984375 0.0030578023278753207 0.0029296875
0 0.2378181100808838 0.7978515625 0.0023673308344841193 0.001953125
0 0.5328467153284672 0.79833984375 0.002170053264943776 0.00390625
0 0.4784967449201026 0.80029296875 0.010258433616097849 0.0078125
0 0.2639080686525942 0.79833984375 0.004636022884198066 0.00390625
0 0.6139277964095482 0.796875 0.004340106529887552 0.0029296875
0 0.40387650424146776 0.797607421875 0.007200631288222529 0.00537109375
0 0.31026829749457485 0.7958984375 0.002071414480173604 0.001953125
0 0.17819096468731505 0.796142578125 0.00424146774511738 0.00244140625
0 0.32659301637403826 0.796875 0.002959163543105149 0.0048828125
0 0.2093115012823042 0.795654296875 0.0019727756954034327 0.00244140625
0 0.11106727165121326 0.797119140625 0.007693825212073387 0.00732421875
0 0.2514302623791675 0.795166015625 0.004931939238508582 0.00439453125
0 0.18766028802525153 0.794921875 0.002465969619254291 0.00390625
0 0.4686821858354705 0.79443359375 0.0028605247583349774 0.00390625
0 0.19732688893272834 0.795654296875 0.009962517261787335 0.00634765625
0 0.21192542907871376 0.7939453125 0.002663247188794634 0.00390625
0 0.5340303807457092 0.79296875 0.0025646084040244622 0.00390625
0 0.49911225093706846 0.79296875 0.006707437364371671 0.00390625
0 0.203442493588479 0.792724609375 0.00424146774511738 0.00341796875
0 0.31806076149141843 0.792724609375 0.0030578023278753207 0.00537109375
0 0.3146577234168475 0.791015625 0.0033537186821858355 0.0029296875
0 0.7159696192542908 0.790771484375 0.004636022884198066 0.00341796875
0 0.3005030578023279 0.7900390625 0.0012823042020122311 0.001953125
0 0.26726178733478 0.791748046875 0.00542513316235944 0.00537109375
0 0.19160583941605838 0.79052734375 0.0022686920497139475 0.00390625
0 0.24733675281120537 0.789306640625 0.0016768593410929177 0.00244140625
0 0.2228250147958177 0.79150390625 0.007693825212073387 0.0068359375
0 0.2002860524758335 0.78857421875 0.0012823042020122311 0.001953125
0 0.4480666798185046 0.790771484375 0.0044387453146577235 0.00732421875
0 0.26302031958966265 0.7880859375 0.003452357466956007 0.0029296875
0 0.6244821463799566 0.78857421875 0.0039455513908068654 0.0048828125
0 0.6292661274413099 0.786865234375 0.003452357466956007 0.00244140625
0 0.19007693825212074 0.786376953125 0.0039455513908068654 0.00244140625
0 0.41906687709607415 0.785888671875 0.00424146774511738 0.00244140625
0 0.17952258828171236 0.78857421875 0.0051292168080489245 0.0078125
0 0.506312882225291 0.785888671875 0.006904714933912014 0.00439453125
0 0.48791674886565395 0.78564453125 0.005030578023278753 0.00390625
0 0.21966857368317222 0.785400390625 0.006510159794831328 0.00537109375
0 0.22711580193332018 0.783447265625 0.001874136910633261 0.00244140625
0 0.4960544486091931 0.784423828125 0.010455711185638194 0.00537109375
0 0.20260406391793254 0.78369140625 0.0027618859735648055 0.00390625
0 0.6349378575655948 0.782470703125 0.001578220556322746 0.00244140625
0 0.48288617084237523 0.782470703125 0.0016768593410929177 0.00244140625
0 0.22376208325113434 0.783447265625 0.004636022884198066 0.00439453125
0 0.4728743341882028 0.782958984375 0.006510159794831328 0.00439453125
0 0.6679325310712172 0.781982421875 0.004636022884198066 0.00341796875
0 0.20502071414480175 0.78125 0.0016768593410929177 0.001953125
0 0.31914578812389033 0.78125 0.005030578023278753 0.0029296875
0 0.4797297297297297 0.780517578125 0.0014795817715525744 0.00244140625
0 0.2514302623791675 0.78125 0.005721049516669955 0.00390625
0 0.257447228250148 0.7802734375 0.004142828960347208 0.0029296875
0 0.6447524166502269 0.77978515625 0.0036496350364963502 0.0029296875
0 0.33117971986585126 0.778564453125 0.001085026632471888 0.00244140625
0 0.20186427303215623 0.778564453125 0.0022686920497139475 0.00244140625
0 0.719520615506017 0.778076171875 0.004636022884198066 0.00244140625
0 0.5079897415663839 0.7783203125 0.004931939238508582 0.0029296875
0 0.3205267311106727 0.77734375 0.0014795817715525744 0.001953125
0 0.1982146379956599 0.7802734375 0.00424146774511738 0.0078125
0 0.3282205563227461 0.777099609375 0.003452357466956007 0.00341796875
0 0.3236338528309331 0.77685546875 0.004340106529887552 0.00390625
0 0.24709015584927993 0.77587890625 0.0017754981258630894 0.001953125
0 0.2645985401459854 0.777587890625 0.007595186427303216 0.00634765625
0 0.2403333990925232 0.7763671875 0.0022686920497139475 0.0048828125
0 0.4621227066482541 0.774658203125 0.0013809429867824028 0.00244140625
0 0.29300651015979484 0.77490234375 0.003255079897415664 0.0029296875
0 0.2339711974748471 0.7802734375 0.004734661668968239 0.013671875
0 0.6245314657723416 0.773681640625 0.0016768593410929177 0.00244140625
0 0.4737127638587493 0.7744140625 0.0077924639968435586 0.00390625
0 0.504044190175577 0.773681640625 0.004142828960347208 0.00341796875
0 0.23771947129611362 0.773193359375 0.003748273821266522 0.00244140625
0 0.22331820871966857 0.77392578125 0.003550996251726179 0.00390625
0 0.21932333793647663 0.77294921875 0.001085026632471888 0.001953125
0 0.4579798776879069 0.77294921875 0.004734661668968239 0.0029296875
0 0.21498323140658906 0.773193359375 0.0028605247583349774 0.00341796875
0 0.48831130400473466 0.771728515625 0.001874136910633261 0.00244140625
0 0.2455119352929572 0.771484375 0.0027618859735648055 0.001953125
0 0.36284276977707636 0.772216796875 0.006016965870980469 0.00439453125
0 0.3468139672519235 0.772705078125 0.007496547642533044 0.00537109375
0 0.728743341882028 0.77099609375 0.0033537186821858355 0.0029296875
0 0.6333103176168869 0.771728515625 0.0077924639968435586 0.00439453125
0 0.2928092325902545 0.77001953125 0.0016768593410929177 0.001953125
0 0.7027520220950878 0.770751953125 0.007989741566383901 0.00537109375
0 0.6582659301637404 0.769287109375 0.005227855592819097 0.00341796875
0 0.2239593608206747 0.768798828125 0.001874136910633261 0.00244140625
0 0.5039455513908069 0.76806640625 0.0023673308344841193 0.001953125
0 0.22652396922469914 0.768310546875 0.0028605247583349774 0.00244140625
0 0.22198658512527125 0.7666015625 0.0014795817715525744 0.001953125
0 0.21848490826593017 0.767578125 0.0025646084040244622 0.00390625
0 0.6956993489840205 0.76806640625 0.00848293549023476 0.005859375
0 0.47247977904912214 0.766357421875 0.002959163543105149 0.00244140625
0 0.20566186624580785 0.765625 0.003550996251726179 0.0029296875
0 0.7085223910041428 0.76416015625 0.0033537186821858355 0.001953125
0 0.29251331623594395 0.764892578125 0.0030578023278753207 0.00341796875
0 0.3014401262576445 0.765869140625 0.005918327086210298 0.00634765625
0 0.22987768790688498 0.76318359375 0.0030578023278753207 0.0029296875
0 0.6485500098638785 0.7626953125 0.004340106529887552 0.0029296875
0 0.47223318208719667 0.761962890625 0.003452357466956007 0.00244140625
0 0.47652396922469914 0.76171875 0.003156441112645492 0.0029296875
0 0.21986585125271257 0.76220703125 0.0019727756954034327 0.00390625
0 0.20156835667784573 0.762939453125 0.004636022884198066 0.00537109375
0 0.4934405208127836 0.760986328125 0.003452357466956007 0.00244140625
0 0.6639869796804103 0.760986328125 0.0044387453146577235 0.00439453125
0 0.6227066482540935 0.760498046875 0.006904714933912014 0.00341796875
0 0.3112053659498915 0.7607421875 0.005326494377589268 0.00390625
0 0.30306766620635234 0.76025390625 0.004636022884198066 0.0029296875
0 0.34124087591240876 0.759033203125 0.0014795817715525744 0.00244140625
0 0.2882225290984415 0.759033203125 0.0019727756954034327 0.00244140625
0 0.1839613335963701 0.7587890625 0.0009863878477017164 0.001953125
0 0.18179128033142633 0.760986328125 0.005523771947129611 0.00732421875
0 0.09932925626356283 0.7587890625 0.004537384099427895 0.0029296875
0 0.19777076346419412 0.75927734375 0.0025646084040244622 0.0048828125
0 0.19170447820082856 0.761962890625 0.006411521010061156 0.01025390625
0 0.502860524758335 0.757568359375 0.003156441112645492 0.00244140625
0 0.48446439139869796 0.759765625 0.00424146774511738 0.0068359375
0 0.21813967251923455 0.7578125 0.0016768593410929177 0.0029296875
0 0.34745511935292955 0.759765625 0.006806076149141842 0.0078125
0 0.6845531663049911 0.7568359375 0.004931939238508582 0.0029296875
0 0.673012428486881 0.756591796875 0.0017754981258630894 0.00244140625
0 0.6574275004931939 0.755615234375 0.004142828960347208 0.00244140625
0 0.4964983231406589 0.75537109375 0.002465969619254291 0.001953125
0 0.6761688695995265 0.755126953125 0.004142828960347208 0.00244140625
0 0.31243835075951865 0.755859375 0.0030578023278753207 0.00390625
0 0.22800355099625172 0.755126953125 0.0012823042020122311 0.00244140625
0 0.3550009863878477 0.754638671875 0.002170053264943776 0.00244140625
0 0.3024265141053462 0.75439453125 0.0011836654172420597 0.001953125
0 0.2308147563622016 0.755859375 0.0033537186821858355 0.0048828125
0 0.10248569737620833 0.7548828125 0.001578220556322746 0.00390625
0 0.6653679226671927 0.753662109375 0.00424146774511738 0.00244140625
0 0.23771947129611362 0.75341796875 0.005326494377589268 0.00390625
0 0.11101795225882817 0.752685546875 0.002071414480173604 0.00244140625
0 0.2131584138883409 0.754150390625 0.0027618859735648055 0.00634765625
0 0.23387255869007695 0.75146484375 0.0011836654172420597 0.001953125
0 0.10598737423554942 0.751708984375 0.0022686920497139475 0.00244140625
0 0.248273821266522 0.75048828125 0.0023673308344841193 0.001953125
0 0.4988163345827579 0.749755859375 0.004142828960347208 0.00244140625
0 0.4926514105346222 0.750732421875 0.0030578023278753207 0.00439453125
0 0.3478989938843953 0.75 0.004142828960347208 0.0029296875
0 0.13523377391990532 0.750244140625 0.001578220556322746 0.00341796875
0 0.09686328664430854 0.752197265625 0.010652988755178536 0.00830078125
0 0.30859143815348195 0.750244140625 0.0036496350364963502 0.00537109375
0 0.30213059775103573 0.748779296875 0.0027618859735648055 0.00244140625
0 0.22484710988360623 0.751953125 0.004636022884198066 0.0087890625
0 0.673554941803117 0.74853515625 0.004044190175577037 0.0029296875
0 0.10297889130005919 0.74755859375 0.003550996251726179 0.0029296875
0 0.13972183862694812 0.747314453125 0.004044190175577037 0.00341796875
0 0.4194121128427698 0.7470703125 0.003550996251726179 0.0048828125
0 0.49048135726967845 0.7451171875 0.002071414480173604 0.001953125
0 0.21370092720457684 0.74560546875 0.004044190175577037 0.0048828125
0 0.17641546656145196 0.74462890625 0.002663247188794634 0.0029296875
0 0.4298185046360229 0.743896484375 0.0012823042020122311 0.00244140625
0 0.21601893864667587 0.743896484375 0.0027618859735648055 0.00244140625
0 0.25113434602485696 0.742431640625 0.002170053264943776 0.00146484375
0 0.18139672519234562 0.7421875 0.0019727756954034327 0.001953125
0 0.4732195699348984 0.74169921875 0.0014795817715525744 0.001953125
0 0.24541329650818702 0.741455078125 0.0009863878477017164 0.00244140625
0 0.1864273032156244 0.741455078125 0.0025646084040244622 0.00341796875
0 0.10406391793253107 0.741455078125 0.002959163543105149 0.00439453125
0 0.5725981455908463 0.739990234375 0.0033537186821858355 0.00244140625
0 0.30129216808048925 0.74169921875 0.0036496350364963502 0.005859375
0 0.4095975537581377 0.74072265625 0.00483330045373841 0.0048828125
0 0.21572302229236537 0.7392578125 0.001578220556322746 0.001953125
0 0.21182679029394358 0.740234375 0.005622410731899783 0.00390625
0 0.09824422963109095 0.740478515625 0.0025646084040244622 0.00439453125
0 0.4806667981850464 0.73876953125 0.001578220556322746 0.001953125
0 0.4766226080094693 0.738037109375 0.001578220556322746 0.00244140625
0 0.4231603866640363 0.73828125 0.0009863878477017164 0.0029296875
0 0.3949003748273821 0.738037109375 0.002465969619254291 0.00244140625
0 0.1908660485302821 0.73974609375 0.004734661668968239 0.005859375
0 0.4847603077530085 0.737548828125 0.002465969619254291 0.00244140625
0 0.30750641152101005 0.73681640625 0.002663247188794634 0.001953125
0 0.21394752416650226 0.73681640625 0.000789110278161373 0.001953125
0 0.33872558690076937 0.736083984375 0.003156441112645492 0.00244140625
0 0.10164726770566186 0.736083984375 0.0038469126060366936 0.00244140625
0 0.4818504636022884 0.73388671875 0.002959163543105149 0.0029296875
0 0.3108108108108108 0.73388671875 0.004340106529887552 0.0029296875
0 0.4954626159005721 0.733154296875 0.003550996251726179 0.00244140625
0 0.2350069047149339 0.73291015625 0.0016768593410929177 0.001953125
0 0.1589564016571316 0.732421875 0.0028605247583349774 0.001953125
0 0.2113829157624778 0.734375 0.0033537186821858355 0.0068359375
0 0.1784375616492405 0.73291015625 0.005523771947129611 0.00390625
0 0.10258433616097849 0.732421875 0.0025646084040244622 0.0029296875
0 0.40801933320181494 0.73193359375 0.003452357466956007 0.0029296875
0 0.30582955217991714 0.731689453125 0.0036496350364963502 0.00244140625
0 0.11017952258828172 0.7333984375 0.006510159794831328 0.005859375
0 0.22701716314855 0.73095703125 0.0022686920497139475 0.001953125
0 0.4800749654764253 0.730712890625 0.001578220556322746 0.00244140625
0 0.43410929177352536 0.731201171875 0.0027618859735648055 0.00341796875
0 0.42054645886762676 0.730224609375 0.0030578023278753207 0.00341796875
0 0.200581968830144 0.729736328125 0.0028605247583349774 0.00244140625
0 0.3317715525744723 0.7294921875 0.002465969619254291 0.0029296875
0 0.2044782008285658 0.729248046875 0.0009863878477017164 0.00244140625
0 0.2377687906884987 0.728271484375 0.0022686920497139475 0.00146484375
0 0.3139179325310712 0.728271484375 0.001874136910633261 0.00244140625
0 0.13695995265338332 0.728515625 0.0014795817715525744 0.0029296875
0 0.4148254093509568 0.727783203125 0.002071414480173604 0.00244140625
0 0.20645097652396924 0.72802734375 0.0023673308344841193 0.0029296875
0 0.43864667587295325 0.72802734375 0.005918327086210298 0.0048828125
0 0.191951075162754 0.728515625 0.0051292168080489245 0.005859375
0 0.1981159992108897 0.726318359375 0.003255079897415664 0.00244140625
0 0.4768198855790097 0.726318359375 0.003156441112645492 0.00341796875
0 0.3173209706056421 0.726318359375 0.0017754981258630894 0.00341796875
0 0.7019135924245413 0.72412109375 0.002959163543105149 0.001953125
0 0.47366344446636416 0.7275390625 0.004537384099427895 0.01171875
0 0.4294239494969422 0.723388671875 0.0014795817715525744 0.00341796875
0 0.21093904123101204 0.723876953125 0.006016965870980469 0.00439453125
0 0.4401755770368909 0.721923828125 0.002071414480173604 0.00244140625
0 0.43302426514105347 0.72265625 0.003748273821266522 0.00390625
0 0.42542907871375024 0.723388671875 0.004734661668968239 0.00537109375
0 0.3289603472085224 0.724609375 0.004340106529887552 0.0078125
0 0.32072400868021306 0.720947265625 0.003255079897415664 0.00244140625
0 0.17641546656145196 0.72021484375 0.001874136910633261 0.001953125
0 0.6737028999802722 0.71875 0.0019727756954034327 0.001953125
0 0.4377589268100217 0.71875 0.0017754981258630894 0.001953125
0 0.16605839416058393 0.719970703125 0.006214243440520813 0.00439453125
0 0.14825409350956797 0.719482421875 0.004734661668968239 0.00439453125
0 0.4725290984415072 0.71923828125 0.0022686920497139475 0.0048828125
0 0.15215032550798974 0.71826171875 0.0030578023278753207 0.0029296875
0 0.42967054645886765 0.717529296875 0.0019727756954034327 0.00244140625
0 0.16221148155454726 0.716796875 0.0008877490629315447 0.0029296875
0 0.4350956796212271 0.716796875 0.001578220556322746 0.00390625
0 0.1909153679226672 0.716552734375 0.0036496350364963502 0.00341796875
0 0.16694614322351548 0.716064453125 0.0014795817715525744 0.00244140625
0 0.11984612349575853 0.716552734375 0.003748273821266522 0.00537109375
0 0.15841388834089565 0.7158203125 0.007891102781613731 0.005859375
0 0.17153284671532848 0.71533203125 0.006312882225290984 0.0068359375
0 0.09854014598540146 0.7119140625 0.0025646084040244622 0.0029296875
0 0.20472479779049121 0.714599609375 0.00542513316235944 0.00927734375
0 0.4363779838232393 0.7109375 0.004142828960347208 0.0029296875
0 0.45220950877885185 0.7099609375 0.00483330045373841 0.0029296875
0 0.4624186230025646 0.707763671875 0.002959163543105149 0.00244140625
0 0.14993095285066088 0.71044921875 0.0061156046557506415 0.0078125
0 0.15446833695008877 0.70751953125 0.0027618859735648055 0.0029296875
0 0.32950286052475836 0.705810546875 0.001874136910633261 0.00341796875
0 0.11797198658512527 0.70556640625 0.0017754981258630894 0.0029296875
0 0.48273821266522 0.705322265625 0.005721049516669955 0.00341796875
0 0.32141448017360424 0.70556640625 0.004044190175577037 0.00390625
0 0.31184651805089764 0.70458984375 0.0008877490629315447 0.001953125
0 0.13725586900769382 0.703857421875 0.0028605247583349774 0.00341796875
0 0.29769185243637797 0.703857421875 0.0033537186821858355 0.00439453125
0 0.3004044190175577 0.70263671875 0.001874136910633261 0.0029296875
0 0.17503452357466956 0.700927734375 0.0012823042020122311 0.00244140625
0 0.4370684553166305 0.700439453125 0.000789110278161373 0.00244140625
0 0.1678832116788321 0.700927734375 0.0019727756954034327 0.00439453125
0 0.1706450976523969 0.69970703125 0.0019727756954034327 0.0029296875
0 0.1648747287433419 0.700439453125 0.004044190175577037 0.00439453125
0 0.13340895640165712 0.698974609375 0.0012823042020122311 0.00244140625
0 0.1387354507792464 0.698486328125 0.00424146774511738 0.00341796875
0 0.1849970408364569 0.69921875 0.004044190175577037 0.005859375
0 0.3177648451371079 0.6982421875 0.002465969619254291 0.005859375
0 0.145985401459854 0.697021484375 0.0023673308344841193 0.00341796875
0 0.18864667587295325 0.6982421875 0.0028605247583349774 0.0068359375
0 0.19703097257841784 0.6982421875 0.003452357466956007 0.0078125
0 0.12418623002564608 0.696533203125 0.003156441112645492 0.00537109375
0 0.10080883803511541 0.697998046875 0.009272045768396133 0.00830078125
0 0.2141941211284277 0.6943359375 0.0012823042020122311 0.001953125
0 0.18440520812783587 0.694580078125 0.0022686920497139475 0.00244140625
0 0.13049911225093708 0.69482421875 0.0023673308344841193 0.00390625
0 0.12744130992306174 0.693603515625 0.0011836654172420597 0.00244140625
0 0.13469126060366937 0.69482421875 0.0036496350364963502 0.0087890625
0 0.14337147366344447 0.69189453125 0.0030578023278753207 0.005859375
0 0.31663049911225094 0.68896484375 0.0009863878477017164 0.001953125
0 0.18647662260800946 0.689208984375 0.001874136910633261 0.00244140625
0 0.1589564016571316 0.690673828125 0.001874136910633261 0.00537109375
0 0.18203787729335175 0.689453125 0.0038469126060366936 0.00390625
0 0.13942592227263761 0.69140625 0.004636022884198066 0.0078125
0 0.11915565200236733 0.692626953125 0.004537384099427895 0.01025390625
0 0.33364568948510553 0.689208984375 0.003452357466956007 0.00537109375
0 0.24176366147169068 0.68701171875 0.000789110278161373 0.001953125
0 0.1636910633260998 0.691650390625 0.008778851844545275 0.01123046875
0 0.235056224107319 0.686279296875 0.001578220556322746 0.00244140625
0 0.2255869007693825 0.685546875 0.0009863878477017164 0.001953125
0 0.49921088972183864 0.68603515625 0.007496547642533044 0.00390625
0 0.32047741171828764 0.685791015625 0.0011836654172420597 0.00341796875
0 0.21720260406391792 0.6865234375 0.002170053264943776 0.0048828125
0 0.20423160386664035 0.6875 0.004044190175577037 0.009765625
0 0.16354310514894457 0.68310546875 0.004537384099427895 0.0029296875
0 0.1456401657131584 0.684326171875 0.003452357466956007 0.00634765625
0 0.16640362990727955 0.68212890625 0.0019727756954034327 0.0029296875
0 0.3086900769382521 0.683349609375 0.00483330045373841 0.00634765625
0 0.18277766817912802 0.6826171875 0.004734661668968239 0.0078125
0 0.2072400868021306 0.681640625 0.003550996251726179 0.0068359375
0 0.17552771749852042 0.68212890625 0.009173406983625962 0.0078125
0 0.15989347011244823 0.679931640625 0.004340106529887552 0.00439453125
0 0.15515880844347998 0.67919921875 0.0011836654172420597 0.0029296875
0 0.21547642533043992 0.678466796875 0.002071414480173604 0.00244140625
0 0.17508384296705465 0.67822265625 0.0009863878477017164 0.001953125
0 0.19520615506016967 0.67529296875 0.001578220556322746 0.001953125
0 0.18830144012625766 0.677001953125 0.0023673308344841193 0.00537109375
0 0.2009765239692247 0.67431640625 0.001085026632471888 0.0029296875
0 0.2072400868021306 0.673583984375 0.0025646084040244622 0.00244140625
0 0.20936082067468928 0.65673828125 0.004044190175577037 0.0029296875
0 0.6443578615111462 0.651611328125 0.0012823042020122311 0.00439453125
0 0.5007397908857762 0.6494140625 0.003255079897415664 0.001953125
