0 0.5534129019530479 0.9990234375 0.0030578023278753207 0.001953125
0 0.6369106332609982 0.998779296875 0.003156441112645492 0.00244140625
0 0.3944071809035313 0.99853515625 0.002071414480173604 0.0029296875
0 0.38202801341487475 0.998046875 0.003748273821266522 0.00390625
0 0.37783586506214245 0.998046875 0.0038469126060366936 0.00390625
0 0.22657328861708423 0.9970703125 0.000789110278161373 0.001953125
0 0.46330637206549613 0.997802734375 0.002959163543105149 0.00439453125
0 0.37329848096271456 0.997802734375 0.0044387453146577235 0.00439453125
0 0.6501282304202012 0.99609375 0.0017754981258630894 0.001953125
0 0.15072006312882225 0.9970703125 0.004734661668968239 0.00390625
0 0.5707733280725982 0.996337890625 0.0038469126060366936 0.00341796875
0 0.34760307753008485 0.995361328125 0.0017754981258630894 0.00244140625
0 0.39761294140856185 0.99560546875 0.003748273821266522 0.00390625
0 0.16280331426316827 0.99560546875 0.0044387453146577235 0.00390625
0 0.6677845728940619 0.994873046875 0.003550996251726179 0.00341796875
0 0.5495166699546261 0.994873046875 0.0051292168080489245 0.00341796875
0 0.23525350167685935 0.994384765625 0.001578220556322746 0.00244140625
0 0.2329848096271454 0.994140625 0.0023673308344841193 0.001953125
0 0.3515979483132768 0.994140625 0.0016768593410929177 0.0029296875
0 0.13913000591832708 0.994140625 0.002663247188794634 0.0029296875
0 0.3422272637601105 0.9931640625 0.0012823042020122311 0.001953125
0 0.22898993884395344 0.99365234375 0.002071414480173604 0.0029296875
0 0.18588478989938845 0.99365234375 0.003452357466956007 0.0029296875
0 0.12265732886170842 0.99462890625 0.0044387453146577235 0.0048828125
0 0.4378575655947919 0.995849609375 0.012231209311501283 0.00830078125
0 0.646577234168475 0.994140625 0.003550996251726179 0.005859375
0 0.27944367725389624 0.994140625 0.002170053264943776 0.0068359375
0 0.1536792266719274 0.991943359375 0.002170053264943776 0.00244140625
0 0.1470211086999408 0.992431640625 0.003452357466956007 0.00341796875
0 0.31855395541526926 0.991455078125 0.0014795817715525744 0.00244140625
0 0.42651410534622214 0.991455078125 0.0027618859735648055 0.00341796875
0 0.36328664430854213 0.9931640625 0.003550996251726179 0.0068359375
0 0.3776385874926021 0.991455078125 0.002071414480173604 0.00439453125
0 0.5381238903136714 0.99072265625 0.002663247188794634 0.00390625
0 0.15609587689879661 0.989990234375 0.001874136910633261 0.00244140625
0 0.12122706648254093 0.99072265625 0.004537384099427895 0.00390625
0 0.5278654566975735 0.9892578125 0.004636022884198066 0.0029296875
0 0.09513710791083053 0.98974609375 0.0038469126060366936 0.00390625
0 0.3798086407575459 0.9892578125 0.002071414480173604 0.0048828125
0 0.22997632669165516 0.98828125 0.0036496350364963502 0.0029296875
0 0.22716512132570527 0.9873046875 0.0009863878477017164 0.001953125
0 0.22292365358058788 0.98779296875 0.0019727756954034327 0.0029296875
0 0.3963799565989347 0.98779296875 0.001874136910633261 0.0048828125
0 0.32457092128624976 0.9873046875 0.005030578023278753 0.00390625
0 0.15935095679621228 0.986572265625 0.0008877490629315447 0.00244140625
0 0.6723219569934898 0.986572265625 0.004931939238508582 0.00341796875
0 0.29705070033537184 0.986572265625 0.002465969619254291 0.00341796875
0 0.16216216216216217 0.98828125 0.007101992503452358 0.0068359375
0 0.15639179325310712 0.98583984375 0.0016768593410929177 0.001953125
0 0.7010751627539948 0.986083984375 0.00542513316235944 0.00341796875
0 0.5346222134543303 0.986328125 0.004931939238508582 0.00390625
0 0.2917242059577826 0.986083984375 0.002071414480173604 0.00341796875
0 0.14351943184059973 0.986328125 0.005326494377589268 0.00390625
0 0.2896034720852239 0.985107421875 0.0009863878477017164 0.00244140625
0 0.23461234957585322 0.985107421875 0.0012823042020122311 0.00244140625
0 0.15076938252120733 0.985595703125 0.0038469126060366936 0.00341796875
0 0.31376997435391596 0.9853515625 0.006312882225290984 0.00390625
0 0.28536200434010656 0.990478515625 0.007891102781613731 0.01416015625
0 0.45571118563819296 0.98828125 0.012823042020122312 0.0107421875
0 0.3849871769579799 0.98486328125 0.0019727756954034327 0.00390625
0 0.1617182876306964 0.983642578125 0.0012823042020122311 0.00244140625
0 0.681594002761886 0.984130859375 0.005918327086210298 0.00439453125
0 0.28536200434010656 0.983154296875 0.0009863878477017164 0.00244140625
0 0.2019629118169264 0.983642578125 0.005030578023278753 0.00341796875
0 0.09937857565594792 0.983642578125 0.003255079897415664 0.00341796875
0 0.09227658315249557 0.9833984375 0.002071414480173604 0.0029296875
0 0.5031564411126455 0.9833984375 0.002959163543105149 0.00390625
0 0.3176662063523377 0.98291015625 0.0014795817715525744 0.0029296875
0 0.22992700729927007 0.98388671875 0.006707437364371671 0.0048828125
0 0.5065594791872164 0.981201171875 0.0022686920497139475 0.00244140625
0 0.40875912408759124 0.982666015625 0.0061156046557506415 0.00537109375
0 0.29803708818307356 0.98193359375 0.003452357466956007 0.00390625
0 0.16640362990727955 0.98095703125 0.0011836654172420597 0.001953125
0 0.2872361412507398 0.983154296875 0.0025646084040244622 0.00732421875
0 0.14899388439534425 0.981201171875 0.005819688301440126 0.00439453125
0 0.702258828171237 0.98046875 0.0038469126060366936 0.00390625
0 0.5443381337541922 0.9794921875 0.0016768593410929177 0.001953125
0 0.3835569145788124 0.9794921875 0.005227855592819097 0.0029296875
0 0.36634444663641746 0.98095703125 0.0019727756954034327 0.005859375
0 0.379907279542316 0.97900390625 0.0016768593410929177 0.0029296875
0 0.28186032748076545 0.9794921875 0.0038469126060366936 0.00390625
0 0.13222529098441507 0.97900390625 0.0014795817715525744 0.0029296875
0 0.17893075557309135 0.978515625 0.0033537186821858355 0.0029296875
0 0.6606825803906096 0.97802734375 0.0039455513908068654 0.0029296875
0 0.29611363188005524 0.97705078125 0.0011836654172420597 0.001953125
0 0.17414677451173802 0.978271484375 0.003255079897415664 0.00439453125
0 0.10302821069244426 0.978759765625 0.002465969619254291 0.00537109375
0 0.24141842572499506 0.9775390625 0.0077924639968435586 0.00390625
0 0.15974551193529296 0.976806640625 0.003452357466956007 0.00244140625
0 0.3090353126849477 0.977294921875 0.004931939238508582 0.00439453125
0 0.2200138094298678 0.9765625 0.005622410731899783 0.0029296875
0 0.135628329058986 0.9775390625 0.004734661668968239 0.0048828125
0 0.3187512329848096 0.975830078125 0.0012823042020122311 0.00244140625
0 0.14943775892681002 0.97607421875 0.0011836654172420597 0.0029296875
0 0.1018445452752022 0.9755859375 0.0030578023278753207 0.0029296875
0 0.39687315052278554 0.975830078125 0.002663247188794634 0.00439453125
0 0.15525744722825016 0.975341796875 0.003550996251726179 0.00341796875
0 0.697129611363188 0.973876953125 0.004636022884198066 0.00341796875
0 0.6813967251923456 0.975830078125 0.0061156046557506415 0.00732421875
0 0.24230617478792663 0.9736328125 0.0030578023278753207 0.0029296875
0 0.16704478200828565 0.97509765625 0.004044190175577037 0.005859375
0 0.0949398303412902 0.9765625 0.007989741566383901 0.0087890625
0 0.47400868021305975 0.974853515625 0.005030578023278753 0.00634765625
0 0.40940027618859737 0.974609375 0.006016965870980469 0.005859375
0 0.1783882422568554 0.97314453125 0.002465969619254291 0.0029296875
0 0.3625468534227658 0.97265625 0.0008877490629315447 0.0029296875
0 0.2945354113237325 0.972412109375 0.0023673308344841193 0.00244140625
0 0.14297691852436378 0.9765625 0.00424146774511738 0.0107421875
0 0.7065989347011244 0.97216796875 0.00542513316235944 0.0029296875
0 0.31544683369500887 0.972412109375 0.0019727756954034327 0.00341796875
0 0.27322943381337544 0.972900390625 0.005721049516669955 0.00439453125
0 0.22770763464194121 0.971923828125 0.001874136910633261 0.00244140625
0 0.22326888932728348 0.97216796875 0.00424146774511738 0.0029296875
0 0.16571315841388834 0.971923828125 0.0011836654172420597 0.00244140625
0 0.6607318997829946 0.973388671875 0.007003353718682186 0.00634765625
0 0.13444466364174393 0.971923828125 0.005523771947129611 0.00341796875
0 0.1266028802525153 0.971435546875 0.002465969619254291 0.00341796875
0 0.3828171236930361 0.972412109375 0.004537384099427895 0.00634765625
0 0.31278358650621424 0.970703125 0.0009863878477017164 0.0029296875
0 0.32910830538567765 0.97216796875 0.0016768593410929177 0.0068359375
0 0.10884789899388439 0.9716796875 0.010357072400868021 0.005859375
0 0.41433221542710597 0.972412109375 0.007595186427303216 0.00830078125
0 0.3859242454132965 0.970703125 0.001874136910633261 0.0048828125
0 0.3042020122312093 0.969970703125 0.001578220556322746 0.00341796875
0 0.14657723416847504 0.971923828125 0.0025646084040244622 0.00732421875
0 0.46019925034523573 0.97119140625 0.011935292957190768 0.0068359375
0 0.40555336358256067 0.969482421875 0.002071414480173604 0.00439453125
0 0.536249753403038 0.969482421875 0.007003353718682186 0.00537109375
0 0.17552771749852042 0.96875 0.0016768593410929177 0.00390625
0 0.39376602880252515 0.967041015625 0.004734661668968239 0.00244140625
0 0.22228250147958178 0.967041015625 0.0014795817715525744 0.00244140625
0 0.1877589268100217 0.970458984375 0.00897612941408562 0.00927734375
0 0.14174393371473665 0.96728515625 0.0025646084040244622 0.00390625
0 0.6683270862102979 0.9677734375 0.007595186427303216 0.005859375
0 0.23964292759913197 0.969482421875 0.005227855592819097 0.00927734375
0 0.1567863483921878 0.967529296875 0.002465969619254291 0.00537109375
0 0.10786151114618268 0.966064453125 0.0038469126060366936 0.00244140625
0 0.5423160386664037 0.965576171875 0.002170053264943776 0.00244140625
0 0.30928190964687313 0.966796875 0.002071414480173604 0.0048828125
0 0.17054645886762676 0.96728515625 0.0061156046557506415 0.005859375
0 0.21330637206549616 0.96533203125 0.0030578023278753207 0.0029296875
0 0.7029986190570132 0.965576171875 0.006312882225290984 0.00439453125
0 0.28181100808838033 0.965576171875 0.0033537186821858355 0.00439453125
0 0.2180903531268495 0.96826171875 0.007693825212073387 0.009765625
0 0.1582166107713553 0.96435546875 0.000789110278161373 0.001953125
0 0.1383902150325508 0.96533203125 0.003156441112645492 0.00390625
0 0.3349279936871178 0.964111328125 0.0008877490629315447 0.00244140625
0 0.10440915367922667 0.96484375 0.002663247188794634 0.00390625
0 0.36846518050897614 0.963623046875 0.0006904714933912014 0.00244140625
0 0.4167488656539751 0.964111328125 0.006312882225290984 0.00537109375
0 0.3704379562043796 0.96435546875 0.0028605247583349774 0.005859375
0 0.2242552771749852 0.963134765625 0.003452357466956007 0.00341796875
0 0.11521010061156046 0.963623046875 0.004931939238508582 0.00439453125
0 0.3960347208522391 0.964111328125 0.006510159794831328 0.00634765625
0 0.509765239692247 0.9619140625 0.003748273821266522 0.0029296875
0 0.42651410534622214 0.96240234375 0.0027618859735648055 0.00390625
0 0.2990234760307753 0.96142578125 0.0014795817715525744 0.001953125
0 0.10228841980666799 0.962646484375 0.0027618859735648055 0.00439453125
0 0.4642434405208128 0.963134765625 0.006411521010061156 0.00634765625
0 0.39869796804103375 0.961181640625 0.000789110278161373 0.00244140625
0 0.2819096468731505 0.96142578125 0.0017754981258630894 0.0029296875
0 0.1417932531071217 0.9619140625 0.002663247188794634 0.00390625
0 0.16531860327480766 0.96142578125 0.0013809429867824028 0.00390625
0 0.18632866443085422 0.960205078125 0.0039455513908068654 0.00341796875
0 0.2677056618662458 0.96337890625 0.006510159794831328 0.0107421875
0 0.12818110080883804 0.9599609375 0.0028605247583349774 0.00390625
0 0.6518544091536792 0.958740234375 0.004044190175577037 0.00244140625
0 0.23796606825803907 0.958984375 0.002663247188794634 0.0029296875
0 0.17192740185440916 0.96044921875 0.006904714933912014 0.005859375
0 0.10939041231012034 0.960693359375 0.004734661668968239 0.00634765625
0 0.4117182876306964 0.958984375 0.0033537186821858355 0.00390625
0 0.3039060958768988 0.9580078125 0.0009863878477017164 0.001953125
0 0.5442394949694219 0.958740234375 0.0036496350364963502 0.00439453125
0 0.4174886565397514 0.957763671875 0.0030578023278753207 0.00244140625
0 0.20324521601893863 0.958251953125 0.005030578023278753 0.00341796875
0 0.14647859538370486 0.957763671875 0.0013809429867824028 0.00244140625
0 0.32240086802130596 0.9580078125 0.002465969619254291 0.00390625
0 0.16211284276977708 0.957763671875 0.002071414480173604 0.00341796875
0 0.4899388439534425 0.95703125 0.0033537186821858355 0.0029296875
0 0.16418425724995067 0.95654296875 0.0008877490629315447 0.001953125
0 0.2816630499112251 0.95654296875 0.0016768593410929177 0.0029296875
0 0.13464194121128428 0.95654296875 0.0017754981258630894 0.0029296875
0 0.2117281515091734 0.95703125 0.00542513316235944 0.0048828125
0 0.19801736042611956 0.955810546875 0.003452357466956007 0.00244140625
0 0.18065693430656934 0.956787109375 0.006411521010061156 0.00537109375
0 0.3431643322154271 0.955322265625 0.0025646084040244622 0.00341796875
0 0.30508976129414084 0.955078125 0.0009863878477017164 0.0029296875
0 0.17118761096863286 0.955078125 0.001874136910633261 0.0029296875
0 0.12857565594791873 0.955322265625 0.003452357466956007 0.00341796875
0 0.09370684553166304 0.954833984375 0.0019727756954034327 0.00341796875
0 0.6432235154862892 0.954833984375 0.007101992503452358 0.00439453125
0 0.3907082264746498 0.953857421875 0.0017754981258630894 0.00244140625
0 0.2406293154468337 0.954345703125 0.004636022884198066 0.00341796875
0 0.2225290984415072 0.956787109375 0.005918327086210298 0.00830078125
0 0.1686230025646084 0.955078125 0.001874136910633261 0.0048828125
0 0.22923653580587888 0.953369140625 0.0027618859735648055 0.00244140625
0 0.47021108699940817 0.952880859375 0.002170053264943776 0.00244140625
0 0.35455711185638195 0.95263671875 0.0022686920497139475 0.0029296875
0 0.31125468534227657 0.952880859375 0.003452357466956007 0.00341796875
0 0.24985204182284473 0.95263671875 0.0033537186821858355 0.0029296875
0 0.14914184257249952 0.952392578125 0.003156441112645492 0.00244140625
0 0.48204774117182875 0.952392578125 0.002959163543105149 0.00341796875
0 0.28906095876898796 0.9521484375 0.001085026632471888 0.0029296875
0 0.2780627342671138 0.953857421875 0.0027618859735648055 0.00634765625
0 0.2256855395541527 0.95263671875 0.0027618859735648055 0.00390625
0 0.11101795225882817 0.954345703125 0.007989741566383901 0.00732421875
0 0.408611165910436 0.95166015625 0.0022686920497139475 0.0029296875
0 0.40417242059577824 0.9521484375 0.003452357466956007 0.00390625
0 0.1355790096666009 0.951904296875 0.0022686920497139475 0.00341796875
0 0.09138883408956401 0.953125 0.001874136910633261 0.005859375
0 0.39475241665022687 0.951904296875 0.0027618859735648055 0.00439453125
0 0.36871177747090156 0.95361328125 0.003156441112645492 0.0078125
0 0.4140856184651805 0.951904296875 0.003156441112645492 0.00537109375
0 0.1720260406391793 0.950439453125 0.003156441112645492 0.00244140625
0 0.09972381140264353 0.949951171875 0.0017754981258630894 0.00244140625
0 0.45941014006707437 0.949951171875 0.003255079897415664 0.00341796875
0 0.3174196093904123 0.949951171875 0.0023673308344841193 0.00341796875
0 0.2211974748471099 0.94970703125 0.002663247188794634 0.0029296875
0 0.19130992306174788 0.950439453125 0.006016965870980469 0.00439453125
0 0.3865160781219175 0.949951171875 0.0022686920497139475 0.00537109375
0 0.2688400078911028 0.948974609375 0.0022686920497139475 0.00341796875
0 0.405750641152101 0.948486328125 0.0022686920497139475 0.00341796875
0 0.21621621621621623 0.948486328125 0.0027618859735648055 0.00341796875
0 0.4655750641152101 0.948974609375 0.006312882225290984 0.00537109375
0 0.34710988360623396 0.947021484375 0.0017754981258630894 0.00244140625
0 0.24807654369698165 0.94775390625 0.007101992503452358 0.00390625
0 0.24388439534424936 0.94873046875 0.0030578023278753207 0.005859375
0 0.6866245807851648 0.94775390625 0.005918327086210298 0.005859375
0 0.6296606825803907 0.94580078125 0.002663247188794634 0.001953125
0 0.6033734464391398 0.94775390625 0.0039455513908068654 0.005859375
0 0.3508088380351154 0.947998046875 0.003255079897415664 0.00634765625
0 0.31939238508581574 0.94580078125 0.0009863878477017164 0.001953125
0 0.600512921680805 0.946533203125 0.0019727756954034327 0.00537109375
0 0.35490234760307754 0.945068359375 0.003156441112645492 0.00244140625
0 0.11160978496744921 0.94482421875 0.0016768593410929177 0.001953125
0 0.0997731307950286 0.9462890625 0.004044190175577037 0.0048828125
0 0.7035411323732491 0.945556640625 0.007200631288222529 0.00439453125
0 0.3442000394555139 0.9443359375 0.0014795817715525744 0.001953125
0 0.38996843558887356 0.94482421875 0.0028605247583349774 0.00390625
0 0.13691063326099823 0.946044921875 0.0051292168080489245 0.00634765625
0 0.1050009863878477 0.946533203125 0.0028605247583349774 0.00732421875
0 0.6561945156835668 0.944580078125 0.004044190175577037 0.00537109375
0 0.22716512132570527 0.944091796875 0.0025646084040244622 0.00439453125
0 0.20659893470112448 0.943115234375 0.00424146774511738 0.00244140625
0 0.6391793253107122 0.94189453125 0.0011836654172420597 0.001953125
0 0.40663839021503256 0.9443359375 0.004636022884198066 0.0068359375
0 0.24003748273821265 0.943603515625 0.006016965870980469 0.00537109375
0 0.18208719668573684 0.9423828125 0.003156441112645492 0.0029296875
0 0.36185638192937464 0.943115234375 0.004044190175577037 0.00537109375
0 0.6009567962122707 0.94091796875 0.0022686920497139475 0.001953125
0 0.2717005326494378 0.942626953125 0.008778851844545275 0.00537109375
0 0.1244821463799566 0.94287109375 0.005721049516669955 0.005859375
0 0.5369402248964292 0.93994140625 0.0036496350364963502 0.001953125
0 0.469520615506017 0.94189453125 0.013414874728743342 0.0068359375
0 0.12162162162162163 0.93994140625 0.000789110278161373 0.0029296875
0 0.461481554547248 0.939208984375 0.002071414480173604 0.00244140625
0 0.3087393963306372 0.939208984375 0.0017754981258630894 0.00341796875
0 0.6581179719865852 0.940673828125 0.0061156046557506415 0.00732421875
0 0.3622509370684553 0.937744140625 0.002071414480173604 0.00244140625
0 0.34725784178338925 0.937744140625 0.0014795817715525744 0.00244140625
0 0.10579009666600908 0.937744140625 0.0012823042020122311 0.00244140625
0 0.2785559281909647 0.9375 0.0019727756954034327 0.0029296875
0 0.28486881041625567 0.93701171875 0.0017754981258630894 0.0029296875
0 0.24590649043203788 0.937255859375 0.001578220556322746 0.00341796875
0 0.11466758729532452 0.940673828125 0.0077924639968435586 0.01025390625
0 0.19732688893272834 0.9375 0.005622410731899783 0.0048828125
0 0.7044288814361807 0.935302734375 0.0030578023278753207 0.00244140625
0 0.49536397711580193 0.938232421875 0.006510159794831328 0.00830078125
0 0.3315742750049319 0.935302734375 0.002465969619254291 0.00244140625
0 0.6618662458078517 0.93603515625 0.004734661668968239 0.0048828125
0 0.266078121917538 0.935546875 0.002465969619254291 0.00390625
0 0.7000887749062932 0.937744140625 0.006214243440520813 0.00927734375
0 0.6368613138686131 0.93603515625 0.00424146774511738 0.005859375
0 0.14386466758729533 0.9384765625 0.009173406983625962 0.0107421875
0 0.6876109686328664 0.936279296875 0.005523771947129611 0.00732421875
0 0.6165417242059578 0.933349609375 0.002071414480173604 0.00244140625
0 0.5887749062931544 0.933349609375 0.003156441112645492 0.00244140625
0 0.36881041625567174 0.933349609375 0.0013809429867824028 0.00244140625
0 0.4015091734069836 0.933837890625 0.003255079897415664 0.00439453125
0 0.6583152495561254 0.93359375 0.004931939238508582 0.0048828125
0 0.4060465575064115 0.93212890625 0.0022686920497139475 0.001953125
0 0.20516867232195699 0.932373046875 0.002959163543105149 0.00244140625
0 0.6261096863286645 0.931640625 0.0014795817715525744 0.001953125
0 0.25197277569540344 0.93310546875 0.0038469126060366936 0.0048828125
0 0.3043499704083646 0.93115234375 0.0008877490629315447 0.001953125
0 0.26025843361609785 0.933349609375 0.00483330045373841 0.00634765625
0 0.1417932531071217 0.932373046875 0.003452357466956007 0.00439453125
0 0.10061156046557507 0.932861328125 0.003156441112645492 0.00537109375
0 0.6397711580193332 0.930908203125 0.0033537186821858355 0.00244140625
0 0.6115604655750642 0.930908203125 0.002959163543105149 0.00244140625
0 0.5181495363977116 0.93212890625 0.006312882225290984 0.0048828125
0 0.19491023870585913 0.931396484375 0.005523771947129611 0.00439453125
0 0.1473663444466364 0.930908203125 0.0011836654172420597 0.00341796875
0 0.6673900177549813 0.93115234375 0.003156441112645492 0.0048828125
0 0.38824225685539554 0.9296875 0.0013809429867824028 0.0029296875
0 0.6301538765042415 0.929443359375 0.003452357466956007 0.00341796875
0 0.1501775498125863 0.9287109375 0.0008877490629315447 0.001953125
0 0.14490037482738213 0.928955078125 0.0019727756954034327 0.00244140625
0 0.6566383902150326 0.928466796875 0.001578220556322746 0.00244140625
0 0.48490826593016373 0.93017578125 0.008285657920694417 0.005859375
0 0.40111461826790296 0.928466796875 0.0014795817715525744 0.00244140625
0 0.5085322548826199 0.928466796875 0.0038469126060366936 0.00341796875
0 0.33127835865062144 0.927734375 0.001874136910633261 0.001953125
0 0.6636910633260998 0.928466796875 0.003452357466956007 0.00439453125
0 0.6602880252515289 0.927490234375 0.0019727756954034327 0.00244140625
0 0.636762675083843 0.927734375 0.002663247188794634 0.0029296875
0 0.531021897810219 0.927978515625 0.006016965870980469 0.00341796875
0 0.49847109883606233 0.927490234375 0.003255079897415664 0.00244140625
0 0.6316827776681792 0.9267578125 0.0013809429867824028 0.001953125
0 0.2770763464194121 0.92724609375 0.0019727756954034327 0.0029296875
0 0.6904714933912014 0.926513671875 0.003156441112645492 0.00244140625
0 0.49250345235746695 0.926513671875 0.003550996251726179 0.00341796875
0 0.47834878674294734 0.927490234375 0.00542513316235944 0.00537109375
0 0.26819885579009667 0.92724609375 0.0025646084040244622 0.0048828125
0 0.5383211678832117 0.925048828125 0.002465969619254291 0.00244140625
0 0.22173998816334584 0.927734375 0.002959163543105149 0.0078125
0 0.11437167094101401 0.929443359375 0.006016965870980469 0.01123046875
0 0.2593213651607812 0.92529296875 0.0033537186821858355 0.00390625
0 0.12808246202406787 0.927978515625 0.003452357466956007 0.00927734375
0 0.27441309923061746 0.923828125 0.002170053264943776 0.00390625
0 0.21656145196291182 0.92529296875 0.00483330045373841 0.0068359375
0 0.44875715131189586 0.923095703125 0.007003353718682186 0.00439453125
0 0.26760702308147566 0.921875 0.001578220556322746 0.001953125
0 0.11017952258828172 0.922119140625 0.0017754981258630894 0.00244140625
0 0.6595482343657526 0.922607421875 0.008778851844545275 0.00439453125
0 0.6065792069441704 0.921142578125 0.003452357466956007 0.00244140625
0 0.490234760307753 0.922119140625 0.0072992700729927005 0.00439453125
0 0.1355790096666009 0.92138671875 0.0030578023278753207 0.0029296875
0 0.6980173604261195 0.92041015625 0.003452357466956007 0.0029296875
0 0.5224403235352141 0.9228515625 0.012329848096271454 0.0078125
0 0.6462319984217795 0.91943359375 0.002071414480173604 0.001953125
0 0.28846912606036695 0.919677734375 0.004044190175577037 0.00244140625
0 0.17380153876504242 0.921142578125 0.0019727756954034327 0.00634765625
0 0.6015486289208917 0.91845703125 0.0014795817715525744 0.001953125
0 0.6791280331426317 0.920654296875 0.010061156046557506 0.00732421875
0 0.5755079897415664 0.918212890625 0.0030578023278753207 0.00244140625
0 0.4558591438153482 0.922607421875 0.006214243440520813 0.01123046875
0 0.4041231012033932 0.919189453125 0.0051292168080489245 0.00439453125
0 0.2642533043992898 0.918701171875 0.0017754981258630894 0.00341796875
0 0.2173012428486881 0.918212890625 0.0025646084040244622 0.00244140625
0 0.2044288814361807 0.91796875 0.003452357466956007 0.001953125
0 0.6675872953245217 0.91943359375 0.0061156046557506415 0.005859375
0 0.5929177352535017 0.9189453125 0.002170053264943776 0.0048828125
0 0.3567271651213257 0.91845703125 0.0038469126060366936 0.00390625
0 0.34341092917735255 0.919189453125 0.0030578023278753207 0.00537109375
0 0.33857762872361413 0.919189453125 0.006411521010061156 0.00537109375
0 0.6888439534424936 0.918212890625 0.006411521010061156 0.00439453125
0 0.5270763464194121 0.91796875 0.0044387453146577235 0.00390625
0 0.5361017952258829 0.9169921875 0.0025646084040244622 0.0029296875
0 0.2739692246991517 0.9169921875 0.001874136910633261 0.0029296875
0 0.1964884592621819 0.9169921875 0.004340106529887552 0.0029296875
0 0.5443874531465772 0.9169921875 0.005721049516669955 0.00390625
0 0.12576445058196883 0.916259765625 0.000789110278161373 0.00244140625
0 0.607466956007102 0.915771484375 0.003452357466956007 0.00244140625
0 0.4555139080686526 0.914794921875 0.0011836654172420597 0.00244140625
0 0.4100414282896035 0.916259765625 0.0019727756954034327 0.00537109375
0 0.2706155060169659 0.915283203125 0.0044387453146577235 0.00341796875
0 0.12911816926415468 0.915283203125 0.003748273821266522 0.00341796875
0 0.6525448806470704 0.9140625 0.0028605247583349774 0.001953125
0 0.628131781416453 0.916259765625 0.0039455513908068654 0.00634765625
0 0.5233280725981456 0.914794921875 0.004044190175577037 0.00341796875
0 0.4993095285066088 0.915771484375 0.006312882225290984 0.00537109375
0 0.19204971394752415 0.9140625 0.0023673308344841193 0.001953125
0 0.10914381534819491 0.914794921875 0.0022686920497139475 0.00341796875
0 0.5111955020714145 0.914306640625 0.003452357466956007 0.00439453125
0 0.39938843953442493 0.91455078125 0.003156441112645492 0.0048828125
0 0.6305977510357073 0.912841796875 0.0023673308344841193 0.00244140625
0 0.5696389820477412 0.912841796875 0.0033537186821858355 0.00244140625
0 0.5662852633655553 0.9130859375 0.002170053264943776 0.0029296875
0 0.4057999605444861 0.9140625 0.004931939238508582 0.0048828125
0 0.4521108699940817 0.912109375 0.0012823042020122311 0.001953125
0 0.436180706253699 0.913330078125 0.005721049516669955 0.00537109375
0 0.200581968830144 0.912109375 0.0038469126060366936 0.0029296875
0 0.6013020319589663 0.912353515625 0.004931939238508582 0.00439453125
0 0.44796804103373444 0.91162109375 0.002465969619254291 0.0029296875
0 0.360919313474058 0.911376953125 0.0019727756954034327 0.00244140625
0 0.33285657920694417 0.911376953125 0.0008877490629315447 0.00244140625
0 0.5437956204379562 0.91162109375 0.0033537186821858355 0.00390625
0 0.27549812586308936 0.911865234375 0.0017754981258630894 0.00439453125
0 0.6418425724995068 0.910400390625 0.0025646084040244622 0.00244140625
0 0.25271256658117974 0.911865234375 0.003748273821266522 0.00537109375
0 0.6050009863878477 0.91162109375 0.0030578023278753207 0.005859375
0 0.5949398303412902 0.9091796875 0.0016768593410929177 0.001953125
0 0.6728644703097257 0.908935546875 0.003452357466956007 0.00244140625
0 0.6463799565989347 0.90869140625 0.0019727756954034327 0.001953125
0 0.33487867429473267 0.908935546875 0.0013809429867824028 0.00244140625
0 0.44101400670743734 0.908203125 0.0017754981258630894 0.001953125
0 0.22045768396133358 0.91015625 0.004931939238508582 0.005859375
0 0.27796409548234363 0.907958984375 0.003748273821266522 0.00244140625
0 0.09696192542907871 0.91015625 0.004142828960347208 0.0068359375
0 0.6395245610574077 0.9072265625 0.0008877490629315447 0.001953125
0 0.3383310317616887 0.906982421875 0.0027618859735648055 0.00244140625
0 0.25665811797198657 0.906494140625 0.0017754981258630894 0.00244140625
0 0.18835075951864272 0.9091796875 0.012921680804892484 0.0078125
0 0.18139672519234562 0.906982421875 0.0023673308344841193 0.00341796875
0 0.5352140461629513 0.905517578125 0.001578220556322746 0.00244140625
0 0.5190866048530283 0.90576171875 0.002663247188794634 0.0029296875
0 0.25330439928980075 0.905517578125 0.004340106529887552 0.00244140625
0 0.11599921088972184 0.906982421875 0.004931939238508582 0.00537109375
0 0.6311402643519431 0.9052734375 0.0038469126060366936 0.0029296875
0 0.6039159597553758 0.905517578125 0.00483330045373841 0.00341796875
0 0.5158808443479976 0.904296875 0.0025646084040244622 0.0029296875
0 0.31110672716512133 0.904296875 0.0025646084040244622 0.0029296875
0 0.20211086999408168 0.9052734375 0.004340106529887552 0.0048828125
0 0.17715525744722824 0.90478515625 0.004537384099427895 0.00390625
0 0.6441605839416058 0.903564453125 0.003452357466956007 0.00244140625
0 0.4700138094298678 0.906005859375 0.007891102781613731 0.00732421875
0 0.44663641743933713 0.90380859375 0.001578220556322746 0.0029296875
0 0.19806667981850465 0.904296875 0.003550996251726179 0.00390625
0 0.11042611955020715 0.9033203125 0.0008877490629315447 0.001953125
0 0.10825606628526337 0.9033203125 0.0016768593410929177 0.0029296875
0 0.6509173406983626 0.90185546875 0.0019727756954034327 0.001953125
0 0.6369599526533833 0.90380859375 0.005819688301440126 0.005859375
0 0.18711777470901558 0.902099609375 0.002170053264943776 0.00244140625
0 0.13543105148944565 0.90283203125 0.0023673308344841193 0.00390625
0 0.6483527322943381 0.90283203125 0.0023673308344841193 0.0048828125
0 0.6228052870388637 0.901611328125 0.0013809429867824028 0.00244140625
0 0.34755375813769973 0.901123046875 0.0012823042020122311 0.00146484375
0 0.34434799763266916 0.90576171875 0.009272045768396133 0.0107421875
0 0.39711974748471096 0.90087890625 0.0013809429867824028 0.001953125
0 0.09750443874531466 0.90185546875 0.002663247188794634 0.00390625
0 0.39554152692838823 0.90087890625 0.001578220556322746 0.0029296875
0 0.12541921483527324 0.9013671875 0.006214243440520813 0.00390625
0 0.33655553363582563 0.89990234375 0.0011836654172420597 0.001953125
0 0.5020714144801736 0.901611328125 0.0072992700729927005 0.00634765625
0 0.6619648845926218 0.8994140625 0.004537384099427895 0.0029296875
0 0.6116097849674492 0.899169921875 0.0022686920497139475 0.00244140625
0 0.6025843361609785 0.8994140625 0.0023673308344841193 0.0029296875
0 0.45625369895442885 0.8994140625 0.003255079897415664 0.0029296875
0 0.33951469717893074 0.899169921875 0.003550996251726179 0.00244140625
0 0.33320181495363976 0.900634765625 0.0027618859735648055 0.00537109375
0 0.5250542513316236 0.898681640625 0.003550996251726179 0.00244140625
0 0.5180508976129414 0.89892578125 0.002959163543105149 0.0029296875
0 0.24792858551982638 0.899169921875 0.004044190175577037 0.00341796875
0 0.20536594989149734 0.900390625 0.0027618859735648055 0.005859375
0 0.10623397119747485 0.89892578125 0.003156441112645492 0.0029296875
0 0.5112941408561846 0.89794921875 0.0036496350364963502 0.0029296875
0 0.6245314657723416 0.897705078125 0.005227855592819097 0.00341796875
0 0.6205859143815348 0.89697265625 0.001874136910633261 0.001953125
0 0.3334977313079503 0.89697265625 0.000789110278161373 0.001953125
0 0.6501282304202012 0.896728515625 0.004931939238508582 0.00244140625
0 0.272440323535214 0.899169921875 0.004931939238508582 0.00732421875
0 0.21330637206549616 0.898681640625 0.0038469126060366936 0.00634765625
0 0.2090155849279937 0.899169921875 0.004142828960347208 0.00732421875
0 0.6159498914973367 0.8994140625 0.00542513316235944 0.0087890625
0 0.1195995265338331 0.897216796875 0.003255079897415664 0.00439453125
0 0.11412507397908858 0.8974609375 0.0025646084040244622 0.0048828125
0 0.6280824620240678 0.8955078125 0.0012823042020122311 0.001953125
0 0.46133359637009275 0.896484375 0.003156441112645492 0.00390625
0 0.10667784572894062 0.8955078125 0.002465969619254291 0.001953125
0 0.5989840205168673 0.89501953125 0.0014795817715525744 0.0029296875
0 0.6176760702308147 0.89404296875 0.0019727756954034327 0.001953125
0 0.3351745906490432 0.894287109375 0.0025646084040244622 0.00244140625
0 0.3111560465575064 0.8935546875 0.002465969619254291 0.001953125
0 0.2825014795817716 0.894287109375 0.003156441112645492 0.00341796875
0 0.2560169658709805 0.895263671875 0.0038469126060366936 0.00537109375
0 0.27071414480173606 0.89306640625 0.0014795817715525744 0.001953125
0 0.7240086802130598 0.89404296875 0.0072992700729927005 0.0068359375
0 0.6430262379167488 0.89208984375 0.002959163543105149 0.0029296875
0 0.2447228250147958 0.89306640625 0.0033537186821858355 0.0048828125
0 0.24782994673505623 0.891357421875 0.002465969619254291 0.00341796875
0 0.6340501085026633 0.8916015625 0.0051292168080489245 0.0048828125
0 0.3291576247780627 0.891845703125 0.004340106529887552 0.00537109375
0 0.12522193726573289 0.890380859375 0.0016768593410929177 0.00244140625
0 0.5953837048727559 0.8896484375 0.0017754981258630894 0.001953125
0 0.21059380548431644 0.890625 0.0017754981258630894 0.00390625
0 0.6455908463207733 0.88916015625 0.0017754981258630894 0.001953125
0 0.527618859735648 0.89111328125 0.00848293549023476 0.0068359375
0 0.5026139277964096 0.889404296875 0.006214243440520813 0.00341796875
0 0.11141250739790885 0.89013671875 0.006214243440520813 0.0048828125
0 0.3349279936871178 0.88818359375 0.0014795817715525744 0.001953125
0 0.4272045768396133 0.8876953125 0.0017754981258630894 0.001953125
0 0.41048530282106926 0.887939453125 0.001874136910633261 0.00244140625
0 0.1808048924837246 0.88818359375 0.0025646084040244622 0.0029296875
0 0.12680015782205564 0.88818359375 0.0014795817715525744 0.0029296875
0 0.6164924048135727 0.88720703125 0.0019727756954034327 0.001953125
0 0.10722035904517656 0.88818359375 0.0019727756954034327 0.00390625
0 0.6300059183270862 0.88818359375 0.002959163543105149 0.0048828125
0 0.20146971789307555 0.88818359375 0.002663247188794634 0.0048828125
0 0.6081574275004932 0.887451171875 0.0044387453146577235 0.00537109375
0 0.4405208127835865 0.88720703125 0.0033537186821858355 0.0048828125
0 0.14110278161373052 0.885986328125 0.0022686920497139475 0.00244140625
0 0.6520023673308345 0.885498046875 0.0025646084040244622 0.00244140625
0 0.5089268100217005 0.8857421875 0.005227855592819097 0.0029296875
0 0.40012823042020124 0.88720703125 0.0077924639968435586 0.005859375
0 0.2075360031564411 0.886474609375 0.0013809429867824028 0.00439453125
0 0.33162359439731703 0.885009765625 0.0013809429867824028 0.00244140625
0 0.13326099822450188 0.8857421875 0.003156441112645492 0.00390625
0 0.21064312487670153 0.884521484375 0.004044190175577037 0.00341796875
0 0.6205859143815348 0.88427734375 0.003452357466956007 0.00390625
0 0.10258433616097849 0.88330078125 0.0013809429867824028 0.001953125
0 0.11905701321759717 0.88330078125 0.0025646084040244622 0.0029296875
0 0.11481554547247978 0.885498046875 0.0019727756954034327 0.00732421875
0 0.19239494969421977 0.884765625 0.01213257052673111 0.0068359375
0 0.12246005129216808 0.883544921875 0.003452357466956007 0.00439453125
0 0.25399487078319194 0.88525390625 0.007891102781613731 0.0087890625
0 0.11304004734661668 0.8818359375 0.0013809429867824028 0.001953125
0 0.598293549023476 0.882080078125 0.0028605247583349774 0.00341796875
0 0.480469520615506 0.88134765625 0.0027618859735648055 0.0029296875
0 0.19717893075557308 0.881103515625 0.0017754981258630894 0.00439453125
0 0.19234563030183469 0.88037109375 0.002170053264943776 0.0029296875
0 0.6338035115407378 0.879638671875 0.0030578023278753207 0.00244140625
0 0.4647366344446636 0.88330078125 0.0044387453146577235 0.009765625
0 0.4446636417439337 0.879638671875 0.001578220556322746 0.00244140625
0 0.4417044782008286 0.87939453125 0.001578220556322746 0.001953125
0 0.6410534622213454 0.879150390625 0.004734661668968239 0.00244140625
0 0.5817715525744723 0.87841796875 0.0017754981258630894 0.001953125
0 0.14583744328269876 0.881103515625 0.007200631288222529 0.00732421875
0 0.610376800157822 0.878173828125 0.0027618859735648055 0.00244140625
0 0.4331722233182087 0.8779296875 0.001874136910633261 0.001953125
0 0.32698757151311897 0.8779296875 0.000789110278161373 0.001953125
0 0.2242059577826001 0.87841796875 0.004142828960347208 0.0029296875
0 0.5590846320773328 0.8779296875 0.002170053264943776 0.0029296875
0 0.1564904320378773 0.8779296875 0.001085026632471888 0.0029296875
0 0.10929177352535016 0.878662109375 0.004340106529887552 0.00439453125
0 0.5037482738212665 0.879150390625 0.004931939238508582 0.00634765625
0 0.46153087393963305 0.878173828125 0.003748273821266522 0.00439453125
0 0.12211481554547247 0.877685546875 0.0023673308344841193 0.00341796875
0 0.44801736042611956 0.87646484375 0.001578220556322746 0.001953125
0 0.12862497534030382 0.877685546875 0.004931939238508582 0.00439453125
0 0.6049516669954627 0.877685546875 0.003748273821266522 0.00537109375
0 0.4370684553166305 0.87646484375 0.0019727756954034327 0.0029296875
0 0.15481357269678436 0.876708984375 0.001874136910633261 0.00341796875
0 0.12463010455711186 0.87646484375 0.002465969619254291 0.0029296875
0 0.1773032156243835 0.878173828125 0.0066087985796014995 0.00732421875
0 0.582807259814559 0.875 0.0012823042020122311 0.001953125
0 0.5734858946537779 0.875244140625 0.0013809429867824028 0.00244140625
0 0.5560761491418426 0.875244140625 0.001874136910633261 0.00244140625
0 0.32950286052475836 0.87646484375 0.0036496350364963502 0.0048828125
0 0.2458571710396528 0.876953125 0.005622410731899783 0.005859375
0 0.19550207141448017 0.875244140625 0.003156441112645492 0.00244140625
0 0.11762675083842968 0.875244140625 0.003452357466956007 0.00244140625
0 0.4798283685144999 0.875 0.005622410731899783 0.0029296875
0 0.4391398697968041 0.874755859375 0.0023673308344841193 0.00244140625
0 0.5919806667981851 0.87451171875 0.004636022884198066 0.00390625
0 0.5639179325310713 0.8759765625 0.007496547642533044 0.0068359375
0 0.6151607812191754 0.873046875 0.001874136910633261 0.001953125
0 0.3275300848293549 0.873046875 0.0012823042020122311 0.001953125
0 0.3252120733872559 0.8740234375 0.0025646084040244622 0.00390625
0 0.24664628131781416 0.87353515625 0.001874136910633261 0.0029296875
0 0.20087788518445454 0.87451171875 0.0022686920497139475 0.0048828125
0 0.6212270664825409 0.872802734375 0.0025646084040244622 0.00244140625
0 0.42582363385283095 0.873046875 0.0023673308344841193 0.0029296875
0 0.17399881633458275 0.87451171875 0.004734661668968239 0.005859375
0 0.20768396133359637 0.872802734375 0.00483330045373841 0.00341796875
0 0.10697376208325113 0.8720703125 0.0022686920497139475 0.001953125
0 0.2499506806076149 0.87255859375 0.004537384099427895 0.0048828125
0 0.21217202604063917 0.872802734375 0.0025646084040244622 0.00537109375
0 0.13932728348786744 0.87353515625 0.008581574275004932 0.0068359375
0 0.5044880647070428 0.871337890625 0.004636022884198066 0.00341796875
0 0.5690964687315052 0.8701171875 0.001874136910633261 0.001953125
0 0.4777569540343263 0.8701171875 0.0030578023278753207 0.001953125
0 0.4565989347011245 0.872314453125 0.010061156046557506 0.00634765625
0 0.17759913197869404 0.87060546875 0.003255079897415664 0.00390625
0 0.5726474649832314 0.870849609375 0.00424146774511738 0.00537109375
0 0.43539159597553756 0.86865234375 0.0011836654172420597 0.001953125
0 0.1536792266719274 0.869873046875 0.0025646084040244622 0.00537109375
0 0.5174097455119353 0.86962890625 0.00897612941408562 0.005859375
0 0.4414578812389031 0.867919921875 0.0016768593410929177 0.00244140625
0 0.4293746301045571 0.86767578125 0.0017754981258630894 0.001953125
0 0.22317025054251333 0.870361328125 0.014697178930755573 0.00732421875
0 0.21010061156046558 0.86767578125 0.0019727756954034327 0.001953125
0 0.24265141053462222 0.86767578125 0.004537384099427895 0.0029296875
0 0.44318405997238114 0.86669921875 0.0017754981258630894 0.001953125
0 0.19712961136318802 0.868408203125 0.003452357466956007 0.00537109375
0 0.6025843361609785 0.86572265625 0.001578220556322746 0.001953125
0 0.5633260998224502 0.867431640625 0.0033537186821858355 0.00537109375
0 0.3202308147563622 0.866943359375 0.007397908857762872 0.00439453125
0 0.2055139080686526 0.865966796875 0.0022686920497139475 0.00244140625
0 0.1056914578812389 0.865966796875 0.001085026632471888 0.00244140625
0 0.49861905701321757 0.86572265625 0.002959163543105149 0.0029296875
0 0.21330637206549616 0.866455078125 0.0030578023278753207 0.00439453125
0 0.20191359242454132 0.865966796875 0.0039455513908068654 0.00341796875
0 0.13750246596961926 0.86572265625 0.001578220556322746 0.0029296875
0 0.1575261392779641 0.8681640625 0.0051292168080489245 0.0087890625
0 0.4295719076740975 0.864013671875 0.0025646084040244622 0.00341796875
0 0.1933813375419215 0.864013671875 0.0030578023278753207 0.00341796875
0 0.18830144012625766 0.8642578125 0.0051292168080489245 0.00390625
0 0.1755770368909055 0.86376953125 0.0013809429867824028 0.0029296875
0 0.5978496744920102 0.863525390625 0.002959163543105149 0.00341796875
0 0.23180114420990333 0.864013671875 0.0027618859735648055 0.00439453125
0 0.1728644703097258 0.86474609375 0.0036496350364963502 0.005859375
0 0.16719274018544092 0.863525390625 0.0017754981258630894 0.00341796875
0 0.5690964687315052 0.862548828125 0.002465969619254291 0.00244140625
0 0.5372854606431249 0.862548828125 0.0017754981258630894 0.00244140625
0 0.469520615506017 0.864013671875 0.005523771947129611 0.00537109375
0 0.6302031958966265 0.86181640625 0.0013809429867824028 0.001953125
0 0.5893667390017755 0.862060546875 0.0023673308344841193 0.00244140625
0 0.24506806076149143 0.86279296875 0.005030578023278753 0.00390625
0 0.5657427500493194 0.861572265625 0.002071414480173604 0.00244140625
0 0.19742552771749852 0.861328125 0.0036496350364963502 0.001953125
0 0.14420990333399092 0.861572265625 0.0027618859735648055 0.00244140625
0 0.20659893470112448 0.861572265625 0.0022686920497139475 0.00341796875
0 0.1770566186624581 0.860595703125 0.0017754981258630894 0.00244140625
0 0.11915565200236733 0.861083984375 0.0013809429867824028 0.00341796875
0 0.5619451568356678 0.8603515625 0.002959163543105149 0.0029296875
0 0.5109489051094891 0.862060546875 0.004734661668968239 0.00634765625
0 0.2263760110475439 0.859619140625 0.0011836654172420597 0.00146484375
0 0.18435588873545078 0.8603515625 0.0025646084040244622 0.0029296875
0 0.20068060761491419 0.85986328125 0.0016768593410929177 0.0029296875
0 0.13617084237522195 0.85986328125 0.0016768593410929177 0.0029296875
0 0.6160485302821069 0.85888671875 0.001874136910633261 0.001953125
0 0.5576543696981653 0.859130859375 0.002071414480173604 0.00244140625
0 0.13301440126257644 0.859130859375 0.0028605247583349774 0.00244140625
0 0.43874531465772343 0.85888671875 0.0023673308344841193 0.0029296875
0 0.31278358650621424 0.85888671875 0.003550996251726179 0.0029296875
0 0.1678832116788321 0.858642578125 0.0027618859735648055 0.00244140625
0 0.11599921088972184 0.859375 0.0025646084040244622 0.00390625
0 0.5735352140461629 0.858154296875 0.002465969619254291 0.00244140625
0 0.2249950680607615 0.85791015625 0.0011836654172420597 0.001953125
0 0.19806667981850465 0.85791015625 0.0017754981258630894 0.001953125
0 0.4565002959163543 0.860107421875 0.004537384099427895 0.00732421875
0 0.4453047938449398 0.857421875 0.002071414480173604 0.001953125
0 0.12043795620437957 0.858154296875 0.003156441112645492 0.00439453125
0 0.4426908660485303 0.856689453125 0.003156441112645492 0.00244140625
0 0.17301242848688103 0.85791015625 0.005326494377589268 0.0048828125
0 0.47963109094495954 0.857666015625 0.007200631288222529 0.00634765625
0 0.11604853028210692 0.85595703125 0.00483330045373841 0.0029296875
0 0.5702801341487473 0.8544921875 0.0014795817715525744 0.001953125
0 0.5410830538567765 0.854736328125 0.002663247188794634 0.00244140625
0 0.44777076346419414 0.8544921875 0.0016768593410929177 0.001953125
0 0.5851252712566581 0.85400390625 0.0027618859735648055 0.001953125
0 0.23559873742355494 0.855712890625 0.009962517261787335 0.00537109375
0 0.5898599329256263 0.854736328125 0.004931939238508582 0.00439453125
0 0.5355099625172618 0.857421875 0.007891102781613731 0.01171875
0 0.32008285657920693 0.853271484375 0.0019727756954034327 0.00341796875
0 0.20492207536003157 0.85302734375 0.005819688301440126 0.0029296875
0 0.32383113040047345 0.85205078125 0.0017754981258630894 0.001953125
0 0.5652495561254686 0.8515625 0.002663247188794634 0.001953125
0 0.2461530873939633 0.853271484375 0.0022686920497139475 0.00537109375
0 0.5421187610968633 0.8515625 0.0023673308344841193 0.0029296875
0 0.5244130992306175 0.8544921875 0.006411521010061156 0.0087890625
0 0.4645393568751233 0.851806640625 0.005227855592819097 0.00341796875
0 0.31761688695995266 0.85107421875 0.002959163543105149 0.001953125
0 0.5584434799763267 0.8505859375 0.0044387453146577235 0.00390625
0 0.514894456500296 0.849609375 0.0017754981258630894 0.001953125
0 0.43968238311304003 0.849365234375 0.001085026632471888 0.00146484375
0 0.3132767804300651 0.850830078125 0.003550996251726179 0.00439453125
0 0.24265141053462222 0.850830078125 0.0033537186821858355 0.00537109375
0 0.652890116393766 0.8486328125 0.002170053264943776 0.001953125
0 0.4829354902347603 0.851806640625 0.006904714933912014 0.00830078125
0 0.5520319589662656 0.849609375 0.008778851844545275 0.0048828125
0 0.5451765634247386 0.8486328125 0.0017754981258630894 0.0029296875
0 0.232195699348984 0.847900390625 0.0013809429867824028 0.00146484375
0 0.5359045176563425 0.84765625 0.003156441112645492 0.0029296875
0 0.3267902939435786 0.84716796875 0.0009863878477017164 0.001953125
0 0.44140856184651805 0.846923828125 0.0039455513908068654 0.00244140625
0 0.5845334385480371 0.84619140625 0.001578220556322746 0.001953125
0 0.558048924837246 0.846923828125 0.002071414480173604 0.00341796875
0 0.12492602091142237 0.84716796875 0.005819688301440126 0.005859375
0 0.24383507595186427 0.844970703125 0.0023673308344841193 0.00244140625
0 0.20319589662655357 0.846435546875 0.0039455513908068654 0.00537109375
0 0.5413296508187019 0.84521484375 0.003156441112645492 0.00390625
0 0.1978694022489643 0.845703125 0.0027618859735648055 0.0048828125
0 0.20842375221937265 0.84521484375 0.003550996251726179 0.0048828125
0 0.37744130992306174 0.84326171875 0.0016768593410929177 0.001953125
0 0.6386368119944762 0.8427734375 0.001874136910633261 0.001953125
0 0.5749161570329454 0.843017578125 0.0022686920497139475 0.00244140625
0 0.21759715920299863 0.8427734375 0.002959163543105149 0.0029296875
0 0.43386269481159995 0.841796875 0.0012823042020122311 0.001953125
0 0.3797593213651608 0.841796875 0.0013809429867824028 0.001953125
0 0.12541921483527324 0.842041015625 0.001085026632471888 0.00244140625
0 0.5280134148747287 0.841552734375 0.0033537186821858355 0.00244140625
0 0.17552771749852042 0.847412109375 0.00483330045373841 0.01416015625
0 0.65515880844348 0.841064453125 0.001578220556322746 0.00244140625
0 0.19717893075557308 0.8408203125 0.0019727756954034327 0.001953125
0 0.5594298678240284 0.840576171875 0.0014795817715525744 0.00244140625
0 0.5121818899191162 0.842041015625 0.00976523969224699 0.00537109375
0 0.5464588676267509 0.84130859375 0.009469323337936477 0.0048828125
0 0.310909449595581 0.840576171875 0.0025646084040244622 0.00341796875
0 0.23461234957585322 0.83984375 0.0012823042020122311 0.001953125
0 0.43662458078516475 0.838623046875 0.0014795817715525744 0.00244140625
0 0.2169560071019925 0.839111328125 0.005030578023278753 0.00341796875
0 0.19022489642927598 0.83837890625 0.0012823042020122311 0.001953125
0 0.25507989741566384 0.838134765625 0.0023673308344841193 0.00244140625
0 0.1939731702505425 0.83984375 0.0038469126060366936 0.005859375
0 0.25942000394555137 0.8369140625 0.001578220556322746 0.001953125
0 0.24881633458275795 0.84033203125 0.0038469126060366936 0.0087890625
0 0.5788617084237522 0.836669921875 0.001874136910633261 0.00244140625
0 0.47223318208719667 0.836669921875 0.00483330045373841 0.00244140625
0 0.5518840007891103 0.8359375 0.0019727756954034327 0.001953125
0 0.23559873742355494 0.836181640625 0.0014795817715525744 0.00244140625
0 0.20773328072598146 0.83740234375 0.0039455513908068654 0.0048828125
0 0.48362596172815153 0.8349609375 0.0023673308344841193 0.001953125
0 0.5317616886959953 0.83544921875 0.0033537186821858355 0.00390625
0 0.5236239889524561 0.8349609375 0.0022686920497139475 0.0029296875
0 0.1978694022489643 0.83447265625 0.001578220556322746 0.001953125
0 0.1770566186624581 0.836181640625 0.003748273821266522 0.00537109375
0 0.4356875123298481 0.8349609375 0.002959163543105149 0.00390625
0 0.37670151903728544 0.83349609375 0.001578220556322746 0.001953125
0 0.3804991122509371 0.834716796875 0.00542513316235944 0.00537109375
0 0.217251923456303 0.834228515625 0.005030578023278753 0.00439453125
0 0.4482146379956599 0.832763671875 0.001578220556322746 0.00244140625
0 0.22060564213848885 0.833251953125 0.001874136910633261 0.00341796875
0 0.31544683369500887 0.832763671875 0.004537384099427895 0.00341796875
0 0.24107318997829946 0.832275390625 0.0033537186821858355 0.00341796875
0 0.24506806076149143 0.833740234375 0.007595186427303216 0.00732421875
0 0.37793450384691263 0.830078125 0.0008877490629315447 0.001953125
0 0.3727066482540935 0.83154296875 0.002071414480173604 0.0048828125
0 0.2517754981258631 0.830322265625 0.003452357466956007 0.00244140625
0 0.5491714342079306 0.8310546875 0.004636022884198066 0.0048828125
0 0.5027618859735649 0.83056640625 0.004931939238508582 0.00390625
0 0.4774117182876307 0.829833984375 0.002959163543105149 0.00244140625
0 0.4315446833695009 0.83056640625 0.0025646084040244622 0.00390625
0 0.20985401459854014 0.830322265625 0.0022686920497139475 0.00341796875
0 0.17863483921878082 0.830322265625 0.0017754981258630894 0.00341796875
0 0.5581968830144013 0.8291015625 0.0013809429867824028 0.001953125
0 0.206894851055435 0.83056640625 0.002071414480173604 0.0048828125
0 0.2319491023870586 0.831787109375 0.00542513316235944 0.00830078125
0 0.3756164924048136 0.8271484375 0.0019727756954034327 0.001953125
0 0.31307950286052477 0.827392578125 0.0025646084040244622 0.00244140625
0 0.4347504438745315 0.82666015625 0.0014795817715525744 0.001953125
0 0.37926612744130994 0.826171875 0.0011836654172420597 0.001953125
0 0.3686624580785165 0.826416015625 0.0016768593410929177 0.00244140625
0 0.21463799565989347 0.826171875 0.0023673308344841193 0.001953125
0 0.4382028013414875 0.82763671875 0.00483330045373841 0.005859375
0 0.4502367330834484 0.8251953125 0.0012823042020122311 0.001953125
0 0.6688695995265338 0.82470703125 0.002959163543105149 0.001953125
0 0.44703097257841784 0.824951171875 0.002170053264943776 0.00244140625
0 0.38311304004734664 0.82470703125 0.001578220556322746 0.001953125
0 0.1951075162753995 0.825927734375 0.0013809429867824028 0.00439453125
0 0.1881041625567173 0.823974609375 0.0011836654172420597 0.00341796875
0 0.601696587098047 0.82275390625 0.0011836654172420597 0.001953125
0 0.5849773130795028 0.82275390625 0.001874136910633261 0.001953125
0 0.4774117182876307 0.82275390625 0.004340106529887552 0.0029296875
0 0.1849970408364569 0.822509765625 0.0012823042020122311 0.00244140625
0 0.5711678832116789 0.822265625 0.004044190175577037 0.0029296875
0 0.2116788321167883 0.822998046875 0.0023673308344841193 0.00439453125
0 0.5467547839810614 0.8212890625 0.0017754981258630894 0.001953125
0 0.37749062931544686 0.8212890625 0.0011836654172420597 0.001953125
0 0.4658216610771355 0.82177734375 0.0038469126060366936 0.00390625
0 0.23495758532254882 0.821044921875 0.0011836654172420597 0.00244140625
0 0.5073979088577629 0.8232421875 0.007891102781613731 0.0087890625
0 0.3810909449595581 0.81982421875 0.0012823042020122311 0.001953125
0 0.3098737423554942 0.82080078125 0.005622410731899783 0.00390625
0 0.2765338331031762 0.81982421875 0.001874136910633261 0.0029296875
0 0.2180903531268495 0.823486328125 0.004340106529887552 0.01123046875
0 0.5439435786151114 0.818603515625 0.0022686920497139475 0.00244140625
0 0.48964292759913197 0.81884765625 0.002959163543105149 0.0029296875
0 0.3612152298283685 0.820068359375 0.007693825212073387 0.00634765625
0 0.38779838232392977 0.81787109375 0.004044190175577037 0.0029296875
0 0.36964884592621816 0.81982421875 0.0038469126060366936 0.0068359375
0 0.22469915170645097 0.8173828125 0.002170053264943776 0.001953125
0 0.20714144801736042 0.8193359375 0.0051292168080489245 0.0068359375
0 0.3920398500690471 0.817626953125 0.004636022884198066 0.00439453125
0 0.22731307950286053 0.81787109375 0.001874136910633261 0.0048828125
0 0.2545373840994279 0.81689453125 0.003255079897415664 0.00390625
0 0.5105543499704084 0.8154296875 0.002959163543105149 0.0029296875
0 0.48382323929769183 0.816650390625 0.008877490629315447 0.00537109375
0 0.3811402643519432 0.81494140625 0.0017754981258630894 0.001953125
0 0.23939633063720656 0.815185546875 0.0027618859735648055 0.00244140625
0 0.19999013612152297 0.81591796875 0.002663247188794634 0.00390625
0 0.3063720654961531 0.8154296875 0.005326494377589268 0.00390625
0 0.301736042611955 0.815185546875 0.004537384099427895 0.00341796875
0 0.20142039850069046 0.814697265625 0.0009863878477017164 0.00244140625
0 0.1798185046360229 0.819580078125 0.007101992503452358 0.01220703125
0 0.18465180508976128 0.817626953125 0.005918327086210298 0.00927734375
0 0.241960939041231 0.8134765625 0.0017754981258630894 0.0029296875
0 0.22341684750443874 0.813720703125 0.003748273821266522 0.00341796875
0 0.3616097849674492 0.8125 0.0033537186821858355 0.0029296875
0 0.3567764845137108 0.812255859375 0.0017754981258630894 0.00244140625
0 0.3870092720457684 0.81201171875 0.001874136910633261 0.0029296875
0 0.36836654172420596 0.81201171875 0.001874136910633261 0.0029296875
0 0.203442493588479 0.812255859375 0.0012823042020122311 0.00341796875
0 0.4461432235154863 0.812744140625 0.005326494377589268 0.00537109375
0 0.3901163937660288 0.811767578125 0.003748273821266522 0.00439453125
0 0.6023870585914382 0.81005859375 0.0023673308344841193 0.00390625
0 0.551094890510949 0.80859375 0.001578220556322746 0.001953125
0 0.4649832314065891 0.80859375 0.0023673308344841193 0.0029296875
0 0.44076740974551193 0.808349609375 0.0022686920497139475 0.00244140625
0 0.18736437167094103 0.80908203125 0.002465969619254291 0.00390625
0 0.5870487275596765 0.80859375 0.002465969619254291 0.00390625
0 0.543647662260801 0.808349609375 0.002465969619254291 0.00341796875
0 0.38311304004734664 0.807373046875 0.0009863878477017164 0.00146484375
0 0.24782994673505623 0.809326171875 0.003452357466956007 0.00537109375
0 0.20847307161175774 0.80859375 0.003255079897415664 0.00390625
0 0.20428092325902544 0.807861328125 0.002170053264943776 0.00244140625
0 0.5279640954823437 0.807373046875 0.0014795817715525744 0.00244140625
0 0.25700335371868216 0.807373046875 0.001085026632471888 0.00244140625
0 0.22603077530084828 0.807373046875 0.001085026632471888 0.00244140625
0 0.22326888932728348 0.808349609375 0.0022686920497139475 0.00439453125
0 0.5754093509567962 0.80810546875 0.004636022884198066 0.0048828125
0 0.358058788715723 0.807373046875 0.006312882225290984 0.00341796875
0 0.1939731702505425 0.80712890625 0.002465969619254291 0.0029296875
0 0.30607614914184256 0.806640625 0.0017754981258630894 0.0029296875
0 0.23180114420990333 0.806396484375 0.0023673308344841193 0.00244140625
0 0.37532057605050306 0.806640625 0.001578220556322746 0.00390625
0 0.36664036299072794 0.805908203125 0.004734661668968239 0.00341796875
0 0.4349477214440718 0.8046875 0.001874136910633261 0.001953125
0 0.3863681199447623 0.8046875 0.0013809429867824028 0.001953125
0 0.3733478003550996 0.8046875 0.0013809429867824028 0.001953125
0 0.2521700532649438 0.805908203125 0.0044387453146577235 0.00439453125
0 0.393124876701519 0.804931640625 0.0036496350364963502 0.00341796875
0 0.5067074373643716 0.802734375 0.0027618859735648055 0.0029296875
0 0.21227066482540935 0.802978515625 0.0011836654172420597 0.00341796875
0 0.4818504636022884 0.804443359375 0.005918327086210298 0.00732421875
0 0.351745906490432 0.8017578125 0.0013809429867824028 0.001953125
0 0.5547445255474452 0.8017578125 0.005326494377589268 0.0029296875
0 0.39702110869994084 0.801025390625 0.0025646084040244622 0.00244140625
0 0.2951272440323535 0.80078125 0.001578220556322746 0.001953125
0 0.19150720063128823 0.802734375 0.0038469126060366936 0.005859375
0 0.36698559873742354 0.80078125 0.004044190175577037 0.0029296875
0 0.17429473268889328 0.800537109375 0.0027618859735648055 0.00244140625
0 0.43692049713947523 0.800048828125 0.001874136910633261 0.00244140625
0 0.400572104951667 0.800048828125 0.003156441112645492 0.00244140625
0 0.22297297297297297 0.799560546875 0.0008877490629315447 0.00146484375
0 0.20783191951075164 0.800537109375 0.0023673308344841193 0.00341796875
0 0.3852337739199053 0.79931640625 0.001874136910633261 0.001953125
0 0.22129611363188006 0.7998046875 0.002071414480173604 0.00390625
0 0.19910238705859143 0.79931640625 0.0016768593410929177 0.0029296875
0 0.4690767409745512 0.7978515625 0.0016768593410929177 0.001953125
0 0.21690668770960742 0.7998046875 0.0017754981258630894 0.005859375
0 0.20176563424738608 0.79833984375 0.0030578023278753207 0.0029296875
0 0.5479384493983034 0.7978515625 0.0027618859735648055 0.0029296875
0 0.5752120733872559 0.79736328125 0.002465969619254291 0.0029296875
0 0.5883803511540738 0.79638671875 0.002170053264943776 0.001953125
0 0.44249358847898995 0.796630859375 0.0027618859735648055 0.00244140625
0 0.24141842572499506 0.79736328125 0.003452357466956007 0.00390625
0 0.5708226474649832 0.79833984375 0.0061156046557506415 0.0068359375
0 0.2987275596764648 0.79638671875 0.002071414480173604 0.0029296875
0 0.2176464785953837 0.7958984375 0.0006904714933912014 0.001953125
0 0.1866739001775498 0.7978515625 0.0038469126060366936 0.005859375
0 0.48900177549812585 0.797119140625 0.006806076149141842 0.00537109375
0 0.38405010850266325 0.794921875 0.0016768593410929177 0.001953125
0 0.26376011047543896 0.795166015625 0.0009863878477017164 0.00244140625
0 0.26232984809627147 0.79541015625 0.0012823042020122311 0.0029296875
0 0.2110869994081673 0.798828125 0.004142828960347208 0.009765625
0 0.2308147563622016 0.79443359375 0.0009863878477017164 0.001953125
0 0.17439337147366343 0.79443359375 0.0009863878477017164 0.001953125
0 0.5604655750641152 0.793701171875 0.000789110278161373 0.00244140625
0 0.20418228447425527 0.795654296875 0.0023673308344841193 0.00732421875
0 0.5735352140461629 0.792724609375 0.003255079897415664 0.00341796875
0 0.5387157230222923 0.79345703125 0.0022686920497139475 0.0048828125
0 0.5370881830735845 0.79248046875 0.0009863878477017164 0.0029296875
0 0.24881633458275795 0.79248046875 0.002663247188794634 0.00390625
0 0.24363779838232394 0.79150390625 0.0009863878477017164 0.001953125
0 0.5352633655553364 0.7919921875 0.002071414480173604 0.00390625
0 0.36042611955020715 0.791015625 0.0017754981258630894 0.001953125
0 0.22228250147958178 0.7919921875 0.00424146774511738 0.0048828125
0 0.43563819293746303 0.790283203125 0.002465969619254291 0.00244140625
0 0.23431643322154272 0.792236328125 0.00542513316235944 0.00634765625
0 0.3688597356480568 0.78955078125 0.0012823042020122311 0.001953125
0 0.3539652791477609 0.791748046875 0.0036496350364963502 0.00634765625
0 0.2963109094495956 0.789794921875 0.0017754981258630894 0.00244140625
0 0.21024856973762082 0.790283203125 0.0022686920497139475 0.00341796875
0 0.17952258828171236 0.791259765625 0.005523771947129611 0.00537109375
0 0.5836456894851055 0.790283203125 0.005721049516669955 0.00439453125
0 0.21340501085026634 0.789306640625 0.002663247188794634 0.00244140625
0 0.5515387650424147 0.788330078125 0.002663247188794634 0.00244140625
0 0.2441803116985599 0.78759765625 0.0008877490629315447 0.001953125
0 0.44703097257841784 0.787353515625 0.0033537186821858355 0.00244140625
0 0.24191161964884592 0.787841796875 0.002663247188794634 0.00537109375
0 0.2483231406589071 0.78564453125 0.0008877490629315447 0.001953125
0 0.39751430262379167 0.785888671875 0.0013809429867824028 0.00341796875
0 0.22188794634050107 0.78564453125 0.001085026632471888 0.0029296875
0 0.18963306372065497 0.7880859375 0.0028605247583349774 0.0078125
0 0.4366739001775498 0.787109375 0.005523771947129611 0.0068359375
0 0.2764845137107911 0.78466796875 0.0017754981258630894 0.0029296875
0 0.23278753205760505 0.784423828125 0.0009863878477017164 0.00244140625
0 0.5722529098441507 0.785400390625 0.007200631288222529 0.00537109375
0 0.3998816334582758 0.783935546875 0.0017754981258630894 0.00244140625
0 0.5858157427500493 0.78369140625 0.0013809429867824028 0.0029296875
0 0.5631781416452949 0.7880859375 0.009173406983625962 0.01171875
0 0.5768396133359637 0.783447265625 0.005918327086210298 0.00341796875
0 0.5510455711185638 0.782958984375 0.003452357466956007 0.00244140625
0 0.2510357072400868 0.78271484375 0.0009863878477017164 0.001953125
0 0.5929177352535017 0.782470703125 0.002959163543105149 0.00244140625
0 0.39578812389031365 0.7822265625 0.0012823042020122311 0.001953125
0 0.22829946735056225 0.78271484375 0.0012823042020122311 0.0029296875
0 0.19352929571907673 0.782470703125 0.002170053264943776 0.00341796875
0 0.404616295127244 0.78125 0.000789110278161373 0.001953125
0 0.29636022884198066 0.7822265625 0.003255079897415664 0.00390625
0 0.19076740974551193 0.7822265625 0.0023673308344841193 0.00390625
0 0.2941901755770369 0.78076171875 0.0008877490629315447 0.001953125
0 0.4077727362398895 0.78125 0.0051292168080489245 0.00390625
0 0.19629118169264154 0.78466796875 0.003550996251726179 0.0107421875
0 0.4392878279739594 0.780029296875 0.00542513316235944 0.00537109375
0 0.2179917143420793 0.78466796875 0.006510159794831328 0.0146484375
0 0.5880844347997632 0.778564453125 0.003550996251726179 0.00341796875
0 0.2462024067863484 0.778564453125 0.0011836654172420597 0.00341796875
0 0.5694910238705859 0.77880859375 0.006411521010061156 0.0048828125
0 0.2874334188202801 0.77734375 0.0009863878477017164 0.001953125
0 0.25088774906293154 0.77734375 0.0022686920497139475 0.001953125
0 0.21271453935687512 0.777587890625 0.001874136910633261 0.00244140625
0 0.17740185440915368 0.7802734375 0.0038469126060366936 0.009765625
0 0.40693430656934304 0.7763671875 0.002465969619254291 0.0029296875
0 0.19392385085815741 0.777099609375 0.002170053264943776 0.00439453125
0 0.20797987768790688 0.775634765625 0.001874136910633261 0.00244140625
0 0.5640165713158414 0.7763671875 0.004340106529887552 0.0048828125
0 0.5265338331031761 0.77490234375 0.0013809429867824028 0.001953125
0 0.3920398500690471 0.77490234375 0.0012823042020122311 0.001953125
0 0.1891398697968041 0.776611328125 0.002071414480173604 0.00537109375
0 0.49861905701321757 0.77490234375 0.0023673308344841193 0.0029296875
0 0.24215821661077136 0.77490234375 0.0013809429867824028 0.0029296875
0 0.20038469126060368 0.7744140625 0.0022686920497139475 0.001953125
0 0.11560465575064115 0.774658203125 0.0023673308344841193 0.00244140625
0 0.5584927993687118 0.77392578125 0.003748273821266522 0.001953125
0 0.23589465377786545 0.7744140625 0.001085026632471888 0.0029296875
0 0.19219767212467942 0.774658203125 0.0012823042020122311 0.00341796875
0 0.46971789307555734 0.773193359375 0.0011836654172420597 0.00244140625
0 0.3871079108305386 0.7724609375 0.0012823042020122311 0.001953125
0 0.2228250147958177 0.7734375 0.0017754981258630894 0.005859375
0 0.20595778260011838 0.772705078125 0.001578220556322746 0.00439453125
0 0.18095285066087985 0.771484375 0.0012823042020122311 0.001953125
0 0.19204971394752415 0.77001953125 0.0017754981258630894 0.001953125
0 0.5530183468139672 0.769775390625 0.00483330045373841 0.00244140625
0 0.5651015979483133 0.769287109375 0.002959163543105149 0.00244140625
0 0.24467350562241072 0.77099609375 0.0030578023278753207 0.005859375
0 0.5418228447425528 0.768798828125 0.001578220556322746 0.00244140625
0 0.39090550404419017 0.768310546875 0.0011836654172420597 0.00146484375
0 0.2530084829354902 0.7685546875 0.0009863878477017164 0.001953125
0 0.21887946340501085 0.77001953125 0.004734661668968239 0.0048828125
0 0.1892385085815743 0.7685546875 0.0008877490629315447 0.001953125
0 0.17222331820871967 0.769287109375 0.0017754981258630894 0.00341796875
0 0.09706056421384888 0.7685546875 0.0009863878477017164 0.001953125
0 0.23806470704280924 0.77001953125 0.002071414480173604 0.005859375
0 0.21379956598934702 0.769287109375 0.001874136910633261 0.00439453125
0 0.2106924442690866 0.77197265625 0.003748273821266522 0.009765625
0 0.18174196093904124 0.767578125 0.001085026632471888 0.001953125
0 0.2072400868021306 0.767822265625 0.0039455513908068654 0.00439453125
0 0.2962122706648254 0.767822265625 0.003550996251726179 0.00537109375
0 0.24344052081278358 0.766357421875 0.0009863878477017164 0.00244140625
0 0.40639179325310715 0.76611328125 0.0027618859735648055 0.0029296875
0 0.2458078516472677 0.76611328125 0.0019727756954034327 0.0029296875
0 0.24117182876306964 0.76611328125 0.003156441112645492 0.0029296875
0 0.5833497731307951 0.765625 0.004931939238508582 0.00390625
0 0.552327875320576 0.765625 0.005819688301440126 0.0048828125
0 0.23175182481751824 0.763916015625 0.0014795817715525744 0.00244140625
0 0.18687117774709017 0.7646484375 0.0016768593410929177 0.00390625
0 0.5454724797790491 0.763671875 0.0039455513908068654 0.0029296875
0 0.4481653186032748 0.76416015625 0.005030578023278753 0.00390625
0 0.10440915367922667 0.76318359375 0.0014795817715525744 0.0029296875
0 0.44347997632669167 0.76220703125 0.001578220556322746 0.001953125
0 0.10726967843756165 0.762451171875 0.0014795817715525744 0.00244140625
0 0.20541526928388243 0.7626953125 0.0012823042020122311 0.00390625
0 0.4076247780627343 0.76171875 0.0044387453146577235 0.0029296875
0 0.5623890313671336 0.76171875 0.00483330045373841 0.00390625
0 0.23461234957585322 0.760986328125 0.001874136910633261 0.00244140625
0 0.22800355099625172 0.760986328125 0.0008877490629315447 0.00244140625
0 0.22055632274610376 0.764404296875 0.004340106529887552 0.00927734375
0 0.2922173998816335 0.761962890625 0.002663247188794634 0.00537109375
0 0.19698165318603275 0.760498046875 0.002170053264943776 0.00244140625
0 0.5818701913592425 0.760009765625 0.0019727756954034327 0.00244140625
0 0.21054448609193135 0.76220703125 0.0030578023278753207 0.0068359375
0 0.19047149339120142 0.76123046875 0.003550996251726179 0.005859375
0 0.5691457881238903 0.76220703125 0.005721049516669955 0.009765625
0 0.36111659104359833 0.758544921875 0.002170053264943776 0.00244140625
0 0.19984217794436773 0.761474609375 0.0033537186821858355 0.00830078125
0 0.5564707042809233 0.7578125 0.0014795817715525744 0.001953125
0 0.4444170447820083 0.7578125 0.0038469126060366936 0.001953125
0 0.25157822055632273 0.7578125 0.0022686920497139475 0.0029296875
0 0.22677056618662458 0.757568359375 0.002170053264943776 0.00244140625
0 0.20783191951075164 0.757568359375 0.0013809429867824028 0.00244140625
0 0.20497139475241666 0.757568359375 0.0011836654172420597 0.00244140625
0 0.2927105938054843 0.757080078125 0.002071414480173604 0.00244140625
0 0.2755474452554745 0.757080078125 0.0022686920497139475 0.00244140625
0 0.223564805681594 0.758544921875 0.004044190175577037 0.00732421875
0 0.2375221937265733 0.756591796875 0.003550996251726179 0.00439453125
0 0.4118169264154666 0.755126953125 0.0009863878477017164 0.00244140625
0 0.40944959558098243 0.755615234375 0.003550996251726179 0.00439453125
0 0.34543302426514105 0.7568359375 0.005918327086210298 0.0068359375
0 0.3415367922667193 0.75439453125 0.0016768593410929177 0.001953125
0 0.11259617281515091 0.7548828125 0.0022686920497139475 0.0029296875
0 0.4139869796804103 0.754638671875 0.002959163543105149 0.00341796875
0 0.21848490826593017 0.75439453125 0.0013809429867824028 0.00390625
0 0.448855790096666 0.753173828125 0.0028605247583349774 0.00244140625
0 0.23357664233576642 0.7529296875 0.0009863878477017164 0.001953125
0 0.2547839810613533 0.752685546875 0.002959163543105149 0.00244140625
0 0.2033931741960939 0.7529296875 0.001578220556322746 0.0029296875
0 0.19012625764450583 0.75390625 0.002465969619254291 0.0048828125
0 0.23239297691852437 0.751953125 0.0013809429867824028 0.001953125
0 0.2593706845531663 0.75146484375 0.0038469126060366936 0.001953125
0 0.291378970211087 0.751953125 0.0027618859735648055 0.00390625
0 0.4457486683764056 0.750732421875 0.0017754981258630894 0.00244140625
0 0.24097455119352928 0.7529296875 0.004734661668968239 0.0068359375
0 0.10943973170250543 0.75048828125 0.002071414480173604 0.001953125
0 0.09927993687117774 0.751708984375 0.0028605247583349774 0.00439453125
0 0.4156638390215033 0.7509765625 0.003156441112645492 0.00390625
0 0.2508384296705465 0.75 0.0013809429867824028 0.0029296875
0 0.09612349575853225 0.75 0.001874136910633261 0.0029296875
0 0.10598737423554942 0.751220703125 0.003452357466956007 0.00634765625
0 0.412063523377392 0.75 0.001874136910633261 0.0048828125
0 0.3428684158611166 0.749755859375 0.002170053264943776 0.00439453125
0 0.23697968041033735 0.74951171875 0.002663247188794634 0.00390625
0 0.19703097257841784 0.75146484375 0.005227855592819097 0.009765625
0 0.2214933912014204 0.7470703125 0.0014795817715525744 0.001953125
0 0.294239494969422 0.748291015625 0.002959163543105149 0.00537109375
0 0.19910238705859143 0.746337890625 0.001085026632471888 0.00244140625
0 0.3463207733280726 0.745849609375 0.0023673308344841193 0.00244140625
0 0.3440520812783586 0.745849609375 0.0013809429867824028 0.00244140625
0 0.25197277569540344 0.746337890625 0.0016768593410929177 0.00341796875
0 0.2972972972972973 0.74609375 0.001578220556322746 0.00390625
0 0.22553758137699745 0.7451171875 0.0006904714933912014 0.001953125
0 0.22405799960544487 0.745361328125 0.0014795817715525744 0.00244140625
0 0.33739396330637206 0.74462890625 0.001085026632471888 0.001953125
0 0.23791674886565398 0.743896484375 0.002959163543105149 0.00244140625
0 0.5746202406786348 0.7431640625 0.002663247188794634 0.001953125
0 0.6875616492404814 0.746826171875 0.0036496350364963502 0.01123046875
0 0.23145590846320774 0.7431640625 0.002663247188794634 0.0048828125
0 0.15180508976129414 0.742431640625 0.0013809429867824028 0.00341796875
0 0.3344347997632669 0.741943359375 0.0016768593410929177 0.00439453125
0 0.4131485500098639 0.740478515625 0.001874136910633261 0.00244140625
0 0.2844249358847899 0.740966796875 0.0038469126060366936 0.00341796875
0 0.12157230222923654 0.7392578125 0.0016768593410929177 0.001953125
0 0.25049319392385083 0.73779296875 0.001085026632471888 0.001953125
0 0.18997829946735056 0.737060546875 0.000789110278161373 0.00244140625
0 0.2834878674294733 0.7353515625 0.0009863878477017164 0.001953125
0 0.32886170842375223 0.7353515625 0.0033537186821858355 0.0029296875
0 0.2357960149930953 0.73828125 0.0044387453146577235 0.0087890625
0 0.24605444860919312 0.734130859375 0.0016768593410929177 0.00146484375
0 0.26647267705661865 0.73291015625 0.001085026632471888 0.001953125
0 0.29123101203393176 0.732666015625 0.0008877490629315447 0.00244140625
0 0.2702702702702703 0.732421875 0.000789110278161373 0.001953125
0 0.1370585914381535 0.73388671875 0.002663247188794634 0.0048828125
0 0.12088183073584534 0.732666015625 0.0012823042020122311 0.00244140625
0 0.25113434602485696 0.732177734375 0.0027618859735648055 0.00244140625
0 0.12847701716314855 0.732421875 0.0028605247583349774 0.0029296875
0 0.44599526533833106 0.731689453125 0.001874136910633261 0.00244140625
0 0.33404024462418624 0.7314453125 0.001085026632471888 0.001953125
0 0.25646084040244627 0.73193359375 0.0023673308344841193 0.0029296875
0 0.33127835865062144 0.729736328125 0.0008877490629315447 0.00244140625
0 0.3284671532846715 0.7294921875 0.0025646084040244622 0.001953125
0 0.18327086210297888 0.7294921875 0.0017754981258630894 0.001953125
0 0.5556322746103768 0.72900390625 0.0011836654172420597 0.001953125
0 0.24916157032945355 0.729248046875 0.001578220556322746 0.00341796875
0 0.2340205168672322 0.72900390625 0.0008877490629315447 0.0029296875
0 0.4307555730913395 0.728271484375 0.0011836654172420597 0.00244140625
0 0.24329256263562832 0.72998046875 0.0028605247583349774 0.005859375
0 0.1509173406983626 0.728271484375 0.000789110278161373 0.00244140625
0 0.14909252318011443 0.7275390625 0.002465969619254291 0.001953125
0 0.33191951075162757 0.727294921875 0.003156441112645492 0.00244140625
0 0.2993193923850858 0.728759765625 0.007200631288222529 0.00537109375
0 0.21789307555730913 0.727294921875 0.0019727756954034327 0.00341796875
0 0.3261491418425725 0.727783203125 0.0036496350364963502 0.00537109375
0 0.4370684553166305 0.725830078125 0.003156441112645492 0.00341796875
0 0.29399289800749656 0.726318359375 0.001874136910633261 0.00439453125
0 0.23288617084237523 0.7255859375 0.0019727756954034327 0.0029296875
0 0.17330834484119156 0.72607421875 0.0019727756954034327 0.00390625
0 0.4331722233182087 0.7275390625 0.003255079897415664 0.0078125
0 0.16778457289406196 0.724609375 0.0009863878477017164 0.001953125
0 0.13804497928585518 0.72509765625 0.001085026632471888 0.0029296875
0 0.13602288419806668 0.725830078125 0.0025646084040244622 0.00439453125
0 0.2462024067863484 0.726806640625 0.0019727756954034327 0.00732421875
0 0.4262181889919116 0.72412109375 0.002959163543105149 0.0029296875
0 0.27835865062142434 0.723388671875 0.001578220556322746 0.00341796875
0 0.529887551785362 0.720703125 0.0009863878477017164 0.001953125
0 0.29705070033537184 0.721923828125 0.003452357466956007 0.00439453125
0 0.24960544486091932 0.720703125 0.001085026632471888 0.001953125
0 0.14830341290195304 0.721435546875 0.001085026632471888 0.00341796875
0 0.18213651607812192 0.72119140625 0.002071414480173604 0.00390625
0 0.24644900374827383 0.719970703125 0.0014795817715525744 0.00244140625
0 0.4456500295916354 0.71875 0.000789110278161373 0.001953125
0 0.3302919708029197 0.720947265625 0.003255079897415664 0.00634765625
0 0.16551588084434798 0.71826171875 0.0009863878477017164 0.001953125
0 0.4329256263562833 0.718994140625 0.004734661668968239 0.00439453125
0 0.29468336950088775 0.7177734375 0.001085026632471888 0.0029296875
0 0.23392187808246204 0.718505859375 0.0028605247583349774 0.00634765625
0 0.14051094890510948 0.717529296875 0.0012823042020122311 0.00439453125
0 0.3124876701519037 0.718994140625 0.0027618859735648055 0.00830078125
0 0.22331820871966857 0.717041015625 0.0017754981258630894 0.00439453125
0 0.14273032156243834 0.718505859375 0.0027618859735648055 0.00830078125
0 0.3194910238705859 0.7158203125 0.002170053264943776 0.00390625
0 0.33882422568553955 0.7138671875 0.0009863878477017164 0.0029296875
0 0.23135726967843756 0.7138671875 0.0014795817715525744 0.0029296875
0 0.2519234563030183 0.71337890625 0.0009863878477017164 0.0029296875
0 0.24709015584927993 0.713623046875 0.0019727756954034327 0.00341796875
0 0.17399881633458275 0.716796875 0.0051292168080489245 0.009765625
0 0.24176366147169068 0.715087890625 0.003748273821266522 0.00732421875
0 0.23619057013217598 0.71337890625 0.00424146774511738 0.0068359375
0 0.1617676070230815 0.7119140625 0.0013809429867824028 0.00390625
0 0.14633063720654962 0.711181640625 0.0016768593410929177 0.00537109375
0 0.15831524955612547 0.711669921875 0.003550996251726179 0.00927734375
0 0.16970802919708028 0.7099609375 0.002465969619254291 0.0068359375
0 0.1414973367528112 0.70947265625 0.003255079897415664 0.005859375
0 0.326445058196883 0.7080078125 0.0028605247583349774 0.0048828125
0 0.16571315841388834 0.706787109375 0.0011836654172420597 0.00244140625
0 0.31460840402446244 0.70654296875 0.001874136910633261 0.0029296875
0 0.16768593410929178 0.70703125 0.002170053264943776 0.00390625
0 0.231603866640363 0.707275390625 0.003156441112645492 0.00537109375
0 0.23974156638390215 0.705322265625 0.001874136910633261 0.00439453125
0 0.2486190570132176 0.70556640625 0.002663247188794634 0.005859375
0 0.33547050700335374 0.7041015625 0.0009863878477017164 0.00390625
0 0.3303906095876899 0.703369140625 0.0016768593410929177 0.00244140625
0 0.2975932136516078 0.702880859375 0.0011836654172420597 0.00244140625
0 0.13779838232392977 0.705322265625 0.0017754981258630894 0.00732421875
0 0.30296902742158216 0.702392578125 0.0008877490629315447 0.00244140625
0 0.21902742158216612 0.702392578125 0.001085026632471888 0.00244140625
0 0.17616886959952655 0.70263671875 0.0009863878477017164 0.0029296875
0 0.24422963109094495 0.704345703125 0.005326494377589268 0.00732421875
0 0.3389228644703097 0.701171875 0.0013809429867824028 0.001953125
0 0.3273821266521996 0.70166015625 0.0039455513908068654 0.00390625
0 0.22958177155257448 0.702880859375 0.0028605247583349774 0.00634765625
0 0.17015190372854608 0.701904296875 0.002170053264943776 0.00439453125
0 0.1411521010061156 0.7001953125 0.0009863878477017164 0.001953125
0 0.33236338528309334 0.7001953125 0.001085026632471888 0.0029296875
0 0.30617478792661273 0.70263671875 0.0025646084040244622 0.0078125
0 0.29640954823436577 0.69921875 0.0011836654172420597 0.0029296875
0 0.17858551982639573 0.700439453125 0.0036496350364963502 0.00634765625
0 0.3078023278753206 0.698974609375 0.001085026632471888 0.00439453125
0 0.2503945551390807 0.697021484375 0.0014795817715525744 0.00244140625
0 0.17577431446044584 0.69873046875 0.0039455513908068654 0.005859375
0 0.14282896034720852 0.697021484375 0.0011836654172420597 0.00244140625
0 0.2809232590254488 0.696533203125 0.0011836654172420597 0.00244140625
0 0.24713947524166502 0.69677734375 0.0014795817715525744 0.0048828125
0 0.2176464785953837 0.69775390625 0.002465969619254291 0.0068359375
0 0.26726178733478 0.6953125 0.001085026632471888 0.0029296875
0 0.24393371473663444 0.6962890625 0.0017754981258630894 0.0048828125
0 0.30785164726770564 0.693359375 0.0009863878477017164 0.0029296875
0 0.3088873545077925 0.692626953125 0.0008877490629315447 0.00244140625
0 0.2993193923850858 0.69580078125 0.0038469126060366936 0.0087890625
0 0.3227954231603867 0.69482421875 0.003255079897415664 0.0087890625
0 0.32698757151311897 0.6904296875 0.0019727756954034327 0.0029296875
0 0.21843558887354508 0.6904296875 0.0014795817715525744 0.00390625
0 0.1811994476228053 0.69140625 0.0023673308344841193 0.0087890625
0 0.24462418623002566 0.68798828125 0.000789110278161373 0.0029296875
0 0.3124876701519037 0.687744140625 0.0011836654172420597 0.00341796875
0 0.2945354113237325 0.68603515625 0.0013809429867824028 0.00390625
0 0.3171236930361018 0.68505859375 0.002170053264943776 0.0029296875
0 0.2517754981258631 0.684814453125 0.0006904714933912014 0.00244140625
0 0.22198658512527125 0.684814453125 0.001085026632471888 0.00244140625
0 0.31066285263365556 0.68505859375 0.0014795817715525744 0.00390625
0 0.2072894061945157 0.68994140625 0.0036496350364963502 0.0146484375
0 0.22400868021305978 0.683837890625 0.0017754981258630894 0.00341796875
0 0.21236930361017953 0.683349609375 0.0013809429867824028 0.00341796875
0 0.20669757348589465 0.683349609375 0.0008877490629315447 0.00341796875
0 0.18973170250542512 0.68798828125 0.003255079897415664 0.0126953125
0 0.2041329650818702 0.685546875 0.003452357466956007 0.009765625
0 0.31865259420003944 0.67724609375 0.001085026632471888 0.001953125
0 0.18484908265930164 0.679931640625 0.002170053264943776 0.00830078125
0 0.19436772538962319 0.67724609375 0.001085026632471888 0.00390625
0 0.2170053264943776 0.67724609375 0.0017754981258630894 0.0068359375
0 0.23387255869007695 0.674560546875 0.0013809429867824028 0.00341796875
0 0.2433418820280134 0.67236328125 0.0009863878477017164 0.0029296875
0 0.2266719274018544 0.672119140625 0.0009863878477017164 0.00341796875
0 0.23564805681594003 0.671630859375 0.0017754981258630894 0.00634765625
0 0.27633655553363584 0.669189453125 0.001874136910633261 0.00634765625
0 0.24003748273821265 0.66650390625 0.0012823042020122311 0.0048828125
