0 0.5768889327283487 0.99853515625 0.003255079897415664 0.0029296875
0 0.5687019135924245 0.998046875 0.001085026632471888 0.001953125
0 0.5808838035115408 0.998046875 0.0033537186821858355 0.00390625
0 0.17394949694219766 0.997314453125 0.0030578023278753207 0.00244140625
0 0.12823042020122313 0.99609375 0.000789110278161373 0.001953125
0 0.12487670151903729 0.9970703125 0.0017754981258630894 0.00390625
0 0.4079700138094299 0.99658203125 0.0033537186821858355 0.0048828125
0 0.3783290589859933 0.996826171875 0.009962517261787335 0.00634765625
0 0.38405010850266325 0.99365234375 0.002071414480173604 0.001953125
0 0.5757545867034918 0.993408203125 0.0013809429867824028 0.00244140625
0 0.11590057210495167 0.995849609375 0.0033537186821858355 0.00830078125
0 0.4501874136910633 0.992431640625 0.0013809429867824028 0.00244140625
0 0.4168968238311304 0.993896484375 0.001874136910633261 0.00634765625
0 0.5724995068060762 0.993896484375 0.0033537186821858355 0.00830078125
0 0.41896823831130403 0.99267578125 0.0022686920497139475 0.0068359375
0 0.5559281909646873 0.989013671875 0.003748273821266522 0.00341796875
0 0.4127539948707832 0.99365234375 0.007200631288222529 0.0126953125
0 0.38094298678240285 0.988525390625 0.001578220556322746 0.00244140625
0 0.1832215427105938 0.98974609375 0.002465969619254291 0.0048828125
0 0.18524363779838232 0.98779296875 0.0009863878477017164 0.001953125
0 0.5604162556717301 0.98681640625 0.001874136910633261 0.001953125
0 0.15703294535411325 0.9873046875 0.003156441112645492 0.00390625
0 0.09681396725192346 0.9892578125 0.005227855592819097 0.0078125
0 0.4199546261590057 0.98681640625 0.0022686920497139475 0.00390625
0 0.1508680213059775 0.98681640625 0.002465969619254291 0.00390625
0 0.19066877096074175 0.9853515625 0.0011836654172420597 0.001953125
0 0.3751232984809627 0.985107421875 0.0011836654172420597 0.00244140625
0 0.20497139475241666 0.985107421875 0.0023673308344841193 0.00244140625
0 0.21271453935687512 0.986328125 0.003452357466956007 0.005859375
0 0.5552377194712961 0.984130859375 0.0027618859735648055 0.00244140625
0 0.12009272045768396 0.9873046875 0.002663247188794634 0.009765625
0 0.21937265732886171 0.98388671875 0.0027618859735648055 0.00390625
0 0.11422371276385875 0.989990234375 0.00848293549023476 0.01611328125
0 0.12852633655553364 0.983154296875 0.0011836654172420597 0.00341796875
0 0.5812290392582363 0.98291015625 0.0036496350364963502 0.00390625
0 0.36259617281515094 0.98388671875 0.004931939238508582 0.005859375
0 0.44846123495758533 0.9814453125 0.0008877490629315447 0.001953125
0 0.5743243243243243 0.9814453125 0.00542513316235944 0.0029296875
0 0.4341586111659104 0.9833984375 0.006411521010061156 0.0068359375
0 0.10726967843756165 0.9833984375 0.00483330045373841 0.0068359375
0 0.36560465575064116 0.980224609375 0.001085026632471888 0.00146484375
0 0.20156835667784573 0.98095703125 0.0016768593410929177 0.0048828125
0 0.17340698362596174 0.980712890625 0.002170053264943776 0.00439453125
0 0.5797987768790689 0.9775390625 0.002170053264943776 0.001953125
0 0.3829157624778063 0.9775390625 0.0009863878477017164 0.001953125
0 0.36461826790293944 0.9765625 0.0012823042020122311 0.001953125
0 0.35958768987966067 0.9775390625 0.005227855592819097 0.005859375
0 0.2044288814361807 0.97607421875 0.001085026632471888 0.0029296875
0 0.36797198658512525 0.977294921875 0.003452357466956007 0.00634765625
0 0.37186821858354707 0.979248046875 0.006904714933912014 0.01123046875
0 0.14554152692838823 0.97509765625 0.005819688301440126 0.005859375
0 0.22578417833892286 0.96923828125 0.0013809429867824028 0.001953125
0 0.22765831524955613 0.968017578125 0.0011836654172420597 0.00244140625
0 0.223564805681594 0.968505859375 0.001874136910633261 0.00439453125
0 0.1412507397908858 0.968994140625 0.006904714933912014 0.00634765625
0 0.11654172420595778 0.96728515625 0.0012823042020122311 0.0029296875
0 0.3602288419806668 0.966552734375 0.001578220556322746 0.00244140625
0 0.19851055434997042 0.96630859375 0.005030578023278753 0.00390625
0 0.1731603866640363 0.967041015625 0.0030578023278753207 0.00537109375
0 0.36318800552377195 0.96435546875 0.0009863878477017164 0.001953125
0 0.3535214046162951 0.966796875 0.0023673308344841193 0.0068359375
0 0.22573485894653778 0.964599609375 0.0006904714933912014 0.00244140625
0 0.3918425724995068 0.967529296875 0.010751627539948707 0.00927734375
0 0.22035904517656343 0.96484375 0.003748273821266522 0.0048828125
0 0.2083251134346025 0.964111328125 0.0023673308344841193 0.00341796875
0 0.15589859932925626 0.96435546875 0.0012823042020122311 0.00390625
0 0.35657920694417045 0.963623046875 0.0039455513908068654 0.00439453125
0 0.12295324521601894 0.962890625 0.001085026632471888 0.0029296875
0 0.4116196488459262 0.96240234375 0.0023673308344841193 0.0029296875
0 0.2228743341882028 0.9619140625 0.0008877490629315447 0.001953125
0 0.21749852041822845 0.96240234375 0.0011836654172420597 0.0029296875
0 0.4320871966857368 0.96142578125 0.0016768593410929177 0.001953125
0 0.43440520812783584 0.963134765625 0.002959163543105149 0.00634765625
0 0.5625863089366739 0.959716796875 0.0028605247583349774 0.00244140625
0 0.14065890708226475 0.96044921875 0.008285657920694417 0.0048828125
0 0.12532057605050306 0.958984375 0.001085026632471888 0.0029296875
0 0.21118563819293745 0.9580078125 0.0011836654172420597 0.001953125
0 0.12078319195107516 0.958251953125 0.0014795817715525744 0.00537109375
0 0.562635628329059 0.9560546875 0.002170053264943776 0.001953125
0 0.5591339514697179 0.95556640625 0.001085026632471888 0.001953125
0 0.5524265141053463 0.955078125 0.001085026632471888 0.001953125
0 0.4036792266719274 0.95458984375 0.0022686920497139475 0.001953125
0 0.20625369895442888 0.95458984375 0.000789110278161373 0.001953125
0 0.19515683566778458 0.9541015625 0.0008877490629315447 0.001953125
0 0.1561451962911817 0.954833984375 0.0009863878477017164 0.00341796875
0 0.14578812389031368 0.95849609375 0.007496547642533044 0.0107421875
0 0.1887946340501085 0.95458984375 0.0013809429867824028 0.00390625
0 0.16536792266719275 0.9541015625 0.002071414480173604 0.0048828125
0 0.4085618465180509 0.953857421875 0.008285657920694417 0.00732421875
0 0.22267705661866247 0.951416015625 0.0016768593410929177 0.00244140625
0 0.17217399881633458 0.952392578125 0.0022686920497139475 0.00439453125
0 0.1085026632471888 0.951904296875 0.0013809429867824028 0.00341796875
0 0.4134937857565595 0.951171875 0.0013809429867824028 0.0029296875
0 0.5989840205168673 0.950439453125 0.0014795817715525744 0.00244140625
0 0.22588281712369304 0.950439453125 0.004142828960347208 0.00341796875
0 0.09089564016571317 0.950927734375 0.0028605247583349774 0.00439453125
0 0.36668968238311306 0.949462890625 0.0028605247583349774 0.00244140625
0 0.34780035509962515 0.94921875 0.0027618859735648055 0.001953125
0 0.22272637601104756 0.9482421875 0.0009863878477017164 0.001953125
0 0.15836456894851056 0.9482421875 0.001085026632471888 0.001953125
0 0.36831722233182085 0.94677734375 0.0009863878477017164 0.001953125
0 0.1994969421976721 0.947021484375 0.0006904714933912014 0.00244140625
0 0.5717103965279148 0.94677734375 0.0013809429867824028 0.0029296875
0 0.5937068455316631 0.94580078125 0.001578220556322746 0.001953125
0 0.14544288814361808 0.94482421875 0.0008877490629315447 0.001953125
0 0.13651607812191754 0.94580078125 0.003156441112645492 0.0068359375
0 0.3923850858157428 0.9423828125 0.0009863878477017164 0.001953125
0 0.381584138883409 0.94287109375 0.0028605247583349774 0.0029296875
0 0.18455316630499113 0.94287109375 0.0009863878477017164 0.0029296875
0 0.4514203985006905 0.942138671875 0.0006904714933912014 0.00244140625
0 0.17217399881633458 0.9423828125 0.001085026632471888 0.0029296875
0 0.3905109489051095 0.9404296875 0.0019727756954034327 0.001953125
0 0.4251331623594397 0.940185546875 0.0019727756954034327 0.00244140625
0 0.2263760110475439 0.94140625 0.003156441112645492 0.0048828125
0 0.1168376405602683 0.940185546875 0.0008877490629315447 0.00244140625
0 0.21098836062339713 0.9404296875 0.0027618859735648055 0.00390625
0 0.1906194515683567 0.93798828125 0.001085026632471888 0.001953125
0 0.22746103768001577 0.938720703125 0.0025646084040244622 0.00439453125
0 0.19900374827382128 0.93798828125 0.001874136910633261 0.0029296875
0 0.16812980864075755 0.937744140625 0.002071414480173604 0.00244140625
0 0.18687117774709017 0.93701171875 0.0012823042020122311 0.001953125
0 0.12319984217794437 0.9384765625 0.001578220556322746 0.0048828125
0 0.38266916551588087 0.935546875 0.0014795817715525744 0.001953125
0 0.14080686525942002 0.934326171875 0.0014795817715525744 0.00244140625
0 0.409794831327678 0.933837890625 0.0016768593410929177 0.00244140625
0 0.5946439139869797 0.933349609375 0.0036496350364963502 0.00439453125
0 0.4645393568751233 0.931884765625 0.0038469126060366936 0.00439453125
0 0.5509469323337937 0.9296875 0.0012823042020122311 0.001953125
0 0.15964687315052278 0.93017578125 0.003452357466956007 0.0048828125
0 0.11525942000394555 0.92919921875 0.0008877490629315447 0.0029296875
0 0.3894752416650227 0.927978515625 0.0014795817715525744 0.00146484375
0 0.22519234563030183 0.93017578125 0.004537384099427895 0.0068359375
0 0.1237916748865654 0.927978515625 0.0013809429867824028 0.00244140625
0 0.47548826198461236 0.927001953125 0.003255079897415664 0.00244140625
0 0.46118563819293745 0.927490234375 0.00542513316235944 0.00439453125
0 0.4443677253896232 0.927978515625 0.005523771947129611 0.00537109375
0 0.39578812389031365 0.9267578125 0.004044190175577037 0.0029296875
0 0.11091931347405799 0.930419921875 0.005227855592819097 0.01123046875
0 0.5504537384099428 0.92578125 0.0028605247583349774 0.0029296875
0 0.4207437364371671 0.926025390625 0.00424146774511738 0.00341796875
0 0.14065890708226475 0.926025390625 0.0011836654172420597 0.00341796875
0 0.21789307555730913 0.925048828125 0.003156441112645492 0.00244140625
0 0.1456894851055435 0.92626953125 0.003748273821266522 0.0048828125
0 0.40742750049319393 0.92724609375 0.006806076149141842 0.0078125
0 0.16354310514894457 0.924560546875 0.0023673308344841193 0.00244140625
0 0.16605839416058393 0.92333984375 0.001085026632471888 0.001953125
0 0.50572104951667 0.921630859375 0.0019727756954034327 0.00244140625
0 0.4041231012033932 0.92236328125 0.0027618859735648055 0.00390625
0 0.21508187019135924 0.9228515625 0.002071414480173604 0.005859375
0 0.4704576839613336 0.9228515625 0.00976523969224699 0.0068359375
0 0.5892187808246202 0.917724609375 0.0016768593410929177 0.00244140625
0 0.20802919708029197 0.91748046875 0.001578220556322746 0.001953125
0 0.48180114420990333 0.91650390625 0.002071414480173604 0.001953125
0 0.15846320773328074 0.916259765625 0.0030578023278753207 0.00244140625
0 0.47918721641349377 0.916015625 0.003156441112645492 0.0029296875
0 0.4958078516472677 0.91748046875 0.010751627539948707 0.0078125
0 0.4171927401854409 0.914794921875 0.0030578023278753207 0.00244140625
0 0.6014499901361215 0.91455078125 0.006214243440520813 0.0048828125
0 0.3462221345433024 0.9140625 0.0051292168080489245 0.0048828125
0 0.4471789307555731 0.916259765625 0.012921680804892484 0.01025390625
0 0.5743736437167094 0.912109375 0.003156441112645492 0.0029296875
0 0.352288419806668 0.91162109375 0.0014795817715525744 0.001953125
0 0.34937857565594793 0.911865234375 0.0023673308344841193 0.00341796875
0 0.1647760899585717 0.91162109375 0.002663247188794634 0.0029296875
0 0.5046360228841981 0.91064453125 0.003156441112645492 0.001953125
0 0.15609587689879661 0.910400390625 0.0012823042020122311 0.00341796875
0 0.5631288222529098 0.909423828125 0.005326494377589268 0.00341796875
0 0.1457388044979286 0.91064453125 0.00424146774511738 0.005859375
0 0.11136318800552378 0.91064453125 0.003748273821266522 0.005859375
0 0.5000986387847701 0.9091796875 0.004734661668968239 0.00390625
0 0.595975537581377 0.909423828125 0.0051292168080489245 0.00537109375
0 0.14998027224304597 0.907470703125 0.0044387453146577235 0.00537109375
0 0.46266521996449006 0.90576171875 0.003255079897415664 0.0029296875
0 0.23742355494180312 0.9052734375 0.0011836654172420597 0.001953125
0 0.4502367330834484 0.905029296875 0.005030578023278753 0.00439453125
0 0.6014993095285066 0.903564453125 0.0027618859735648055 0.00244140625
0 0.5230814756362202 0.90283203125 0.002170053264943776 0.00390625
0 0.5052278555928191 0.902099609375 0.0033537186821858355 0.00341796875
0 0.18854803708818307 0.902099609375 0.005030578023278753 0.00439453125
0 0.5916847504438746 0.90185546875 0.00976523969224699 0.0087890625
0 0.41837640560268297 0.898681640625 0.002663247188794634 0.00244140625
0 0.4433320181495364 0.89794921875 0.0014795817715525744 0.001953125
0 0.5995265338331032 0.897216796875 0.0019727756954034327 0.00244140625
0 0.4105346222134543 0.8974609375 0.0009863878477017164 0.0029296875
0 0.0939041231012034 0.8984375 0.004142828960347208 0.005859375
0 0.4812586308936674 0.897216796875 0.002959163543105149 0.00439453125
0 0.23831130400473466 0.89501953125 0.0017754981258630894 0.001953125
0 0.3386762675083843 0.895751953125 0.006016965870980469 0.00439453125
0 0.44032353521404616 0.89453125 0.0019727756954034327 0.0029296875
0 0.21547642533043992 0.894775390625 0.0028605247583349774 0.00341796875
0 0.10889721838626948 0.8955078125 0.006312882225290984 0.0048828125
0 0.6001676859341093 0.8935546875 0.004044190175577037 0.0029296875
0 0.4387946340501085 0.89306640625 0.001874136910633261 0.001953125
0 0.2117774709015585 0.893310546875 0.0017754981258630894 0.00244140625
0 0.15012823042020124 0.89501953125 0.001578220556322746 0.005859375
0 0.13365555336358256 0.8935546875 0.003550996251726179 0.00390625
0 0.47800355099625175 0.8916015625 0.002959163543105149 0.001953125
0 0.15851252712566583 0.8916015625 0.0009863878477017164 0.001953125
0 0.12739199053067665 0.891845703125 0.0016768593410929177 0.00244140625
0 0.19278950483330046 0.890625 0.0016768593410929177 0.001953125
0 0.335075951864273 0.890380859375 0.0025646084040244622 0.00244140625
0 0.2090155849279937 0.890380859375 0.0009863878477017164 0.00244140625
0 0.1880548431643322 0.890625 0.002663247188794634 0.0029296875
0 0.6126454922075361 0.888427734375 0.0023673308344841193 0.00244140625
0 0.40732886170842375 0.890625 0.0022686920497139475 0.0068359375
0 0.18243243243243243 0.8896484375 0.005819688301440126 0.0048828125
0 0.6006115604655751 0.887939453125 0.004537384099427895 0.00341796875
0 0.2576445058196883 0.887939453125 0.005918327086210298 0.00341796875
0 0.48485894653777867 0.886962890625 0.0038469126060366936 0.00341796875
0 0.24225685539554154 0.889892578125 0.012428486881041626 0.00927734375
0 0.11866245807851647 0.886474609375 0.0033537186821858355 0.00244140625
0 0.4325803906095877 0.886962890625 0.005227855592819097 0.00439453125
0 0.4706056421384889 0.887451171875 0.010652988755178536 0.00634765625
0 0.3360130203195897 0.88623046875 0.002071414480173604 0.00390625
0 0.2228743341882028 0.889404296875 0.0077924639968435586 0.01025390625
0 0.5690964687315052 0.8828125 0.00483330045373841 0.00390625
0 0.1982146379956599 0.882568359375 0.004636022884198066 0.00341796875
0 0.5188400078911027 0.881591796875 0.004734661668968239 0.00341796875
0 0.23806470704280924 0.880859375 0.0016768593410929177 0.001953125
0 0.43830144012625766 0.8818359375 0.00424146774511738 0.0048828125
0 0.22450187413691064 0.880859375 0.004142828960347208 0.0029296875
0 0.18440520812783587 0.880126953125 0.0028605247583349774 0.00244140625
0 0.5137107910830538 0.8798828125 0.0017754981258630894 0.0029296875
0 0.4625665811797199 0.8798828125 0.0028605247583349774 0.0029296875
0 0.16556520023673307 0.880859375 0.005819688301440126 0.005859375
0 0.23204774117182878 0.8779296875 0.004636022884198066 0.0029296875
0 0.1679325310712172 0.876953125 0.0014795817715525744 0.001953125
0 0.11466758729532452 0.876953125 0.002465969619254291 0.001953125
0 0.6027322943381338 0.87744140625 0.007003353718682186 0.00390625
0 0.4223712763858749 0.87646484375 0.0011836654172420597 0.001953125
0 0.24487078319195107 0.87744140625 0.006411521010061156 0.00390625
0 0.16921483527322945 0.87646484375 0.0006904714933912014 0.001953125
0 0.3312290392582363 0.87646484375 0.0039455513908068654 0.0029296875
0 0.2635135135135135 0.876708984375 0.005030578023278753 0.00341796875
0 0.11703491812980864 0.876220703125 0.0022686920497139475 0.00244140625
0 0.2357466956007102 0.875732421875 0.0039455513908068654 0.00244140625
0 0.5873939633063721 0.87548828125 0.0072992700729927005 0.00390625
0 0.521799171434208 0.8759765625 0.006510159794831328 0.0048828125
0 0.5076445058196883 0.876708984375 0.010751627539948707 0.00732421875
0 0.489100414282896 0.874755859375 0.010357072400868021 0.00537109375
0 0.6145689485105543 0.87255859375 0.002465969619254291 0.0029296875
0 0.563769974353916 0.87548828125 0.005030578023278753 0.0087890625
0 0.12423554941803117 0.870849609375 0.003255079897415664 0.00244140625
0 0.580439928980075 0.8720703125 0.00424146774511738 0.005859375
0 0.5769382521207339 0.87109375 0.0025646084040244622 0.00390625
0 0.13015387650424146 0.87109375 0.0036496350364963502 0.00390625
0 0.22790491221148154 0.86962890625 0.004636022884198066 0.0029296875
0 0.46286249753403036 0.869140625 0.003255079897415664 0.0029296875
0 0.5725488261984613 0.869140625 0.004636022884198066 0.00390625
0 0.3301440126257644 0.868408203125 0.0009863878477017164 0.00244140625
0 0.2546853422765831 0.868408203125 0.0023673308344841193 0.00341796875
0 0.6304004734661669 0.867431640625 0.004142828960347208 0.00244140625
0 0.12024067863483921 0.866943359375 0.003550996251726179 0.00244140625
0 0.17986782402840798 0.8671875 0.005622410731899783 0.00390625
0 0.4196093904123101 0.866455078125 0.004734661668968239 0.00341796875
0 0.21192542907871376 0.866943359375 0.0016768593410929177 0.00439453125
0 0.2075360031564411 0.86572265625 0.004734661668968239 0.0029296875
0 0.2020615506016966 0.864990234375 0.0012823042020122311 0.00146484375
0 0.21616689682383114 0.865234375 0.004044190175577037 0.0029296875
0 0.10845334385480371 0.865478515625 0.003255079897415664 0.00341796875
0 0.4467350562241073 0.864990234375 0.004142828960347208 0.00341796875
0 0.37684947721444073 0.8642578125 0.0012823042020122311 0.001953125
0 0.2658315249556125 0.866455078125 0.006904714933912014 0.00732421875
0 0.1659104359834287 0.86474609375 0.005918327086210298 0.00390625
0 0.5368909055040442 0.8642578125 0.005523771947129611 0.00390625
0 0.3809923061747879 0.8642578125 0.002663247188794634 0.0048828125
0 0.33088380351154073 0.86376953125 0.0077924639968435586 0.00390625
0 0.3273821266521996 0.86279296875 0.0009863878477017164 0.001953125
0 0.2228250147958177 0.86279296875 0.003156441112645492 0.001953125
0 0.4289800749654764 0.86279296875 0.000789110278161373 0.0029296875
0 0.42745117380153874 0.86279296875 0.002071414480173604 0.0029296875
0 0.5951371079108305 0.862060546875 0.002071414480173604 0.00244140625
0 0.5748175182481752 0.863525390625 0.003452357466956007 0.00537109375
0 0.43864667587295325 0.86279296875 0.006510159794831328 0.0048828125
0 0.1710889721838627 0.862060546875 0.0022686920497139475 0.00439453125
0 0.5192345630301834 0.86181640625 0.009272045768396133 0.0048828125
0 0.45699348984020516 0.861083984375 0.005523771947129611 0.00341796875
0 0.44343065693430656 0.859619140625 0.0022686920497139475 0.00244140625
0 0.5780232787532058 0.859130859375 0.004340106529887552 0.00244140625
0 0.47716512132570527 0.864013671875 0.01686723219569935 0.01318359375
0 0.13617084237522195 0.85888671875 0.0014795817715525744 0.0029296875
0 0.1279345038469126 0.859375 0.008088380351154074 0.0048828125
0 0.4343558887354508 0.858642578125 0.006411521010061156 0.00439453125
0 0.1616689682383113 0.858154296875 0.0039455513908068654 0.00439453125
0 0.5241665022686921 0.859375 0.01085026632471888 0.0078125
0 0.1759715920299862 0.859375 0.004931939238508582 0.0078125
0 0.13824225685539554 0.856689453125 0.0022686920497139475 0.00244140625
0 0.33113040047346615 0.855712890625 0.003156441112645492 0.00244140625
0 0.5839909252318012 0.85595703125 0.0030578023278753207 0.00390625
0 0.24526533833103176 0.85498046875 0.001085026632471888 0.001953125
0 0.3813868613138686 0.856201171875 0.00424146774511738 0.00537109375
0 0.3883902150325508 0.854248046875 0.0008877490629315447 0.00244140625
0 0.3860228841980667 0.855224609375 0.00424146774511738 0.00439453125
0 0.17814164529492996 0.85498046875 0.0017754981258630894 0.00390625
0 0.5932629710001973 0.8544921875 0.005227855592819097 0.00390625
0 0.5066087985796015 0.853759765625 0.0025646084040244622 0.00244140625
0 0.5612053659498915 0.853271484375 0.003255079897415664 0.00341796875
0 0.12971000197277568 0.853759765625 0.0039455513908068654 0.00439453125
0 0.4290293943578615 0.851806640625 0.004044190175577037 0.00341796875
0 0.20191359242454132 0.851318359375 0.0023673308344841193 0.00244140625
0 0.15072006312882225 0.8515625 0.002959163543105149 0.0029296875
0 0.2100512921680805 0.8505859375 0.0008877490629315447 0.001953125
0 0.2072400868021306 0.8515625 0.003748273821266522 0.00390625
0 0.12142434405208127 0.850830078125 0.003156441112645492 0.00244140625
0 0.5359538370487276 0.852783203125 0.011935292957190768 0.00732421875
0 0.4072795423160387 0.850830078125 0.0051292168080489245 0.00537109375
0 0.215525744722825 0.848876953125 0.001578220556322746 0.00244140625
0 0.42508384296705465 0.848388671875 0.0016768593410929177 0.00244140625
0 0.3670842375221937 0.849609375 0.0028605247583349774 0.0048828125
0 0.4715427105938055 0.85107421875 0.011146182679029394 0.0087890625
0 0.4182284474255277 0.8486328125 0.004734661668968239 0.0048828125
0 0.3645689485105543 0.84716796875 0.0009863878477017164 0.001953125
0 0.13370487275596765 0.846923828125 0.006214243440520813 0.00341796875
0 0.5296409548234365 0.8466796875 0.0028605247583349774 0.00390625
0 0.167242059577826 0.845703125 0.0012823042020122311 0.001953125
0 0.5246103768001579 0.846435546875 0.006411521010061156 0.00439453125
0 0.4226178733478004 0.845947265625 0.0030578023278753207 0.00439453125
0 0.33009469323337937 0.846435546875 0.002071414480173604 0.00537109375
0 0.20492207536003157 0.8447265625 0.0044387453146577235 0.0029296875
0 0.17503452357466956 0.847412109375 0.005622410731899783 0.00830078125
0 0.14130005918327085 0.843505859375 0.004636022884198066 0.00244140625
0 0.4774610376800158 0.84619140625 0.013513513513513514 0.0107421875
0 0.45664825409350956 0.844970703125 0.007595186427303216 0.00830078125
0 0.18470112448214637 0.841796875 0.0022686920497139475 0.001953125
0 0.2138488853817321 0.84033203125 0.002170053264943776 0.001953125
0 0.5199250345235746 0.840576171875 0.004340106529887552 0.00341796875
0 0.43405997238114025 0.842041015625 0.006016965870980469 0.00634765625
0 0.13671335569145787 0.841064453125 0.004340106529887552 0.00439453125
0 0.3870092720457684 0.840576171875 0.0030578023278753207 0.00439453125
0 0.14766226080094694 0.839111328125 0.0009863878477017164 0.00244140625
0 0.42592227263760113 0.83837890625 0.0009863878477017164 0.001953125
0 0.3698461234957585 0.840576171875 0.005819688301440126 0.00634765625
0 0.375863089366739 0.838134765625 0.002071414480173604 0.00341796875
0 0.21074176366147168 0.837890625 0.0028605247583349774 0.0029296875
0 0.4687808246202407 0.838623046875 0.0038469126060366936 0.00537109375
0 0.3226474649832314 0.838623046875 0.004142828960347208 0.00537109375
0 0.20161767607023082 0.836669921875 0.0009863878477017164 0.00244140625
0 0.1842079305582955 0.836669921875 0.0008877490629315447 0.00244140625
0 0.5828565792069442 0.835693359375 0.002959163543105149 0.00244140625
0 0.541970802919708 0.8369140625 0.006016965870980469 0.0048828125
0 0.45245610574077727 0.837890625 0.007496547642533044 0.0068359375
0 0.38335963700927206 0.83544921875 0.001085026632471888 0.001953125
0 0.3630893667390018 0.83544921875 0.002170053264943776 0.001953125
0 0.5239692246991517 0.8369140625 0.0072992700729927005 0.005859375
0 0.46049516669954627 0.837158203125 0.006016965870980469 0.00634765625
0 0.17740185440915368 0.835693359375 0.0036496350364963502 0.00341796875
0 0.14139869796804103 0.834716796875 0.0036496350364963502 0.00244140625
0 0.5299861905701322 0.83544921875 0.006707437364371671 0.0048828125
0 0.41068258039060956 0.834716796875 0.0038469126060366936 0.00341796875
0 0.19604458473071612 0.833740234375 0.003452357466956007 0.00244140625
0 0.16946143223515486 0.833984375 0.0019727756954034327 0.0029296875
0 0.4279936871177747 0.83642578125 0.007693825212073387 0.0087890625
0 0.4634050108502663 0.832763671875 0.003156441112645492 0.00244140625
0 0.36560465575064116 0.83251953125 0.002465969619254291 0.001953125
0 0.18494772144407182 0.833984375 0.004931939238508582 0.0048828125
0 0.1811994476228053 0.83251953125 0.0019727756954034327 0.001953125
0 0.5186427303215624 0.83203125 0.0019727756954034327 0.0029296875
0 0.37783586506214245 0.83154296875 0.001085026632471888 0.001953125
0 0.19145788123890314 0.83251953125 0.006312882225290984 0.00390625
0 0.17128624975340304 0.831787109375 0.001874136910633261 0.00244140625
0 0.3792168080489248 0.830322265625 0.001085026632471888 0.00244140625
0 0.3303412901953048 0.83154296875 0.002170053264943776 0.0048828125
0 0.17360426119550207 0.830810546875 0.0023673308344841193 0.00341796875
0 0.42340698362596174 0.829833984375 0.004044190175577037 0.00341796875
0 0.5869994081672913 0.827392578125 0.002959163543105149 0.00244140625
0 0.5783191951075163 0.8271484375 0.0019727756954034327 0.001953125
0 0.5266324718879464 0.830078125 0.008680213059775104 0.0078125
0 0.39721838626948114 0.82861328125 0.004142828960347208 0.0048828125
0 0.3070132175971592 0.8271484375 0.0008877490629315447 0.001953125
0 0.2517754981258631 0.827392578125 0.00483330045373841 0.00244140625
0 0.5536594989149733 0.826171875 0.002170053264943776 0.001953125
0 0.5197770763464195 0.826171875 0.0016768593410929177 0.001953125
0 0.4852535016768593 0.826904296875 0.0028605247583349774 0.00341796875
0 0.23727559676464785 0.825927734375 0.0022686920497139475 0.00146484375
0 0.5625863089366739 0.8271484375 0.005227855592819097 0.0048828125
0 0.401163937660288 0.82568359375 0.0039455513908068654 0.00390625
0 0.6426316827776681 0.82568359375 0.005721049516669955 0.0048828125
0 0.5229335174590649 0.82421875 0.0016768593410929177 0.0029296875
0 0.5043894259222726 0.82568359375 0.002663247188794634 0.005859375
0 0.3539652791477609 0.823974609375 0.004044190175577037 0.00244140625
0 0.19979285855198264 0.823486328125 0.0022686920497139475 0.00244140625
0 0.3717695797987769 0.82275390625 0.001578220556322746 0.0029296875
0 0.5842868415861117 0.82177734375 0.0008877490629315447 0.001953125
0 0.24654764253304398 0.826416015625 0.017656342473860723 0.01123046875
0 0.23974156638390215 0.822509765625 0.00424146774511738 0.00341796875
0 0.193677253896232 0.82275390625 0.00976523969224699 0.0048828125
0 0.5501085026632472 0.82080078125 0.002959163543105149 0.0029296875
0 0.536200434010653 0.8212890625 0.00848293549023476 0.0048828125
0 0.3962319984217794 0.820556640625 0.0025646084040244622 0.00341796875
0 0.3866147169066877 0.8212890625 0.006411521010061156 0.0048828125
0 0.18129808640757547 0.821533203125 0.004340106529887552 0.00537109375
0 0.23623988952456107 0.819091796875 0.002170053264943776 0.00244140625
0 0.5041428289603472 0.819091796875 0.006510159794831328 0.00341796875
0 0.2183369500887749 0.818603515625 0.00483330045373841 0.00244140625
0 0.2033931741960939 0.81884765625 0.005326494377589268 0.0029296875
0 0.5550897612941409 0.820068359375 0.006411521010061156 0.00634765625
0 0.21394752416650226 0.818115234375 0.003156441112645492 0.00341796875
0 0.2072400868021306 0.817138671875 0.004537384099427895 0.00244140625
0 0.6421384888538173 0.817138671875 0.006707437364371671 0.00341796875
0 0.635036496350365 0.817138671875 0.004734661668968239 0.00341796875
0 0.31376997435391596 0.816650390625 0.005523771947129611 0.00341796875
0 0.3594890510948905 0.816162109375 0.00483330045373841 0.00341796875
0 0.26208325113434605 0.815673828125 0.003550996251726179 0.00244140625
0 0.4990136121522983 0.815185546875 0.0025646084040244622 0.00244140625
0 0.4914677451173802 0.815673828125 0.0036496350364963502 0.00341796875
0 0.39307555730913396 0.81591796875 0.004340106529887552 0.00390625
0 0.3877490629315447 0.815185546875 0.003156441112645492 0.00341796875
0 0.5503550996251726 0.815673828125 0.002465969619254291 0.00537109375
0 0.48490826593016373 0.814453125 0.0051292168080489245 0.0029296875
0 0.5544979285855198 0.8134765625 0.0028605247583349774 0.001953125
0 0.579897415663839 0.81298828125 0.002170053264943776 0.001953125
0 0.20299861905701322 0.813232421875 0.004142828960347208 0.00341796875
0 0.5571118563819294 0.812255859375 0.0039455513908068654 0.00244140625
0 0.5300848293549023 0.81298828125 0.005326494377589268 0.00390625
0 0.6302525152890116 0.81298828125 0.005819688301440126 0.0048828125
0 0.4923554941803117 0.81201171875 0.00424146774511738 0.0029296875
0 0.5952357466956008 0.8115234375 0.003452357466956007 0.0029296875
0 0.537926612744131 0.810791015625 0.001874136910633261 0.00146484375
0 0.36811994476228055 0.810791015625 0.0009863878477017164 0.00146484375
0 0.24048135726967843 0.812744140625 0.009863878477017163 0.00537109375
0 0.18129808640757547 0.8125 0.007101992503452358 0.005859375
0 0.5539060958768988 0.81005859375 0.0008877490629315447 0.001953125
0 0.2667685934109292 0.810791015625 0.00424146774511738 0.00341796875
0 0.5828565792069442 0.810791015625 0.0025646084040244622 0.00439453125
0 0.48209706056421386 0.81005859375 0.0030578023278753207 0.0029296875
0 0.585618465180509 0.808837890625 0.004142828960347208 0.00244140625
0 0.22341684750443874 0.80908203125 0.0039455513908068654 0.0029296875
0 0.5042414677451174 0.808837890625 0.004340106529887552 0.00341796875
0 0.2572992700729927 0.809326171875 0.001874136910633261 0.00439453125
0 0.39376602880252515 0.80810546875 0.007101992503452358 0.00390625
0 0.5755079897415664 0.80712890625 0.0044387453146577235 0.0029296875
0 0.5667291378970211 0.8076171875 0.005819688301440126 0.00390625
0 0.4019037285460643 0.807373046875 0.003255079897415664 0.00341796875
0 0.5480370881830736 0.80810546875 0.006707437364371671 0.0068359375
0 0.4414578812389031 0.8076171875 0.00542513316235944 0.0068359375
0 0.39785953837048726 0.80517578125 0.0016768593410929177 0.001953125
0 0.2617380153876504 0.80517578125 0.003255079897415664 0.0029296875
0 0.5954330242651411 0.805419921875 0.005622410731899783 0.00439453125
0 0.4892976918524364 0.8046875 0.0022686920497139475 0.0029296875
0 0.4003255079897416 0.8046875 0.0022686920497139475 0.0029296875
0 0.5354606431248767 0.807861328125 0.004636022884198066 0.01025390625
0 0.38607220359045175 0.8037109375 0.0017754981258630894 0.001953125
0 0.43336950088774906 0.8037109375 0.0012823042020122311 0.0029296875
0 0.24358847898993885 0.803466796875 0.0028605247583349774 0.00244140625
0 0.23293549023476032 0.802734375 0.002663247188794634 0.0029296875
0 0.543696981653186 0.802734375 0.0033537186821858355 0.00390625
0 0.3669362793450385 0.8017578125 0.0023673308344841193 0.001953125
0 0.24087591240875914 0.80224609375 0.0019727756954034327 0.0029296875
0 0.21458867626750838 0.801025390625 0.002663247188794634 0.00244140625
0 0.6133852830933123 0.800537109375 0.004636022884198066 0.00244140625
0 0.5297889130005918 0.80419921875 0.004340106529887552 0.0107421875
0 0.4413099230617479 0.802734375 0.006510159794831328 0.0078125
0 0.5542513316235944 0.799560546875 0.0027618859735648055 0.00244140625
0 0.354014598540146 0.79931640625 0.001578220556322746 0.001953125
0 0.2644999013612152 0.800048828125 0.00483330045373841 0.00341796875
0 0.5502564608404025 0.79931640625 0.002071414480173604 0.0029296875
0 0.19318405997238114 0.798828125 0.0022686920497139475 0.001953125
0 0.6303511540737818 0.800048828125 0.007397908857762872 0.00537109375
0 0.545373840994279 0.798828125 0.002170053264943776 0.0029296875
0 0.4371177747090156 0.79931640625 0.002071414480173604 0.00390625
0 0.35825606628526335 0.79833984375 0.0009863878477017164 0.001953125
0 0.6159005721049516 0.79833984375 0.003550996251726179 0.0029296875
0 0.597159202998619 0.798583984375 0.0019727756954034327 0.00341796875
0 0.5259420003945552 0.799072265625 0.0013809429867824028 0.00439453125
0 0.6446044584730716 0.7978515625 0.0025646084040244622 0.00390625
0 0.3880942986782403 0.796875 0.0016768593410929177 0.001953125
0 0.3073584533438548 0.797607421875 0.004340106529887552 0.00537109375
0 0.536742947326889 0.7958984375 0.00424146774511738 0.0029296875
0 0.2552771749852042 0.795166015625 0.0039455513908068654 0.00244140625
0 0.09755375813769974 0.794921875 0.0027618859735648055 0.001953125
0 0.5214539356875123 0.794921875 0.002465969619254291 0.0048828125
0 0.4637502465969619 0.794189453125 0.0028605247583349774 0.00341796875
0 0.551144209903334 0.793212890625 0.001874136910633261 0.00244140625
0 0.5179522588281712 0.793212890625 0.0013809429867824028 0.00244140625
0 0.46720260406391795 0.79345703125 0.0028605247583349774 0.0029296875
0 0.38962319984217797 0.79296875 0.0025646084040244622 0.001953125
0 0.23101203393174197 0.79296875 0.004931939238508582 0.0029296875
0 0.22159202998619057 0.79248046875 0.002465969619254291 0.001953125
0 0.24215821661077136 0.7919921875 0.005523771947129611 0.00390625
0 0.6139771158019334 0.790771484375 0.002071414480173604 0.00244140625
0 0.540787137502466 0.791015625 0.0022686920497139475 0.0029296875
0 0.25157822055632273 0.7919921875 0.004636022884198066 0.005859375
0 0.22662260800946932 0.791259765625 0.00542513316235944 0.00537109375
0 0.5680114420990333 0.792236328125 0.007003353718682186 0.00830078125
0 0.5530676662063524 0.78955078125 0.004734661668968239 0.00390625
0 0.5299861905701322 0.791015625 0.0033537186821858355 0.0068359375
0 0.469520615506017 0.790771484375 0.006707437364371671 0.00634765625
0 0.5240185440915368 0.791259765625 0.005622410731899783 0.00830078125
0 0.39060958768987963 0.7880859375 0.0027618859735648055 0.0029296875
0 0.09720852239100414 0.78759765625 0.003452357466956007 0.001953125
0 0.4802229236535806 0.789794921875 0.005622410731899783 0.00732421875
0 0.4543795620437956 0.7890625 0.011146182679029394 0.005859375
0 0.2937956204379562 0.786865234375 0.0038469126060366936 0.00244140625
0 0.2820082856579207 0.786865234375 0.002959163543105149 0.00244140625
0 0.235056224107319 0.787109375 0.002959163543105149 0.0029296875
0 0.23209706056421384 0.786865234375 0.0023673308344841193 0.00244140625
0 0.6139277964095482 0.787841796875 0.006510159794831328 0.00537109375
0 0.4625665811797199 0.787841796875 0.0066087985796014995 0.00537109375
0 0.35347208522391005 0.78564453125 0.001085026632471888 0.001953125
0 0.23811402643519433 0.785400390625 0.003748273821266522 0.00244140625
0 0.3997336752811205 0.784912109375 0.0014795817715525744 0.00244140625
0 0.40274215821661075 0.78515625 0.0033537186821858355 0.00390625
0 0.366097849674492 0.783935546875 0.003452357466956007 0.00244140625
0 0.5870487275596765 0.783447265625 0.001874136910633261 0.00244140625
0 0.5495166699546261 0.786376953125 0.003550996251726179 0.00830078125
0 0.5341290195304794 0.786376953125 0.004537384099427895 0.00830078125
0 0.22598145590846322 0.7841796875 0.005326494377589268 0.0048828125
0 0.40515880844347996 0.783203125 0.0016768593410929177 0.00390625
0 0.6182679029394358 0.7822265625 0.004340106529887552 0.0029296875
0 0.29951666995462617 0.781982421875 0.0022686920497139475 0.00244140625
0 0.10416255671730125 0.783447265625 0.005721049516669955 0.00537109375
0 0.5234267113829157 0.78271484375 0.0036496350364963502 0.0048828125
0 0.39445650029591633 0.781494140625 0.004142828960347208 0.00244140625
0 0.5380745709212863 0.78076171875 0.0009863878477017164 0.001953125
0 0.09854014598540146 0.78125 0.003156441112645492 0.0029296875
0 0.09385480370881831 0.78076171875 0.0008877490629315447 0.001953125
0 0.5263365555336358 0.7802734375 0.002170053264943776 0.001953125
0 0.35381732097060564 0.7802734375 0.000789110278161373 0.001953125
0 0.6135825606628527 0.780517578125 0.004636022884198066 0.00439453125
0 0.5292463996843559 0.78076171875 0.0036496350364963502 0.0048828125
0 0.41092917735253504 0.779052734375 0.0017754981258630894 0.00244140625
0 0.4572894061945157 0.780029296875 0.008285657920694417 0.00537109375
0 0.3451371079108305 0.77783203125 0.0011836654172420597 0.001953125
0 0.26168869599526534 0.77880859375 0.007693825212073387 0.00390625
0 0.6052969027421582 0.78125 0.006016965870980469 0.009765625
0 0.40215032550798974 0.77685546875 0.0011836654172420597 0.001953125
0 0.6121029788913 0.776611328125 0.002071414480173604 0.00244140625
0 0.4067863483921878 0.77880859375 0.006707437364371671 0.0068359375
0 0.10682580390609588 0.777099609375 0.0033537186821858355 0.00341796875
0 0.5246596961925429 0.777099609375 0.0011836654172420597 0.00439453125
0 0.2485697376208325 0.777587890625 0.006312882225290984 0.00537109375
0 0.116097849674492 0.776123046875 0.0019727756954034327 0.00244140625
0 0.41260603669362794 0.7763671875 0.003550996251726179 0.00390625
0 0.3997336752811205 0.775390625 0.0012823042020122311 0.001953125
0 0.34232590254488066 0.775390625 0.0028605247583349774 0.001953125
0 0.10199250345235747 0.77490234375 0.0011836654172420597 0.001953125
0 0.5487768790688499 0.774169921875 0.0028605247583349774 0.00244140625
0 0.21370092720457684 0.77490234375 0.004044190175577037 0.00390625
0 0.1564411126454922 0.775146484375 0.004537384099427895 0.00439453125
0 0.12522193726573289 0.774169921875 0.0030578023278753207 0.00244140625
0 0.29152692838824223 0.7734375 0.0036496350364963502 0.001953125
0 0.1202899980272243 0.77392578125 0.0038469126060366936 0.0029296875
0 0.2541921483527323 0.774658203125 0.004931939238508582 0.00537109375
0 0.13577628723614124 0.7744140625 0.005622410731899783 0.0048828125
0 0.5307259814559084 0.77294921875 0.0038469126060366936 0.00390625
0 0.10889721838626948 0.771484375 0.0023673308344841193 0.001953125
0 0.2701716314855001 0.771240234375 0.006707437364371671 0.00341796875
0 0.10559281909646873 0.771240234375 0.004044190175577037 0.00341796875
0 0.3987966068258039 0.770263671875 0.0013809429867824028 0.00244140625
0 0.28181100808838033 0.7705078125 0.0025646084040244622 0.0029296875
0 0.6071217202604063 0.771240234375 0.008680213059775104 0.00634765625
0 0.4084632077332807 0.76904296875 0.0011836654172420597 0.001953125
0 0.2846715328467153 0.76904296875 0.0027618859735648055 0.001953125
0 0.15461629512724404 0.769287109375 0.0036496350364963502 0.00244140625
0 0.09863878477017163 0.769775390625 0.003550996251726179 0.00341796875
0 0.41467745117380156 0.769775390625 0.004931939238508582 0.00439453125
0 0.12596172815150916 0.76904296875 0.0025646084040244622 0.0029296875
0 0.3918918918918919 0.767333984375 0.0009863878477017164 0.00146484375
0 0.5381732097060564 0.766845703125 0.0017754981258630894 0.00341796875
0 0.4439731702505425 0.766845703125 0.0013809429867824028 0.00341796875
0 0.5994772144407181 0.76611328125 0.002071414480173604 0.0029296875
0 0.5956796212270665 0.7666015625 0.004142828960347208 0.00390625
0 0.10588873545077924 0.765869140625 0.0022686920497139475 0.00244140625
0 0.604606431248767 0.766845703125 0.005622410731899783 0.00634765625
0 0.34927993687117775 0.766357421875 0.002170053264943776 0.00537109375
0 0.28639771158019334 0.764892578125 0.002465969619254291 0.00244140625
0 0.15047346616689683 0.765380859375 0.002071414480173604 0.00341796875
0 0.10194318405997238 0.7646484375 0.00424146774511738 0.0029296875
0 0.5220457683961334 0.764404296875 0.0028605247583349774 0.00341796875
0 0.5180015782205564 0.763916015625 0.0012823042020122311 0.00244140625
0 0.4474255277174985 0.763671875 0.000789110278161373 0.001953125
0 0.12162162162162163 0.76611328125 0.004931939238508582 0.0068359375
0 0.47534030380745707 0.76318359375 0.003550996251726179 0.001953125
0 0.27658315249556126 0.76220703125 0.0011836654172420597 0.001953125
0 0.541970802919708 0.76123046875 0.0012823042020122311 0.001953125
0 0.5202209508778852 0.760986328125 0.0013809429867824028 0.00244140625
0 0.35164726770566185 0.7607421875 0.0011836654172420597 0.001953125
0 0.28950483330045373 0.76171875 0.0027618859735648055 0.0048828125
0 0.2809232590254488 0.760986328125 0.005326494377589268 0.00341796875
0 0.4045176563424739 0.758544921875 0.0027618859735648055 0.00244140625
0 0.5992306174787927 0.758544921875 0.0051292168080489245 0.00341796875
0 0.5488755178536201 0.758056640625 0.0008877490629315447 0.00244140625
0 0.3543598342868416 0.75732421875 0.0012823042020122311 0.001953125
0 0.29369698165318603 0.7578125 0.003255079897415664 0.0029296875
0 0.283339909252318 0.75732421875 0.002071414480173604 0.001953125
0 0.4457486683764056 0.757080078125 0.0027618859735648055 0.00244140625
0 0.4078713750246597 0.7578125 0.003550996251726179 0.00390625
0 0.5905504044190175 0.756591796875 0.003550996251726179 0.00244140625
0 0.39662655356086013 0.756591796875 0.0009863878477017164 0.00244140625
0 0.25700335371868216 0.75537109375 0.0016768593410929177 0.001953125
0 0.41788321167883213 0.75537109375 0.003452357466956007 0.0029296875
0 0.11969816531860328 0.75732421875 0.006806076149141842 0.0068359375
0 0.2858058788715723 0.75439453125 0.0016768593410929177 0.001953125
0 0.27391990530676663 0.755615234375 0.008088380351154074 0.00634765625
0 0.5543006510159795 0.753173828125 0.002663247188794634 0.00244140625
0 0.47534030380745707 0.753173828125 0.003156441112645492 0.00244140625
0 0.28812389031367136 0.75244140625 0.0027618859735648055 0.001953125
0 0.1321266521996449 0.752685546875 0.003452357466956007 0.00341796875
0 0.34341092917735255 0.751220703125 0.0028605247583349774 0.00244140625
0 0.26681791280331424 0.75244140625 0.004142828960347208 0.0048828125
0 0.579897415663839 0.750732421875 0.0027618859735648055 0.00244140625
0 0.33532254882619844 0.7529296875 0.005227855592819097 0.0068359375
0 0.6095383704872755 0.75 0.0038469126060366936 0.0029296875
0 0.5894160583941606 0.75 0.007595186427303216 0.00390625
0 0.5496646281317814 0.75244140625 0.004636022884198066 0.0087890625
0 0.28284671532846717 0.748779296875 0.0028605247583349774 0.00244140625
0 0.12172026040639179 0.74853515625 0.003550996251726179 0.001953125
0 0.35066087985796013 0.74755859375 0.0011836654172420597 0.001953125
0 0.3387749062931545 0.748046875 0.0030578023278753207 0.00390625
0 0.35583941605839414 0.74658203125 0.0008877490629315447 0.001953125
0 0.35830538567764847 0.74658203125 0.001874136910633261 0.0029296875
0 0.6013513513513513 0.74560546875 0.003255079897415664 0.001953125
0 0.11866245807851647 0.74462890625 0.0025646084040244622 0.001953125
0 0.3535214046162951 0.745361328125 0.003156441112645492 0.00537109375
0 0.3431643322154271 0.74365234375 0.005523771947129611 0.0048828125
0 0.1564411126454922 0.741943359375 0.0027618859735648055 0.00244140625
0 0.4502367330834484 0.7412109375 0.002465969619254291 0.0029296875
0 0.5895146971789308 0.741943359375 0.004044190175577037 0.00732421875
0 0.6096863286644308 0.739013671875 0.004537384099427895 0.00244140625
0 0.4701617676070231 0.739990234375 0.0044387453146577235 0.00439453125
0 0.11851449990136122 0.738525390625 0.002663247188794634 0.00244140625
0 0.5091240875912408 0.738037109375 0.003255079897415664 0.00244140625
0 0.293105148944565 0.738037109375 0.003255079897415664 0.00341796875
0 0.5993292562635628 0.738037109375 0.0027618859735648055 0.00439453125
0 0.29014598540145986 0.7373046875 0.002465969619254291 0.0029296875
0 0.28605247583349774 0.737060546875 0.0023673308344841193 0.00244140625
0 0.13863681199447622 0.73828125 0.00542513316235944 0.0048828125
0 0.5954330242651411 0.73681640625 0.005227855592819097 0.0029296875
0 0.4751923456303018 0.73681640625 0.00483330045373841 0.0029296875
0 0.4652298283685145 0.736572265625 0.0044387453146577235 0.00244140625
0 0.33981061353324127 0.73681640625 0.005721049516669955 0.0029296875
0 0.60347208522391 0.735107421875 0.001578220556322746 0.00244140625
0 0.47992700729927007 0.7353515625 0.00424146774511738 0.0029296875
0 0.44777076346419414 0.73583984375 0.00542513316235944 0.00390625
0 0.44357861511146185 0.73583984375 0.0027618859735648055 0.00390625
0 0.28412901953047937 0.73388671875 0.002071414480173604 0.001953125
0 0.6007101992503452 0.732666015625 0.0039455513908068654 0.00244140625
0 0.33655553363582563 0.73291015625 0.005326494377589268 0.00390625
0 0.1539751430262379 0.73291015625 0.005721049516669955 0.00390625
0 0.42725389623199844 0.732421875 0.003255079897415664 0.0048828125
0 0.14105346222134543 0.732666015625 0.0061156046557506415 0.00537109375
0 0.4680903531268495 0.7314453125 0.005819688301440126 0.00390625
0 0.5060169658709804 0.729736328125 0.0033537186821858355 0.00244140625
0 0.614371670941014 0.72900390625 0.002465969619254291 0.001953125
0 0.4280430065101598 0.726806640625 0.001874136910633261 0.00244140625
0 0.5086802130597751 0.725341796875 0.0027618859735648055 0.00341796875
0 0.4916157032945354 0.723388671875 0.004142828960347208 0.00244140625
0 0.26514105346222133 0.72265625 0.001578220556322746 0.001953125
0 0.3480962714539357 0.72265625 0.0017754981258630894 0.0029296875
0 0.25547445255474455 0.722412109375 0.003748273821266522 0.00341796875
0 0.24210889721838627 0.72119140625 0.002465969619254291 0.001953125
0 0.3442000394555139 0.7216796875 0.00483330045373841 0.005859375
0 0.25399487078319194 0.719482421875 0.0013809429867824028 0.00244140625
0 0.25833497731307953 0.718505859375 0.003156441112645492 0.00244140625
0 0.59484119155652 0.72119140625 0.006016965870980469 0.0087890625
0 0.2684947721444072 0.718994140625 0.007101992503452358 0.00439453125
0 0.1995955809824423 0.719482421875 0.003255079897415664 0.00537109375
0 0.5064115210100611 0.71826171875 0.005721049516669955 0.00390625
0 0.29364766226080097 0.717041015625 0.004734661668968239 0.00439453125
0 0.2998125863089367 0.7177734375 0.007989741566383901 0.0068359375
0 0.317814164529493 0.718505859375 0.009469323337936477 0.01025390625
0 0.19732688893272834 0.716552734375 0.006411521010061156 0.00634765625
0 0.60056224107319 0.713623046875 0.001874136910633261 0.00439453125
0 0.2892582363385283 0.7119140625 0.0014795817715525744 0.001953125
0 0.2947326888932728 0.7119140625 0.0033537186821858355 0.0029296875
0 0.5965673702899981 0.7109375 0.001578220556322746 0.001953125
0 0.2601104754389426 0.71044921875 0.0027618859735648055 0.001953125
0 0.20566186624580785 0.713134765625 0.009272045768396133 0.00732421875
0 0.25616492404813573 0.710693359375 0.004537384099427895 0.00341796875
0 0.32560662852633654 0.709228515625 0.0023673308344841193 0.00244140625
0 0.27875320576050505 0.709228515625 0.004537384099427895 0.00244140625
0 0.5903038074570921 0.70751953125 0.004636022884198066 0.00390625
0 0.5644604458473071 0.70654296875 0.0012823042020122311 0.001953125
0 0.47543894259222724 0.707275390625 0.0033537186821858355 0.00341796875
0 0.21271453935687512 0.7080078125 0.006214243440520813 0.005859375
0 0.5957782600118366 0.706298828125 0.004734661668968239 0.00341796875
0 0.42745117380153874 0.706298828125 0.0008877490629315447 0.00341796875
0 0.2892089169461432 0.70556640625 0.0013809429867824028 0.001953125
0 0.2693332018149536 0.70654296875 0.006411521010061156 0.00390625
0 0.6101302031958966 0.705078125 0.003255079897415664 0.001953125
0 0.31460840402446244 0.705078125 0.002071414480173604 0.0029296875
0 0.4363779838232393 0.70458984375 0.0027618859735648055 0.0029296875
0 0.252860524758335 0.7060546875 0.007989741566383901 0.005859375
0 0.26588084434799764 0.703369140625 0.0014795817715525744 0.00244140625
0 0.597109883606234 0.701171875 0.0022686920497139475 0.001953125
0 0.44007693825212074 0.70166015625 0.002465969619254291 0.0029296875
0 0.26262576445058194 0.705322265625 0.007003353718682186 0.01025390625
0 0.25049319392385083 0.70263671875 0.006016965870980469 0.0048828125
0 0.4669560071019925 0.70068359375 0.0017754981258630894 0.001953125
0 0.3317715525744723 0.701171875 0.0030578023278753207 0.0029296875
0 0.3196883014401263 0.700927734375 0.002170053264943776 0.00244140625
0 0.21241862300256462 0.70166015625 0.0022686920497139475 0.00390625
0 0.32777668179128033 0.701904296875 0.002959163543105149 0.00537109375
0 0.32175971592029984 0.7001953125 0.001578220556322746 0.001953125
0 0.17103965279147762 0.70166015625 0.002959163543105149 0.0048828125
0 0.2890116393766029 0.699951171875 0.0023673308344841193 0.00244140625
0 0.2709114223712764 0.700439453125 0.005030578023278753 0.00439453125
0 0.29571907674097453 0.69921875 0.0017754981258630894 0.0029296875
0 0.5315644111264549 0.699462890625 0.0027618859735648055 0.00439453125
0 0.29325310712172026 0.698486328125 0.0025646084040244622 0.00244140625
0 0.4558591438153482 0.6982421875 0.005227855592819097 0.005859375
0 0.47376208325113434 0.6962890625 0.0019727756954034327 0.0029296875
0 0.5525251528901164 0.696044921875 0.0028605247583349774 0.00341796875
0 0.4846616689682383 0.695556640625 0.0012823042020122311 0.00244140625
0 0.6049023476030775 0.694580078125 0.0014795817715525744 0.00244140625
0 0.4618267902939436 0.697265625 0.004340106529887552 0.0078125
0 0.5455711185638193 0.695068359375 0.001578220556322746 0.00439453125
0 0.3476523969224699 0.693603515625 0.0016768593410929177 0.00244140625
0 0.27826001183665416 0.693359375 0.002959163543105149 0.001953125
0 0.47302229236535803 0.69287109375 0.002663247188794634 0.001953125
0 0.45087788518445454 0.6923828125 0.0033537186821858355 0.0029296875
0 0.46261590057210494 0.691650390625 0.001578220556322746 0.00244140625
0 0.22726376011047544 0.693359375 0.006707437364371671 0.005859375
0 0.5361511146182679 0.692138671875 0.002071414480173604 0.00439453125
0 0.4555139080686526 0.691162109375 0.0017754981258630894 0.00244140625
0 0.44762280528703885 0.69140625 0.0009863878477017164 0.0029296875
0 0.5847800355099625 0.689208984375 0.001874136910633261 0.00146484375
0 0.09819491023870586 0.689697265625 0.0030578023278753207 0.00341796875
0 0.4516669954626159 0.68896484375 0.0009863878477017164 0.0029296875
0 0.2576445058196883 0.687744140625 0.0027618859735648055 0.00341796875
0 0.4398303412901953 0.687255859375 0.0027618859735648055 0.00341796875
0 0.24980272243045964 0.687255859375 0.0028605247583349774 0.00341796875
0 0.22035904517656343 0.689453125 0.012625764450581969 0.0078125
0 0.5369895442888144 0.686767578125 0.0017754981258630894 0.00341796875
0 0.3633359637009272 0.687255859375 0.004044190175577037 0.00439453125
0 0.5300848293549023 0.6865234375 0.0033537186821858355 0.0048828125
0 0.3370980469520615 0.685302734375 0.001874136910633261 0.00244140625
0 0.3581081081081081 0.68603515625 0.006016965870980469 0.005859375
0 0.29793844939830344 0.68408203125 0.001874136910633261 0.0029296875
0 0.5630301834681397 0.682861328125 0.0017754981258630894 0.00439453125
0 0.26553560860130204 0.684326171875 0.005326494377589268 0.00732421875
0 0.1912112842769777 0.681884765625 0.0028605247583349774 0.00341796875
0 0.17848688104162558 0.681640625 0.0030578023278753207 0.0029296875
0 0.19831327678043006 0.6806640625 0.0022686920497139475 0.0029296875
0 0.21828763069638982 0.681640625 0.0039455513908068654 0.005859375
0 0.4314953639771158 0.679443359375 0.002465969619254291 0.00244140625
0 0.3109587689879661 0.67919921875 0.0008877490629315447 0.001953125
0 0.21439139869796803 0.68017578125 0.001085026632471888 0.00390625
0 0.4558098244229631 0.67919921875 0.0025646084040244622 0.0048828125
0 0.2566087985796015 0.6787109375 0.007003353718682186 0.0048828125
0 0.43973170250542515 0.677490234375 0.0019727756954034327 0.00732421875
0 0.17547839810613533 0.673583984375 0.0013809429867824028 0.00244140625
0 0.16255671730124285 0.67236328125 0.000789110278161373 0.001953125
0 0.44076740974551193 0.6728515625 0.001874136910633261 0.00390625
0 0.1786841586111659 0.673095703125 0.003452357466956007 0.00439453125
0 0.16970802919708028 0.6728515625 0.0077924639968435586 0.00390625
0 0.4655750641152101 0.672607421875 0.004142828960347208 0.00439453125
0 0.456894851055435 0.67236328125 0.002170053264943776 0.0048828125
0 0.33162359439731703 0.6689453125 0.0025646084040244622 0.00390625
0 0.46010061156046556 0.670166015625 0.003255079897415664 0.00732421875
0 0.21991517064509766 0.667724609375 0.001085026632471888 0.00244140625
0 0.44081672913789705 0.667236328125 0.0025646084040244622 0.00341796875
0 0.25088774906293154 0.6669921875 0.002663247188794634 0.0029296875
0 0.45428092325902547 0.66650390625 0.0016768593410929177 0.00390625
0 0.613188005523772 0.6650390625 0.005227855592819097 0.0029296875
0 0.447129611363188 0.6650390625 0.0011836654172420597 0.0029296875
0 0.23737423554941803 0.656982421875 0.0012823042020122311 0.00341796875
