0 0.3401065298875518 0.93603515625 0.000789110278161373 0.001953125
0 0.33260998224501875 0.931640625 0.0011836654172420597 0.001953125
0 0.33043992898007496 0.931884765625 0.0019727756954034327 0.00244140625
0 0.34627145393568753 0.888671875 0.0022686920497139475 0.00390625
0 0.714983231406589 0.885498046875 0.007200631288222529 0.00439453125
0 0.10435983428684159 0.884765625 0.0019727756954034327 0.00390625
0 0.706303018346814 0.885009765625 0.006806076149141842 0.00537109375
0 0.6894851055434997 0.883544921875 0.005326494377589268 0.00439453125
0 0.6645788123890314 0.883056640625 0.009173406983625962 0.00634765625
0 0.33487867429473267 0.880615234375 0.0019727756954034327 0.00341796875
0 0.32190767409745513 0.8779296875 0.003452357466956007 0.00390625
0 0.31352337739199054 0.875732421875 0.002663247188794634 0.00341796875
0 0.7088183073584533 0.868408203125 0.007693825212073387 0.00439453125
0 0.1029295719076741 0.868896484375 0.00483330045373841 0.00732421875
0 0.10786151114618268 0.8623046875 0.003255079897415664 0.0048828125
0 0.10337344643913987 0.863525390625 0.003156441112645492 0.00732421875
0 0.11156046557506412 0.859375 0.002959163543105149 0.00390625
0 0.34602485697376206 0.854248046875 0.0039455513908068654 0.00634765625
0 0.3409449595580982 0.851806640625 0.002465969619254291 0.00244140625
0 0.10835470507003354 0.849609375 0.004636022884198066 0.00390625
0 0.3514993095285066 0.848388671875 0.0022686920497139475 0.00341796875
0 0.36234957585322547 0.846923828125 0.0016768593410929177 0.00244140625
0 0.3500690471493391 0.850341796875 0.005523771947129611 0.01025390625
0 0.31589070822647464 0.8427734375 0.005227855592819097 0.00390625
0 0.3247681988557901 0.84375 0.00897612941408562 0.0107421875
0 0.35095679621227066 0.837890625 0.002959163543105149 0.00390625
0 0.31559479187216416 0.837646484375 0.00483330045373841 0.00439453125
0 0.3537680015782206 0.834228515625 0.0012823042020122311 0.00341796875
0 0.10766423357664233 0.833984375 0.002663247188794634 0.0048828125
0 0.30365949891497335 0.829833984375 0.002071414480173604 0.00244140625
0 0.11594989149733675 0.82421875 0.002465969619254291 0.0029296875
0 0.3386269481159992 0.818359375 0.0013809429867824028 0.0029296875
0 0.09651805089761294 0.81591796875 0.006214243440520813 0.0048828125
0 0.320674689287828 0.8134765625 0.004734661668968239 0.00390625
0 0.10544486091931347 0.814208984375 0.006510159794831328 0.00634765625
0 0.3087393963306372 0.8154296875 0.0051292168080489245 0.0107421875
0 0.11945156835667785 0.802978515625 0.0061156046557506415 0.00439453125
0 0.09997040836456896 0.800048828125 0.0014795817715525744 0.00244140625
0 0.36328664430854213 0.798828125 0.003748273821266522 0.0029296875
0 0.3234365752613928 0.797119140625 0.001578220556322746 0.00244140625
0 0.10460643124876702 0.797607421875 0.004636022884198066 0.00341796875
0 0.10899585717103966 0.796875 0.0039455513908068654 0.0029296875
0 0.10218978102189781 0.792236328125 0.002959163543105149 0.00244140625
0 0.09355888735450779 0.791259765625 0.003452357466956007 0.00244140625
0 0.34543302426514105 0.78564453125 0.0017754981258630894 0.001953125
0 0.32708621029788915 0.785400390625 0.004931939238508582 0.00439453125
0 0.29986190570132176 0.773681640625 0.006904714933912014 0.00341796875
0 0.3164825409350957 0.766357421875 0.005622410731899783 0.00341796875
0 0.21049516669954627 0.76513671875 0.004340106529887552 0.0029296875
0 0.206894851055435 0.764892578125 0.0038469126060366936 0.00341796875
0 0.30824620240678635 0.7646484375 0.003550996251726179 0.00390625
0 0.5955809824422963 0.760986328125 0.0033537186821858355 0.00244140625
0 0.6143223515486289 0.76123046875 0.004931939238508582 0.00390625
0 0.6085519826395739 0.76025390625 0.00483330045373841 0.0029296875
0 0.32526139277964095 0.759521484375 0.006806076149141842 0.00341796875
0 0.3175182481751825 0.757080078125 0.004931939238508582 0.00244140625
0 0.30346222134543305 0.755615234375 0.0038469126060366936 0.00244140625
0 0.3127342671138292 0.75439453125 0.003255079897415664 0.0029296875
0 0.28378378378378377 0.748046875 0.0009863878477017164 0.001953125
0 0.3371966857368317 0.747314453125 0.003255079897415664 0.00244140625
0 0.3031169855987374 0.746337890625 0.003748273821266522 0.00537109375
0 0.5167192740185441 0.74462890625 0.006214243440520813 0.00390625
0 0.2156243835075952 0.74365234375 0.005918327086210298 0.00390625
0 0.29014598540145986 0.7421875 0.003255079897415664 0.001953125
0 0.2947326888932728 0.743408203125 0.0033537186821858355 0.00634765625
0 0.3407476819885579 0.743408203125 0.007003353718682186 0.00732421875
0 0.2170053264943776 0.737548828125 0.004340106529887552 0.00244140625
0 0.2896034720852239 0.735595703125 0.0039455513908068654 0.00244140625
0 0.2566087985796015 0.7275390625 0.001874136910633261 0.001953125
0 0.22997632669165516 0.72802734375 0.002663247188794634 0.0029296875
0 0.4380055237719471 0.71826171875 0.002465969619254291 0.001953125
0 0.4362793450384691 0.713134765625 0.004734661668968239 0.00537109375
0 0.4737127638587493 0.710693359375 0.005819688301440126 0.00341796875
0 0.4559577826001184 0.7041015625 0.0066087985796014995 0.0068359375
0 0.4453047938449398 0.6962890625 0.007989741566383901 0.0048828125
0 0.2903432629710002 0.68896484375 0.0022686920497139475 0.001953125
0 0.4462418623002565 0.688720703125 0.006510159794831328 0.00537109375
0 0.4403728546064313 0.68798828125 0.00483330045373841 0.0048828125
0 0.4566975734858947 0.6826171875 0.003550996251726179 0.0029296875
0 0.4521108699940817 0.680908203125 0.004636022884198066 0.00341796875
