0 0.6601893864667587 0.999267578125 0.0023673308344841193 0.00146484375
0 0.41906687709607415 0.9990234375 0.0028605247583349774 0.001953125
0 0.1404123101203393 0.99853515625 0.003452357466956007 0.0029296875
0 0.564953639771158 0.99755859375 0.0008877490629315447 0.001953125
0 0.12196685736831722 0.998046875 0.0016768593410929177 0.00390625
0 0.11693627934503847 0.998046875 0.00424146774511738 0.00390625
0 0.5108502663247189 0.994384765625 0.0017754981258630894 0.00244140625
0 0.20428092325902544 0.995361328125 0.003748273821266522 0.00439453125
0 0.14440718090353127 0.99658203125 0.0025646084040244622 0.0068359375
0 0.2826494377589268 0.99609375 0.0044387453146577235 0.0078125
0 0.2588774906293154 0.99267578125 0.0022686920497139475 0.00390625
0 0.13257052673111067 0.995361328125 0.003748273821266522 0.00927734375
0 0.2927105938054843 0.990966796875 0.002465969619254291 0.00439453125
0 0.5233773919905307 0.988037109375 0.0023673308344841193 0.00244140625
0 0.1905701321759716 0.989501953125 0.001578220556322746 0.00537109375
0 0.41916551588084433 0.98681640625 0.0014795817715525744 0.001953125
0 0.15811797198658512 0.98974609375 0.003156441112645492 0.0078125
0 0.10381732097060564 0.987548828125 0.0030578023278753207 0.00341796875
0 0.1961432235154863 0.98681640625 0.001085026632471888 0.0029296875
0 0.12428486881041625 0.986328125 0.0011836654172420597 0.0029296875
0 0.2033438548037088 0.984130859375 0.0012823042020122311 0.00244140625
0 0.1880548431643322 0.984375 0.002071414480173604 0.0029296875
0 0.11979680410337344 0.98583984375 0.0028605247583349774 0.005859375
0 0.13257052673111067 0.984619140625 0.003550996251726179 0.00537109375
0 0.4171927401854409 0.986328125 0.006016965870980469 0.0146484375
0 0.10815742750049319 0.98046875 0.0014795817715525744 0.00390625
0 0.17547839810613533 0.981201171875 0.002959163543105149 0.00634765625
0 0.13656539751430263 0.9794921875 0.0016768593410929177 0.0029296875
0 0.5312684947721444 0.978515625 0.000789110278161373 0.001953125
0 0.19846123495758533 0.977783203125 0.0013809429867824028 0.00244140625
0 0.11599921088972184 0.9814453125 0.005326494377589268 0.009765625
0 0.5584927993687118 0.97705078125 0.0025646084040244622 0.0029296875
0 0.11205365949891498 0.9794921875 0.004142828960347208 0.0078125
0 0.4157624778062734 0.97607421875 0.000789110278161373 0.001953125
0 0.2900473466166897 0.975830078125 0.0008877490629315447 0.00244140625
0 0.19027421582166107 0.97607421875 0.001578220556322746 0.0029296875
0 0.09967449201025844 0.97607421875 0.001874136910633261 0.0029296875
0 0.2872361412507398 0.97998046875 0.005721049516669955 0.0126953125
0 0.5550897612941409 0.974853515625 0.0022686920497139475 0.00341796875
0 0.2918721641349379 0.975341796875 0.002170053264943776 0.00634765625
0 0.15910435983428683 0.973388671875 0.001578220556322746 0.00244140625
0 0.152298283685145 0.973388671875 0.0011836654172420597 0.00244140625
0 0.27451173801538764 0.974853515625 0.0027618859735648055 0.00830078125
0 0.12004340106529887 0.97216796875 0.003156441112645492 0.00390625
0 0.10519826395738804 0.974365234375 0.007200631288222529 0.00830078125
0 0.09424935884789899 0.971435546875 0.0014795817715525744 0.00341796875
0 0.4167488656539751 0.970458984375 0.0033537186821858355 0.00341796875
0 0.1801144209903334 0.97021484375 0.0033537186821858355 0.0068359375
0 0.28378378378378377 0.96875 0.0011836654172420597 0.0048828125
0 0.1770566186624581 0.968017578125 0.0017754981258630894 0.00341796875
0 0.11811994476228053 0.968994140625 0.00483330045373841 0.00732421875
0 0.1147169066877096 0.9677734375 0.0019727756954034327 0.0048828125
0 0.2748076543696982 0.96533203125 0.0013809429867824028 0.001953125
0 0.3107121720260406 0.96630859375 0.0025646084040244622 0.0048828125
0 0.09775103570724009 0.9677734375 0.004537384099427895 0.0078125
0 0.30474452554744524 0.96484375 0.0036496350364963502 0.00390625
0 0.2941408561846518 0.96533203125 0.0019727756954034327 0.005859375
0 0.12556717301242848 0.964599609375 0.002959163543105149 0.00537109375
0 0.12132570526731111 0.963134765625 0.003156441112645492 0.00341796875
0 0.4224699151706451 0.962646484375 0.0019727756954034327 0.00341796875
0 0.5467547839810614 0.9619140625 0.0019727756954034327 0.0029296875
0 0.29853028210692445 0.96240234375 0.001085026632471888 0.00390625
0 0.11230025646084041 0.962890625 0.002071414480173604 0.0048828125
0 0.5445847307161176 0.9609375 0.0011836654172420597 0.0029296875
0 0.29256263562832907 0.961669921875 0.005523771947129611 0.00634765625
0 0.16260603669362794 0.958251953125 0.001085026632471888 0.00244140625
0 0.09247386072203591 0.957763671875 0.006016965870980469 0.00830078125
0 0.28536200434010656 0.95458984375 0.001578220556322746 0.0029296875
0 0.2876306963898205 0.955810546875 0.0027618859735648055 0.00732421875
0 0.29818504636022886 0.954345703125 0.003550996251726179 0.00537109375
0 0.21256658117971985 0.953369140625 0.0027618859735648055 0.00341796875
0 0.20926218188991913 0.95263671875 0.001085026632471888 0.001953125
0 0.30474452554744524 0.952880859375 0.004044190175577037 0.00439453125
0 0.2527618859735648 0.95263671875 0.0028605247583349774 0.00390625
0 0.15466561451962912 0.951904296875 0.001578220556322746 0.00244140625
0 0.14031367133556916 0.9521484375 0.0022686920497139475 0.00390625
0 0.41186624580785164 0.95068359375 0.001085026632471888 0.001953125
0 0.2793943578615111 0.952392578125 0.0030578023278753207 0.00634765625
0 0.4262181889919116 0.947998046875 0.0023673308344841193 0.00244140625
0 0.1467251923456303 0.948974609375 0.001874136910633261 0.00439453125
0 0.11234957585322548 0.9482421875 0.0017754981258630894 0.00390625
0 0.09469323337936476 0.94775390625 0.002170053264943776 0.0029296875
0 0.31110672716512133 0.947265625 0.003156441112645492 0.0029296875
0 0.2947326888932728 0.949951171875 0.0025646084040244622 0.00830078125
0 0.30691457881238904 0.9462890625 0.002071414480173604 0.00390625
0 0.10919313474058 0.94677734375 0.0033537186821858355 0.005859375
0 0.2834878674294733 0.94775390625 0.0025646084040244622 0.009765625
0 0.1345926218188992 0.9462890625 0.003452357466956007 0.0068359375
0 0.12615900572104952 0.94580078125 0.006707437364371671 0.0068359375
0 0.39302623791674884 0.943603515625 0.002071414480173604 0.00439453125
0 0.29123101203393176 0.947509765625 0.008581574275004932 0.01220703125
0 0.41359242454132966 0.944091796875 0.0051292168080489245 0.00634765625
0 0.39060958768987963 0.9423828125 0.0017754981258630894 0.0029296875
0 0.30459656737029 0.9453125 0.004142828960347208 0.009765625
0 0.09656737028999803 0.9423828125 0.0072992700729927005 0.005859375
0 0.402298283685145 0.941162109375 0.00424146774511738 0.00439453125
0 0.1202899980272243 0.94140625 0.003452357466956007 0.0048828125
0 0.19481159992108898 0.939208984375 0.0011836654172420597 0.00244140625
0 0.10741763661471691 0.939208984375 0.0009863878477017164 0.00341796875
0 0.28018346813967254 0.9423828125 0.0066087985796014995 0.0107421875
0 0.1300552377194713 0.938232421875 0.001085026632471888 0.00341796875
0 0.11501282304202012 0.938232421875 0.002170053264943776 0.00537109375
0 0.2671631485500099 0.938232421875 0.0022686920497139475 0.00732421875
0 0.11013020319589663 0.938232421875 0.0038469126060366936 0.00732421875
0 0.4147267705661866 0.93603515625 0.006214243440520813 0.0048828125
0 0.0987374235549418 0.935791015625 0.001578220556322746 0.00537109375
0 0.28881436180706255 0.93701171875 0.005721049516669955 0.0087890625
0 0.12024067863483921 0.932861328125 0.0009863878477017164 0.00244140625
0 0.3150029591635431 0.93359375 0.0036496350364963502 0.005859375
0 0.3025744722825015 0.93505859375 0.017656342473860723 0.0087890625
0 0.1418425724995068 0.932861328125 0.0027618859735648055 0.00439453125
0 0.31973762083251134 0.932373046875 0.005227855592819097 0.00537109375
0 0.10426119550207141 0.933349609375 0.004537384099427895 0.00732421875
0 0.25690471493391204 0.9306640625 0.0016768593410929177 0.0029296875
0 0.1164924048135727 0.9306640625 0.002170053264943776 0.0029296875
0 0.26745906490432036 0.9306640625 0.003255079897415664 0.00390625
0 0.17025054251331623 0.9296875 0.0011836654172420597 0.0029296875
0 0.2838331031761689 0.930419921875 0.0016768593410929177 0.00537109375
0 0.415515880844348 0.9287109375 0.0028605247583349774 0.0029296875
0 0.2808246202406786 0.9296875 0.002959163543105149 0.0048828125
0 0.2784572894061945 0.927978515625 0.003156441112645492 0.00244140625
0 0.4041231012033932 0.92822265625 0.0027618859735648055 0.00390625
0 0.15747681988557902 0.927490234375 0.0014795817715525744 0.00244140625
0 0.10741763661471691 0.928466796875 0.0051292168080489245 0.00537109375
0 0.298826198461235 0.927490234375 0.004044190175577037 0.00439453125
0 0.4189189189189189 0.92626953125 0.0027618859735648055 0.0029296875
0 0.24709015584927993 0.9267578125 0.001578220556322746 0.00390625
0 0.10194318405997238 0.92724609375 0.0014795817715525744 0.0048828125
0 0.2375221937265733 0.92529296875 0.0019727756954034327 0.00390625
0 0.0955809824422963 0.925537109375 0.0033537186821858355 0.00537109375
0 0.2905405405405405 0.9267578125 0.0044387453146577235 0.0087890625
0 0.26543696981653186 0.923828125 0.0011836654172420597 0.0029296875
0 0.11738015387650425 0.925048828125 0.0019727756954034327 0.00537109375
0 0.407476819885579 0.923583984375 0.003550996251726179 0.00341796875
0 0.2951765634247386 0.9248046875 0.0022686920497139475 0.005859375
0 0.3048431643322154 0.923095703125 0.0016768593410929177 0.00341796875
0 0.1231012033931742 0.92333984375 0.004340106529887552 0.00390625
0 0.5260406391793253 0.921630859375 0.0023673308344841193 0.00341796875
0 0.5224403235352141 0.921142578125 0.0038469126060366936 0.00439453125
0 0.4147267705661866 0.922119140625 0.008384296705464589 0.00634765625
0 0.28422765831524954 0.921142578125 0.0030578023278753207 0.00537109375
0 0.2760406391793253 0.921142578125 0.002465969619254291 0.00537109375
0 0.09849082659301638 0.919921875 0.001874136910633261 0.0029296875
0 0.10544486091931347 0.91748046875 0.001578220556322746 0.0029296875
0 0.5435983428684159 0.916015625 0.0009863878477017164 0.001953125
0 0.5237719471296114 0.916259765625 0.005523771947129611 0.00439453125
0 0.5461136318800552 0.915771484375 0.004044190175577037 0.00537109375
0 0.27599131978694025 0.915283203125 0.0027618859735648055 0.00537109375
0 0.09232590254488064 0.914306640625 0.0019727756954034327 0.00341796875
0 0.2911323732491616 0.916259765625 0.004636022884198066 0.01025390625
0 0.5213552969027422 0.910888671875 0.0014795817715525744 0.00244140625
0 0.4102880252515289 0.910888671875 0.002465969619254291 0.00244140625
0 0.2823042020122312 0.91259765625 0.004931939238508582 0.005859375
0 0.5232787532057604 0.910400390625 0.0013809429867824028 0.00244140625
0 0.5302821069244427 0.909912109375 0.0013809429867824028 0.00244140625
0 0.12329848096271454 0.910400390625 0.0017754981258630894 0.00341796875
0 0.5171631485500099 0.9091796875 0.0019727756954034327 0.0029296875
0 0.414924048135727 0.90869140625 0.003255079897415664 0.0029296875
0 0.26193529295719076 0.9072265625 0.0008877490629315447 0.001953125
0 0.10041428289603473 0.908203125 0.0017754981258630894 0.0048828125
0 0.4267113829157625 0.90771484375 0.004340106529887552 0.0068359375
0 0.42020122312093117 0.907470703125 0.006904714933912014 0.00634765625
0 0.2760406391793253 0.90576171875 0.00542513316235944 0.00390625
0 0.4029394357861511 0.903564453125 0.0013809429867824028 0.00244140625
0 0.2840303807457092 0.90478515625 0.002465969619254291 0.0048828125
0 0.13518445452752023 0.90380859375 0.0014795817715525744 0.00390625
0 0.09355888735450779 0.902587890625 0.0014795817715525744 0.00244140625
0 0.38469126060366937 0.90234375 0.002170053264943776 0.0029296875
0 0.4102880252515289 0.90185546875 0.0028605247583349774 0.0029296875
0 0.26819885579009667 0.901611328125 0.0017754981258630894 0.00244140625
0 0.1078121917537976 0.90185546875 0.0011836654172420597 0.0029296875
0 0.25927204576839613 0.90087890625 0.0006904714933912014 0.001953125
0 0.528753205760505 0.900146484375 0.005227855592819097 0.00537109375
0 0.1272440323535214 0.898193359375 0.0013809429867824028 0.00244140625
0 0.27589268100217007 0.89892578125 0.0023673308344841193 0.0048828125
0 0.5441408561846518 0.8974609375 0.002663247188794634 0.0029296875
0 0.5249062931544684 0.896728515625 0.001085026632471888 0.00244140625
0 0.2931544683369501 0.899658203125 0.003156441112645492 0.00830078125
0 0.2826494377589268 0.89794921875 0.002663247188794634 0.0048828125
0 0.27066482540935094 0.89599609375 0.0011836654172420597 0.00390625
0 0.12502465969619253 0.89599609375 0.0016768593410929177 0.00390625
0 0.11165910435983428 0.895751953125 0.0019727756954034327 0.00341796875
0 0.30020714144801736 0.8955078125 0.002071414480173604 0.00390625
0 0.09750443874531466 0.89501953125 0.002071414480173604 0.0029296875
0 0.30222923653580586 0.89404296875 0.0009863878477017164 0.0029296875
0 0.2791477608995857 0.89453125 0.002170053264943776 0.00390625
0 0.4076247780627343 0.892578125 0.0014795817715525744 0.001953125
0 0.29601499309528506 0.893310546875 0.005721049516669955 0.01220703125
0 0.2854113237324916 0.888671875 0.005030578023278753 0.0087890625
0 0.0935095679621227 0.8857421875 0.0011836654172420597 0.0029296875
0 0.27500493193923853 0.886962890625 0.005918327086210298 0.00634765625
0 0.3001085026632472 0.88427734375 0.0016768593410929177 0.0029296875
0 0.09523574669560071 0.8837890625 0.001085026632471888 0.0029296875
0 0.29492996646281316 0.884521484375 0.009469323337936477 0.00830078125
0 0.09760307753008483 0.87939453125 0.001085026632471888 0.001953125
0 0.544831327678043 0.8798828125 0.002465969619254291 0.00390625
0 0.28210692444269087 0.87939453125 0.0027618859735648055 0.0029296875
0 0.0921286249753403 0.879150390625 0.003748273821266522 0.00439453125
0 0.5564213848885382 0.876953125 0.004142828960347208 0.00390625
0 0.41378970211087 0.875732421875 0.001578220556322746 0.00244140625
0 0.29108305385677646 0.877197265625 0.007101992503452358 0.00537109375
0 0.41033734464391397 0.876220703125 0.0033537186821858355 0.00439453125
0 0.09291773525350168 0.874267578125 0.0013809429867824028 0.00244140625
0 0.09740579996054449 0.873291015625 0.002465969619254291 0.00244140625
0 0.5585421187610968 0.87353515625 0.0016768593410929177 0.00390625
0 0.5473466166896824 0.87255859375 0.0017754981258630894 0.0029296875
0 0.28255079897415664 0.8720703125 0.0022686920497139475 0.0029296875
0 0.2777174985204182 0.87158203125 0.002663247188794634 0.0029296875
0 0.26745906490432036 0.87109375 0.002071414480173604 0.00390625
0 0.41571315841388834 0.869384765625 0.004636022884198066 0.00537109375
0 0.5466561451962911 0.867431640625 0.003748273821266522 0.00244140625
0 0.28812389031367136 0.869873046875 0.0017754981258630894 0.00732421875
0 0.09523574669560071 0.866455078125 0.0022686920497139475 0.00341796875
0 0.11950088774906294 0.864013671875 0.0030578023278753207 0.00244140625
0 0.41462813178141644 0.86279296875 0.001874136910633261 0.0029296875
0 0.524709015584928 0.86181640625 0.002663247188794634 0.0029296875
0 0.40096666009074766 0.860595703125 0.002170053264943776 0.00244140625
0 0.2778654566975735 0.863525390625 0.005721049516669955 0.00830078125
0 0.2738705859143815 0.860595703125 0.0028605247583349774 0.00341796875
0 0.5173604261195502 0.858154296875 0.002170053264943776 0.00244140625
0 0.0910929177352535 0.85791015625 0.0016768593410929177 0.001953125
0 0.5326987571513119 0.85693359375 0.001874136910633261 0.0029296875
0 0.5361511146182679 0.85693359375 0.003452357466956007 0.00390625
0 0.4198559873742356 0.85498046875 0.00424146774511738 0.00390625
0 0.4161570329453541 0.853759765625 0.004340106529887552 0.00439453125
0 0.523525350167686 0.851806640625 0.002663247188794634 0.00244140625
0 0.544831327678043 0.85107421875 0.0012823042020122311 0.001953125
0 0.2847701716314855 0.857666015625 0.006707437364371671 0.01611328125
0 0.42375221937265733 0.850341796875 0.0011836654172420597 0.00244140625
0 0.1063819293746301 0.849853515625 0.001085026632471888 0.00244140625
0 0.13000591832708622 0.84619140625 0.000789110278161373 0.001953125
0 0.40693430656934304 0.844482421875 0.0006904714933912014 0.00244140625
0 0.5378772933517459 0.84423828125 0.0011836654172420597 0.0029296875
0 0.4239494969421977 0.845458984375 0.004537384099427895 0.00537109375
0 0.0935095679621227 0.843994140625 0.0011836654172420597 0.00341796875
0 0.41739001775498125 0.84375 0.0030578023278753207 0.00390625
0 0.28703886368119946 0.843994140625 0.0025646084040244622 0.00439453125
0 0.4211876109686329 0.841796875 0.0017754981258630894 0.00390625
0 0.2742651410534622 0.83837890625 0.0012823042020122311 0.001953125
0 0.31337541921483525 0.8388671875 0.003156441112645492 0.00390625
0 0.28985006904714933 0.8369140625 0.0022686920497139475 0.0029296875
0 0.2825014795817716 0.83740234375 0.003550996251726179 0.00390625
0 0.0990826593016374 0.83642578125 0.001874136910633261 0.001953125
0 0.4197080291970803 0.837158203125 0.0023673308344841193 0.00537109375
0 0.27776681791280333 0.834228515625 0.0023673308344841193 0.00244140625
0 0.41462813178141644 0.83349609375 0.0014795817715525744 0.001953125
0 0.5285066087985796 0.830810546875 0.0027618859735648055 0.00439453125
0 0.29123101203393176 0.831298828125 0.010357072400868021 0.00537109375
0 0.5031564411126455 0.830810546875 0.004734661668968239 0.00537109375
0 0.3011935292957191 0.82958984375 0.0030578023278753207 0.00390625
0 0.3095285066087986 0.828125 0.0017754981258630894 0.0029296875
0 0.11456894851055435 0.822509765625 0.0022686920497139475 0.00341796875
0 0.2783093312290393 0.821533203125 0.001085026632471888 0.00244140625
0 0.2916255671730124 0.822998046875 0.00424146774511738 0.00830078125
0 0.27441309923061746 0.819580078125 0.001578220556322746 0.00244140625
0 0.300009863878477 0.81982421875 0.001085026632471888 0.00390625
0 0.2874334188202801 0.821044921875 0.0025646084040244622 0.00634765625
0 0.2974945748668376 0.81884765625 0.0019727756954034327 0.0029296875
0 0.3035115407378181 0.81884765625 0.0025646084040244622 0.00390625
0 0.2929571907674097 0.81884765625 0.002959163543105149 0.0068359375
0 0.2826494377589268 0.8154296875 0.004636022884198066 0.0078125
0 0.2934503846912606 0.81201171875 0.002170053264943776 0.00390625
0 0.2904419017557704 0.811767578125 0.0016768593410929177 0.00341796875
0 0.299418031169856 0.810546875 0.0028605247583349774 0.00390625
0 0.42232195699348984 0.809326171875 0.004044190175577037 0.00439453125
0 0.2733773919905307 0.80859375 0.002071414480173604 0.0029296875
0 0.28038074570921284 0.8076171875 0.0036496350364963502 0.00390625
0 0.41882028013414874 0.803955078125 0.0023673308344841193 0.00244140625
0 0.2822548826198461 0.8037109375 0.0016768593410929177 0.0029296875
0 0.27584336160978495 0.8037109375 0.003255079897415664 0.0029296875
0 0.4218780824620241 0.800048828125 0.0033537186821858355 0.00244140625
0 0.280479384493983 0.799560546875 0.002663247188794634 0.00244140625
0 0.5508482935490234 0.80029296875 0.004636022884198066 0.0048828125
0 0.5513908068652594 0.797607421875 0.001578220556322746 0.00244140625
0 0.5352633655553364 0.796875 0.0028605247583349774 0.001953125
0 0.274117182876307 0.797119140625 0.0023673308344841193 0.00244140625
0 0.44352929571907673 0.796142578125 0.0014795817715525744 0.00244140625
0 0.5255967646478595 0.79736328125 0.0044387453146577235 0.0068359375
0 0.29132965081870194 0.79541015625 0.002465969619254291 0.0029296875
0 0.44165515880844347 0.79443359375 0.0014795817715525744 0.001953125
0 0.4294239494969422 0.795166015625 0.002465969619254291 0.00341796875
0 0.43519431840599726 0.79443359375 0.0013809429867824028 0.0029296875
0 0.4320871966857368 0.79248046875 0.0022686920497139475 0.0029296875
0 0.5352140461629513 0.792236328125 0.0023673308344841193 0.00439453125
0 0.5508976129414086 0.79150390625 0.0011836654172420597 0.00390625
0 0.5526731110672717 0.7880859375 0.001578220556322746 0.0029296875
0 0.4228151509173407 0.78857421875 0.002465969619254291 0.00390625
0 0.570082856579207 0.787109375 0.0014795817715525744 0.001953125
0 0.5619451568356678 0.788818359375 0.002959163543105149 0.00537109375
0 0.5567666206352337 0.789306640625 0.00542513316235944 0.00732421875
0 0.28245216018938646 0.7861328125 0.0008877490629315447 0.001953125
0 0.5468041033734464 0.785888671875 0.001085026632471888 0.00244140625
0 0.2927105938054843 0.785888671875 0.001085026632471888 0.00244140625
0 0.5745216018938647 0.78515625 0.0022686920497139475 0.0029296875
0 0.4263168277766818 0.785888671875 0.002959163543105149 0.00634765625
0 0.29468336950088775 0.783203125 0.001874136910633261 0.0029296875
0 0.2783093312290393 0.782470703125 0.0014795817715525744 0.00244140625
0 0.570132175971592 0.78271484375 0.0027618859735648055 0.00390625
0 0.2916255671730124 0.781982421875 0.001085026632471888 0.00244140625
0 0.28846912606036695 0.781982421875 0.002465969619254291 0.00244140625
0 0.4282896034720852 0.779296875 0.004931939238508582 0.0029296875
0 0.5091240875912408 0.77880859375 0.002663247188794634 0.0029296875
0 0.5399980272243046 0.77783203125 0.002071414480173604 0.001953125
0 0.513168277766818 0.77783203125 0.003452357466956007 0.0029296875
0 0.5177056618662458 0.78125 0.00483330045373841 0.0107421875
0 0.28590451765634245 0.77587890625 0.001085026632471888 0.001953125
0 0.42592227263760113 0.775146484375 0.0009863878477017164 0.00244140625
0 0.5201716314855 0.774169921875 0.002071414480173604 0.00244140625
0 0.5644604458473071 0.774169921875 0.0012823042020122311 0.00341796875
0 0.5179029394357861 0.773681640625 0.001874136910633261 0.00244140625
0 0.28186032748076545 0.7734375 0.0012823042020122311 0.001953125
0 0.5443381337541922 0.7724609375 0.002465969619254291 0.001953125
0 0.585667784572894 0.773193359375 0.001874136910633261 0.00439453125
0 0.5471493391201421 0.7734375 0.003156441112645492 0.005859375
0 0.4332215427105938 0.771728515625 0.0023673308344841193 0.00341796875
0 0.4294239494969422 0.772216796875 0.005227855592819097 0.00634765625
0 0.2990727954231604 0.770751953125 0.0009863878477017164 0.00341796875
0 0.5516374038271848 0.769775390625 0.001874136910633261 0.00244140625
0 0.5401459854014599 0.77001953125 0.004142828960347208 0.0048828125
0 0.28980074965476427 0.768798828125 0.0011836654172420597 0.00244140625
0 0.5155849279936872 0.769287109375 0.001578220556322746 0.00537109375
0 0.556914578812389 0.765625 0.002170053264943776 0.0029296875
0 0.4763266916551588 0.76806640625 0.0033537186821858355 0.0078125
0 0.2824028407970014 0.765869140625 0.004537384099427895 0.00341796875
0 0.529887551785362 0.763671875 0.0013809429867824028 0.001953125
0 0.5145985401459854 0.763916015625 0.003748273821266522 0.00341796875
0 0.47509370684553165 0.76220703125 0.0022686920497139475 0.0029296875
0 0.4411126454922075 0.76220703125 0.0027618859735648055 0.0029296875
0 0.2803314263168278 0.761962890625 0.001578220556322746 0.00244140625
0 0.5441408561846518 0.76171875 0.002465969619254291 0.0029296875
0 0.5348688104162557 0.7646484375 0.0036496350364963502 0.0087890625
0 0.5253501676859341 0.762451171875 0.003550996251726179 0.00439453125
0 0.47795423160386663 0.7607421875 0.0008877490629315447 0.001953125
0 0.29507792463996846 0.759521484375 0.002465969619254291 0.00244140625
0 0.3043499704083646 0.7587890625 0.001874136910633261 0.001953125
0 0.28457289406194514 0.758544921875 0.000789110278161373 0.00244140625
0 0.5112448214637996 0.7578125 0.001578220556322746 0.001953125
0 0.5073485894653778 0.757568359375 0.002465969619254291 0.00537109375
0 0.5403432629710002 0.7548828125 0.001578220556322746 0.001953125
0 0.7207536003156441 0.75634765625 0.001578220556322746 0.005859375
0 0.5382718484908265 0.75732421875 0.004734661668968239 0.0078125
0 0.5248569737620833 0.755615234375 0.0025646084040244622 0.00439453125
0 0.5335865062142434 0.755126953125 0.0022686920497139475 0.00439453125
0 0.6082067468928782 0.75390625 0.0019727756954034327 0.00390625
0 0.5387157230222923 0.753173828125 0.0008877490629315447 0.00244140625
0 0.5274709015584927 0.7529296875 0.0008877490629315447 0.001953125
0 0.441951075162754 0.756591796875 0.0044387453146577235 0.00927734375
0 0.530479384493983 0.75439453125 0.0027618859735648055 0.005859375
0 0.5167685934109292 0.756591796875 0.004537384099427895 0.01025390625
0 0.4641448017360426 0.75390625 0.0014795817715525744 0.0048828125
0 0.7276583152495562 0.751953125 0.0039455513908068654 0.0029296875
0 0.5871966857368317 0.753662109375 0.0019727756954034327 0.00634765625
0 0.5167192740185441 0.751708984375 0.0014795817715525744 0.00244140625
0 0.5428092325902545 0.751953125 0.0017754981258630894 0.00390625
0 0.5198263957388045 0.752685546875 0.0039455513908068654 0.00537109375
0 0.5129710001972776 0.75390625 0.0030578023278753207 0.0078125
0 0.5927204576839613 0.75146484375 0.0033537186821858355 0.00390625
0 0.5791083053856777 0.7509765625 0.0025646084040244622 0.0029296875
0 0.5991319786940225 0.751708984375 0.003156441112645492 0.00537109375
0 0.5894160583941606 0.752197265625 0.002663247188794634 0.00634765625
0 0.5363977115801933 0.750244140625 0.0013809429867824028 0.00244140625
0 0.4795817715525745 0.749267578125 0.0013809429867824028 0.00341796875
0 0.32175971592029984 0.74853515625 0.0011836654172420597 0.001953125
0 0.44209903333990924 0.748046875 0.0009863878477017164 0.001953125
0 0.430459656737029 0.748779296875 0.0025646084040244622 0.00341796875
0 0.6010554349970408 0.7490234375 0.003255079897415664 0.0048828125
0 0.48372460051292165 0.749267578125 0.004142828960347208 0.00634765625
0 0.428733478003551 0.750732421875 0.0022686920497139475 0.00927734375
0 0.5771355296902743 0.7490234375 0.0017754981258630894 0.0068359375
0 0.5978496744920102 0.748046875 0.002959163543105149 0.005859375
0 0.5940520812783586 0.7470703125 0.003255079897415664 0.0048828125
0 0.5480864075754587 0.746337890625 0.0030578023278753207 0.00341796875
0 0.5325507989741567 0.745849609375 0.0009863878477017164 0.00244140625
0 0.5185440915367923 0.74755859375 0.0023673308344841193 0.005859375
0 0.5442888143618071 0.745361328125 0.0023673308344841193 0.00244140625
0 0.30060169658709807 0.745361328125 0.0014795817715525744 0.00244140625
0 0.7234168475044388 0.748291015625 0.005721049516669955 0.01025390625
0 0.5542020122312094 0.74462890625 0.002071414480173604 0.0029296875
0 0.527618859735648 0.74462890625 0.0011836654172420597 0.0029296875
0 0.4641941211284277 0.744140625 0.0011836654172420597 0.001953125
0 0.5348688104162557 0.74462890625 0.0022686920497139475 0.00390625
0 0.5085815742750049 0.7451171875 0.0011836654172420597 0.0048828125
0 0.49210889721838624 0.743896484375 0.0011836654172420597 0.00244140625
0 0.4834286841586112 0.74365234375 0.0017754981258630894 0.001953125
0 0.4806667981850464 0.74462890625 0.0017754981258630894 0.00390625
0 0.4669066877096074 0.743896484375 0.0008877490629315447 0.00244140625
0 0.5723022292365358 0.74609375 0.008088380351154074 0.0078125
0 0.5660386664036299 0.744140625 0.0028605247583349774 0.00390625
0 0.5634247386072203 0.743896484375 0.0017754981258630894 0.00341796875
0 0.47593213651607813 0.744140625 0.0019727756954034327 0.00390625
0 0.47341684750443874 0.742919921875 0.0014795817715525744 0.00244140625
0 0.5820181495363977 0.747802734375 0.0038469126060366936 0.01318359375
0 0.5502071414480174 0.741943359375 0.0013809429867824028 0.00244140625
0 0.5449792858551983 0.74169921875 0.0009863878477017164 0.001953125
0 0.43164332215427104 0.74267578125 0.0023673308344841193 0.00390625
0 0.5101104754389426 0.7421875 0.001874136910633261 0.00390625
0 0.5728447425527717 0.741455078125 0.0012823042020122311 0.00341796875
0 0.5708719668573683 0.74072265625 0.001085026632471888 0.001953125
0 0.4700138094298678 0.742431640625 0.003156441112645492 0.00634765625
0 0.4659202998619057 0.740966796875 0.001874136910633261 0.00341796875
0 0.4636516078121918 0.740234375 0.0014795817715525744 0.0029296875
0 0.4408660485302821 0.740478515625 0.0030578023278753207 0.00341796875
0 0.529887551785362 0.7412109375 0.003748273821266522 0.0068359375
0 0.4923061747879266 0.7392578125 0.0025646084040244622 0.0029296875
0 0.45630301834681397 0.73828125 0.0011836654172420597 0.001953125
0 0.42577431446044584 0.73828125 0.0012823042020122311 0.001953125
0 0.5762477806273427 0.739013671875 0.003550996251726179 0.00439453125
0 0.4815545472479779 0.73779296875 0.0011836654172420597 0.0029296875
0 0.437364371670941 0.741455078125 0.005523771947129611 0.01025390625
0 0.4788913000591833 0.738525390625 0.002959163543105149 0.00537109375
0 0.4734661668968238 0.736572265625 0.0011836654172420597 0.00244140625
0 0.5328960347208522 0.73681640625 0.003452357466956007 0.00390625
0 0.433912014203985 0.73583984375 0.001578220556322746 0.001953125
0 0.48757151311895836 0.73583984375 0.0017754981258630894 0.0029296875
0 0.4353422765831525 0.7353515625 0.0006904714933912014 0.001953125
0 0.5795028605247583 0.735107421875 0.003748273821266522 0.00244140625
0 0.44762280528703885 0.736083984375 0.002959163543105149 0.00439453125
0 0.44259222726376013 0.73486328125 0.0011836654172420597 0.001953125
0 0.5504044190175577 0.734619140625 0.003156441112645492 0.00244140625
0 0.7258828171236931 0.736328125 0.0039455513908068654 0.0068359375
0 0.5745216018938647 0.73388671875 0.001085026632471888 0.001953125
0 0.5358551982639573 0.73388671875 0.0008877490629315447 0.001953125
0 0.4851055434997041 0.73388671875 0.001578220556322746 0.001953125
0 0.4973367528112054 0.734375 0.0023673308344841193 0.00390625
0 0.49191161964884594 0.734619140625 0.0023673308344841193 0.00439453125
0 0.4898895245610574 0.7333984375 0.001085026632471888 0.001953125
0 0.47139475241665024 0.7353515625 0.0027618859735648055 0.005859375
0 0.5675182481751825 0.73388671875 0.00542513316235944 0.00390625
0 0.47534030380745707 0.736572265625 0.0039455513908068654 0.00927734375
0 0.5871966857368317 0.733154296875 0.003156441112645492 0.00439453125
0 0.5135135135135135 0.73193359375 0.0019727756954034327 0.001953125
0 0.6037680015782205 0.731689453125 0.0027618859735648055 0.00244140625
0 0.5560761491418426 0.732177734375 0.002465969619254291 0.00341796875
0 0.5447820082856579 0.7314453125 0.0013809429867824028 0.0029296875
0 0.5113434602485697 0.732177734375 0.001578220556322746 0.00439453125
0 0.5072499506806076 0.73193359375 0.0014795817715525744 0.00390625
0 0.47238114026435196 0.731201171875 0.0011836654172420597 0.00244140625
0 0.45768396133359635 0.731689453125 0.0017754981258630894 0.00341796875
0 0.6921483527322944 0.732177734375 0.001578220556322746 0.00537109375
0 0.5954330242651411 0.73193359375 0.006016965870980469 0.0048828125
0 0.5020714144801736 0.732666015625 0.0019727756954034327 0.00634765625
0 0.4816531860327481 0.732421875 0.0019727756954034327 0.0068359375
0 0.5614026435194318 0.73095703125 0.006411521010061156 0.0048828125
0 0.5246103768001579 0.729736328125 0.0008877490629315447 0.00244140625
0 0.5208621029788914 0.731201171875 0.0028605247583349774 0.00537109375
0 0.49492010258433616 0.733154296875 0.0022686920497139475 0.00927734375
0 0.7202110869994082 0.7294921875 0.002465969619254291 0.0029296875
0 0.5771848490826593 0.730712890625 0.0028605247583349774 0.00537109375
0 0.49057999605444863 0.729248046875 0.0038469126060366936 0.00244140625
0 0.469520615506017 0.729736328125 0.0017754981258630894 0.00341796875
0 0.45433024265141053 0.731201171875 0.0039455513908068654 0.00634765625
0 0.5171631485500099 0.732421875 0.003156441112645492 0.009765625
0 0.6003649635036497 0.72900390625 0.0038469126060366936 0.00390625
0 0.5144505819688301 0.728271484375 0.0008877490629315447 0.00244140625
0 0.5433024265141053 0.72802734375 0.0019727756954034327 0.0029296875
0 0.49393371473663444 0.728759765625 0.0012823042020122311 0.00439453125
0 0.4453047938449398 0.729736328125 0.005227855592819097 0.00634765625
0 0.6029788913000592 0.727783203125 0.0009863878477017164 0.00341796875
0 0.5903038074570921 0.729736328125 0.0036496350364963502 0.00732421875
0 0.5372854606431249 0.729248046875 0.003748273821266522 0.00634765625
0 0.47593213651607813 0.7275390625 0.0011836654172420597 0.0029296875
0 0.463799565989347 0.72705078125 0.001578220556322746 0.001953125
0 0.5802919708029197 0.72900390625 0.002959163543105149 0.0068359375
0 0.5176563424738607 0.72607421875 0.0011836654172420597 0.001953125
0 0.4595580982442296 0.727294921875 0.0017754981258630894 0.00439453125
0 0.4496449003748274 0.72998046875 0.003452357466956007 0.009765625
0 0.4399289800749655 0.72900390625 0.0039455513908068654 0.0078125
0 0.5749654764253305 0.725830078125 0.002959163543105149 0.00244140625
0 0.6400177549812587 0.7275390625 0.004044190175577037 0.0068359375
0 0.5600710199250345 0.725341796875 0.000789110278161373 0.00244140625
0 0.7269185243637798 0.728759765625 0.00976523969224699 0.01025390625
0 0.4822943381337542 0.724365234375 0.001085026632471888 0.00146484375
0 0.4621227066482541 0.72705078125 0.0019727756954034327 0.0068359375
0 0.45571118563819296 0.72509765625 0.0027618859735648055 0.0029296875
0 0.5217005326494377 0.724365234375 0.000789110278161373 0.00244140625
0 0.46636417439337147 0.725341796875 0.0019727756954034327 0.00439453125
0 0.5688005523771947 0.726806640625 0.0030578023278753207 0.00830078125
0 0.605740777273624 0.72265625 0.0011836654172420597 0.001953125
0 0.5972085223910042 0.723388671875 0.0028605247583349774 0.00341796875
0 0.7185835470507004 0.723388671875 0.0011836654172420597 0.00439453125
0 0.7221345433024265 0.72216796875 0.0033537186821858355 0.0029296875
0 0.5378279739593608 0.721923828125 0.002071414480173604 0.00244140625
0 0.5100118366541724 0.721923828125 0.0012823042020122311 0.00244140625
0 0.4364273032156244 0.723876953125 0.0036496350364963502 0.00634765625
0 0.5677648451371079 0.720947265625 0.0009863878477017164 0.00244140625
0 0.4600019727756954 0.720703125 0.001085026632471888 0.001953125
0 0.7114322351548629 0.720703125 0.001085026632471888 0.00390625
0 0.6037680015782205 0.722412109375 0.003550996251726179 0.00732421875
0 0.512083251134346 0.720947265625 0.0022686920497139475 0.00439453125
0 0.5061649240481357 0.719482421875 0.001085026632471888 0.00146484375
0 0.4853521404616295 0.7197265625 0.0014795817715525744 0.001953125
0 0.46429275991319785 0.7197265625 0.0017754981258630894 0.001953125
0 0.450581968830144 0.721923828125 0.005721049516669955 0.00634765625
0 0.7193726573288617 0.72021484375 0.0009863878477017164 0.00390625
0 0.4937857565594792 0.720703125 0.0025646084040244622 0.0048828125
0 0.4901854409153679 0.7197265625 0.0014795817715525744 0.0029296875
0 0.43805484316433224 0.720703125 0.003748273821266522 0.0048828125
0 0.6064312487670152 0.718994140625 0.0011836654172420597 0.00244140625
0 0.5644604458473071 0.7197265625 0.0016768593410929177 0.00390625
0 0.5148451371079108 0.71875 0.0008877490629315447 0.001953125
0 0.4332215427105938 0.72021484375 0.0017754981258630894 0.0048828125
0 0.6992010258433616 0.718994140625 0.0022686920497139475 0.00439453125
0 0.5079897415663839 0.7177734375 0.0009863878477017164 0.001953125
0 0.5022686920497139 0.7177734375 0.0019727756954034327 0.001953125
0 0.6918524363779838 0.7177734375 0.0019727756954034327 0.0029296875
0 0.697721444071809 0.71728515625 0.002663247188794634 0.0029296875
0 0.5441408561846518 0.71923828125 0.002663247188794634 0.0068359375
0 0.45635233773919903 0.716796875 0.0014795817715525744 0.001953125
0 0.6157526139277965 0.716796875 0.0014795817715525744 0.0029296875
0 0.4864371670941014 0.716552734375 0.0008877490629315447 0.00244140625
0 0.4821463799565989 0.7177734375 0.0017754981258630894 0.0048828125
0 0.6307950286052476 0.716552734375 0.0011836654172420597 0.00341796875
0 0.5595778260011837 0.716064453125 0.000789110278161373 0.00244140625
0 0.7304202012231209 0.71630859375 0.0013809429867824028 0.00390625
0 0.5263365555336358 0.715576171875 0.002959163543105149 0.00244140625
0 0.49334188202801343 0.71533203125 0.0014795817715525744 0.001953125
0 0.44550207141448017 0.71533203125 0.0008877490629315447 0.001953125
0 0.7191753797593213 0.717041015625 0.005918327086210298 0.00634765625
0 0.6010554349970408 0.71630859375 0.0038469126060366936 0.0048828125
0 0.5471000197277569 0.715576171875 0.0030578023278753207 0.00439453125
0 0.47030972578417835 0.71630859375 0.0019727756954034327 0.005859375
0 0.4348984020516867 0.71484375 0.003156441112645492 0.0029296875
0 0.5058196883014401 0.714599609375 0.002959163543105149 0.00341796875
0 0.7253403038074571 0.716552734375 0.0038469126060366936 0.00830078125
0 0.62354507792464 0.713623046875 0.0012823042020122311 0.00244140625
0 0.5378279739593608 0.71435546875 0.0016768593410929177 0.0048828125
0 0.461481554547248 0.712890625 0.0014795817715525744 0.001953125
0 0.5786644308542119 0.7138671875 0.002663247188794634 0.0048828125
0 0.5008384296705465 0.712646484375 0.0014795817715525744 0.00244140625
0 0.542513316235944 0.712158203125 0.0033537186821858355 0.00244140625
0 0.6688695995265338 0.7119140625 0.000789110278161373 0.0029296875
0 0.44224699151706454 0.711669921875 0.001874136910633261 0.00244140625
0 0.42814164529493 0.711669921875 0.0022686920497139475 0.00244140625
0 0.605790096666009 0.71337890625 0.0038469126060366936 0.0068359375
0 0.4784967449201026 0.7109375 0.001578220556322746 0.001953125
0 0.7184355888735451 0.71044921875 0.0012823042020122311 0.001953125
0 0.4832314065890708 0.710693359375 0.0017754981258630894 0.00244140625
0 0.7266226080094693 0.710205078125 0.002663247188794634 0.00244140625
0 0.44767212467942397 0.71044921875 0.0012823042020122311 0.0029296875
0 0.6973268889327283 0.71142578125 0.0036496350364963502 0.005859375
0 0.6404123101203393 0.709716796875 0.002071414480173604 0.00244140625
0 0.5919313474058 0.709716796875 0.000789110278161373 0.00244140625
0 0.7330341290195305 0.708740234375 0.0008877490629315447 0.00244140625
0 0.7136022884198067 0.70947265625 0.001874136910633261 0.00390625
0 0.5611560465575064 0.708740234375 0.0017754981258630894 0.00244140625
0 0.5420201223120931 0.708740234375 0.0013809429867824028 0.00244140625
0 0.6330144012625765 0.71044921875 0.0030578023278753207 0.0068359375
0 0.4550207141448017 0.708740234375 0.0025646084040244622 0.00341796875
0 0.5105543499704084 0.70751953125 0.000789110278161373 0.001953125
0 0.49048135726967845 0.707763671875 0.0014795817715525744 0.00244140625
0 0.43997829946735056 0.70849609375 0.002071414480173604 0.00390625
0 0.7295324521601894 0.7080078125 0.0027618859735648055 0.0048828125
0 0.7163641743933715 0.708740234375 0.002663247188794634 0.00634765625
0 0.6686723219569934 0.707275390625 0.003748273821266522 0.00341796875
0 0.5387157230222923 0.708251953125 0.0016768593410929177 0.00537109375
0 0.5064115210100611 0.70654296875 0.0009863878477017164 0.001953125
0 0.4673998816334583 0.706787109375 0.0012823042020122311 0.00244140625
0 0.7002367330834484 0.7099609375 0.0027618859735648055 0.009765625
0 0.5233280725981456 0.7060546875 0.001874136910633261 0.001953125
0 0.4494969421976721 0.707275390625 0.0013809429867824028 0.00439453125
0 0.6186624580785165 0.709228515625 0.0051292168080489245 0.00927734375
0 0.5950384691260604 0.7060546875 0.0008877490629315447 0.0029296875
0 0.48870585914381537 0.706298828125 0.0014795817715525744 0.00341796875
0 0.4644900374827382 0.707763671875 0.002959163543105149 0.00634765625
0 0.7210988360623397 0.70654296875 0.0038469126060366936 0.0048828125
0 0.5969619254290787 0.70556640625 0.0025646084040244622 0.0029296875
0 0.5129710001972776 0.708251953125 0.0036496350364963502 0.00830078125
0 0.7079798776879069 0.705810546875 0.001874136910633261 0.00439453125
0 0.6297100019727757 0.705810546875 0.0011836654172420597 0.00439453125
0 0.5732392976918524 0.70458984375 0.0008877490629315447 0.001953125
0 0.6849970408364568 0.705078125 0.0022686920497139475 0.00390625
0 0.5799960544486092 0.70654296875 0.005918327086210298 0.0068359375
0 0.5504044190175577 0.70458984375 0.000789110278161373 0.0029296875
0 0.7260800946932334 0.7041015625 0.0023673308344841193 0.00390625
0 0.5878378378378378 0.703857421875 0.002071414480173604 0.00341796875
0 0.49427895048333004 0.703125 0.0009863878477017164 0.001953125
0 0.45151903728546067 0.704345703125 0.0016768593410929177 0.00537109375
0 0.6907180903531268 0.70263671875 0.0036496350364963502 0.0029296875
0 0.7203590451765635 0.702392578125 0.0009863878477017164 0.00341796875
0 0.4408660485302821 0.70166015625 0.0006904714933912014 0.001953125
0 0.6870684553166305 0.70263671875 0.002465969619254291 0.0048828125
0 0.6018938646675873 0.704345703125 0.003550996251726179 0.00830078125
0 0.5043894259222726 0.70166015625 0.003452357466956007 0.0029296875
0 0.4798283685144999 0.701904296875 0.0016768593410929177 0.00341796875
0 0.7138982047741171 0.703369140625 0.005030578023278753 0.00732421875
0 0.6065298875517854 0.701416015625 0.0011836654172420597 0.00341796875
0 0.6317320970605642 0.703125 0.0028605247583349774 0.0078125
0 0.5997731307950286 0.700927734375 0.003255079897415664 0.00341796875
0 0.5920793055829552 0.700439453125 0.0036496350364963502 0.00244140625
0 0.5559775103570724 0.700439453125 0.0014795817715525744 0.00244140625
0 0.5166699546261591 0.700439453125 0.0009863878477017164 0.00244140625
0 0.5102584336160978 0.70068359375 0.0013809429867824028 0.0029296875
0 0.7097060564213848 0.701416015625 0.0019727756954034327 0.00537109375
0 0.6239889524561057 0.703125 0.006510159794831328 0.0087890625
0 0.48900177549812585 0.700439453125 0.0014795817715525744 0.00341796875
0 0.43514499901361214 0.699951171875 0.0014795817715525744 0.00244140625
0 0.5014795817715526 0.701416015625 0.0019727756954034327 0.00634765625
0 0.6963898204774117 0.700927734375 0.0027618859735648055 0.00634765625
0 0.6194022489642927 0.700927734375 0.0022686920497139475 0.00732421875
0 0.6807062536989544 0.7001953125 0.006707437364371671 0.0068359375
0 0.49738607220359043 0.698486328125 0.001085026632471888 0.00341796875
0 0.6274906293154469 0.69775390625 0.001085026632471888 0.0029296875
0 0.45556322746103767 0.697509765625 0.0012823042020122311 0.00244140625
0 0.5605642138488853 0.697998046875 0.0017754981258630894 0.00537109375
0 0.7260800946932334 0.69775390625 0.003156441112645492 0.005859375
0 0.7052673111067271 0.696044921875 0.0011836654172420597 0.00244140625
0 0.46542710593805486 0.696044921875 0.0016768593410929177 0.00244140625
0 0.4471789307555731 0.696533203125 0.0022686920497139475 0.00341796875
0 0.5998224501874136 0.695556640625 0.001578220556322746 0.00244140625
0 0.6916058394160584 0.696044921875 0.001874136910633261 0.00439453125
0 0.5956303018346814 0.697998046875 0.004044190175577037 0.00830078125
0 0.5777273623988952 0.6962890625 0.0027618859735648055 0.0048828125
0 0.5434997040836457 0.6943359375 0.0013809429867824028 0.001953125
0 0.6343953442493588 0.69384765625 0.001085026632471888 0.001953125
0 0.6058887354507793 0.695068359375 0.0022686920497139475 0.00439453125
0 0.50572104951667 0.6953125 0.0019727756954034327 0.0048828125
0 0.7181396725192346 0.695068359375 0.006214243440520813 0.00537109375
0 0.7083251134346025 0.69384765625 0.0011836654172420597 0.0029296875
0 0.6679818504636023 0.6982421875 0.004142828960347208 0.01171875
0 0.6206352337739199 0.694091796875 0.0013809429867824028 0.00341796875
0 0.5845334385480371 0.69384765625 0.0017754981258630894 0.0029296875
0 0.528161373051884 0.6953125 0.0036496350364963502 0.005859375
0 0.6867725389623199 0.693359375 0.002071414480173604 0.0029296875
0 0.5716117577431447 0.69384765625 0.002170053264943776 0.00390625
0 0.7126652199644901 0.6943359375 0.0025646084040244622 0.005859375
0 0.6946636417439337 0.692626953125 0.0016768593410929177 0.00244140625
0 0.5096172815150918 0.6923828125 0.0012823042020122311 0.001953125
0 0.45122312093115013 0.69287109375 0.002071414480173604 0.00390625
0 0.7249950680607615 0.6923828125 0.0013809429867824028 0.00390625
0 0.5876405602682975 0.69140625 0.0012823042020122311 0.001953125
0 0.4624679423949497 0.69189453125 0.0008877490629315447 0.0029296875
0 0.4799763266916552 0.69091796875 0.000789110278161373 0.001953125
0 0.5688498717695798 0.6904296875 0.000789110278161373 0.001953125
0 0.4551193529295719 0.691162109375 0.002959163543105149 0.00341796875
0 0.7107417636614717 0.692138671875 0.002071414480173604 0.00634765625
0 0.6774511738015387 0.693603515625 0.004931939238508582 0.00927734375
0 0.6423850858157427 0.6904296875 0.0008877490629315447 0.0029296875
0 0.6105740777273624 0.6904296875 0.0039455513908068654 0.00390625
0 0.513168277766818 0.68994140625 0.0012823042020122311 0.0029296875
0 0.6627539948707832 0.689453125 0.0027618859735648055 0.0029296875
0 0.50290984415072 0.689697265625 0.0008877490629315447 0.00341796875
0 0.7025547445255474 0.68896484375 0.0012823042020122311 0.0029296875
0 0.5939534424935885 0.688720703125 0.0008877490629315447 0.00244140625
0 0.5668277766817913 0.68798828125 0.0014795817715525744 0.001953125
0 0.5100118366541724 0.68896484375 0.001874136910633261 0.00390625
0 0.6893371473663444 0.688232421875 0.002071414480173604 0.00341796875
0 0.7138488853817321 0.68896484375 0.0017754981258630894 0.005859375
0 0.581574275004932 0.690673828125 0.005721049516669955 0.00927734375
0 0.5639672519234563 0.68896484375 0.0014795817715525744 0.005859375
0 0.5989347011244821 0.687255859375 0.0017754981258630894 0.00341796875
0 0.4918623002564608 0.687255859375 0.0012823042020122311 0.00439453125
0 0.668425724995068 0.6865234375 0.002071414480173604 0.00390625
0 0.6604359834286841 0.6865234375 0.001085026632471888 0.00390625
0 0.6178733478003551 0.685546875 0.0011836654172420597 0.001953125
0 0.5914381534819491 0.68603515625 0.0013809429867824028 0.0029296875
0 0.48905109489051096 0.68603515625 0.002170053264943776 0.0029296875
0 0.6125961728151509 0.6875 0.002071414480173604 0.0068359375
0 0.6828269875715132 0.6865234375 0.0030578023278753207 0.005859375
0 0.6463306372065496 0.686767578125 0.0022686920497139475 0.00634765625
0 0.5577036890905505 0.6845703125 0.000789110278161373 0.001953125
0 0.7233182087196686 0.6845703125 0.0019727756954034327 0.0029296875
0 0.7121720260406392 0.685546875 0.001578220556322746 0.0048828125
0 0.6427303215624384 0.6845703125 0.004340106529887552 0.0029296875
0 0.5778260011836654 0.687255859375 0.003748273821266522 0.00830078125
0 0.6765634247386072 0.68505859375 0.0019727756954034327 0.0048828125
0 0.5745709212862498 0.68408203125 0.001578220556322746 0.0029296875
0 0.6932826987571513 0.68505859375 0.00424146774511738 0.005859375
0 0.6378477017163149 0.685546875 0.002465969619254291 0.009765625
0 0.48421779443677254 0.681640625 0.0011836654172420597 0.001953125
0 0.6687709607417637 0.681640625 0.0011836654172420597 0.0029296875
0 0.4815545472479779 0.681396484375 0.0009863878477017164 0.00244140625
0 0.47992700729927007 0.681396484375 0.0012823042020122311 0.00244140625
0 0.664381534819491 0.680419921875 0.0012823042020122311 0.00244140625
0 0.6906194515683567 0.680908203125 0.0014795817715525744 0.00439453125
0 0.6606332609982245 0.680908203125 0.0028605247583349774 0.00439453125
0 0.7065496153087394 0.680419921875 0.002170053264943776 0.00439453125
0 0.6182679029394358 0.68017578125 0.0009863878477017164 0.00390625
0 0.6874630104557112 0.678466796875 0.0008877490629315447 0.00244140625
0 0.46192542907871376 0.678955078125 0.003748273821266522 0.00341796875
0 0.5947425527717498 0.678466796875 0.0038469126060366936 0.00439453125
0 0.6579700138094299 0.67724609375 0.001085026632471888 0.0029296875
0 0.5873939633063721 0.67578125 0.0013809429867824028 0.0029296875
0 0.6385874926020911 0.674560546875 0.0009863878477017164 0.00244140625
0 0.4941309923061748 0.674560546875 0.0014795817715525744 0.00244140625
0 0.7006806076149141 0.674072265625 0.0014795817715525744 0.00244140625
0 0.6635431051489445 0.671875 0.000789110278161373 0.001953125
0 0.6427303215624384 0.67236328125 0.0017754981258630894 0.0048828125
0 0.6544683369500888 0.670166015625 0.003748273821266522 0.00537109375
0 0.6202899980272243 0.665771484375 0.001085026632471888 0.00244140625
