0 0.5138587492602091 0.835205078125 0.002071414480173604 0.00537109375
0 0.3795620437956204 0.8291015625 0.0017754981258630894 0.005859375
0 0.38094298678240285 0.81591796875 0.0023673308344841193 0.0029296875
0 0.3768001578220556 0.80810546875 0.002959163543105149 0.0087890625
0 0.37842769777076346 0.775390625 0.0038469126060366936 0.005859375
0 0.2700236733083448 0.694091796875 0.00424146774511738 0.01513671875
0 0.37699743539159597 0.685302734375 0.0061156046557506415 0.00537109375
0 0.3770467547839811 0.66943359375 0.0066087985796014995 0.01953125
0 0.24220753600315645 0.66064453125 0.0036496350364963502 0.0029296875
0 0.17922667192740185 0.660888671875 0.010455711185638194 0.01904296875
0 0.25231801144209903 0.65478515625 0.005721049516669955 0.0126953125
0 0.24635036496350365 0.655029296875 0.0036496350364963502 0.01318359375
0 0.14830341290195304 0.64404296875 0.0008877490629315447 0.001953125
