0 0.2709607417636615 0.994873046875 0.002170053264943776 0.00732421875
0 0.2531564411126455 0.99267578125 0.0016768593410929177 0.0029296875
0 0.6539258236338529 0.98974609375 0.001874136910633261 0.0048828125
0 0.6582659301637404 0.992431640625 0.005227855592819097 0.01123046875
0 0.26060366936279344 0.984619140625 0.001578220556322746 0.00341796875
0 0.2583842967054646 0.984375 0.0016768593410929177 0.0029296875
0 0.6616196488459262 0.982666015625 0.0014795817715525744 0.00341796875
0 0.18524363779838232 0.98193359375 0.0011836654172420597 0.0029296875
0 0.6594495955809825 0.9853515625 0.00483330045373841 0.0107421875
0 0.6467251923456303 0.983154296875 0.002663247188794634 0.00732421875
0 0.23949496942197673 0.98095703125 0.0013809429867824028 0.0029296875
0 0.6536792266719273 0.980712890625 0.0025646084040244622 0.00439453125
0 0.6630499112250937 0.982177734375 0.002959163543105149 0.01220703125
0 0.24003748273821265 0.97607421875 0.001085026632471888 0.0029296875
0 0.2535016768593411 0.9755859375 0.0013809429867824028 0.0029296875
0 0.6566877096074176 0.9765625 0.002465969619254291 0.005859375
0 0.15831524955612547 0.97412109375 0.0009863878477017164 0.0029296875
0 0.6616196488459262 0.97119140625 0.002663247188794634 0.00390625
0 0.18509567962122705 0.969482421875 0.0006904714933912014 0.00244140625
0 0.23821266521996448 0.9677734375 0.001578220556322746 0.0048828125
0 0.6577234168475045 0.9658203125 0.0017754981258630894 0.0048828125
0 0.279295719076741 0.96484375 0.002465969619254291 0.0048828125
0 0.25547445255474455 0.959716796875 0.001578220556322746 0.00244140625
0 0.6707930558295522 0.959228515625 0.003452357466956007 0.00634765625
0 0.27465969619254293 0.958740234375 0.002663247188794634 0.00537109375
0 0.12734267113829156 0.95751953125 0.0011836654172420597 0.0029296875
0 0.2882718484908266 0.953369140625 0.002071414480173604 0.00341796875
0 0.6641842572499507 0.94873046875 0.005227855592819097 0.00390625
0 0.6604359834286841 0.9482421875 0.001874136910633261 0.0048828125
0 0.6630992306174788 0.944091796875 0.0008877490629315447 0.00244140625
0 0.6681791280331426 0.94287109375 0.0019727756954034327 0.0029296875
0 0.2675083842967055 0.941650390625 0.0017754981258630894 0.00341796875
0 0.2836851449990136 0.939453125 0.0013809429867824028 0.0029296875
0 0.23411915565200236 0.9384765625 0.001085026632471888 0.0029296875
0 0.6599921088972184 0.93798828125 0.003156441112645492 0.005859375
0 0.6653186032748076 0.935302734375 0.005721049516669955 0.00830078125
0 0.6669954626159006 0.92822265625 0.0019727756954034327 0.0048828125
0 0.6631485500098638 0.928466796875 0.004734661668968239 0.00537109375
0 0.25951864273032155 0.9267578125 0.0011836654172420597 0.0029296875
0 0.6696587098046952 0.927490234375 0.0023673308344841193 0.00634765625
0 0.2658315249556125 0.925048828125 0.002170053264943776 0.00244140625
0 0.659794831327678 0.9248046875 0.001578220556322746 0.0029296875
0 0.6635431051489445 0.921875 0.003550996251726179 0.0029296875
0 0.6554547247977905 0.92236328125 0.0017754981258630894 0.00390625
0 0.6604853028210692 0.92138671875 0.0017754981258630894 0.00390625
0 0.27130597751035707 0.91845703125 0.0022686920497139475 0.0029296875
0 0.6621128427697771 0.914794921875 0.0030578023278753207 0.00537109375
0 0.25715131189583745 0.9130859375 0.001578220556322746 0.0029296875
0 0.668918918918919 0.88818359375 0.001085026632471888 0.0029296875
0 0.2684947721444072 0.88525390625 0.0009863878477017164 0.001953125
0 0.6658117971986585 0.88037109375 0.003156441112645492 0.00390625
0 0.6599921088972184 0.875732421875 0.002170053264943776 0.00439453125
0 0.2536003156441113 0.8662109375 0.000789110278161373 0.001953125
0 0.6704478200828565 0.865478515625 0.000789110278161373 0.00244140625
0 0.668376405602683 0.865966796875 0.0019727756954034327 0.00439453125
0 0.666058394160584 0.864990234375 0.002071414480173604 0.00341796875
0 0.6728151509173407 0.8583984375 0.003550996251726179 0.0048828125
0 0.6662556717301242 0.855224609375 0.0016768593410929177 0.00439453125
0 0.6708916946143223 0.845703125 0.007989741566383901 0.0087890625
0 0.6675872953245217 0.8427734375 0.002170053264943776 0.0029296875
0 0.6755770368909055 0.837890625 0.004734661668968239 0.0048828125
0 0.6710396527914776 0.83740234375 0.003156441112645492 0.0048828125
0 0.6725685539554153 0.830322265625 0.001085026632471888 0.00244140625
0 0.6765634247386072 0.82763671875 0.0019727756954034327 0.0029296875
0 0.6739988163345828 0.825927734375 0.0017754981258630894 0.00341796875
0 0.675823633852831 0.823486328125 0.0008877490629315447 0.00244140625
0 0.6702505425133163 0.819091796875 0.0011836654172420597 0.00244140625
0 0.6780430065101598 0.8193359375 0.0025646084040244622 0.0068359375
0 0.674146774511738 0.81787109375 0.0038469126060366936 0.005859375
0 0.6713848885381732 0.8134765625 0.0016768593410929177 0.005859375
0 0.6723712763858749 0.802734375 0.0012823042020122311 0.0029296875
0 0.6842079305582955 0.800048828125 0.0012823042020122311 0.00341796875
0 0.6792759913197869 0.79736328125 0.002071414480173604 0.005859375
0 0.659745511935293 0.795166015625 0.0014795817715525744 0.00244140625
0 0.6778950483330045 0.794189453125 0.0008877490629315447 0.00244140625
0 0.6742454132965082 0.79150390625 0.001874136910633261 0.00390625
0 0.6767113829157625 0.78955078125 0.0014795817715525744 0.0029296875
0 0.7024561057407773 0.78515625 0.0008877490629315447 0.0029296875
0 0.6817419609390413 0.78515625 0.003255079897415664 0.0029296875
0 0.6861313868613139 0.784423828125 0.003748273821266522 0.00341796875
0 0.6915565200236733 0.783935546875 0.0017754981258630894 0.00634765625
0 0.7191753797593213 0.78076171875 0.001578220556322746 0.0029296875
0 0.6852436377983824 0.77880859375 0.002170053264943776 0.0029296875
0 0.6898796606825804 0.778076171875 0.0017754981258630894 0.00439453125
0 0.6800651015979483 0.777587890625 0.001874136910633261 0.00439453125
0 0.6934799763266917 0.77685546875 0.002071414480173604 0.0068359375
0 0.6722726376011048 0.7744140625 0.0016768593410929177 0.0029296875
0 0.6857861511146183 0.774169921875 0.0016768593410929177 0.00439453125
0 0.6908660485302821 0.772216796875 0.0013809429867824028 0.00341796875
0 0.6972775695403433 0.775390625 0.005523771947129611 0.01171875
0 0.7266226080094693 0.77001953125 0.0016768593410929177 0.0048828125
0 0.6929374630104557 0.769287109375 0.002170053264943776 0.00439453125
0 0.6926415466561452 0.7646484375 0.0011836654172420597 0.00390625
0 0.687364371670941 0.763916015625 0.0008877490629315447 0.00341796875
0 0.7259321365160781 0.763427734375 0.001085026632471888 0.00341796875
0 0.7168080489248373 0.762451171875 0.0009863878477017164 0.00244140625
0 0.7047247977904912 0.7626953125 0.0022686920497139475 0.0048828125
0 0.7294338133754192 0.765380859375 0.003748273821266522 0.01318359375
0 0.6938252120733872 0.76123046875 0.0023673308344841193 0.005859375
0 0.7108404024462419 0.761474609375 0.007595186427303216 0.00830078125
0 0.6803116985598737 0.755126953125 0.0025646084040244622 0.00537109375
0 0.6834681396725192 0.754638671875 0.003748273821266522 0.00634765625
0 0.7260800946932334 0.755126953125 0.004931939238508582 0.00927734375
0 0.6985598737423555 0.750732421875 0.0061156046557506415 0.00537109375
0 0.7027520220950878 0.749267578125 0.001874136910633261 0.00537109375
0 0.6933320181495364 0.749755859375 0.002170053264943776 0.00732421875
0 0.732787532057605 0.74755859375 0.0017754981258630894 0.0048828125
0 0.7273623988952456 0.748291015625 0.0019727756954034327 0.00634765625
0 0.7196685736831723 0.744873046875 0.002170053264943776 0.00341796875
0 0.7127638587492602 0.74365234375 0.0011836654172420597 0.0029296875
0 0.7238607220359046 0.745361328125 0.00424146774511738 0.00830078125
0 0.729877687906885 0.743896484375 0.002663247188794634 0.00634765625
0 0.7078319195107516 0.742431640625 0.0017754981258630894 0.00439453125
0 0.7161668968238312 0.73974609375 0.002071414480173604 0.00390625
0 0.7282994673505623 0.7373046875 0.0008877490629315447 0.0029296875
0 0.700532649437759 0.710205078125 0.0023673308344841193 0.00439453125
0 0.7133556914578812 0.708740234375 0.0025646084040244622 0.00732421875
0 0.662655356086013 0.705322265625 0.003748273821266522 0.00439453125
0 0.6768100217005326 0.7001953125 0.009173406983625962 0.0068359375
