0 0.5461136318800552 0.999267578125 0.002071414480173604 0.00146484375
0 0.5311698559873742 0.996826171875 0.003156441112645492 0.00244140625
0 0.5259913197869402 0.996826171875 0.004636022884198066 0.00634765625
0 0.648254093509568 0.995361328125 0.007891102781613731 0.00439453125
0 0.43119944762280527 0.99658203125 0.00897612941408562 0.0068359375
0 0.42473860722035905 0.994140625 0.004340106529887552 0.00390625
0 0.5180015782205564 0.995849609375 0.0066087985796014995 0.00830078125
0 0.4552179917143421 0.993896484375 0.005721049516669955 0.00537109375
0 0.4815052278555928 0.9951171875 0.009173406983625962 0.009765625
0 0.5446833695008878 0.99169921875 0.002959163543105149 0.00390625
0 0.5025646084040245 0.994140625 0.00966660090747682 0.009765625
0 0.539110278161373 0.988525390625 0.0016768593410929177 0.00341796875
0 0.49072795423160387 0.990966796875 0.006707437364371671 0.00830078125
0 0.5222923653580588 0.9921875 0.007101992503452358 0.013671875
0 0.5088281712369304 0.986572265625 0.002663247188794634 0.00244140625
0 0.44703097257841784 0.986083984375 0.00848293549023476 0.00732421875
0 0.5203689090550404 0.982666015625 0.0028605247583349774 0.00244140625
0 0.5068553955415269 0.98486328125 0.015683566778457288 0.0078125
0 0.4565496153087394 0.9833984375 0.009370684553166305 0.0048828125
0 0.5354606431248767 0.981689453125 0.0036496350364963502 0.00634765625
0 0.5122805287038864 0.97998046875 0.007397908857762872 0.00390625
0 0.4390412310120339 0.98486328125 0.009863878477017163 0.013671875
0 0.49970408364568947 0.9755859375 0.010652988755178536 0.0087890625
0 0.44081672913789705 0.974365234375 0.005326494377589268 0.00830078125
0 0.425281120536595 0.969482421875 0.001874136910633261 0.00244140625
0 0.4749457486683764 0.9697265625 0.00848293549023476 0.009765625
0 0.4297198658512527 0.966552734375 0.0028605247583349774 0.00634765625
0 0.45363977115801934 0.964599609375 0.004537384099427895 0.00439453125
0 0.44135924245413294 0.96728515625 0.01686723219569935 0.0107421875
0 0.4585223910041428 0.9638671875 0.006016965870980469 0.005859375
0 0.49985204182284476 0.962158203125 0.00542513316235944 0.00634765625
0 0.5486289208916946 0.959228515625 0.005918327086210298 0.00341796875
0 0.5428585519826395 0.955810546875 0.0044387453146577235 0.00341796875
0 0.44042217399881634 0.9560546875 0.005918327086210298 0.00390625
0 0.45590846320773326 0.957275390625 0.008088380351154074 0.00732421875
0 0.5053264943775893 0.955322265625 0.010061156046557506 0.00634765625
0 0.46394752416650226 0.95361328125 0.004044190175577037 0.0029296875
0 0.5353620043401065 0.950439453125 0.0077924639968435586 0.00830078125
0 0.4529986190570132 0.94775390625 0.004044190175577037 0.0029296875
0 0.4909252318011442 0.94482421875 0.0051292168080489245 0.0029296875
0 0.4798283685144999 0.943359375 0.008384296705464589 0.0048828125
0 0.5420201223120931 0.942138671875 0.0023673308344841193 0.00341796875
0 0.5005425133162359 0.94287109375 0.002663247188794634 0.0048828125
0 0.4596074176366147 0.943115234375 0.0077924639968435586 0.00537109375
0 0.7012724403235352 0.9404296875 0.0008877490629315447 0.001953125
0 0.41886959952653385 0.939453125 0.0014795817715525744 0.0029296875
0 0.5492700729927007 0.93701171875 0.004044190175577037 0.00390625
0 0.4622213454330243 0.935791015625 0.007496547642533044 0.00439453125
0 0.7001380942986782 0.93603515625 0.0027618859735648055 0.005859375
0 0.7075360031564412 0.934814453125 0.0027618859735648055 0.00439453125
0 0.5169658709804695 0.934814453125 0.010455711185638194 0.00830078125
0 0.4352929571907674 0.932861328125 0.004734661668968239 0.00634765625
0 0.7047741171828763 0.9306640625 0.0017754981258630894 0.0029296875
0 0.5036989544288815 0.932373046875 0.00424146774511738 0.00927734375
0 0.42991714342079307 0.930419921875 0.00483330045373841 0.00634765625
0 0.4962517261787335 0.931884765625 0.005326494377589268 0.01025390625
0 0.4735154862892089 0.92822265625 0.003255079897415664 0.0029296875
0 0.7076346419412113 0.92724609375 0.0011836654172420597 0.001953125
0 0.5088281712369304 0.9296875 0.006806076149141842 0.0068359375
0 0.46019925034523573 0.929931640625 0.015091734069836259 0.00830078125
0 0.7043302426514105 0.926513671875 0.0036496350364963502 0.00341796875
0 0.6977707634641941 0.925537109375 0.0011836654172420597 0.00244140625
0 0.4370684553166305 0.92724609375 0.011639376602880253 0.0068359375
0 0.7001874136910633 0.923828125 0.0012823042020122311 0.001953125
0 0.5279147760899586 0.924560546875 0.004734661668968239 0.00439453125
0 0.46444071809035314 0.925048828125 0.007003353718682186 0.00634765625
0 0.4359834286841586 0.9228515625 0.001578220556322746 0.0029296875
0 0.4806667981850464 0.9208984375 0.004340106529887552 0.00390625
0 0.5506510159794832 0.919677734375 0.002071414480173604 0.00244140625
0 0.5481357269678437 0.919189453125 0.0019727756954034327 0.00244140625
0 0.4923061747879266 0.92333984375 0.016571315841388833 0.0107421875
0 0.3977608995857171 0.918701171875 0.003255079897415664 0.00341796875
0 0.521256658117972 0.91796875 0.0044387453146577235 0.0029296875
0 0.5044880647070428 0.919189453125 0.0044387453146577235 0.00537109375
0 0.5326001183665418 0.9189453125 0.004636022884198066 0.0068359375
0 0.5124778062734268 0.91796875 0.007397908857762872 0.0048828125
0 0.4318899191161965 0.916259765625 0.0030578023278753207 0.00244140625
0 0.5411816926415467 0.9169921875 0.0044387453146577235 0.0048828125
0 0.475290984415072 0.91796875 0.006411521010061156 0.0078125
0 0.5562734267113829 0.9140625 0.002071414480173604 0.0029296875
0 0.5446833695008878 0.915771484375 0.005326494377589268 0.00634765625
0 0.48194910238705857 0.916259765625 0.014598540145985401 0.00830078125
0 0.4972381140264352 0.913818359375 0.004734661668968239 0.00439453125
0 0.44520615506016964 0.916259765625 0.00976523969224699 0.00927734375
0 0.5116393766028803 0.9130859375 0.0061156046557506415 0.00390625
0 0.49275004931939237 0.91357421875 0.004636022884198066 0.0048828125
0 0.5138587492602091 0.911376953125 0.0016768593410929177 0.00146484375
0 0.5048333004537384 0.912353515625 0.0025646084040244622 0.00341796875
0 0.5013809429867824 0.91259765625 0.002170053264943776 0.00390625
0 0.5403925823633853 0.91064453125 0.002663247188794634 0.0029296875
0 0.5572598145590847 0.909912109375 0.0030578023278753207 0.00244140625
0 0.4255277174985204 0.910400390625 0.004931939238508582 0.00537109375
0 0.49955612546853423 0.90869140625 0.002663247188794634 0.0029296875
0 0.536742947326889 0.907470703125 0.0030578023278753207 0.00341796875
0 0.5099625172617873 0.907470703125 0.004340106529887552 0.00341796875
0 0.4685835470507003 0.90673828125 0.003452357466956007 0.0029296875
0 0.4326790293943579 0.906494140625 0.001085026632471888 0.00341796875
0 0.46049516669954627 0.906005859375 0.003452357466956007 0.00341796875
0 0.4561057407772736 0.90673828125 0.003550996251726179 0.0048828125
0 0.43815348194910236 0.90576171875 0.0019727756954034327 0.0029296875
0 0.5193332018149537 0.90478515625 0.0033537186821858355 0.0029296875
0 0.7291872164134938 0.90478515625 0.002071414480173604 0.00390625
0 0.7079798776879069 0.904052734375 0.003452357466956007 0.00439453125
0 0.5314164529492996 0.9052734375 0.0066087985796014995 0.0068359375
0 0.5192345630301834 0.901123046875 0.004340106529887552 0.00244140625
0 0.46508187019135927 0.90087890625 0.0011836654172420597 0.001953125
0 0.44737620832511343 0.90087890625 0.002071414480173604 0.00390625
0 0.2690866048530282 0.8994140625 0.0013809429867824028 0.001953125
0 0.6953541132373249 0.898681640625 0.001874136910633261 0.00244140625
0 0.6979680410337344 0.896484375 0.0019727756954034327 0.0029296875
0 0.7096074176366147 0.896484375 0.008877490629315447 0.0048828125
0 0.556322746103768 0.89501953125 0.0017754981258630894 0.0029296875
0 0.5072006312882226 0.894775390625 0.0023673308344841193 0.00244140625
0 0.49043203787729334 0.89453125 0.0023673308344841193 0.00390625
0 0.5592819096468732 0.892822265625 0.003550996251726179 0.00244140625
0 0.5140067074373643 0.89306640625 0.0051292168080489245 0.0029296875
0 0.5197277569540343 0.892578125 0.005721049516669955 0.0029296875
0 0.5250049319392385 0.89208984375 0.002071414480173604 0.0029296875
0 0.7111363188005524 0.890625 0.00424146774511738 0.0029296875
0 0.5398500690471494 0.890869140625 0.0017754981258630894 0.00341796875
0 0.7171532846715328 0.89208984375 0.002663247188794634 0.0068359375
0 0.6837147366344447 0.888671875 0.002071414480173604 0.001953125
0 0.5542513316235944 0.888916015625 0.0011836654172420597 0.00244140625
0 0.6794239494969422 0.888916015625 0.005721049516669955 0.00537109375
0 0.4488064707042809 0.890380859375 0.004734661668968239 0.00927734375
0 0.4600019727756954 0.886474609375 0.0036496350364963502 0.00244140625
0 0.6421878082462024 0.88525390625 0.001874136910633261 0.0029296875
0 0.5999704083645689 0.8857421875 0.004044190175577037 0.00390625
0 0.4844150720063129 0.885009765625 0.003748273821266522 0.00244140625
0 0.478151509173407 0.884765625 0.0016768593410929177 0.001953125
0 0.5529197080291971 0.88427734375 0.002071414480173604 0.0029296875
0 0.512083251134346 0.885009765625 0.009370684553166305 0.00537109375
0 0.6198461234957585 0.8828125 0.0013809429867824028 0.001953125
0 0.5940520812783586 0.88232421875 0.002071414480173604 0.001953125
0 0.5715624383507595 0.882568359375 0.0016768593410929177 0.00244140625
0 0.5784178338922864 0.882080078125 0.001578220556322746 0.00244140625
0 0.5411816926415467 0.8828125 0.0036496350364963502 0.00390625
0 0.43716709410140064 0.8837890625 0.007496547642533044 0.005859375
0 0.5309725784178339 0.882080078125 0.0025646084040244622 0.00341796875
0 0.5444860919313474 0.88134765625 0.003550996251726179 0.0029296875
0 0.46744920102584336 0.882080078125 0.004537384099427895 0.00439453125
0 0.6970802919708029 0.880126953125 0.002959163543105149 0.00341796875
0 0.5331919510751627 0.879638671875 0.002465969619254291 0.00244140625
0 0.5366443085421188 0.879150390625 0.0022686920497139475 0.00244140625
0 0.49768198855790097 0.87939453125 0.0066087985796014995 0.0048828125
0 0.5903038074570921 0.878662109375 0.004044190175577037 0.00439453125
0 0.4289800749654764 0.87744140625 0.0061156046557506415 0.00390625
0 0.46754783981061354 0.87548828125 0.005918327086210298 0.0029296875
0 0.6469224699151707 0.874755859375 0.0028605247583349774 0.00244140625
0 0.47129611363188006 0.87451171875 0.0017754981258630894 0.0029296875
0 0.44599526533833106 0.8740234375 0.002663247188794634 0.0029296875
0 0.6951568356677845 0.875 0.004636022884198066 0.0068359375
0 0.6694614322351549 0.87255859375 0.0017754981258630894 0.001953125
0 0.5118366541724206 0.872802734375 0.0025646084040244622 0.00341796875
0 0.6568356677845729 0.871337890625 0.0025646084040244622 0.00244140625
0 0.48870585914381537 0.87109375 0.0028605247583349774 0.001953125
0 0.4917143420793056 0.87060546875 0.0027618859735648055 0.001953125
0 0.5328467153284672 0.87255859375 0.00848293549023476 0.0068359375
0 0.42404813572696787 0.869384765625 0.001578220556322746 0.00341796875
0 0.5389130005918327 0.869140625 0.0044387453146577235 0.005859375
0 0.6374531465772342 0.86865234375 0.00483330045373841 0.005859375
0 0.43238311304004734 0.86865234375 0.006214243440520813 0.005859375
0 0.4513217597159203 0.866943359375 0.002663247188794634 0.00341796875
0 0.6953541132373249 0.865234375 0.0022686920497139475 0.001953125
0 0.49743539159597555 0.865966796875 0.008680213059775104 0.00439453125
0 0.459212862497534 0.8662109375 0.005819688301440126 0.0048828125
0 0.5505030578023279 0.865478515625 0.0023673308344841193 0.00439453125
0 0.5459656737029 0.864501953125 0.0051292168080489245 0.00537109375
0 0.5326987571513119 0.86328125 0.0036496350364963502 0.0029296875
0 0.5290984415072006 0.86474609375 0.0023673308344841193 0.005859375
0 0.5174590649043204 0.863525390625 0.003156441112645492 0.00341796875
0 0.7258828171236931 0.86181640625 0.0013809429867824028 0.001953125
0 0.6340501085026633 0.861083984375 0.0017754981258630894 0.00244140625
0 0.5217005326494377 0.86083984375 0.003748273821266522 0.0029296875
0 0.7233675281120536 0.85986328125 0.001085026632471888 0.001953125
0 0.6000690471493392 0.85888671875 0.0014795817715525744 0.001953125
0 0.6407575458670349 0.859619140625 0.009469323337936477 0.00634765625
0 0.6921976721246794 0.85791015625 0.004044190175577037 0.0048828125
0 0.6590057210495167 0.8564453125 0.000789110278161373 0.001953125
0 0.5911915565200236 0.857177734375 0.004044190175577037 0.00341796875
0 0.5582462024067864 0.856689453125 0.0014795817715525744 0.00341796875
0 0.44777076346419414 0.85693359375 0.004636022884198066 0.00390625
0 0.5269777076346419 0.856201171875 0.002663247188794634 0.00341796875
0 0.548234365752614 0.855224609375 0.0017754981258630894 0.00244140625
0 0.6435194318405997 0.855712890625 0.006707437364371671 0.00537109375
0 0.5433517459064904 0.856689453125 0.007003353718682186 0.00732421875
0 0.5105050305780233 0.854736328125 0.0028605247583349774 0.00341796875
0 0.4913197869402249 0.8544921875 0.005918327086210298 0.0029296875
0 0.5042907871375024 0.853271484375 0.00483330045373841 0.00341796875
0 0.46883014401262574 0.853515625 0.003748273821266522 0.00390625
0 0.7193233379364766 0.8515625 0.0014795817715525744 0.001953125
0 0.5861609784967449 0.8515625 0.002071414480173604 0.0029296875
0 0.4509765239692247 0.85205078125 0.0025646084040244622 0.00390625
0 0.6901755770368909 0.8525390625 0.005721049516669955 0.005859375
0 0.5813276780430066 0.85107421875 0.002071414480173604 0.0029296875
0 0.575853225488262 0.850830078125 0.0019727756954034327 0.00244140625
0 0.5278161373051884 0.8505859375 0.001578220556322746 0.001953125
0 0.6923949496942198 0.849609375 0.0008877490629315447 0.001953125
0 0.6568356677845729 0.85205078125 0.007496547642533044 0.0068359375
0 0.5898106135332413 0.850830078125 0.005622410731899783 0.00439453125
0 0.5797001380942987 0.849609375 0.0009863878477017164 0.001953125
0 0.6834681396725192 0.8505859375 0.003748273821266522 0.0048828125
0 0.46444071809035314 0.849609375 0.001085026632471888 0.0029296875
0 0.7121720260406392 0.8486328125 0.0019727756954034327 0.001953125
0 0.6486979680410337 0.850341796875 0.005622410731899783 0.00537109375
0 0.469520615506017 0.8486328125 0.003550996251726179 0.0029296875
0 0.5422173998816334 0.84814453125 0.002959163543105149 0.0029296875
0 0.47608009469323337 0.84814453125 0.0030578023278753207 0.0029296875
0 0.6855395541526929 0.847900390625 0.002959163543105149 0.00341796875
0 0.6608305385677649 0.846923828125 0.00542513316235944 0.00341796875
0 0.6080094693233379 0.84619140625 0.0025646084040244622 0.001953125
0 0.6952554744525548 0.845947265625 0.0022686920497139475 0.00244140625
0 0.6290688498717696 0.846435546875 0.006214243440520813 0.00341796875
0 0.4576346419412113 0.8466796875 0.00542513316235944 0.00390625
0 0.7173012428486881 0.845703125 0.004142828960347208 0.0029296875
0 0.5745709212862498 0.845458984375 0.004537384099427895 0.00244140625
0 0.5338331031761688 0.8466796875 0.002959163543105149 0.0048828125
0 0.5191852436377984 0.847900390625 0.007595186427303216 0.00732421875
0 0.45043401065298877 0.846435546875 0.002465969619254291 0.00439453125
0 0.43386269481159995 0.845458984375 0.001085026632471888 0.00244140625
0 0.5394555139080687 0.84423828125 0.0023673308344841193 0.001953125
0 0.6677352535016768 0.84375 0.0030578023278753207 0.0029296875
0 0.6700532649437759 0.8427734375 0.000789110278161373 0.001953125
0 0.6894851055434997 0.84228515625 0.0023673308344841193 0.001953125
0 0.7325409350956796 0.84228515625 0.002663247188794634 0.0029296875
0 0.5141053462221346 0.843505859375 0.004142828960347208 0.00634765625
0 0.5780232787532058 0.84228515625 0.004734661668968239 0.0048828125
0 0.5288025251528902 0.84228515625 0.0027618859735648055 0.0048828125
0 0.45398500690471494 0.84130859375 0.0028605247583349774 0.0029296875
0 0.5370388636811995 0.840576171875 0.0016768593410929177 0.00244140625
0 0.7144407180903531 0.840576171875 0.004734661668968239 0.00341796875
0 0.6259617281515092 0.840087890625 0.003156441112645492 0.00244140625
0 0.5171138291576248 0.840087890625 0.001874136910633261 0.00244140625
0 0.44367725389623197 0.844970703125 0.009469323337936477 0.01220703125
0 0.7173505622410732 0.8388671875 0.0016768593410929177 0.001953125
0 0.710939041231012 0.8388671875 0.002071414480173604 0.001953125
0 0.6732590254488064 0.84033203125 0.0036496350364963502 0.0048828125
0 0.5445354113237325 0.83984375 0.007003353718682186 0.00390625
0 0.6127441309923062 0.840576171875 0.005326494377589268 0.00634765625
0 0.5957289406194516 0.838623046875 0.0022686920497139475 0.00244140625
0 0.5338331031761688 0.839111328125 0.004142828960347208 0.00341796875
0 0.43958374432826985 0.838623046875 0.001085026632471888 0.00244140625
0 0.5582462024067864 0.83837890625 0.002071414480173604 0.0029296875
0 0.5398007496547642 0.838623046875 0.001874136910633261 0.00341796875
0 0.6836654172420595 0.83740234375 0.0025646084040244622 0.001953125
0 0.7239100414282896 0.838623046875 0.008088380351154074 0.00537109375
0 0.6628033142631683 0.8369140625 0.0012823042020122311 0.001953125
0 0.5772341684750444 0.837158203125 0.002959163543105149 0.00244140625
0 0.5539060958768988 0.838134765625 0.005030578023278753 0.00537109375
0 0.4805681594002762 0.83642578125 0.0023673308344841193 0.001953125
0 0.6042611955020715 0.8359375 0.001578220556322746 0.001953125
0 0.5912901953047939 0.83740234375 0.008778851844545275 0.0048828125
0 0.49600512921680806 0.8369140625 0.0044387453146577235 0.00390625
0 0.44520615506016964 0.836181640625 0.0036496350364963502 0.00341796875
0 0.730469520615506 0.83544921875 0.002663247188794634 0.0029296875
0 0.6002663247188794 0.837646484375 0.005227855592819097 0.00830078125
0 0.5160288025251529 0.83642578125 0.005819688301440126 0.005859375
0 0.4514203985006905 0.8349609375 0.003255079897415664 0.00390625
0 0.7124679423949497 0.833984375 0.0033537186821858355 0.0029296875
0 0.43647662260800946 0.833984375 0.0027618859735648055 0.0029296875
0 0.433320181495364 0.834228515625 0.0023673308344841193 0.00341796875
0 0.5746695600710199 0.83349609375 0.004142828960347208 0.0029296875
0 0.5081376997435392 0.8330078125 0.0012823042020122311 0.001953125
0 0.46202406786348393 0.833251953125 0.002959163543105149 0.00244140625
0 0.6474156638390215 0.833251953125 0.00483330045373841 0.00341796875
0 0.5458177155257448 0.83349609375 0.003452357466956007 0.00390625
0 0.5109489051094891 0.833251953125 0.002170053264943776 0.00341796875
0 0.7238114026435194 0.83251953125 0.003550996251726179 0.0029296875
0 0.5056717301242849 0.832275390625 0.003255079897415664 0.00244140625
0 0.7286447030972578 0.83154296875 0.002170053264943776 0.001953125
0 0.7186328664430854 0.83203125 0.002071414480173604 0.0029296875
0 0.41743933714736636 0.83154296875 0.0011836654172420597 0.001953125
0 0.7213454330242651 0.83203125 0.0017754981258630894 0.0048828125
0 0.5632274610376801 0.83056640625 0.001578220556322746 0.001953125
0 0.5515387650424147 0.8330078125 0.005030578023278753 0.0068359375
0 0.6510652988755179 0.830322265625 0.0028605247583349774 0.00244140625
0 0.6102288419806668 0.83203125 0.00483330045373841 0.005859375
0 0.565545472479779 0.8310546875 0.001874136910633261 0.00390625
0 0.5555336358256067 0.8310546875 0.002959163543105149 0.0048828125
0 0.600019727756954 0.829345703125 0.004142828960347208 0.00341796875
0 0.5198263957388045 0.8291015625 0.002170053264943776 0.0029296875
0 0.5161767607023081 0.829833984375 0.0039455513908068654 0.00439453125
0 0.4404714933912014 0.828857421875 0.001874136910633261 0.00244140625
0 0.540787137502466 0.828857421875 0.002663247188794634 0.00341796875
0 0.7141448017360427 0.82763671875 0.0023673308344841193 0.001953125
0 0.7170053264943775 0.827392578125 0.002170053264943776 0.00244140625
0 0.61491418425725 0.827392578125 0.003550996251726179 0.00244140625
0 0.4959064904320379 0.827392578125 0.006806076149141842 0.00341796875
0 0.12107910830538568 0.82763671875 0.0036496350364963502 0.00390625
0 0.5385184454527521 0.826416015625 0.002071414480173604 0.00244140625
0 0.4847109883606234 0.826416015625 0.004142828960347208 0.00244140625
0 0.4306569343065693 0.826416015625 0.0013809429867824028 0.00244140625
0 0.5799960544486092 0.82568359375 0.001578220556322746 0.001953125
0 0.6932826987571513 0.8251953125 0.0014795817715525744 0.001953125
0 0.647070428092326 0.82568359375 0.002959163543105149 0.0029296875
0 0.578763069638982 0.823974609375 0.0014795817715525744 0.00146484375
0 0.5671236930361018 0.824462890625 0.0012823042020122311 0.00244140625
0 0.4698658512527126 0.824462890625 0.0016768593410929177 0.00244140625
0 0.5611560465575064 0.826171875 0.004931939238508582 0.0068359375
0 0.5048333004537384 0.824462890625 0.005918327086210298 0.00341796875
0 0.15131189583744328 0.82470703125 0.0017754981258630894 0.00390625
0 0.636220161767607 0.824462890625 0.003550996251726179 0.00439453125
0 0.5313178141645295 0.8232421875 0.0016768593410929177 0.001953125
0 0.4440718090353127 0.824951171875 0.002170053264943776 0.00537109375
0 0.6590550404419018 0.822998046875 0.0022686920497139475 0.00244140625
0 0.5698362596172815 0.82275390625 0.001578220556322746 0.001953125
0 0.13967251923456303 0.8232421875 0.0033537186821858355 0.0029296875
0 0.5351647267705661 0.822021484375 0.00424146774511738 0.00244140625
0 0.4941309923061748 0.82275390625 0.005030578023278753 0.00390625
0 0.6447524166502269 0.8212890625 0.001874136910633261 0.001953125
0 0.5118859735648057 0.82177734375 0.0014795817715525744 0.0029296875
0 0.509173406983626 0.822265625 0.002170053264943776 0.00390625
0 0.47543894259222724 0.82177734375 0.004537384099427895 0.0029296875
0 0.6858847898993884 0.8232421875 0.006016965870980469 0.0068359375
0 0.6082067468928782 0.822021484375 0.0039455513908068654 0.00439453125
0 0.6722233182087197 0.82177734375 0.00848293549023476 0.0048828125
0 0.5291970802919708 0.821044921875 0.0027618859735648055 0.00341796875
0 0.6210297889130006 0.81982421875 0.001578220556322746 0.001953125
0 0.5148451371079108 0.8203125 0.002663247188794634 0.0029296875
0 0.43519431840599726 0.820068359375 0.0019727756954034327 0.00439453125
0 0.7268692049713947 0.818359375 0.0011836654172420597 0.001953125
0 0.6814460445847307 0.818603515625 0.001874136910633261 0.00244140625
0 0.5061156046557507 0.818603515625 0.002959163543105149 0.00244140625
0 0.13000591832708622 0.819580078125 0.004537384099427895 0.00439453125
0 0.5467547839810614 0.82080078125 0.005326494377589268 0.0078125
0 0.4462418623002565 0.81884765625 0.0061156046557506415 0.00390625
0 0.6791280331426317 0.8212890625 0.0051292168080489245 0.009765625
0 0.6389327283487868 0.8173828125 0.004636022884198066 0.0029296875
0 0.13577628723614124 0.8173828125 0.0014795817715525744 0.0029296875
0 0.7231702505425133 0.8173828125 0.0036496350364963502 0.00390625
0 0.5663345827579405 0.8173828125 0.006411521010061156 0.00390625
0 0.5904517656342474 0.816162109375 0.0025646084040244622 0.00244140625
0 0.49945748668376405 0.816650390625 0.00483330045373841 0.00341796875
0 0.731603866640363 0.8173828125 0.005523771947129611 0.005859375
0 0.6895344249358848 0.815673828125 0.002465969619254291 0.00244140625
0 0.4655750641152101 0.81640625 0.002959163543105149 0.00390625
0 0.1334582757940422 0.815673828125 0.002170053264943776 0.00244140625
0 0.5181002170053265 0.81591796875 0.002465969619254291 0.00390625
0 0.7116295127244032 0.81396484375 0.0012823042020122311 0.001953125
0 0.6684750443874532 0.81494140625 0.005918327086210298 0.00390625
0 0.5957289406194516 0.815185546875 0.004636022884198066 0.00439453125
0 0.6955020714144802 0.8134765625 0.001578220556322746 0.001953125
0 0.16112645492207536 0.814453125 0.0038469126060366936 0.0048828125
0 0.5228348786742947 0.813720703125 0.005227855592819097 0.00537109375
0 0.43766028802525153 0.8125 0.0025646084040244622 0.0029296875
0 0.5513414874728744 0.8115234375 0.003255079897415664 0.001953125
0 0.5473959360820675 0.8125 0.0036496350364963502 0.00390625
0 0.7262280528703886 0.8115234375 0.0030578023278753207 0.0029296875
0 0.5727461037680016 0.818359375 0.008384296705464589 0.0166015625
0 0.51435194318406 0.8125 0.003255079897415664 0.0048828125
0 0.7190767409745512 0.810546875 0.0023673308344841193 0.0029296875
0 0.7164134937857566 0.81005859375 0.0019727756954034327 0.001953125
0 0.542513316235944 0.8115234375 0.002959163543105149 0.0048828125
0 0.6051982639573881 0.811279296875 0.00542513316235944 0.00634765625
0 0.6532846715328468 0.808837890625 0.001578220556322746 0.00244140625
0 0.5957289406194516 0.809326171875 0.0030578023278753207 0.00341796875
0 0.5475932136516078 0.80810546875 0.0022686920497139475 0.001953125
0 0.6435687512329848 0.807861328125 0.0022686920497139475 0.00244140625
0 0.6407575458670349 0.80908203125 0.003156441112645492 0.0048828125
0 0.5312191753797593 0.807861328125 0.004044190175577037 0.00244140625
0 0.4973367528112054 0.809814453125 0.005326494377589268 0.00634765625
0 0.7275596764647859 0.807373046875 0.003748273821266522 0.00244140625
0 0.5596764647859538 0.8076171875 0.005326494377589268 0.0048828125
0 0.5553856776484514 0.80712890625 0.0030578023278753207 0.00390625
0 0.6286742947326889 0.80615234375 0.003452357466956007 0.0029296875
0 0.7175971592029986 0.805419921875 0.002959163543105149 0.00244140625
0 0.5734365752613928 0.8076171875 0.0030578023278753207 0.0078125
0 0.551736042611955 0.804931640625 0.001085026632471888 0.00244140625
0 0.14248372460051292 0.806640625 0.011146182679029394 0.005859375
0 0.6808542118761097 0.80419921875 0.001085026632471888 0.001953125
0 0.49151706450976523 0.8046875 0.004537384099427895 0.0029296875
0 0.6070724008680213 0.803955078125 0.003452357466956007 0.00244140625
0 0.6913099230617479 0.80322265625 0.001874136910633261 0.001953125
0 0.5950384691260604 0.804443359375 0.005622410731899783 0.00439453125
0 0.6627539948707832 0.80322265625 0.0033537186821858355 0.0029296875
0 0.23767015190372853 0.80322265625 0.0012823042020122311 0.0029296875
0 0.5663839021503255 0.80712890625 0.005918327086210298 0.01171875
0 0.5850266324718879 0.803466796875 0.005523771947129611 0.00537109375
0 0.5326001183665418 0.80224609375 0.005819688301440126 0.0029296875
0 0.7288419806667982 0.802001953125 0.004142828960347208 0.00341796875
0 0.5565693430656934 0.802001953125 0.0022686920497139475 0.00341796875
0 0.5766423357664233 0.80322265625 0.005326494377589268 0.0068359375
0 0.7185342276583152 0.800048828125 0.002663247188794634 0.00244140625
0 0.5720063128822253 0.801025390625 0.0033537186821858355 0.00439453125
0 0.483330045373841 0.800048828125 0.002170053264943776 0.00244140625
0 0.4731209311501282 0.7998046875 0.001874136910633261 0.001953125
0 0.7219865851252713 0.800048828125 0.0036496350364963502 0.00341796875
0 0.6765634247386072 0.79931640625 0.0011836654172420597 0.001953125
0 0.6578220556322746 0.799560546875 0.0017754981258630894 0.00244140625
0 0.6290195304793845 0.80029296875 0.0072992700729927005 0.00390625
0 0.5028112053659499 0.798583984375 0.0012823042020122311 0.00244140625
0 0.5992799368711778 0.798095703125 0.001874136910633261 0.00244140625
0 0.4460939041231012 0.798095703125 0.002071414480173604 0.00244140625
0 0.11146182679029394 0.798583984375 0.004931939238508582 0.00341796875
0 0.6506214243440521 0.79736328125 0.0019727756954034327 0.001953125
0 0.5581968830144013 0.797607421875 0.0025646084040244622 0.00244140625
0 0.733872558690077 0.796875 0.0009863878477017164 0.001953125
0 0.5871473663444466 0.796875 0.001874136910633261 0.001953125
0 0.5166699546261591 0.797607421875 0.004142828960347208 0.00341796875
0 0.46429275991319785 0.79736328125 0.004142828960347208 0.0029296875
0 0.687906884987177 0.79638671875 0.0019727756954034327 0.001953125
0 0.5503057802327875 0.796630859375 0.0011836654172420597 0.00244140625
0 0.5209114223712764 0.796630859375 0.0027618859735648055 0.00341796875
0 0.5130696389820477 0.79638671875 0.0014795817715525744 0.0029296875
0 0.7215427105938055 0.79541015625 0.002170053264943776 0.001953125
0 0.6685736831722233 0.7958984375 0.003550996251726179 0.0029296875
0 0.5633754192148352 0.797607421875 0.005819688301440126 0.00634765625
0 0.5282106924442691 0.795654296875 0.0017754981258630894 0.00244140625
0 0.6053955415269284 0.795166015625 0.0044387453146577235 0.00244140625
0 0.599427895048333 0.794921875 0.0027618859735648055 0.001953125
0 0.6155060169658709 0.79443359375 0.003156441112645492 0.0029296875
0 0.5573584533438548 0.7939453125 0.001085026632471888 0.001953125
0 0.5005425133162359 0.79443359375 0.002465969619254291 0.0029296875
0 0.6387354507792464 0.793701171875 0.0028605247583349774 0.00244140625
0 0.5608601302031959 0.793701171875 0.0011836654172420597 0.00244140625
0 0.5409350956796213 0.79345703125 0.0027618859735648055 0.0029296875
0 0.6867232195699349 0.790771484375 0.003156441112645492 0.00244140625
0 0.5957782600118366 0.791015625 0.003156441112645492 0.0029296875
0 0.5542513316235944 0.790283203125 0.0011836654172420597 0.00244140625
0 0.5745216018938647 0.789794921875 0.001874136910633261 0.00244140625
0 0.5518840007891103 0.791748046875 0.0027618859735648055 0.00634765625
0 0.45122312093115013 0.789794921875 0.0014795817715525744 0.00244140625
0 0.10786151114618268 0.791748046875 0.01154073781811008 0.00732421875
0 0.7328368514499901 0.78857421875 0.002071414480173604 0.001953125
0 0.7216413493785756 0.788818359375 0.0027618859735648055 0.00244140625
0 0.6763661471690668 0.789306640625 0.003748273821266522 0.00341796875
0 0.5572104951666995 0.7900390625 0.003156441112645492 0.0048828125
0 0.6386861313868614 0.78857421875 0.0027618859735648055 0.0029296875
0 0.09893470112448215 0.791015625 0.005918327086210298 0.0078125
0 0.42927599131978694 0.787353515625 0.000789110278161373 0.00244140625
0 0.6287729335174591 0.787353515625 0.00542513316235944 0.00341796875
0 0.5846320773328073 0.78662109375 0.001578220556322746 0.001953125
0 0.5064115210100611 0.786865234375 0.003550996251726179 0.00244140625
0 0.11590057210495167 0.788818359375 0.004931939238508582 0.00634765625
0 0.5734858946537779 0.78662109375 0.002959163543105149 0.00390625
0 0.690224896429276 0.78515625 0.005227855592819097 0.0029296875
0 0.525843361609785 0.785400390625 0.002170053264943776 0.00341796875
0 0.5225882817123693 0.78466796875 0.003156441112645492 0.0029296875
0 0.6229532452160189 0.783447265625 0.0022686920497139475 0.00244140625
0 0.10879857960149932 0.78369140625 0.003156441112645492 0.00390625
0 0.6536299072795423 0.78173828125 0.002663247188794634 0.001953125
0 0.10149930952850661 0.785400390625 0.007496547642533044 0.00927734375
0 0.5905997238114027 0.781005859375 0.002663247188794634 0.00244140625
0 0.6862793450384691 0.781005859375 0.001874136910633261 0.00341796875
0 0.44870783191951075 0.77734375 0.0019727756954034327 0.001953125
0 0.6363188005523772 0.77685546875 0.002170053264943776 0.001953125
0 0.626405602682975 0.777099609375 0.002071414480173604 0.00244140625
0 0.621818899191162 0.777099609375 0.002170053264943776 0.00244140625
0 0.48840994278950484 0.77734375 0.0022686920497139475 0.0029296875
0 0.45181495363977114 0.77685546875 0.002465969619254291 0.001953125
0 0.4269579798776879 0.77685546875 0.0022686920497139475 0.001953125
0 0.10485302821069245 0.778564453125 0.004734661668968239 0.00537109375
0 0.5940520812783586 0.77734375 0.0028605247583349774 0.00390625
0 0.7141448017360427 0.77587890625 0.0019727756954034327 0.001953125
0 0.6140757545867035 0.776123046875 0.0016768593410929177 0.00244140625
0 0.5484809627145394 0.775634765625 0.005227855592819097 0.00439453125
0 0.5292463996843559 0.774658203125 0.002465969619254291 0.00244140625
0 0.4773130795028605 0.7744140625 0.001578220556322746 0.001953125
0 0.6332116788321168 0.77392578125 0.0016768593410929177 0.001953125
0 0.10061156046557507 0.77490234375 0.004340106529887552 0.00390625
0 0.5520812783586506 0.775634765625 0.0025646084040244622 0.00634765625
0 0.1300552377194713 0.776611328125 0.009567962122706648 0.01123046875
0 0.5755573091339514 0.772216796875 0.004537384099427895 0.00341796875
0 0.7302722430459657 0.771240234375 0.002465969619254291 0.00244140625
0 0.7217893075557309 0.771240234375 0.001874136910633261 0.00341796875
0 0.5470507003353718 0.77099609375 0.0017754981258630894 0.0029296875
0 0.469520615506017 0.770751953125 0.0019727756954034327 0.00244140625
0 0.10731899782994674 0.771728515625 0.002959163543105149 0.00537109375
0 0.4771158019333202 0.76953125 0.0017754981258630894 0.001953125
0 0.45112448214637996 0.76953125 0.0016768593410929177 0.001953125
0 0.13947524166502268 0.7705078125 0.007693825212073387 0.0048828125
0 0.4993095285066088 0.76904296875 0.004537384099427895 0.0029296875
0 0.15594791872164135 0.76953125 0.005326494377589268 0.0048828125
0 0.12680015782205564 0.7685546875 0.004636022884198066 0.00390625
0 0.11190570132175971 0.77197265625 0.00542513316235944 0.01171875
0 0.4290787137502466 0.765625 0.000789110278161373 0.001953125
0 0.1800651015979483 0.765869140625 0.004636022884198066 0.00244140625
0 0.5598244229631091 0.765625 0.005227855592819097 0.0029296875
0 0.5531169855987375 0.765625 0.002663247188794634 0.0029296875
0 0.11535805878871572 0.76416015625 0.003255079897415664 0.001953125
0 0.48998816334582757 0.763427734375 0.0022686920497139475 0.00244140625
0 0.12985796014993095 0.7646484375 0.0044387453146577235 0.0048828125
0 0.5935095679621227 0.7626953125 0.004537384099427895 0.0029296875
0 0.5664825409350956 0.7646484375 0.006904714933912014 0.0068359375
0 0.5783685144999013 0.762451171875 0.0008877490629315447 0.00341796875
0 0.1195995265338331 0.76416015625 0.005622410731899783 0.0068359375
0 0.15870980469520615 0.76123046875 0.004734661668968239 0.00390625
0 0.11244821463799566 0.760498046875 0.004142828960347208 0.00244140625
0 0.15348194910238705 0.76220703125 0.005523771947129611 0.0068359375
0 0.5676662063523378 0.759033203125 0.002959163543105149 0.00244140625
0 0.14351943184059973 0.76025390625 0.004537384099427895 0.0048828125
0 0.5615999210889722 0.758544921875 0.00424146774511738 0.00244140625
0 0.6852436377983824 0.75732421875 0.0019727756954034327 0.0029296875
0 0.2113829157624778 0.757568359375 0.006312882225290984 0.00341796875
0 0.20664825409350956 0.757080078125 0.0027618859735648055 0.00244140625
0 0.168968238311304 0.757568359375 0.0039455513908068654 0.00537109375
0 0.5719569934898402 0.755859375 0.00424146774511738 0.0029296875
0 0.11392779640954824 0.754638671875 0.003550996251726179 0.00244140625
0 0.16285263365555336 0.75537109375 0.003748273821266522 0.0048828125
0 0.1526435194318406 0.7548828125 0.003255079897415664 0.00390625
0 0.1909153679226672 0.753662109375 0.001085026632471888 0.00244140625
0 0.5858157427500493 0.752685546875 0.0019727756954034327 0.00244140625
0 0.5531169855987375 0.75537109375 0.0044387453146577235 0.009765625
0 0.12102978891300059 0.75341796875 0.006904714933912014 0.0068359375
0 0.16536792266719275 0.75146484375 0.0036496350364963502 0.00390625
0 0.526435194318406 0.749755859375 0.0011836654172420597 0.00244140625
0 0.15570132175971593 0.75244140625 0.005030578023278753 0.0078125
0 0.729335174590649 0.74853515625 0.0011836654172420597 0.001953125
0 0.581031761688696 0.7490234375 0.0016768593410929177 0.0029296875
0 0.572992700729927 0.74951171875 0.001578220556322746 0.00390625
0 0.579848096271454 0.7470703125 0.0016768593410929177 0.0029296875
0 0.1630992306174788 0.746826171875 0.003452357466956007 0.00244140625
0 0.5677155257447228 0.745849609375 0.001085026632471888 0.00244140625
0 0.14302623791674887 0.743896484375 0.0033537186821858355 0.00244140625
0 0.4494969421976721 0.74169921875 0.0011836654172420597 0.001953125
0 0.18302426514105347 0.74267578125 0.005622410731899783 0.0048828125
0 0.1975241665022687 0.740966796875 0.0036496350364963502 0.00244140625
0 0.5718583547050701 0.7392578125 0.001874136910633261 0.001953125
0 0.20294929966462813 0.73779296875 0.0016768593410929177 0.001953125
0 0.5792069441704478 0.73779296875 0.0033537186821858355 0.0029296875
0 0.17848688104162558 0.738037109375 0.005622410731899783 0.00341796875
0 0.17370289998027225 0.7353515625 0.003156441112645492 0.001953125
0 0.16551588084434798 0.734619140625 0.0023673308344841193 0.00244140625
0 0.5606135332412705 0.734619140625 0.003452357466956007 0.00537109375
0 0.5688498717695798 0.7333984375 0.0017754981258630894 0.00390625
0 0.5553856776484514 0.733154296875 0.002465969619254291 0.00341796875
0 0.1905701321759716 0.73291015625 0.0033537186821858355 0.0029296875
0 0.6647267705661867 0.72900390625 0.0011836654172420597 0.001953125
0 0.5261392779640954 0.728515625 0.004537384099427895 0.00390625
0 0.5573584533438548 0.726318359375 0.001874136910633261 0.00244140625
0 0.5694910238705859 0.72705078125 0.00424146774511738 0.005859375
0 0.599427895048333 0.724365234375 0.0019727756954034327 0.00244140625
0 0.5603176168869599 0.7236328125 0.002071414480173604 0.001953125
0 0.6176760702308147 0.72314453125 0.001578220556322746 0.001953125
0 0.5490727954231603 0.722900390625 0.002071414480173604 0.00244140625
0 0.5296409548234365 0.72265625 0.001874136910633261 0.001953125
0 0.536249753403038 0.71044921875 0.0008877490629315447 0.001953125
0 0.17671138291576247 0.69873046875 0.001085026632471888 0.001953125
0 0.19214835273229433 0.68896484375 0.003550996251726179 0.0029296875
0 0.18455316630499113 0.688232421875 0.002959163543105149 0.00341796875
0 0.21222134543302426 0.67041015625 0.0016768593410929177 0.0029296875
