0 0.28975143026237915 0.9990234375 0.0030578023278753207 0.001953125
0 0.28447425527717496 0.997802734375 0.0025646084040244622 0.00439453125
0 0.5337344643913987 0.99755859375 0.003550996251726179 0.0048828125
0 0.2808246202406786 0.996826171875 0.004340106529887552 0.00634765625
0 0.5601696587098047 0.995361328125 0.0039455513908068654 0.00439453125
0 0.2838331031761689 0.994140625 0.0008877490629315447 0.001953125
0 0.5384691260603669 0.995361328125 0.004142828960347208 0.00537109375
0 0.36017952258828173 0.993408203125 0.0014795817715525744 0.00244140625
0 0.543696981653186 0.99462890625 0.0025646084040244622 0.005859375
0 0.11698559873742355 0.993408203125 0.003748273821266522 0.00341796875
0 0.5500098638784771 0.994140625 0.008285657920694417 0.005859375
0 0.5130203195896627 0.9931640625 0.002170053264943776 0.00390625
0 0.3633852830933123 0.99365234375 0.003156441112645492 0.0087890625
0 0.092523180114421 0.991943359375 0.004734661668968239 0.00732421875
0 0.5368909055040442 0.98876953125 0.0009863878477017164 0.001953125
0 0.5451272440323536 0.988037109375 0.002465969619254291 0.00439453125
0 0.5260899585717104 0.986083984375 0.001874136910633261 0.00244140625
0 0.530479384493983 0.9892578125 0.006312882225290984 0.009765625
0 0.36294140856184653 0.98583984375 0.0016768593410929177 0.0029296875
0 0.5483823239297692 0.9833984375 0.0014795817715525744 0.0029296875
0 0.5365456697573486 0.981201171875 0.0012823042020122311 0.00244140625
0 0.36377983823239296 0.97802734375 0.000789110278161373 0.001953125
0 0.546557506411521 0.97802734375 0.002170053264943776 0.0029296875
0 0.36175774314460446 0.978271484375 0.002663247188794634 0.00439453125
0 0.5628329058985994 0.9765625 0.003550996251726179 0.0029296875
0 0.5718090353126849 0.975830078125 0.003748273821266522 0.00244140625
0 0.5565200236733083 0.9765625 0.0039455513908068654 0.00390625
0 0.5488755178536201 0.97607421875 0.00424146774511738 0.0048828125
0 0.5319589662655356 0.9794921875 0.0061156046557506415 0.01171875
0 0.544880647070428 0.973876953125 0.0023673308344841193 0.00244140625
0 0.3623988952456106 0.973876953125 0.0013809429867824028 0.00244140625
0 0.5383211678832117 0.974609375 0.00424146774511738 0.0048828125
0 0.5579996054448609 0.972412109375 0.0017754981258630894 0.00244140625
0 0.13153481949102386 0.971923828125 0.0008877490629315447 0.00244140625
0 0.125863089366739 0.970947265625 0.0013809429867824028 0.00244140625
0 0.5553856776484514 0.971435546875 0.0036496350364963502 0.00439453125
0 0.5636713355691458 0.968994140625 0.002071414480173604 0.00341796875
0 0.5355592819096469 0.970703125 0.0044387453146577235 0.0068359375
0 0.5239199053067666 0.9697265625 0.003452357466956007 0.0048828125
0 0.5698855790096666 0.968017578125 0.001874136910633261 0.00244140625
0 0.5725488261984613 0.966064453125 0.002465969619254291 0.00341796875
0 0.5455217991714342 0.96435546875 0.0022686920497139475 0.0029296875
0 0.559232590254488 0.963623046875 0.003452357466956007 0.00537109375
0 0.5527717498520418 0.960693359375 0.0061156046557506415 0.00537109375
0 0.5495659893470113 0.95849609375 0.002071414480173604 0.0048828125
0 0.5554349970408364 0.95654296875 0.001578220556322746 0.001953125
0 0.13355691457881239 0.95556640625 0.0011836654172420597 0.00390625
0 0.5722529098441507 0.956787109375 0.006214243440520813 0.00830078125
0 0.520664825409351 0.952880859375 0.002071414480173604 0.00244140625
0 0.5400473466166896 0.950927734375 0.0019727756954034327 0.00439453125
0 0.543696981653186 0.951171875 0.0025646084040244622 0.005859375
0 0.5471986585125271 0.945556640625 0.0016768593410929177 0.00146484375
0 0.5471493391201421 0.942626953125 0.004142828960347208 0.00439453125
0 0.5483823239297692 0.93798828125 0.001874136910633261 0.001953125
0 0.5439928980074965 0.9306640625 0.0011836654172420597 0.001953125
0 0.5470507003353718 0.93017578125 0.0017754981258630894 0.001953125
0 0.5742750049319393 0.926513671875 0.0027618859735648055 0.00244140625
0 0.5703294535411324 0.924560546875 0.0023673308344841193 0.00244140625
0 0.5581968830144013 0.924560546875 0.0013809429867824028 0.00244140625
0 0.5536594989149733 0.920654296875 0.0039455513908068654 0.00244140625
0 0.5726474649832314 0.91943359375 0.0030578023278753207 0.0029296875
0 0.5374334188202802 0.919921875 0.006214243440520813 0.005859375
0 0.5558788715723022 0.91552734375 0.005819688301440126 0.0068359375
0 0.5307259814559084 0.908935546875 0.0012823042020122311 0.00244140625
0 0.585618465180509 0.9033203125 0.004340106529887552 0.0048828125
0 0.5716117577431447 0.900390625 0.0027618859735648055 0.001953125
0 0.5632767804300651 0.89892578125 0.003452357466956007 0.00390625
0 0.574176366147169 0.898193359375 0.005326494377589268 0.00341796875
0 0.5669757348589466 0.886962890625 0.005523771947129611 0.00341796875
0 0.5941507200631289 0.87939453125 0.004636022884198066 0.0029296875
0 0.5446340501085026 0.87646484375 0.002465969619254291 0.0029296875
0 0.542513316235944 0.873046875 0.003156441112645492 0.0029296875
0 0.5463602288419807 0.8720703125 0.003156441112645492 0.001953125
0 0.5228348786742947 0.871826171875 0.003452357466956007 0.00244140625
0 0.5404419017557703 0.8701171875 0.0033537186821858355 0.00390625
0 0.5779739593608206 0.86865234375 0.001874136910633261 0.001953125
0 0.5422173998816334 0.86767578125 0.004734661668968239 0.0029296875
0 0.5961728151509174 0.86572265625 0.0027618859735648055 0.001953125
0 0.4851055434997041 0.865478515625 0.0019727756954034327 0.00244140625
0 0.5345728940619452 0.8662109375 0.007397908857762872 0.0048828125
0 0.52298283685145 0.866455078125 0.004537384099427895 0.00634765625
0 0.5939534424935885 0.85986328125 0.002071414480173604 0.001953125
0 0.5253008482935491 0.859619140625 0.0038469126060366936 0.00244140625
0 0.578713750246597 0.859619140625 0.004142828960347208 0.00341796875
0 0.48589465377786545 0.859375 0.0061156046557506415 0.00390625
0 0.5927204576839613 0.85498046875 0.009272045768396133 0.005859375
0 0.5090254488064707 0.852294921875 0.00483330045373841 0.00537109375
0 0.4934405208127836 0.85205078125 0.00424146774511738 0.0048828125
0 0.5958768987966069 0.840576171875 0.004340106529887552 0.00244140625
0 0.4276484513710791 0.8408203125 0.0022686920497139475 0.0029296875
0 0.4392878279739594 0.841552734375 0.003255079897415664 0.00732421875
0 0.4895442888143618 0.835693359375 0.0033537186821858355 0.00244140625
0 0.4865358058788716 0.833251953125 0.002663247188794634 0.00244140625
0 0.5031071217202604 0.831787109375 0.0044387453146577235 0.00341796875
0 0.4411126454922075 0.831298828125 0.0023673308344841193 0.00244140625
0 0.4722825014795818 0.83203125 0.0025646084040244622 0.0048828125
0 0.4923061747879266 0.83056640625 0.002170053264943776 0.0029296875
0 0.4616295127244032 0.830322265625 0.002170053264943776 0.00341796875
0 0.432185835470507 0.82861328125 0.001085026632471888 0.001953125
0 0.5754093509567962 0.828369140625 0.003452357466956007 0.00341796875
0 0.4524067863483922 0.827392578125 0.001085026632471888 0.00244140625
0 0.5627835865062143 0.825927734375 0.001874136910633261 0.00244140625
0 0.6123988952456105 0.824462890625 0.002465969619254291 0.00244140625
0 0.5678634839218781 0.8232421875 0.0039455513908068654 0.00390625
0 0.4843657526139278 0.822998046875 0.004636022884198066 0.00341796875
0 0.44939830341290193 0.8232421875 0.0027618859735648055 0.00390625
0 0.4530972578417834 0.822021484375 0.004044190175577037 0.00244140625
0 0.4419017557703689 0.82177734375 0.0039455513908068654 0.001953125
0 0.5648056815940028 0.8212890625 0.0017754981258630894 0.001953125
0 0.4689287827973959 0.8212890625 0.003748273821266522 0.001953125
0 0.461481554547248 0.82470703125 0.009173406983625962 0.009765625
0 0.6222627737226277 0.818115234375 0.002071414480173604 0.00244140625
0 0.5095679621227066 0.81787109375 0.003550996251726179 0.0029296875
0 0.44634050108502665 0.817626953125 0.003550996251726179 0.00244140625
0 0.5159794831327678 0.81884765625 0.0051292168080489245 0.005859375
0 0.45206155060169656 0.816650390625 0.0027618859735648055 0.00244140625
0 0.6749852041822845 0.816162109375 0.000789110278161373 0.00244140625
0 0.4347011244821464 0.814697265625 0.003748273821266522 0.00244140625
0 0.4909745511935293 0.815185546875 0.002465969619254291 0.00439453125
0 0.4422963109094496 0.814208984375 0.002959163543105149 0.00244140625
0 0.5897119747484711 0.81494140625 0.005819688301440126 0.0048828125
0 0.45077924639968436 0.812255859375 0.002959163543105149 0.00244140625
0 0.4332215427105938 0.810546875 0.002959163543105149 0.0029296875
0 0.4864371670941014 0.8115234375 0.005227855592819097 0.0087890625
0 0.4552673111067272 0.80908203125 0.007003353718682186 0.0048828125
0 0.5437956204379562 0.806884765625 0.003156441112645492 0.00244140625
0 0.5237719471296114 0.80615234375 0.004537384099427895 0.00390625
0 0.5121818899191162 0.806396484375 0.002465969619254291 0.00537109375
0 0.4572400868021306 0.80322265625 0.0022686920497139475 0.001953125
0 0.4394851055434997 0.8017578125 0.00424146774511738 0.00390625
0 0.6033734464391398 0.80029296875 0.002170053264943776 0.001953125
0 0.4679423949496942 0.79931640625 0.0039455513908068654 0.0029296875
0 0.5955809824422963 0.79736328125 0.005918327086210298 0.0048828125
0 0.5203195896626553 0.796630859375 0.0019727756954034327 0.00341796875
0 0.3728052870388637 0.795654296875 0.0028605247583349774 0.00341796875
0 0.4394357861511146 0.79443359375 0.0027618859735648055 0.0029296875
0 0.4277470901558493 0.793701171875 0.0022686920497139475 0.00341796875
0 0.3775399487078319 0.79345703125 0.0012823042020122311 0.0029296875
0 0.6202406786348392 0.7919921875 0.0017754981258630894 0.001953125
0 0.379315446833695 0.7919921875 0.001085026632471888 0.001953125
0 0.44762280528703885 0.79296875 0.005721049516669955 0.0048828125
0 0.3812389031367134 0.791259765625 0.002170053264943776 0.00244140625
0 0.4526040639179325 0.791259765625 0.005227855592819097 0.00341796875
0 0.5715624383507595 0.7900390625 0.00483330045373841 0.0029296875
0 0.4423949496942198 0.789306640625 0.002170053264943776 0.00244140625
0 0.5238212665219965 0.786376953125 0.002465969619254291 0.00244140625
0 0.4444170447820083 0.78466796875 0.003255079897415664 0.0029296875
0 0.3748273821266522 0.787109375 0.004734661668968239 0.0087890625
0 0.6014499901361215 0.78369140625 0.007003353718682186 0.00390625
0 0.43129808640757544 0.78369140625 0.0030578023278753207 0.00390625
0 0.5205661866245808 0.781982421875 0.0030578023278753207 0.00439453125
0 0.36930361017952257 0.78076171875 0.0027618859735648055 0.001953125
0 0.5231307950286053 0.779296875 0.002465969619254291 0.0029296875
0 0.3699447622805287 0.778076171875 0.002071414480173604 0.00244140625
0 0.6007101992503452 0.777587890625 0.004931939238508582 0.00244140625
0 0.37250937068455314 0.777587890625 0.0028605247583349774 0.00244140625
0 0.36535805878871574 0.77734375 0.002170053264943776 0.0029296875
0 0.3674294732688893 0.7724609375 0.0025646084040244622 0.001953125
0 0.5209607417636615 0.77197265625 0.00424146774511738 0.00390625
0 0.4659202998619057 0.772705078125 0.007595186427303216 0.00537109375
0 0.372410731899783 0.771484375 0.0028605247583349774 0.0029296875
0 0.47331820871966857 0.77197265625 0.006411521010061156 0.0048828125
0 0.44461432235154863 0.772216796875 0.0044387453146577235 0.00634765625
0 0.38715723022292364 0.7724609375 0.0072992700729927005 0.0068359375
0 0.2890116393766029 0.77001953125 0.0009863878477017164 0.0029296875
0 0.2904419017557704 0.771484375 0.0022686920497139475 0.0078125
0 0.5268790688498718 0.7685546875 0.00542513316235944 0.0029296875
0 0.3832609982245019 0.76806640625 0.0038469126060366936 0.0029296875
0 0.3678733478003551 0.769287109375 0.00542513316235944 0.00537109375
0 0.4033339909252318 0.76611328125 0.001578220556322746 0.001953125
0 0.3777372262773723 0.766357421875 0.002465969619254291 0.00537109375
0 0.45600710199250344 0.764404296875 0.003748273821266522 0.00244140625
0 0.44643913986979683 0.764404296875 0.002959163543105149 0.00244140625
0 0.2903432629710002 0.76416015625 0.002663247188794634 0.001953125
0 0.5732392976918524 0.763671875 0.0022686920497139475 0.001953125
0 0.37576445058196883 0.76318359375 0.0008877490629315447 0.001953125
0 0.36560465575064116 0.763427734375 0.0012823042020122311 0.00244140625
0 0.37038863681199446 0.764892578125 0.004340106529887552 0.00732421875
0 0.27904912211481553 0.76220703125 0.0019727756954034327 0.001953125
0 0.37995659893470113 0.76123046875 0.0027618859735648055 0.001953125
0 0.39016571315841386 0.7607421875 0.0016768593410929177 0.001953125
0 0.38217597159203 0.7607421875 0.001085026632471888 0.001953125
0 0.5374334188202802 0.760498046875 0.003452357466956007 0.00244140625
0 0.39416058394160586 0.76123046875 0.003550996251726179 0.00390625
0 0.3859242454132965 0.76318359375 0.005622410731899783 0.0078125
0 0.27248964292759914 0.762451171875 0.00542513316235944 0.00634765625
0 0.4051094890510949 0.76025390625 0.0025646084040244622 0.0029296875
0 0.4100414282896035 0.76025390625 0.0023673308344841193 0.00390625
0 0.61782402840797 0.758544921875 0.010357072400868021 0.00537109375
0 0.40565200236733084 0.755126953125 0.0012823042020122311 0.00244140625
0 0.4249358847898994 0.75244140625 0.0023673308344841193 0.001953125
0 0.3396133359637009 0.75244140625 0.001578220556322746 0.001953125
0 0.2683468139672519 0.7529296875 0.0016768593410929177 0.0029296875
0 0.3457289406194516 0.751220703125 0.002959163543105149 0.00244140625
0 0.3497731307950286 0.752685546875 0.0051292168080489245 0.00634765625
0 0.6675379759321365 0.75048828125 0.0044387453146577235 0.00390625
0 0.2646478595383705 0.749755859375 0.003550996251726179 0.00341796875
0 0.3981554547247978 0.75 0.0016768593410929177 0.0048828125
0 0.3728052870388637 0.74853515625 0.0036496350364963502 0.001953125
0 0.3958867626750838 0.74755859375 0.0008877490629315447 0.001953125
0 0.26888932728348786 0.747314453125 0.0027618859735648055 0.00244140625
0 0.4428881436180706 0.7470703125 0.007101992503452358 0.005859375
0 0.44767212467942397 0.74462890625 0.002465969619254291 0.001953125
0 0.3958867626750838 0.744384765625 0.0008877490629315447 0.00146484375
0 0.4815052278555928 0.744140625 0.005227855592819097 0.0029296875
0 0.45738804497928587 0.743896484375 0.006312882225290984 0.00439453125
0 0.35825606628526335 0.7431640625 0.004734661668968239 0.0029296875
0 0.36353324127046754 0.74365234375 0.0016768593410929177 0.0048828125
0 0.40673702899980274 0.741943359375 0.003452357466956007 0.00244140625
0 0.34686328664430854 0.74267578125 0.002071414480173604 0.00390625
0 0.36555533635825604 0.7412109375 0.0017754981258630894 0.001953125
0 0.393124876701519 0.739013671875 0.0012823042020122311 0.00341796875
0 0.44382521207338727 0.737548828125 0.003255079897415664 0.00244140625
0 0.4197080291970803 0.7392578125 0.003550996251726179 0.005859375
0 0.27899980272243047 0.73828125 0.00424146774511738 0.0048828125
0 0.6596961925429079 0.739013671875 0.009863878477017163 0.00732421875
0 0.4067863483921878 0.736328125 0.000789110278161373 0.001953125
0 0.28590451765634245 0.73681640625 0.003452357466956007 0.0029296875
0 0.4509765239692247 0.7392578125 0.005721049516669955 0.009765625
0 0.4003255079897416 0.73486328125 0.001085026632471888 0.001953125
0 0.4130992306174788 0.734375 0.000789110278161373 0.001953125
0 0.40353126849477217 0.735595703125 0.0023673308344841193 0.00439453125
0 0.10006904714933912 0.734375 0.001085026632471888 0.001953125
0 0.4743539159597554 0.73388671875 0.0023673308344841193 0.001953125
0 0.3971690668770961 0.736572265625 0.003452357466956007 0.00732421875
0 0.38094298678240285 0.7333984375 0.0009863878477017164 0.001953125
0 0.6577727362398895 0.73388671875 0.002663247188794634 0.00390625
0 0.3935687512329848 0.73291015625 0.000789110278161373 0.001953125
0 0.5479877687906884 0.733154296875 0.00483330045373841 0.00341796875
0 0.4096468731505228 0.732177734375 0.0017754981258630894 0.00244140625
0 0.09637009272045768 0.734130859375 0.004142828960347208 0.00634765625
0 0.6525448806470704 0.73291015625 0.005030578023278753 0.0048828125
0 0.4190175577036891 0.732177734375 0.005523771947129611 0.00439453125
0 0.28210692444269087 0.73388671875 0.004340106529887552 0.0078125
0 0.27391990530676663 0.731201171875 0.0039455513908068654 0.00341796875
0 0.4072302229236536 0.731201171875 0.0028605247583349774 0.00439453125
0 0.40072006312882225 0.72998046875 0.001085026632471888 0.001953125
0 0.26795225882817125 0.730224609375 0.004044190175577037 0.00439453125
0 0.3756164924048136 0.727294921875 0.0011836654172420597 0.00146484375
0 0.09084632077332808 0.72802734375 0.0011836654172420597 0.0029296875
0 0.285608601302032 0.727783203125 0.003452357466956007 0.00341796875
0 0.5471986585125271 0.726806640625 0.002071414480173604 0.00244140625
0 0.45077924639968436 0.727783203125 0.004340106529887552 0.00439453125
0 0.1508680213059775 0.726806640625 0.002465969619254291 0.00537109375
0 0.2834878674294733 0.724609375 0.001578220556322746 0.001953125
0 0.27406786348392187 0.725341796875 0.00483330045373841 0.00341796875
0 0.26193529295719076 0.72607421875 0.002071414480173604 0.0048828125
0 0.1318307358453344 0.724365234375 0.001085026632471888 0.00244140625
0 0.5584434799763267 0.72509765625 0.008384296705464589 0.0048828125
0 0.3874531465772342 0.724853515625 0.001578220556322746 0.00439453125
0 0.2791477608995857 0.722412109375 0.0019727756954034327 0.00146484375
0 0.6459360820674689 0.72412109375 0.00542513316235944 0.005859375
0 0.3971690668770961 0.72216796875 0.0008877490629315447 0.001953125
0 0.12453146577234168 0.72216796875 0.0008877490629315447 0.001953125
0 0.11210297889130005 0.722412109375 0.0016768593410929177 0.00244140625
0 0.4458966265535609 0.724365234375 0.004636022884198066 0.00732421875
0 0.40555336358256067 0.7216796875 0.001874136910633261 0.001953125
0 0.45220950877885185 0.720703125 0.005030578023278753 0.0029296875
0 0.10815742750049319 0.72119140625 0.00483330045373841 0.00390625
0 0.3478989938843953 0.7197265625 0.0013809429867824028 0.001953125
0 0.2711580193332018 0.7197265625 0.0011836654172420597 0.001953125
0 0.4413099230617479 0.71923828125 0.0039455513908068654 0.001953125
0 0.3456303018346814 0.719482421875 0.0023673308344841193 0.00244140625
0 0.25917340698362595 0.720458984375 0.005030578023278753 0.00537109375
0 0.14805681594002762 0.719970703125 0.004142828960347208 0.00439453125
0 0.5445847307161176 0.719482421875 0.0039455513908068654 0.00439453125
0 0.2855099625172618 0.71728515625 0.00424146774511738 0.00390625
0 0.6365653975143026 0.71630859375 0.003255079897415664 0.0029296875
0 0.4596074176366147 0.7158203125 0.003255079897415664 0.001953125
0 0.09375616492404813 0.7158203125 0.001874136910633261 0.001953125
0 0.2526632471887946 0.715576171875 0.002071414480173604 0.00244140625
0 0.13572696784375615 0.716552734375 0.003156441112645492 0.00439453125
0 0.43938646675872955 0.716552734375 0.0038469126060366936 0.00537109375
0 0.289652791477609 0.716552734375 0.003452357466956007 0.00537109375
0 0.10460643124876702 0.71484375 0.002071414480173604 0.001953125
0 0.43405997238114025 0.716064453125 0.005622410731899783 0.00537109375
0 0.14820477411718289 0.71484375 0.0016768593410929177 0.0029296875
0 0.6604359834286841 0.714111328125 0.0036496350364963502 0.00244140625
0 0.5330439928980075 0.71435546875 0.0033537186821858355 0.0029296875
0 0.13084434799763267 0.71435546875 0.003255079897415664 0.0029296875
0 0.1533833103176169 0.714599609375 0.003550996251726179 0.00634765625
0 0.10796014993095285 0.712158203125 0.0022686920497139475 0.00244140625
0 0.5366443085421188 0.71142578125 0.0036496350364963502 0.001953125
0 0.1171828763069639 0.71240234375 0.002170053264943776 0.0048828125
0 0.09750443874531466 0.710693359375 0.001874136910633261 0.00244140625
0 0.1230518840007891 0.710205078125 0.0036496350364963502 0.00244140625
0 0.11964884592621819 0.709716796875 0.0011836654172420597 0.00244140625
0 0.11304004734661668 0.7099609375 0.0027618859735648055 0.0029296875
0 0.1431741960939041 0.708740234375 0.002465969619254291 0.00146484375
0 0.10539554152692839 0.70849609375 0.0036496350364963502 0.001953125
0 0.32900966660090747 0.709228515625 0.00542513316235944 0.00439453125
0 0.1606332609982245 0.7109375 0.007595186427303216 0.0078125
0 0.17498520418228447 0.7080078125 0.0017754981258630894 0.0029296875
0 0.4509765239692247 0.707763671875 0.005326494377589268 0.00341796875
0 0.2862497534030381 0.70703125 0.0023673308344841193 0.0029296875
0 0.42962122706648254 0.7060546875 0.00424146774511738 0.00390625
0 0.16364174393371472 0.705078125 0.000789110278161373 0.001953125
0 0.10919313474058 0.705078125 0.0009863878477017164 0.001953125
0 0.28116985598737426 0.705078125 0.0022686920497139475 0.0029296875
0 0.12610968632866443 0.705078125 0.003452357466956007 0.0029296875
0 0.28955415269283885 0.705078125 0.004636022884198066 0.00390625
0 0.11205365949891498 0.703857421875 0.002959163543105149 0.00439453125
0 0.10455711185638193 0.703369140625 0.002959163543105149 0.00341796875
0 0.10090747681988559 0.702880859375 0.000789110278161373 0.00244140625
0 0.32501479581771553 0.703125 0.003156441112645492 0.00390625
0 0.27332807259814557 0.7041015625 0.004142828960347208 0.0068359375
0 0.1964884592621819 0.701416015625 0.0011836654172420597 0.00146484375
0 0.5518840007891103 0.701904296875 0.004537384099427895 0.00341796875
0 0.21458867626750838 0.700439453125 0.002071414480173604 0.00244140625
0 0.18864667587295325 0.700439453125 0.0030578023278753207 0.00244140625
0 0.4246399684355889 0.699951171875 0.0019727756954034327 0.00244140625
0 0.17237127638587493 0.69970703125 0.0016768593410929177 0.001953125
0 0.16837640560268297 0.699951171875 0.0027618859735648055 0.00244140625
0 0.19219767212467942 0.703125 0.007200631288222529 0.009765625
0 0.16665022686920497 0.699462890625 0.001085026632471888 0.00244140625
0 0.21231998421779444 0.698974609375 0.001874136910633261 0.00244140625
0 0.16418425724995067 0.7001953125 0.002465969619254291 0.0048828125
0 0.45038469126060365 0.698974609375 0.0033537186821858355 0.00439453125
0 0.4359341092917735 0.69873046875 0.0022686920497139475 0.0048828125
0 0.17054645886762676 0.697998046875 0.001578220556322746 0.00341796875
0 0.1613237324916157 0.697265625 0.0008877490629315447 0.001953125
0 0.28674294732688893 0.69677734375 0.0013809429867824028 0.0029296875
0 0.22731307950286053 0.696044921875 0.0014795817715525744 0.00146484375
0 0.1439633063720655 0.696533203125 0.0044387453146577235 0.00341796875
0 0.13927796409548235 0.696044921875 0.0011836654172420597 0.00244140625
0 0.4322351548628921 0.697998046875 0.004734661668968239 0.00732421875
0 0.20388636811994476 0.69580078125 0.003156441112645492 0.0029296875
0 0.2510357072400868 0.696044921875 0.004931939238508582 0.00439453125
0 0.20921286249753404 0.695068359375 0.0033537186821858355 0.00244140625
0 0.150572104951667 0.6962890625 0.0022686920497139475 0.0068359375
0 0.16812980864075755 0.69384765625 0.001874136910633261 0.00390625
0 0.6055928190964688 0.69482421875 0.012527125665811796 0.0068359375
0 0.5379759321365161 0.693115234375 0.0017754981258630894 0.00341796875
0 0.22469915170645097 0.691162109375 0.006510159794831328 0.00341796875
0 0.18376405602682974 0.690673828125 0.0039455513908068654 0.00341796875
0 0.20941014006707437 0.690185546875 0.0033537186821858355 0.00341796875
0 0.11299072795423161 0.6884765625 0.0012823042020122311 0.001953125
0 0.44619254290787136 0.687744140625 0.0022686920497139475 0.00244140625
0 0.5335865062142434 0.688232421875 0.004636022884198066 0.00439453125
0 0.44259222726376013 0.687744140625 0.003748273821266522 0.00439453125
0 0.20995265338331032 0.685791015625 0.002465969619254291 0.00244140625
0 0.3213651607812192 0.685546875 0.003550996251726179 0.0029296875
0 0.4600512921680805 0.6845703125 0.0025646084040244622 0.00390625
0 0.27273623988952456 0.683837890625 0.003748273821266522 0.00341796875
0 0.26923456303018345 0.68408203125 0.0028605247583349774 0.00390625
0 0.4531958966265536 0.684326171875 0.004044190175577037 0.00634765625
0 0.29537384099427894 0.681640625 0.0028605247583349774 0.0029296875
0 0.27944367725389624 0.68017578125 0.0025646084040244622 0.001953125
0 0.2576938252120734 0.67919921875 0.0022686920497139475 0.001953125
0 0.16941211284276977 0.67919921875 0.0014795817715525744 0.001953125
0 0.18682185835470508 0.678955078125 0.0005918327086210298 0.00244140625
0 0.19002761885973565 0.678466796875 0.0022686920497139475 0.00244140625
0 0.2663247188794634 0.679443359375 0.007891102781613731 0.00537109375
0 0.14746498323140658 0.677734375 0.0011836654172420597 0.001953125
0 0.5900078911027816 0.678955078125 0.005819688301440126 0.00537109375
0 0.5951864273032156 0.678466796875 0.005326494377589268 0.00537109375
0 0.4263661471690669 0.6767578125 0.002465969619254291 0.001953125
0 0.4554645886762675 0.677490234375 0.003255079897415664 0.00439453125
0 0.10796014993095285 0.67578125 0.0006904714933912014 0.001953125
0 0.2844249358847899 0.675537109375 0.0022686920497139475 0.00244140625
0 0.25567173012428485 0.67529296875 0.000789110278161373 0.001953125
0 0.43169264154665615 0.67626953125 0.0028605247583349774 0.0048828125
0 0.20783191951075164 0.67431640625 0.004142828960347208 0.0048828125
0 0.1884493983034129 0.674072265625 0.002071414480173604 0.00439453125
0 0.28136713355691456 0.673828125 0.003255079897415664 0.0048828125
0 0.18618070625369895 0.6728515625 0.001085026632471888 0.0029296875
0 0.19565002959163544 0.671142578125 0.001085026632471888 0.00341796875
0 0.21345433024265142 0.670166015625 0.0019727756954034327 0.00341796875
0 0.18933714736634444 0.66796875 0.002071414480173604 0.00390625
0 0.18193923850858157 0.6669921875 0.0022686920497139475 0.0029296875
0 0.35455711185638195 0.662841796875 0.001085026632471888 0.00244140625
0 0.4371177747090156 0.66015625 0.002663247188794634 0.00390625
0 0.4429374630104557 0.659912109375 0.008384296705464589 0.00439453125
0 0.24768198855790097 0.65380859375 0.003550996251726179 0.001953125
