0 0.5636220161767607 0.998291015625 0.0051292168080489245 0.00341796875
0 0.48998816334582757 0.998046875 0.0036496350364963502 0.00390625
0 0.483330045373841 0.997802734375 0.003748273821266522 0.00439453125
0 0.5163740382718485 0.99755859375 0.005326494377589268 0.0048828125
0 0.4721345433024265 0.99609375 0.0014795817715525744 0.001953125
0 0.5840895640165713 0.995361328125 0.0028605247583349774 0.00341796875
0 0.5085322548826199 0.996826171875 0.003452357466956007 0.00634765625
0 0.47716512132570527 0.99609375 0.006806076149141842 0.0048828125
0 0.4641941211284277 0.996337890625 0.0039455513908068654 0.00537109375
0 0.5335865062142434 0.99658203125 0.0044387453146577235 0.0068359375
0 0.5596764647859538 0.993408203125 0.005326494377589268 0.00439453125
0 0.5481357269678437 0.994140625 0.00848293549023476 0.0068359375
0 0.5217005326494377 0.992431640625 0.003156441112645492 0.00341796875
0 0.5271749852041823 0.994384765625 0.006411521010061156 0.00927734375
0 0.4678437561649241 0.991943359375 0.0033537186821858355 0.00439453125
0 0.5688498717695798 0.990966796875 0.0027618859735648055 0.00341796875
0 0.30740777273623987 0.990966796875 0.001874136910633261 0.00341796875
0 0.3313276780430065 0.989990234375 0.000789110278161373 0.00244140625
0 0.5002959163543105 0.990478515625 0.0051292168080489245 0.00439453125
0 0.518396133359637 0.988525390625 0.00424146774511738 0.00341796875
0 0.5493687117774709 0.988037109375 0.00483330045373841 0.00439453125
0 0.48461234957585325 0.98876953125 0.004734661668968239 0.0068359375
0 0.1304004734661669 0.985595703125 0.000789110278161373 0.00244140625
0 0.5755079897415664 0.987060546875 0.005030578023278753 0.00634765625
0 0.5377786545669757 0.9873046875 0.002959163543105149 0.0068359375
0 0.4653284671532847 0.985107421875 0.003452357466956007 0.00341796875
0 0.5564213848885382 0.98486328125 0.004537384099427895 0.00390625
0 0.5621917537975932 0.9833984375 0.003452357466956007 0.00390625
0 0.585618465180509 0.981689453125 0.002170053264943776 0.00244140625
0 0.5589859932925626 0.981689453125 0.0017754981258630894 0.00244140625
0 0.3193430656934307 0.982177734375 0.001085026632471888 0.00341796875
0 0.5208127835865062 0.982421875 0.003550996251726179 0.0048828125
0 0.4950680607614914 0.9853515625 0.012625764450581969 0.013671875
0 0.571266521996449 0.978271484375 0.002071414480173604 0.00341796875
0 0.5015782205563227 0.978271484375 0.002959163543105149 0.00341796875
0 0.4790392582363385 0.978515625 0.0030578023278753207 0.00390625
0 0.409794831327678 0.97802734375 0.0008877490629315447 0.0029296875
0 0.5651509173406983 0.97802734375 0.00424146774511738 0.00390625
0 0.25858157427500494 0.97802734375 0.005227855592819097 0.00390625
0 0.09198066679818505 0.980224609375 0.00483330045373841 0.00927734375
0 0.4568455316630499 0.97607421875 0.002663247188794634 0.00390625
0 0.5245610574077727 0.9755859375 0.004931939238508582 0.00390625
0 0.3753698954428881 0.974609375 0.0028605247583349774 0.0029296875
0 0.3407476819885579 0.9736328125 0.002071414480173604 0.00390625
0 0.5548431643322155 0.974609375 0.007101992503452358 0.0068359375
0 0.5685539554152693 0.97265625 0.003550996251726179 0.00390625
0 0.5010357072400868 0.972900390625 0.007989741566383901 0.00439453125
0 0.48564805681594003 0.972900390625 0.007989741566383901 0.00537109375
0 0.5080883803511541 0.972900390625 0.005326494377589268 0.00830078125
0 0.5365949891497337 0.97119140625 0.003748273821266522 0.005859375
0 0.4978299467350562 0.968017578125 0.002959163543105149 0.00341796875
0 0.4743539159597554 0.968017578125 0.002170053264943776 0.00341796875
0 0.5502564608404025 0.969482421875 0.00424146774511738 0.00732421875
0 0.4809133951469718 0.96728515625 0.0038469126060366936 0.00390625
0 0.5410337344643914 0.966552734375 0.004734661668968239 0.00537109375
0 0.4923554941803117 0.96533203125 0.003452357466956007 0.0029296875
0 0.35519826395738807 0.964599609375 0.0023673308344841193 0.00244140625
0 0.5452752022095088 0.965576171875 0.003550996251726179 0.00537109375
0 0.4886072203590452 0.963134765625 0.001085026632471888 0.00244140625
0 0.5480864075754587 0.962890625 0.0028605247583349774 0.0029296875
0 0.5715131189583744 0.962646484375 0.002959163543105149 0.00341796875
0 0.5635233773919905 0.962158203125 0.0025646084040244622 0.00244140625
0 0.513217597159203 0.9609375 0.005721049516669955 0.00390625
0 0.09962517261787335 0.9619140625 0.004931939238508582 0.005859375
0 0.5745216018938647 0.9599609375 0.002465969619254291 0.0029296875
0 0.48303412901953047 0.959716796875 0.0013809429867824028 0.00244140625
0 0.4450581968830144 0.960693359375 0.0051292168080489245 0.00439453125
0 0.3334977313079503 0.959716796875 0.002959163543105149 0.00244140625
0 0.5026632471887946 0.9599609375 0.0027618859735648055 0.0048828125
0 0.33981061353324127 0.958740234375 0.0027618859735648055 0.00341796875
0 0.5559281909646873 0.95947265625 0.005721049516669955 0.0068359375
0 0.5076445058196883 0.958251953125 0.0038469126060366936 0.00439453125
0 0.5299368711777471 0.95654296875 0.0030578023278753207 0.0029296875
0 0.4766226080094693 0.9560546875 0.003748273821266522 0.00390625
0 0.3421779443677254 0.95556640625 0.001578220556322746 0.0029296875
0 0.5800946932333794 0.955078125 0.003156441112645492 0.00390625
0 0.5680607614914184 0.954345703125 0.0013809429867824028 0.00244140625
0 0.540836456894851 0.953857421875 0.004340106529887552 0.00439453125
0 0.5715131189583744 0.95263671875 0.0023673308344841193 0.0029296875
0 0.5077924639968435 0.95263671875 0.0033537186821858355 0.0029296875
0 0.5155849279936872 0.952392578125 0.002959163543105149 0.00537109375
0 0.5211580193332018 0.950927734375 0.0038469126060366936 0.00341796875
0 0.09715920299861906 0.9501953125 0.0025646084040244622 0.00390625
0 0.5279147760899586 0.94921875 0.0051292168080489245 0.00390625
0 0.44274018544091537 0.94921875 0.0028605247583349774 0.00390625
0 0.4989642927599132 0.949462890625 0.00483330045373841 0.00634765625
0 0.4955612546853423 0.949462890625 0.0023673308344841193 0.00634765625
0 0.4509765239692247 0.946533203125 0.0023673308344841193 0.00341796875
0 0.34400276188597356 0.9453125 0.002663247188794634 0.0029296875
0 0.5346222134543303 0.94580078125 0.004142828960347208 0.005859375
0 0.5565200236733083 0.9443359375 0.005326494377589268 0.00390625
0 0.5049319392385085 0.943603515625 0.0019727756954034327 0.00341796875
0 0.46587098046952063 0.943115234375 0.003748273821266522 0.00341796875
0 0.5413296508187019 0.942138671875 0.0011836654172420597 0.00244140625
0 0.498273821266522 0.942138671875 0.0028605247583349774 0.00341796875
0 0.3257052673111067 0.942138671875 0.0013809429867824028 0.00341796875
0 0.24792858551982638 0.9384765625 0.001085026632471888 0.001953125
0 0.4924048135726968 0.9384765625 0.0017754981258630894 0.0029296875
0 0.5210100611560465 0.9384765625 0.0033537186821858355 0.0048828125
0 0.41048530282106926 0.937255859375 0.0012823042020122311 0.00244140625
0 0.37778654566975733 0.9384765625 0.004537384099427895 0.0048828125
0 0.34627145393568753 0.938232421875 0.0022686920497139475 0.00439453125
0 0.366097849674492 0.93798828125 0.007397908857762872 0.0048828125
0 0.5864075754586704 0.9375 0.003156441112645492 0.0048828125
0 0.5517853620043401 0.936279296875 0.0027618859735648055 0.00244140625
0 0.5636220161767607 0.935546875 0.001578220556322746 0.0029296875
0 0.5134641941211284 0.935302734375 0.003452357466956007 0.00341796875
0 0.5320082856579207 0.93408203125 0.0028605247583349774 0.0029296875
0 0.37053659498914976 0.93505859375 0.002465969619254291 0.0048828125
0 0.412655356086013 0.93310546875 0.0012823042020122311 0.0029296875
0 0.555730913395147 0.931884765625 0.0033537186821858355 0.00439453125
0 0.5430065101597948 0.930908203125 0.001578220556322746 0.00244140625
0 0.3479976326691655 0.92919921875 0.0025646084040244622 0.001953125
0 0.47977904912211483 0.928466796875 0.001578220556322746 0.00244140625
0 0.3009962517261787 0.926025390625 0.001085026632471888 0.00244140625
0 0.5292463996843559 0.926025390625 0.002663247188794634 0.00341796875
0 0.3690076938252121 0.9267578125 0.006510159794831328 0.0048828125
0 0.5033043992898008 0.92529296875 0.0036496350364963502 0.0029296875
0 0.40037482738212665 0.923583984375 0.003156441112645492 0.00244140625
0 0.32274610376800156 0.92333984375 0.0009863878477017164 0.0029296875
0 0.5400966660090748 0.922119140625 0.002663247188794634 0.00244140625
0 0.4860919313474058 0.920166015625 0.002959163543105149 0.00244140625
0 0.3455809824422963 0.9189453125 0.0028605247583349774 0.00390625
0 0.5018248175182481 0.91748046875 0.003255079897415664 0.0029296875
0 0.33364568948510553 0.917236328125 0.001085026632471888 0.00244140625
0 0.40180508976129414 0.916748046875 0.0016768593410929177 0.00244140625
0 0.3720161767607023 0.918701171875 0.004636022884198066 0.00634765625
0 0.35273229433813375 0.91748046875 0.0039455513908068654 0.00390625
0 0.3577628723614125 0.916748046875 0.003748273821266522 0.00341796875
0 0.5511935292957191 0.915771484375 0.003748273821266522 0.00341796875
0 0.37566581179719866 0.911376953125 0.006411521010061156 0.00537109375
0 0.36151114618267904 0.912109375 0.004537384099427895 0.0078125
0 0.5852732294338133 0.9091796875 0.002465969619254291 0.0029296875
0 0.4914677451173802 0.908935546875 0.002663247188794634 0.00244140625
0 0.50290984415072 0.907470703125 0.001874136910633261 0.00244140625
0 0.5516374038271848 0.90673828125 0.001874136910633261 0.0029296875
0 0.5486782402840797 0.90576171875 0.001874136910633261 0.001953125
0 0.36811994476228055 0.907958984375 0.009469323337936477 0.00634765625
0 0.4009173406983626 0.90625 0.002663247188794634 0.00390625
0 0.3792168080489248 0.905517578125 0.00483330045373841 0.00537109375
0 0.3535707240086802 0.905517578125 0.007003353718682186 0.00537109375
0 0.34720852239100414 0.904541015625 0.0025646084040244622 0.00439453125
0 0.3755178536200434 0.9033203125 0.002170053264943776 0.0029296875
0 0.5806865259420004 0.9013671875 0.003550996251726179 0.0029296875
0 0.5200729927007299 0.9013671875 0.002663247188794634 0.00390625
0 0.3497731307950286 0.89990234375 0.003156441112645492 0.0029296875
0 0.33236338528309334 0.8994140625 0.002071414480173604 0.0029296875
0 0.3772933517459065 0.89892578125 0.0039455513908068654 0.00390625
0 0.34459459459459457 0.89697265625 0.001874136910633261 0.0029296875
0 0.35475438942592225 0.897216796875 0.003452357466956007 0.00537109375
0 0.36185638192937464 0.895751953125 0.0038469126060366936 0.00341796875
0 0.338528309331229 0.893310546875 0.002170053264943776 0.00341796875
0 0.3825705267311107 0.8916015625 0.003452357466956007 0.0029296875
0 0.4044190175577037 0.89208984375 0.003156441112645492 0.0048828125
0 0.35707240086802133 0.890625 0.005326494377589268 0.0068359375
0 0.3495758532254883 0.88916015625 0.004931939238508582 0.00390625
0 0.3872558690076938 0.887451171875 0.0019727756954034327 0.00244140625
0 0.4179818504636023 0.885498046875 0.0008877490629315447 0.00244140625
0 0.4164036299072795 0.883544921875 0.0012823042020122311 0.00244140625
0 0.37122706648254095 0.883056640625 0.002465969619254291 0.00244140625
0 0.40076938252120736 0.8828125 0.003748273821266522 0.0029296875
0 0.35066087985796013 0.883056640625 0.004142828960347208 0.00830078125
0 0.32560662852633654 0.879150390625 0.001578220556322746 0.00244140625
0 0.3389228644703097 0.878173828125 0.002170053264943776 0.00244140625
0 0.40875912408759124 0.87841796875 0.0027618859735648055 0.00390625
0 0.34370684553166303 0.880126953125 0.007397908857762872 0.00732421875
0 0.3956894851055435 0.87548828125 0.0038469126060366936 0.001953125
0 0.3824718879463405 0.872314453125 0.002663247188794634 0.00439453125
0 0.3331031761688696 0.871826171875 0.0027618859735648055 0.00341796875
0 0.35263365555336357 0.870849609375 0.0025646084040244622 0.00439453125
0 0.3637305188400079 0.86865234375 0.004044190175577037 0.0048828125
0 0.41226080094693235 0.86474609375 0.001874136910633261 0.001953125
0 0.4039258236338528 0.86279296875 0.0027618859735648055 0.001953125
0 0.37359439731702504 0.863525390625 0.006806076149141842 0.00537109375
0 0.3481455908463208 0.863525390625 0.0036496350364963502 0.00927734375
0 0.41620635233773917 0.859619140625 0.002465969619254291 0.00244140625
0 0.3733971197474847 0.859130859375 0.0030578023278753207 0.00244140625
0 0.40969619254290784 0.85888671875 0.001874136910633261 0.0029296875
0 0.35860130203195895 0.859619140625 0.0014795817715525744 0.00439453125
0 0.393124876701519 0.858154296875 0.003452357466956007 0.00244140625
0 0.3543598342868416 0.85791015625 0.0030578023278753207 0.0029296875
0 0.3505129216808049 0.85546875 0.002071414480173604 0.0029296875
0 0.3594397317025054 0.856201171875 0.003156441112645492 0.00537109375
0 0.414924048135727 0.853515625 0.0014795817715525744 0.001953125
0 0.3755671730124285 0.853759765625 0.002663247188794634 0.00244140625
0 0.4012625764450582 0.852783203125 0.002959163543105149 0.00244140625
0 0.38217597159203 0.852783203125 0.006214243440520813 0.00537109375
0 0.09153679226671928 0.85302734375 0.002170053264943776 0.005859375
0 0.42710593805484315 0.850830078125 0.0009863878477017164 0.00244140625
0 0.3303906095876899 0.85009765625 0.002465969619254291 0.0029296875
0 0.33640757545867034 0.85009765625 0.002465969619254291 0.00390625
0 0.39480173604261193 0.850830078125 0.005227855592819097 0.00732421875
0 0.09508778851844546 0.8466796875 0.0017754981258630894 0.001953125
0 0.37374235549418033 0.845703125 0.002170053264943776 0.001953125
0 0.41911619648845927 0.84521484375 0.0019727756954034327 0.001953125
0 0.38848885381732096 0.84716796875 0.001874136910633261 0.005859375
0 0.3607220359045177 0.847900390625 0.0072992700729927005 0.00732421875
0 0.405750641152101 0.84423828125 0.004044190175577037 0.0029296875
0 0.3939139869796804 0.841552734375 0.0016768593410929177 0.00244140625
0 0.37709607417636615 0.838623046875 0.002959163543105149 0.00341796875
0 0.36353324127046754 0.839111328125 0.0028605247583349774 0.00537109375
0 0.3560366936279345 0.83837890625 0.003255079897415664 0.0048828125
0 0.35958768987966067 0.83447265625 0.003255079897415664 0.00390625
0 0.38922864470309726 0.832763671875 0.0051292168080489245 0.00341796875
0 0.3427204576839613 0.832763671875 0.00424146774511738 0.00439453125
0 0.3648155454724798 0.832763671875 0.002663247188794634 0.00537109375
0 0.36688695995265336 0.83056640625 0.0014795817715525744 0.001953125
0 0.3777372262773723 0.830078125 0.003255079897415664 0.00390625
0 0.35475438942592225 0.829345703125 0.00542513316235944 0.00537109375
0 0.37497534030380747 0.826904296875 0.001874136910633261 0.00244140625
0 0.3473071611757743 0.82568359375 0.001578220556322746 0.0029296875
0 0.37083251134346024 0.82470703125 0.005622410731899783 0.00390625
0 0.39016571315841386 0.822021484375 0.001874136910633261 0.00244140625
0 0.3371966857368317 0.8212890625 0.001874136910633261 0.0029296875
0 0.36881041625567174 0.8203125 0.0017754981258630894 0.0029296875
0 0.3602288419806668 0.823974609375 0.004537384099427895 0.01025390625
0 0.3514993095285066 0.8154296875 0.0022686920497139475 0.00390625
0 0.3428684158611166 0.81298828125 0.0019727756954034327 0.0029296875
0 0.3477510357072401 0.810546875 0.0016768593410929177 0.00390625
0 0.3690076938252121 0.80712890625 0.0025646084040244622 0.0029296875
0 0.3420299861905701 0.807373046875 0.001874136910633261 0.00341796875
0 0.37073387255869006 0.79833984375 0.002663247188794634 0.0048828125
0 0.39149733675281123 0.796630859375 0.002959163543105149 0.00244140625
0 0.354606431248767 0.79150390625 0.0019727756954034327 0.001953125
0 0.3801538765042415 0.7861328125 0.0011836654172420597 0.001953125
0 0.36313868613138683 0.786865234375 0.004044190175577037 0.00341796875
0 0.36777470901558496 0.783447265625 0.002071414480173604 0.00244140625
0 0.37083251134346024 0.78076171875 0.002663247188794634 0.0029296875
0 0.3171730124284869 0.7802734375 0.001874136910633261 0.001953125
0 0.3681692641546656 0.77685546875 0.001085026632471888 0.001953125
0 0.3949990136121523 0.775634765625 0.0036496350364963502 0.00244140625
0 0.36486486486486486 0.774658203125 0.003550996251726179 0.00341796875
0 0.3616097849674492 0.776123046875 0.0039455513908068654 0.00634765625
0 0.2946340501085027 0.775390625 0.002959163543105149 0.005859375
0 0.3744821463799566 0.7763671875 0.005030578023278753 0.0087890625
0 0.39080686525942 0.77392578125 0.0039455513908068654 0.0048828125
0 0.3841980666798185 0.774658203125 0.003550996251726179 0.00732421875
0 0.3702406786348392 0.771240234375 0.002071414480173604 0.00537109375
0 0.301144209903334 0.772705078125 0.009272045768396133 0.00830078125
0 0.2525152890116394 0.76904296875 0.0009863878477017164 0.001953125
0 0.3834089564016571 0.7685546875 0.0013809429867824028 0.001953125
0 0.3807457092128625 0.770263671875 0.0033537186821858355 0.00537109375
0 0.24630104557111857 0.7685546875 0.002170053264943776 0.00390625
0 0.36678832116788324 0.767822265625 0.0012823042020122311 0.00341796875
0 0.3515979483132768 0.76708984375 0.0008877490629315447 0.001953125
0 0.3067666206352338 0.76806640625 0.003156441112645492 0.00390625
0 0.2294338133754192 0.767333984375 0.0011836654172420597 0.00244140625
0 0.362645492207536 0.7685546875 0.005227855592819097 0.0068359375
0 0.24097455119352928 0.766357421875 0.001578220556322746 0.00244140625
0 0.21468731505227856 0.765625 0.002663247188794634 0.001953125
0 0.23515486289208917 0.765869140625 0.003550996251726179 0.00439453125
0 0.36077135529690274 0.76416015625 0.0006904714933912014 0.001953125
0 0.23150522785559283 0.7646484375 0.0019727756954034327 0.0029296875
0 0.2125172617873348 0.764404296875 0.0012823042020122311 0.00244140625
0 0.43405997238114025 0.763916015625 0.0022686920497139475 0.00341796875
0 0.3107121720260406 0.76318359375 0.0009863878477017164 0.001953125
0 0.29996054448609194 0.763671875 0.0017754981258630894 0.0029296875
0 0.3543105148944565 0.763671875 0.0025646084040244622 0.00390625
0 0.3584533438548037 0.762451171875 0.0017754981258630894 0.00341796875
0 0.30681594002761886 0.761962890625 0.0016768593410929177 0.00341796875
0 0.1981159992108897 0.76171875 0.002071414480173604 0.0029296875
0 0.25049319392385083 0.7607421875 0.001085026632471888 0.001953125
0 0.19456500295916354 0.76318359375 0.005030578023278753 0.0068359375
0 0.18544091536792268 0.761962890625 0.006707437364371671 0.00439453125
0 0.3382817123693036 0.760009765625 0.0008877490629315447 0.00244140625
0 0.3602781613730519 0.75927734375 0.0008877490629315447 0.001953125
0 0.32669165515880844 0.75927734375 0.001578220556322746 0.001953125
0 0.20003945551390806 0.761962890625 0.003748273821266522 0.00732421875
0 0.37231209311501284 0.759033203125 0.002071414480173604 0.00244140625
0 0.3772933517459065 0.758544921875 0.001578220556322746 0.00244140625
0 0.35583941605839414 0.758544921875 0.0044387453146577235 0.00341796875
0 0.22435391595975537 0.7578125 0.0016768593410929177 0.001953125
0 0.3587985796014993 0.75732421875 0.0012823042020122311 0.001953125
0 0.2194712961136319 0.758544921875 0.0017754981258630894 0.00537109375
0 0.3934701124482146 0.7568359375 0.001578220556322746 0.0029296875
0 0.383902150325508 0.76025390625 0.004734661668968239 0.009765625
0 0.3662458078516473 0.759521484375 0.006312882225290984 0.00830078125
0 0.2169560071019925 0.76025390625 0.0028605247583349774 0.009765625
0 0.21483527322943383 0.757568359375 0.0013809429867824028 0.00439453125
0 0.36604853028210693 0.755859375 0.0017754981258630894 0.0029296875
0 0.2441803116985599 0.757080078125 0.002465969619254291 0.00537109375
0 0.19910238705859143 0.75537109375 0.001874136910633261 0.001953125
0 0.36126454922075363 0.755126953125 0.0016768593410929177 0.00244140625
0 0.2986782402840797 0.755126953125 0.000789110278161373 0.00244140625
0 0.23910041428289602 0.756103515625 0.001578220556322746 0.00439453125
0 0.22908857762872362 0.755126953125 0.0022686920497139475 0.00244140625
0 0.37300256460840403 0.75390625 0.0012823042020122311 0.001953125
0 0.33749260209114224 0.75439453125 0.0014795817715525744 0.0029296875
0 0.3220063128822253 0.758544921875 0.003452357466956007 0.01123046875
0 0.2250443874531466 0.754638671875 0.0016768593410929177 0.00341796875
0 0.3874531465772342 0.753173828125 0.0009863878477017164 0.00244140625
0 0.36807062536989543 0.75341796875 0.0012823042020122311 0.0029296875
0 0.35297889130005916 0.7568359375 0.004044190175577037 0.009765625
0 0.1964391398697968 0.754638671875 0.002071414480173604 0.00537109375
0 0.1909153679226672 0.755859375 0.0044387453146577235 0.0087890625
0 0.15111461826790293 0.753662109375 0.004340106529887552 0.00439453125
0 0.21754783981061354 0.752197265625 0.0016768593410929177 0.00341796875
0 0.3481455908463208 0.7509765625 0.0012823042020122311 0.001953125
0 0.24644900374827383 0.752197265625 0.002663247188794634 0.00439453125
0 0.23905109489051096 0.7509765625 0.0014795817715525744 0.001953125
0 0.43692049713947523 0.751220703125 0.0008877490629315447 0.00341796875
0 0.24082659301637405 0.749755859375 0.0016768593410929177 0.00244140625
0 0.21093904123101204 0.753662109375 0.0038469126060366936 0.01025390625
0 0.37147366344446636 0.7490234375 0.0009863878477017164 0.001953125
0 0.36215229828368517 0.750244140625 0.0014795817715525744 0.00439453125
0 0.23451371079108305 0.749755859375 0.0028605247583349774 0.00439453125
0 0.22760899585717104 0.749755859375 0.004636022884198066 0.00634765625
0 0.19111264549220752 0.7470703125 0.0014795817715525744 0.001953125
0 0.21621621621621623 0.74755859375 0.003550996251726179 0.0048828125
0 0.1874136910633261 0.746337890625 0.002170053264943776 0.00244140625
0 0.38750246596961924 0.748291015625 0.0028605247583349774 0.00830078125
0 0.19466364174393372 0.748779296875 0.004636022884198066 0.00927734375
0 0.14697178930755572 0.748046875 0.0039455513908068654 0.0087890625
0 0.3480962714539357 0.744873046875 0.0013809429867824028 0.00439453125
0 0.19974353915959756 0.744384765625 0.0027618859735648055 0.00341796875
0 0.13104162556717303 0.744873046875 0.008187019135924246 0.00537109375
0 0.43119944762280527 0.743408203125 0.0014795817715525744 0.00341796875
0 0.4002761885973565 0.74365234375 0.0017754981258630894 0.00390625
0 0.14884592621818898 0.74462890625 0.003156441112645492 0.005859375
0 0.18544091536792268 0.74267578125 0.0019727756954034327 0.0029296875
0 0.22716512132570527 0.7421875 0.0023673308344841193 0.0029296875
0 0.3785756559479187 0.7412109375 0.0011836654172420597 0.001953125
0 0.22972972972972974 0.741455078125 0.0013809429867824028 0.00244140625
0 0.23693036101795226 0.741943359375 0.0027618859735648055 0.00439453125
0 0.1515584927993687 0.74072265625 0.001085026632471888 0.001953125
0 0.13932728348786744 0.74462890625 0.007200631288222529 0.009765625
0 0.22060564213848885 0.744873046875 0.003452357466956007 0.01123046875
0 0.1995462615900572 0.74072265625 0.0017754981258630894 0.0029296875
0 0.1828763069638982 0.740966796875 0.0027618859735648055 0.00341796875
0 0.16921483527322945 0.740234375 0.0012823042020122311 0.001953125
0 0.13607220359045177 0.740478515625 0.0014795817715525744 0.00244140625
0 0.2239593608206747 0.7421875 0.0030578023278753207 0.0068359375
0 0.23939633063720656 0.739501953125 0.0011836654172420597 0.00439453125
0 0.18825212073387257 0.739501953125 0.002465969619254291 0.00439453125
0 0.12186821858354704 0.7392578125 0.0012823042020122311 0.0048828125
0 0.21158019333201816 0.737548828125 0.0017754981258630894 0.00244140625
0 0.14420990333399092 0.740234375 0.0023673308344841193 0.0078125
0 0.4016571315841389 0.742919921875 0.0039455513908068654 0.01416015625
0 0.23530282106924444 0.738037109375 0.0012823042020122311 0.00439453125
0 0.16393766028802526 0.73828125 0.0017754981258630894 0.0048828125
0 0.14628131781416454 0.7373046875 0.001578220556322746 0.0029296875
0 0.14130005918327085 0.7373046875 0.0012823042020122311 0.0029296875
0 0.2090155849279937 0.737060546875 0.0009863878477017164 0.00341796875
0 0.12709607417636615 0.738525390625 0.0022686920497139475 0.00634765625
0 0.22731307950286053 0.736083984375 0.001085026632471888 0.00244140625
0 0.21902742158216612 0.73681640625 0.0022686920497139475 0.00390625
0 0.14282896034720852 0.7353515625 0.0013809429867824028 0.001953125
0 0.11708423752219373 0.738525390625 0.00848293549023476 0.00830078125
0 0.21503255079897415 0.741455078125 0.003748273821266522 0.01513671875
0 0.4317419609390412 0.7373046875 0.004734661668968239 0.0078125
0 0.19076740974551193 0.735595703125 0.0025646084040244622 0.00537109375
0 0.22460051292168082 0.73388671875 0.0039455513908068654 0.0029296875
0 0.16157032945354113 0.734130859375 0.0023673308344841193 0.00439453125
0 0.21360228841980666 0.73193359375 0.001085026632471888 0.001953125
0 0.1989544288814362 0.7333984375 0.0025646084040244622 0.0048828125
0 0.17947326888932727 0.734619140625 0.003255079897415664 0.00732421875
0 0.14445650029591636 0.732421875 0.0022686920497139475 0.00390625
0 0.18405997238114027 0.733154296875 0.002959163543105149 0.00732421875
0 0.1589070822647465 0.733154296875 0.003748273821266522 0.00732421875
0 0.15210100611560465 0.730712890625 0.0009863878477017164 0.00244140625
0 0.16502268692049715 0.73193359375 0.005721049516669955 0.0068359375
0 0.1508680213059775 0.730224609375 0.001085026632471888 0.00341796875
0 0.12384099427895048 0.72900390625 0.0008877490629315447 0.001953125
0 0.18267902939435787 0.728271484375 0.0025646084040244622 0.00439453125
0 0.21616689682383114 0.73095703125 0.004044190175577037 0.0107421875
0 0.1804103373446439 0.7275390625 0.0013809429867824028 0.00390625
0 0.15698362596172816 0.72900390625 0.0044387453146577235 0.0068359375
0 0.15362990727954232 0.72705078125 0.0016768593410929177 0.0029296875
0 0.22731307950286053 0.728515625 0.002071414480173604 0.0068359375
0 0.43479976326691655 0.728271484375 0.004340106529887552 0.00732421875
0 0.16679818504636024 0.72607421875 0.0023673308344841193 0.0029296875
0 0.20142039850069046 0.72509765625 0.000789110278161373 0.001953125
0 0.19495955809824422 0.725341796875 0.001085026632471888 0.00341796875
0 0.13276780430065102 0.724853515625 0.0013809429867824028 0.00244140625
0 0.22538962319984218 0.724609375 0.0009863878477017164 0.0029296875
0 0.2200138094298678 0.726318359375 0.001874136910633261 0.00634765625
0 0.4284868810416256 0.7255859375 0.0023673308344841193 0.005859375
0 0.17636614716906687 0.72705078125 0.0027618859735648055 0.0087890625
0 0.22317025054251333 0.724365234375 0.0014795817715525744 0.00439453125
0 0.38967251923456303 0.722900390625 0.001085026632471888 0.00244140625
0 0.21813967251923455 0.7236328125 0.001085026632471888 0.00390625
0 0.2082757940422174 0.724609375 0.002071414480173604 0.005859375
0 0.18105148944565003 0.722900390625 0.0016768593410929177 0.00244140625
0 0.16300059183270862 0.72265625 0.0012823042020122311 0.001953125
0 0.1867232195699349 0.723388671875 0.0017754981258630894 0.00537109375
0 0.21182679029394358 0.724853515625 0.0044387453146577235 0.00927734375
0 0.19175379759321365 0.7236328125 0.0023673308344841193 0.0078125
0 0.20359045176563426 0.722412109375 0.0025646084040244622 0.00732421875
0 0.19708029197080293 0.7236328125 0.002959163543105149 0.009765625
0 0.17912803314263168 0.7216796875 0.001578220556322746 0.005859375
0 0.19323337936476623 0.719970703125 0.003156441112645492 0.00439453125
0 0.15762477806273426 0.7216796875 0.004340106529887552 0.0078125
0 0.17533043992898006 0.721435546875 0.005819688301440126 0.00830078125
0 0.16808048924837246 0.71875 0.005326494377589268 0.0048828125
0 0.1617676070230815 0.720703125 0.0027618859735648055 0.0087890625
0 0.20531663049911225 0.716064453125 0.0012823042020122311 0.00341796875
0 0.22178930755573092 0.715087890625 0.003452357466956007 0.01123046875
0 0.20393568751232985 0.711669921875 0.0028605247583349774 0.00634765625
0 0.21355296902742157 0.71142578125 0.004734661668968239 0.0087890625
0 0.19703097257841784 0.7099609375 0.004636022884198066 0.0078125
0 0.22267705661866247 0.70703125 0.0012823042020122311 0.00390625
0 0.20531663049911225 0.705322265625 0.001874136910633261 0.00439453125
0 0.21044584730716118 0.704833984375 0.0038469126060366936 0.00634765625
0 0.20324521601893863 0.70361328125 0.0014795817715525744 0.00390625
0 0.22538962319984218 0.69384765625 0.0025646084040244622 0.005859375
0 0.21547642533043992 0.6943359375 0.0028605247583349774 0.0068359375
0 0.21784375616492405 0.68896484375 0.005227855592819097 0.0048828125
