0 0.3265436969816532 0.999267578125 0.002465969619254291 0.00146484375
0 0.7033931741960939 0.99853515625 0.0027618859735648055 0.0029296875
0 0.15668770960741762 0.998291015625 0.0036496350364963502 0.00341796875
0 0.5109489051094891 0.997802734375 0.008877490629315447 0.00439453125
0 0.3803018346813967 0.997802734375 0.005030578023278753 0.00439453125
0 0.12221345433024265 0.997802734375 0.0027618859735648055 0.00439453125
0 0.18859735648056816 0.99755859375 0.006510159794831328 0.0048828125
0 0.6099822450187413 0.997314453125 0.00907476819885579 0.00537109375
0 0.3439534424935885 0.997314453125 0.006707437364371671 0.00537109375
0 0.693627934503847 0.996826171875 0.012231209311501283 0.00634765625
0 0.335075951864273 0.996826171875 0.005523771947129611 0.00634765625
0 0.18036101795225884 0.99560546875 0.004636022884198066 0.005859375
0 0.6412014203985007 0.99560546875 0.005819688301440126 0.0068359375
0 0.630499112250937 0.995849609375 0.015979483132767803 0.00830078125
0 0.4056026829749457 0.99462890625 0.010652988755178536 0.005859375
0 0.7142927599131978 0.9951171875 0.011146182679029394 0.0078125
0 0.13242256855395543 0.994873046875 0.008187019135924246 0.00732421875
0 0.26824817518248173 0.992431640625 0.0038469126060366936 0.00439453125
0 0.11594989149733675 0.9931640625 0.004636022884198066 0.0078125
0 0.35722035904517657 0.991455078125 0.005030578023278753 0.00537109375
0 0.38163345827579404 0.992919921875 0.006707437364371671 0.00927734375
0 0.37458078516472676 0.99072265625 0.006214243440520813 0.0048828125
0 0.09780035509962517 0.98876953125 0.00424146774511738 0.00390625
0 0.4850069047149339 0.98828125 0.009272045768396133 0.005859375
0 0.13774906293154468 0.986572265625 0.0036496350364963502 0.00244140625
0 0.19204971394752415 0.98681640625 0.004734661668968239 0.00390625
0 0.1192542907871375 0.98779296875 0.002959163543105149 0.005859375
0 0.162063523377392 0.986328125 0.002959163543105149 0.00390625
0 0.12887157230222923 0.986572265625 0.007397908857762872 0.00439453125
0 0.24353915959755376 0.98583984375 0.0061156046557506415 0.0068359375
0 0.3520911422371276 0.982666015625 0.00483330045373841 0.00244140625
0 0.18598342868415862 0.981689453125 0.0030578023278753207 0.00341796875
0 0.46897810218978103 0.982421875 0.0044387453146577235 0.0068359375
0 0.3020812783586506 0.98046875 0.003452357466956007 0.0029296875
0 0.7171039652791478 0.97998046875 0.003156441112645492 0.0029296875
0 0.39800749654764256 0.980712890625 0.002170053264943776 0.00439453125
0 0.16605839416058393 0.9814453125 0.006214243440520813 0.005859375
0 0.10791083053856776 0.979736328125 0.0019727756954034327 0.00244140625
0 0.2706155060169659 0.9794921875 0.0016768593410929177 0.0029296875
0 0.23633852830933122 0.979248046875 0.0027618859735648055 0.00341796875
0 0.21088972183862695 0.980224609375 0.004931939238508582 0.00537109375
0 0.6082560662852634 0.978515625 0.00483330045373841 0.00390625
0 0.46360228841980666 0.9775390625 0.004537384099427895 0.0029296875
0 0.721838626948116 0.977783203125 0.004537384099427895 0.00439453125
0 0.670151903728546 0.9775390625 0.0061156046557506415 0.00390625
0 0.21883014401262577 0.978271484375 0.007200631288222529 0.00634765625
0 0.3326593016374038 0.9765625 0.0044387453146577235 0.00390625
0 0.3371966857368317 0.975830078125 0.0036496350364963502 0.00341796875
0 0.12714539356875124 0.975830078125 0.0013809429867824028 0.00341796875
0 0.32772736239889527 0.974609375 0.00483330045373841 0.0029296875
0 0.7041329650818702 0.977294921875 0.014105346222134543 0.00927734375
0 0.34193134740579995 0.973876953125 0.00483330045373841 0.00439453125
0 0.697129611363188 0.97314453125 0.013710791083053857 0.0068359375
0 0.40481357269678436 0.96826171875 0.0013809429867824028 0.001953125
0 0.35692444269086604 0.968505859375 0.003452357466956007 0.00341796875
0 0.33399092523180113 0.969482421875 0.007891102781613731 0.00537109375
0 0.2757447228250148 0.9697265625 0.00424146774511738 0.005859375
0 0.6785362004340106 0.96728515625 0.003156441112645492 0.0029296875
0 0.6989544288814362 0.96875 0.006707437364371671 0.0068359375
0 0.2711580193332018 0.96533203125 0.004931939238508582 0.00390625
0 0.11062339711974749 0.9638671875 0.002663247188794634 0.0029296875
0 0.35899585717103966 0.963623046875 0.0030578023278753207 0.00439453125
0 0.7004833300453739 0.962890625 0.008187019135924246 0.0068359375
0 0.6819885579009667 0.962158203125 0.007101992503452358 0.00634765625
0 0.33981061353324127 0.9599609375 0.003550996251726179 0.00390625
0 0.10736831722233182 0.95947265625 0.0016768593410929177 0.00390625
0 0.30474452554744524 0.9580078125 0.0036496350364963502 0.0029296875
0 0.3511047543894259 0.957763671875 0.002465969619254291 0.00341796875
0 0.3463207733280726 0.95654296875 0.0061156046557506415 0.005859375
0 0.33596370092720457 0.95556640625 0.003748273821266522 0.00390625
0 0.3317222331820872 0.954833984375 0.0025646084040244622 0.00341796875
0 0.7062536989544289 0.957275390625 0.012033931741960938 0.00927734375
0 0.5355099625172618 0.954345703125 0.0033537186821858355 0.00341796875
0 0.340797001380943 0.954345703125 0.0061156046557506415 0.00439453125
0 0.11146182679029394 0.960205078125 0.007101992503452358 0.01611328125
0 0.30908463207733283 0.9521484375 0.003452357466956007 0.0029296875
0 0.7048727559676464 0.951416015625 0.002170053264943776 0.00244140625
0 0.2878772933517459 0.95166015625 0.005030578023278753 0.00390625
0 0.7211974748471098 0.951171875 0.01331623594397317 0.0087890625
0 0.3518938646675873 0.9482421875 0.0038469126060366936 0.00390625
0 0.10717103965279148 0.947509765625 0.0016768593410929177 0.00341796875
0 0.10435983428684159 0.947021484375 0.002959163543105149 0.00341796875
0 0.2841783389228645 0.9462890625 0.005721049516669955 0.00390625
0 0.09612349575853225 0.946044921875 0.003255079897415664 0.00537109375
0 0.35554349970408367 0.946044921875 0.0030578023278753207 0.00732421875
0 0.1440126257644506 0.943115234375 0.001578220556322746 0.00244140625
0 0.3418820280134149 0.9423828125 0.003156441112645492 0.0029296875
0 0.3449891497336753 0.9404296875 0.0014795817715525744 0.0029296875
0 0.09198066679818505 0.945068359375 0.003255079897415664 0.01318359375
0 0.3086900769382521 0.936767578125 0.0022686920497139475 0.00244140625
0 0.3439534424935885 0.936279296875 0.001578220556322746 0.00244140625
0 0.3555928190964687 0.934814453125 0.003156441112645492 0.00244140625
0 0.36570329453541134 0.9375 0.007200631288222529 0.0087890625
0 0.28245216018938646 0.937744140625 0.008581574275004932 0.00927734375
0 0.33468139672519237 0.93505859375 0.004537384099427895 0.0068359375
0 0.3964785953837049 0.93359375 0.0030578023278753207 0.0048828125
0 0.09587689879660682 0.932373046875 0.0009863878477017164 0.00244140625
0 0.3403531268494772 0.9326171875 0.00483330045373841 0.005859375
0 0.1484020516867232 0.9306640625 0.002071414480173604 0.0029296875
0 0.33260998224501875 0.929443359375 0.0039455513908068654 0.00244140625
0 0.31233971197474847 0.93212890625 0.010554349970408364 0.0078125
0 0.1213750246596962 0.929931640625 0.0012823042020122311 0.00341796875
0 0.09247386072203591 0.929931640625 0.002663247188794634 0.00732421875
0 0.3610672716512133 0.930419921875 0.00483330045373841 0.01123046875
0 0.32659301637403826 0.929443359375 0.005918327086210298 0.00927734375
0 0.36486486486486486 0.925048828125 0.0025646084040244622 0.00244140625
0 0.2978891300059183 0.925537109375 0.003748273821266522 0.00341796875
0 0.39618267902939436 0.926513671875 0.005227855592819097 0.00634765625
0 0.2777174985204182 0.9248046875 0.002071414480173604 0.00390625
0 0.09572894061945157 0.924560546875 0.0044387453146577235 0.00439453125
0 0.37053659498914976 0.924072265625 0.0022686920497139475 0.00439453125
0 0.39435786151114616 0.92236328125 0.002170053264943776 0.0029296875
0 0.3744821463799566 0.922119140625 0.0016768593410929177 0.00244140625
0 0.13986979680410339 0.92236328125 0.0025646084040244622 0.0029296875
0 0.13681199447622805 0.922607421875 0.003156441112645492 0.00439453125
0 0.31603866640362993 0.92431640625 0.0033537186821858355 0.009765625
0 0.3095285066087986 0.921142578125 0.003156441112645492 0.00341796875
0 0.3188498717695798 0.921630859375 0.003255079897415664 0.00537109375
0 0.3312290392582363 0.919189453125 0.001578220556322746 0.00244140625
0 0.1032748076543697 0.919677734375 0.0023673308344841193 0.00439453125
0 0.3001578220556323 0.918701171875 0.008088380351154074 0.00732421875
0 0.291970802919708 0.9169921875 0.002959163543105149 0.0048828125
0 0.1617676070230815 0.917724609375 0.008285657920694417 0.00927734375
0 0.39139869796804105 0.916015625 0.004537384099427895 0.0068359375
0 0.36555533635825604 0.9140625 0.0011836654172420597 0.0029296875
0 0.4076247780627343 0.9140625 0.0038469126060366936 0.00390625
0 0.3383310317616887 0.91357421875 0.0019727756954034327 0.0029296875
0 0.22820082856579207 0.91259765625 0.001874136910633261 0.001953125
0 0.12675083842967055 0.913818359375 0.0039455513908068654 0.00439453125
0 0.3253600315644111 0.912841796875 0.0022686920497139475 0.00341796875
0 0.13893272834878675 0.914306640625 0.009173406983625962 0.00634765625
0 0.29927007299270075 0.91259765625 0.0033537186821858355 0.00390625
0 0.25147958177155255 0.911865234375 0.0038469126060366936 0.00341796875
0 0.11397711580193332 0.912353515625 0.0030578023278753207 0.00537109375
0 0.3111560465575064 0.911865234375 0.0038469126060366936 0.00537109375
0 0.10278161373051883 0.91064453125 0.0025646084040244622 0.0029296875
0 0.412063523377392 0.910400390625 0.002663247188794634 0.00439453125
0 0.29542316038666405 0.909912109375 0.0025646084040244622 0.00341796875
0 0.17463996843558888 0.9091796875 0.0022686920497139475 0.001953125
0 0.11905701321759717 0.911865234375 0.006312882225290984 0.00732421875
0 0.38513513513513514 0.91015625 0.006016965870980469 0.0048828125
0 0.0935095679621227 0.9091796875 0.002959163543105149 0.0029296875
0 0.7143913986979681 0.908203125 0.007397908857762872 0.00390625
0 0.3970704280923259 0.90771484375 0.002071414480173604 0.0029296875
0 0.3777372262773723 0.908203125 0.002663247188794634 0.00390625
0 0.7218879463405011 0.908935546875 0.007595186427303216 0.00732421875
0 0.41487472874334186 0.906005859375 0.0027618859735648055 0.00244140625
0 0.3911521010061156 0.90771484375 0.005622410731899783 0.005859375
0 0.13745314657723418 0.9072265625 0.003255079897415664 0.0048828125
0 0.4213355691457881 0.906005859375 0.002071414480173604 0.00341796875
0 0.41812980864075755 0.905517578125 0.003156441112645492 0.00244140625
0 0.21503255079897415 0.90625 0.0019727756954034327 0.00390625
0 0.3877490629315447 0.90478515625 0.002170053264943776 0.001953125
0 0.09360820674689288 0.905029296875 0.0025646084040244622 0.00244140625
0 0.2441803116985599 0.904541015625 0.002071414480173604 0.00244140625
0 0.17577431446044584 0.90673828125 0.005326494377589268 0.0068359375
0 0.10953837048727559 0.90478515625 0.0014795817715525744 0.0029296875
0 0.1056914578812389 0.906005859375 0.001874136910633261 0.00537109375
0 0.12014203985006905 0.904296875 0.0019727756954034327 0.0029296875
0 0.27416650226869205 0.905517578125 0.0044387453146577235 0.00634765625
0 0.15210100611560465 0.903564453125 0.0019727756954034327 0.00244140625
0 0.368958374432827 0.903076171875 0.0028605247583349774 0.00244140625
0 0.16245807851647268 0.90673828125 0.00848293549023476 0.009765625
0 0.1606332609982245 0.903564453125 0.0030578023278753207 0.00341796875
0 0.09035312684947722 0.9033203125 0.0017754981258630894 0.0029296875
0 0.7283981061353324 0.903076171875 0.004044190175577037 0.00439453125
0 0.1342967054645887 0.90185546875 0.0014795817715525744 0.001953125
0 0.16877096074176365 0.905517578125 0.0072992700729927005 0.01025390625
0 0.4196093904123101 0.9013671875 0.0039455513908068654 0.0029296875
0 0.3832609982245019 0.8994140625 0.0022686920497139475 0.001953125
0 0.29251331623594395 0.900146484375 0.003452357466956007 0.00341796875
0 0.39554152692838823 0.902099609375 0.003748273821266522 0.00830078125
0 0.3111560465575064 0.9013671875 0.005819688301440126 0.0078125
0 0.25463602288419807 0.89990234375 0.007200631288222529 0.0048828125
0 0.14692246991517063 0.899169921875 0.003452357466956007 0.00341796875
0 0.37606036693627937 0.897216796875 0.001874136910633261 0.00244140625
0 0.30232787532057603 0.89794921875 0.0027618859735648055 0.00390625
0 0.1710889721838627 0.898193359375 0.001874136910633261 0.00439453125
0 0.11905701321759717 0.89697265625 0.0025646084040244622 0.0048828125
0 0.24955612546853423 0.896484375 0.004340106529887552 0.005859375
0 0.7190274215821661 0.895263671875 0.007989741566383901 0.00439453125
0 0.19456500295916354 0.896240234375 0.005622410731899783 0.00732421875
0 0.2100019727756954 0.893798828125 0.004142828960347208 0.00537109375
0 0.20211086999408168 0.89501953125 0.005721049516669955 0.0078125
0 0.16196488459262182 0.892333984375 0.0033537186821858355 0.00244140625
0 0.09612349575853225 0.89404296875 0.002465969619254291 0.005859375
0 0.10623397119747485 0.891357421875 0.002959163543105149 0.00341796875
0 0.29843164332215427 0.892578125 0.0036496350364963502 0.0068359375
0 0.3159893470112448 0.890380859375 0.006806076149141842 0.00732421875
0 0.19722825014795817 0.888427734375 0.003255079897415664 0.00341796875
0 0.09656737028999803 0.887939453125 0.004931939238508582 0.00341796875
0 0.15900572104951666 0.886962890625 0.004340106529887552 0.00244140625
0 0.4237028999802722 0.88720703125 0.005622410731899783 0.0048828125
0 0.2354014598540146 0.88525390625 0.0038469126060366936 0.0029296875
0 0.296557506411521 0.885009765625 0.0030578023278753207 0.00439453125
0 0.2409252318011442 0.884521484375 0.004636022884198066 0.00341796875
0 0.16956007101992504 0.88427734375 0.0011836654172420597 0.0029296875
0 0.16541724205957783 0.8837890625 0.002170053264943776 0.001953125
0 0.12768790688498718 0.884765625 0.0038469126060366936 0.00390625
0 0.10332412704675478 0.882568359375 0.0030578023278753207 0.00244140625
0 0.18065693430656934 0.882080078125 0.002663247188794634 0.00244140625
0 0.4168475044387453 0.88232421875 0.002959163543105149 0.00390625
0 0.2090155849279937 0.881591796875 0.003156441112645492 0.00244140625
0 0.12384099427895048 0.881103515625 0.0012823042020122311 0.00244140625
0 0.2847701716314855 0.879638671875 0.003550996251726179 0.00244140625
0 0.3086900769382521 0.879150390625 0.0028605247583349774 0.00244140625
0 0.25863089366739 0.88037109375 0.0023673308344841193 0.0048828125
0 0.11486486486486487 0.8798828125 0.0036496350364963502 0.00390625
0 0.11091931347405799 0.87939453125 0.003452357466956007 0.0029296875
0 0.27347603077530086 0.88037109375 0.0030578023278753207 0.005859375
0 0.27101006115604653 0.8779296875 0.001874136910633261 0.001953125
0 0.2607023081475636 0.879638671875 0.003156441112645492 0.00537109375
0 0.20576050503057802 0.877685546875 0.001578220556322746 0.00244140625
0 0.42498520418228447 0.878173828125 0.003452357466956007 0.00537109375
0 0.2375221937265733 0.876953125 0.003156441112645492 0.0029296875
0 0.3862694811599921 0.87646484375 0.0019727756954034327 0.0029296875
0 0.1418425724995068 0.87646484375 0.001578220556322746 0.0029296875
0 0.483921878082462 0.876953125 0.005918327086210298 0.0048828125
0 0.12951272440323536 0.87646484375 0.002959163543105149 0.00390625
0 0.7229236535805879 0.87548828125 0.0039455513908068654 0.0029296875
0 0.4276484513710791 0.87548828125 0.003255079897415664 0.0029296875
0 0.2250443874531466 0.875244140625 0.0030578023278753207 0.00244140625
0 0.17498520418228447 0.8759765625 0.004142828960347208 0.0048828125
0 0.1251232984809627 0.87548828125 0.0028605247583349774 0.00390625
0 0.2882225290984415 0.8740234375 0.0017754981258630894 0.001953125
0 0.09548234365752614 0.875732421875 0.003550996251726179 0.00537109375
0 0.4204478200828566 0.874755859375 0.003452357466956007 0.00439453125
0 0.2274117182876307 0.873779296875 0.0012823042020122311 0.00244140625
0 0.13715723022292364 0.87451171875 0.002663247188794634 0.00390625
0 0.7083744328269875 0.874755859375 0.004044190175577037 0.00537109375
0 0.6986091931347406 0.87548828125 0.007003353718682186 0.0068359375
0 0.4773130795028605 0.874267578125 0.006707437364371671 0.00439453125
0 0.3105148944565003 0.87353515625 0.0027618859735648055 0.0029296875
0 0.2630696389820477 0.873779296875 0.003748273821266522 0.00341796875
0 0.11915565200236733 0.873779296875 0.0027618859735648055 0.00341796875
0 0.3048431643322154 0.873046875 0.002663247188794634 0.0029296875
0 0.25616492404813573 0.87353515625 0.005523771947129611 0.00390625
0 0.29779049122114815 0.873291015625 0.0023673308344841193 0.00439453125
0 0.10514894456500296 0.87158203125 0.0023673308344841193 0.001953125
0 0.12334780035509962 0.87158203125 0.002071414480173604 0.0029296875
0 0.5271256658117972 0.870849609375 0.003748273821266522 0.00244140625
0 0.512083251134346 0.871337890625 0.006411521010061156 0.00341796875
0 0.25152890116393767 0.871337890625 0.0027618859735648055 0.00341796875
0 0.24822450187413692 0.870849609375 0.003255079897415664 0.00244140625
0 0.19303610179522587 0.871826171875 0.0039455513908068654 0.00439453125
0 0.30716117577431445 0.870849609375 0.0025646084040244622 0.00341796875
0 0.19727756954034326 0.87060546875 0.004142828960347208 0.0029296875
0 0.09296705464588677 0.871337890625 0.002663247188794634 0.00439453125
0 0.3108601302031959 0.869873046875 0.003255079897415664 0.00244140625
0 0.2909844150720063 0.870361328125 0.0039455513908068654 0.00341796875
0 0.183912014203985 0.8701171875 0.002071414480173604 0.0029296875
0 0.14356875123298482 0.86865234375 0.001874136910633261 0.0029296875
0 0.2742651410534622 0.86767578125 0.0016768593410929177 0.001953125
0 0.22410731899782996 0.86767578125 0.0017754981258630894 0.001953125
0 0.5176563424738607 0.86767578125 0.0033537186821858355 0.0029296875
0 0.28003550996251725 0.868896484375 0.005326494377589268 0.00537109375
0 0.19382521207338727 0.866943359375 0.0023673308344841193 0.00244140625
0 0.697672124679424 0.86669921875 0.003156441112645492 0.0029296875
0 0.12157230222923654 0.867431640625 0.0036496350364963502 0.00439453125
0 0.6910140067074374 0.866455078125 0.00424146774511738 0.00341796875
0 0.50863089366739 0.86767578125 0.00542513316235944 0.005859375
0 0.27766817912803315 0.865478515625 0.0017754981258630894 0.00244140625
0 0.2430459656737029 0.8662109375 0.0033537186821858355 0.00390625
0 0.13991911619648845 0.866943359375 0.00483330045373841 0.00537109375
0 0.5490727954231603 0.86669921875 0.007200631288222529 0.005859375
0 0.22021108699940817 0.864990234375 0.002465969619254291 0.00244140625
0 0.5145492207536003 0.86572265625 0.003255079897415664 0.0048828125
0 0.29083645689485105 0.86474609375 0.0012823042020122311 0.0029296875
0 0.15007891102781615 0.864501953125 0.0006904714933912014 0.00244140625
0 0.42700729927007297 0.86376953125 0.0017754981258630894 0.001953125
0 0.7076839613335963 0.866455078125 0.008187019135924246 0.00830078125
0 0.2568553955415269 0.863037109375 0.0019727756954034327 0.00244140625
0 0.23791674886565398 0.864501953125 0.0039455513908068654 0.00537109375
0 0.20842375221937265 0.863037109375 0.0027618859735648055 0.00244140625
0 0.2499506806076149 0.8623046875 0.0033537186821858355 0.001953125
0 0.7146379956598935 0.86376953125 0.007101992503452358 0.005859375
0 0.2322943381337542 0.86083984375 0.0027618859735648055 0.001953125
0 0.13197869402248966 0.861328125 0.005721049516669955 0.0029296875
0 0.5277174985204183 0.861572265625 0.0033537186821858355 0.00439453125
0 0.27239100414282896 0.861572265625 0.0038469126060366936 0.00439453125
0 0.1881041625567173 0.861083984375 0.006904714933912014 0.00341796875
0 0.11915565200236733 0.861572265625 0.0051292168080489245 0.00537109375
0 0.5330933122903926 0.861083984375 0.003255079897415664 0.00634765625
0 0.21463799565989347 0.859130859375 0.001578220556322746 0.00244140625
0 0.4336160978496745 0.85888671875 0.0025646084040244622 0.0029296875
0 0.23905109489051096 0.859130859375 0.0066087985796014995 0.00341796875
0 0.14110278161373052 0.859375 0.002465969619254291 0.00390625
0 0.2826001183665417 0.85791015625 0.0017754981258630894 0.001953125
0 0.6988064707042809 0.859619140625 0.010554349970408364 0.00634765625
0 0.5558295521799171 0.857421875 0.0027618859735648055 0.001953125
0 0.2617380153876504 0.860107421875 0.0066087985796014995 0.00732421875
0 0.15289011639376604 0.857666015625 0.004734661668968239 0.00244140625
0 0.6929374630104557 0.858154296875 0.003156441112645492 0.00537109375
0 0.25991319786940226 0.85693359375 0.0033537186821858355 0.0029296875
0 0.22164134937857566 0.860107421875 0.008285657920694417 0.00927734375
0 0.5276681791280331 0.856201171875 0.0014795817715525744 0.00244140625
0 0.7219372657328862 0.856689453125 0.005918327086210298 0.00439453125
0 0.713207733280726 0.857421875 0.010357072400868021 0.005859375
0 0.4360820674689288 0.85595703125 0.0025646084040244622 0.0029296875
0 0.5527717498520418 0.85546875 0.0033537186821858355 0.0029296875
0 0.17552771749852042 0.85498046875 0.0016768593410929177 0.0029296875
0 0.13789702110869995 0.856689453125 0.003550996251726179 0.00634765625
0 0.13296508187019135 0.8564453125 0.007693825212073387 0.005859375
0 0.12699743539159597 0.855224609375 0.0030578023278753207 0.00341796875
0 0.1248273821266522 0.859130859375 0.004044190175577037 0.01123046875
0 0.6915072006312882 0.85498046875 0.005622410731899783 0.00390625
0 0.6750838429670546 0.8544921875 0.003550996251726179 0.0029296875
0 0.697672124679424 0.854736328125 0.005523771947129611 0.00439453125
0 0.6805089761294141 0.85400390625 0.004537384099427895 0.0029296875
0 0.14998027224304597 0.853759765625 0.0028605247583349774 0.00244140625
0 0.4395344249358848 0.853271484375 0.0019727756954034327 0.00244140625
0 0.2854113237324916 0.853515625 0.002663247188794634 0.0029296875
0 0.2263266916551588 0.85302734375 0.002071414480173604 0.001953125
0 0.2924639968435589 0.8525390625 0.0013809429867824028 0.0029296875
0 0.20714144801736042 0.8515625 0.0033537186821858355 0.001953125
0 0.6840599723811402 0.851318359375 0.0039455513908068654 0.00341796875
0 0.43830144012625766 0.85107421875 0.002071414480173604 0.0029296875
0 0.2765338331031762 0.85107421875 0.006411521010061156 0.00390625
0 0.1216709410140067 0.853515625 0.005622410731899783 0.0087890625
0 0.13602288419806668 0.849853515625 0.004142828960347208 0.00244140625
0 0.13296508187019135 0.850341796875 0.0017754981258630894 0.00341796875
0 0.18716709410140067 0.849365234375 0.0028605247583349774 0.00244140625
0 0.6919017557703689 0.85009765625 0.008581574275004932 0.0048828125
0 0.20112448214637996 0.8486328125 0.0013809429867824028 0.001953125
0 0.46636417439337147 0.848876953125 0.0033537186821858355 0.00341796875
0 0.7278062734267113 0.84912109375 0.00542513316235944 0.0048828125
0 0.7119747484710989 0.84814453125 0.003156441112645492 0.0029296875
0 0.4547741171828763 0.84765625 0.003255079897415664 0.001953125
0 0.5136614716906688 0.84716796875 0.002465969619254291 0.001953125
0 0.24526533833103176 0.847412109375 0.0022686920497139475 0.00244140625
0 0.5617971986585125 0.849609375 0.003255079897415664 0.0078125
0 0.5108502663247189 0.846923828125 0.0033537186821858355 0.00341796875
0 0.1553560860130203 0.84716796875 0.004340106529887552 0.00390625
0 0.0928190964687315 0.84814453125 0.004931939238508582 0.0068359375
0 0.4690767409745512 0.845458984375 0.0022686920497139475 0.00244140625
0 0.28496744920102585 0.8447265625 0.003156441112645492 0.001953125
0 0.16457881238903135 0.845458984375 0.002071414480173604 0.00341796875
0 0.6822844742552772 0.8447265625 0.002959163543105149 0.0029296875
0 0.2399881633458276 0.8447265625 0.003156441112645492 0.0029296875
0 0.5489741566383902 0.843994140625 0.004044190175577037 0.00244140625
0 0.16053462221345433 0.845947265625 0.00542513316235944 0.00634765625
0 0.5116393766028803 0.8427734375 0.0023673308344841193 0.001953125
0 0.4352436377983823 0.843017578125 0.001874136910633261 0.00244140625
0 0.5627342671138291 0.84228515625 0.0023673308344841193 0.001953125
0 0.182185835470507 0.84326171875 0.002170053264943776 0.00390625
0 0.5924245413296508 0.8427734375 0.007693825212073387 0.0048828125
0 0.4624679423949497 0.842529296875 0.006016965870980469 0.00439453125
0 0.4450581968830144 0.841552734375 0.0019727756954034327 0.00244140625
0 0.2611461826790294 0.841552734375 0.002663247188794634 0.00244140625
0 0.23490826593016373 0.841796875 0.0038469126060366936 0.0029296875
0 0.21878082462024068 0.841796875 0.002959163543105149 0.0029296875
0 0.710889721838627 0.8408203125 0.003156441112645492 0.001953125
0 0.690767409745512 0.8427734375 0.006707437364371671 0.005859375
0 0.5444367725389623 0.841064453125 0.0016768593410929177 0.00244140625
0 0.13064707042809232 0.8447265625 0.00424146774511738 0.009765625
0 0.5869500887749063 0.840576171875 0.003452357466956007 0.00244140625
0 0.47484710988360623 0.84228515625 0.006510159794831328 0.005859375
0 0.6850956796212271 0.84033203125 0.0028605247583349774 0.0029296875
0 0.25369895442888146 0.840087890625 0.0023673308344841193 0.00244140625
0 0.7228250147958177 0.83837890625 0.0025646084040244622 0.0029296875
0 0.6966857368317222 0.837890625 0.001578220556322746 0.001953125
0 0.45329453541132375 0.838134765625 0.002071414480173604 0.00244140625
0 0.44629118169264154 0.837890625 0.004044190175577037 0.0029296875
0 0.26001183665417243 0.83740234375 0.0019727756954034327 0.001953125
0 0.1301045571118564 0.83740234375 0.0009863878477017164 0.001953125
0 0.5096172815150918 0.837158203125 0.002465969619254291 0.00244140625
0 0.23293549023476032 0.8369140625 0.001874136910633261 0.001953125
0 0.1776484513710791 0.838134765625 0.0033537186821858355 0.00439453125
0 0.45985401459854014 0.837646484375 0.003156441112645492 0.00439453125
0 0.27668179128033143 0.836669921875 0.002170053264943776 0.00244140625
0 0.19698165318603275 0.836669921875 0.004340106529887552 0.00244140625
0 0.7028506608798579 0.835693359375 0.002071414480173604 0.00244140625
0 0.6872164134937857 0.836181640625 0.0072992700729927005 0.00439453125
0 0.45714144801736045 0.836669921875 0.002465969619254291 0.00537109375
0 0.556865259420004 0.83837890625 0.005030578023278753 0.009765625
0 0.2646478595383705 0.83447265625 0.0023673308344841193 0.001953125
0 0.6829256263562833 0.833984375 0.002071414480173604 0.001953125
0 0.6482047741171829 0.8359375 0.006016965870980469 0.005859375
0 0.5497139475241665 0.834228515625 0.003156441112645492 0.00244140625
0 0.5337837837837838 0.833984375 0.0016768593410929177 0.001953125
0 0.583892286447031 0.834228515625 0.0036496350364963502 0.00341796875
0 0.44283882422568555 0.833740234375 0.0016768593410929177 0.00244140625
0 0.2550305780232788 0.83349609375 0.0016768593410929177 0.001953125
0 0.5888735450779247 0.833740234375 0.003550996251726179 0.00341796875
0 0.576445058196883 0.833740234375 0.0051292168080489245 0.00341796875
0 0.5309232590254488 0.833251953125 0.0030578023278753207 0.00244140625
0 0.47366344446636416 0.833740234375 0.0033537186821858355 0.00341796875
0 0.1755770368909055 0.833740234375 0.0027618859735648055 0.00341796875
0 0.5173111067271651 0.83203125 0.001874136910633261 0.001953125
0 0.2409252318011442 0.83203125 0.001874136910633261 0.001953125
0 0.6939238508581574 0.832275390625 0.006510159794831328 0.00341796875
0 0.21937265732886171 0.831787109375 0.0025646084040244622 0.00244140625
0 0.1877589268100217 0.83251953125 0.0028605247583349774 0.00390625
0 0.46838626948115997 0.83154296875 0.0044387453146577235 0.0029296875
0 0.17814164529492996 0.83154296875 0.0025646084040244622 0.0029296875
0 0.6048037088183074 0.83056640625 0.0016768593410929177 0.001953125
0 0.5605642138488853 0.8310546875 0.002170053264943776 0.0029296875
0 0.568356677845729 0.830322265625 0.0017754981258630894 0.00244140625
0 0.5554843164332215 0.8310546875 0.00424146774511738 0.00390625
0 0.21271453935687512 0.830810546875 0.002465969619254291 0.00341796875
0 0.5428092325902545 0.8330078125 0.0061156046557506415 0.0087890625
0 0.5025152890116393 0.830078125 0.0030578023278753207 0.0029296875
0 0.47963109094495954 0.82958984375 0.0014795817715525744 0.001953125
0 0.2607516275399487 0.83154296875 0.0038469126060366936 0.005859375
0 0.24945748668376405 0.829833984375 0.0023673308344841193 0.00244140625
0 0.19145788123890314 0.831298828125 0.0027618859735648055 0.00537109375
0 0.5090747681988558 0.83154296875 0.00848293549023476 0.0068359375
0 0.6995955809824423 0.82958984375 0.004636022884198066 0.00390625
0 0.5507496547642533 0.829833984375 0.0044387453146577235 0.00439453125
0 0.27520220950877883 0.828857421875 0.0017754981258630894 0.00244140625
0 0.4485598737423555 0.83056640625 0.004636022884198066 0.0068359375
0 0.19727756954034326 0.82861328125 0.002170053264943776 0.0029296875
0 0.6673900177549813 0.828857421875 0.005523771947129611 0.00439453125
0 0.5715624383507595 0.828857421875 0.0028605247583349774 0.00439453125
0 0.5468041033734464 0.8310546875 0.0036496350364963502 0.0087890625
0 0.5923259025448806 0.828857421875 0.003748273821266522 0.00537109375
0 0.481603866640363 0.827392578125 0.0036496350364963502 0.00244140625
0 0.2197178930755573 0.827392578125 0.0044387453146577235 0.00244140625
0 0.5124778062734268 0.82666015625 0.0022686920497139475 0.001953125
0 0.2799861905701322 0.8271484375 0.0016768593410929177 0.0029296875
0 0.4953146577234169 0.826171875 0.0016768593410929177 0.001953125
0 0.27066482540935094 0.826171875 0.0017754981258630894 0.001953125
0 0.1599427895048333 0.826171875 0.001085026632471888 0.001953125
0 0.45457683961333595 0.825927734375 0.0028605247583349774 0.00244140625
0 0.18267902939435787 0.827392578125 0.004537384099427895 0.00537109375
0 0.6028309331229039 0.826904296875 0.007397908857762872 0.00537109375
0 0.4742059577826001 0.825439453125 0.003452357466956007 0.00244140625
0 0.651114618267903 0.8251953125 0.003550996251726179 0.0029296875
0 0.286792266719274 0.82373046875 0.002465969619254291 0.001953125
0 0.64652791477609 0.823486328125 0.002071414480173604 0.00244140625
0 0.2582856579206944 0.8232421875 0.001085026632471888 0.001953125
0 0.7081278358650621 0.822998046875 0.0027618859735648055 0.00244140625
0 0.24659696192542907 0.82275390625 0.0023673308344841193 0.001953125
0 0.670102584336161 0.822265625 0.0030578023278753207 0.001953125
0 0.5664825409350956 0.82275390625 0.0019727756954034327 0.0029296875
0 0.45220950877885185 0.8232421875 0.005030578023278753 0.00390625
0 0.21611757743144605 0.82373046875 0.002959163543105149 0.0048828125
0 0.6583152495561254 0.82177734375 0.0019727756954034327 0.001953125
0 0.6024856973762083 0.82177734375 0.0027618859735648055 0.001953125
0 0.4403728546064313 0.82177734375 0.0012823042020122311 0.001953125
0 0.18711777470901558 0.82373046875 0.002959163543105149 0.005859375
0 0.6670941014006707 0.8212890625 0.0027618859735648055 0.001953125
0 0.620684553166305 0.822998046875 0.007595186427303216 0.00537109375
0 0.1967350562241073 0.821533203125 0.0016768593410929177 0.00244140625
0 0.26578220556322746 0.822021484375 0.0036496350364963502 0.00439453125
0 0.7326395738804498 0.8203125 0.003255079897415664 0.001953125
0 0.6422864470309726 0.820556640625 0.00424146774511738 0.00244140625
0 0.2520714144801736 0.820556640625 0.0016768593410929177 0.00244140625
0 0.6361215229828369 0.821044921875 0.007496547642533044 0.00439453125
0 0.705168672321957 0.822265625 0.004931939238508582 0.0078125
0 0.2585322548826198 0.8193359375 0.0019727756954034327 0.001953125
0 0.25364963503649635 0.8193359375 0.0014795817715525744 0.001953125
0 0.5479384493983034 0.819580078125 0.0051292168080489245 0.00341796875
0 0.5153876504241468 0.8193359375 0.004142828960347208 0.0029296875
0 0.4882126652199645 0.8212890625 0.006016965870980469 0.0068359375
0 0.48387255869007695 0.820068359375 0.003255079897415664 0.00439453125
0 0.7246991517064509 0.818359375 0.0017754981258630894 0.001953125
0 0.616097849674492 0.8193359375 0.005326494377589268 0.00390625
0 0.23870585914381534 0.818603515625 0.0011836654172420597 0.00244140625
0 0.2325902544880647 0.818603515625 0.0027618859735648055 0.00244140625
0 0.5572104951666995 0.819580078125 0.007891102781613731 0.00537109375
0 0.2864963503649635 0.817626953125 0.0012823042020122311 0.00244140625
0 0.17784572894061945 0.818115234375 0.003156441112645492 0.00341796875
0 0.2628230420201223 0.817138671875 0.001874136910633261 0.00244140625
0 0.6431741960939041 0.816650390625 0.004636022884198066 0.00244140625
0 0.4993095285066088 0.816650390625 0.004142828960347208 0.00244140625
0 0.19767212467942394 0.8173828125 0.003156441112645492 0.00390625
0 0.6110672716512132 0.816650390625 0.005721049516669955 0.00341796875
0 0.5282106924442691 0.815673828125 0.0011836654172420597 0.00244140625
0 0.49492010258433616 0.81689453125 0.005030578023278753 0.0048828125
0 0.2587295324521602 0.81494140625 0.0019727756954034327 0.001953125
0 0.6739494969421976 0.814697265625 0.003255079897415664 0.00244140625
0 0.2159202998619057 0.814453125 0.0013809429867824028 0.001953125
0 0.7157723416847505 0.816162109375 0.00897612941408562 0.00634765625
0 0.5957782600118366 0.8154296875 0.004340106529887552 0.0048828125
0 0.5745709212862498 0.81494140625 0.0051292168080489245 0.00390625
0 0.635628329058986 0.8134765625 0.003748273821266522 0.001953125
0 0.5175083842967054 0.814453125 0.0016768593410929177 0.00390625
0 0.5100118366541724 0.8134765625 0.001874136910633261 0.001953125
0 0.7019629118169264 0.812744140625 0.0028605247583349774 0.00244140625
0 0.6837147366344447 0.81396484375 0.001874136910633261 0.0048828125
0 0.26928388242256857 0.813232421875 0.003550996251726179 0.00341796875
0 0.7246991517064509 0.81201171875 0.0025646084040244622 0.001953125
0 0.5687019135924245 0.8134765625 0.007200631288222529 0.0048828125
0 0.18050897612941408 0.814208984375 0.005523771947129611 0.00634765625
0 0.6397711580193332 0.81201171875 0.004340106529887552 0.0029296875
0 0.581623594397317 0.8134765625 0.008581574275004932 0.005859375
0 0.4772144407180903 0.81103515625 0.001578220556322746 0.001953125
0 0.5363977115801933 0.8115234375 0.0051292168080489245 0.00390625
0 0.28018346813967254 0.810546875 0.0012823042020122311 0.001953125
0 0.6755277174985204 0.810302734375 0.001874136910633261 0.00244140625
0 0.5556815940027618 0.813232421875 0.0077924639968435586 0.00830078125
0 0.6856875123298481 0.809814453125 0.002465969619254291 0.00244140625
0 0.5998717695797988 0.8115234375 0.00424146774511738 0.005859375
0 0.5399980272243046 0.810302734375 0.002663247188794634 0.00341796875
0 0.49033339909252316 0.810302734375 0.004142828960347208 0.00341796875
0 0.4839711974748471 0.810791015625 0.007200631288222529 0.00439453125
0 0.462073387255869 0.8095703125 0.002071414480173604 0.001953125
0 0.22341684750443874 0.8095703125 0.0013809429867824028 0.001953125
0 0.6140264351943184 0.80908203125 0.0017754981258630894 0.001953125
0 0.5283586506214244 0.810546875 0.0014795817715525744 0.0048828125
0 0.18662458078516472 0.811279296875 0.004734661668968239 0.00634765625
0 0.4743539159597554 0.809326171875 0.0033537186821858355 0.00341796875
0 0.719520615506017 0.808837890625 0.002465969619254291 0.00341796875
0 0.7007299270072993 0.808349609375 0.002170053264943776 0.00244140625
0 0.6887453146577234 0.80810546875 0.003255079897415664 0.0029296875
0 0.21744920102584336 0.8076171875 0.0016768593410929177 0.0029296875
0 0.693677253896232 0.806640625 0.001874136910633261 0.001953125
0 0.20151903728546064 0.8076171875 0.0027618859735648055 0.00390625
0 0.6370092720457684 0.80712890625 0.0027618859735648055 0.00390625
0 0.2138982047741172 0.806640625 0.0038469126060366936 0.0029296875
0 0.7240086802130598 0.805908203125 0.0019727756954034327 0.00244140625
0 0.6214736634444664 0.807861328125 0.008581574275004932 0.00732421875
0 0.1863779838232393 0.805419921875 0.001085026632471888 0.00244140625
0 0.6661570329453541 0.805908203125 0.004044190175577037 0.00439453125
0 0.4992602091142237 0.8046875 0.001874136910633261 0.001953125
0 0.1894851055434997 0.8056640625 0.0019727756954034327 0.00390625
0 0.24536397711580193 0.8037109375 0.001874136910633261 0.001953125
0 0.6989544288814362 0.8037109375 0.002170053264943776 0.0029296875
0 0.5643124876701519 0.803466796875 0.002170053264943776 0.00341796875
0 0.6546162951272441 0.804931640625 0.008384296705464589 0.00732421875
0 0.6018938646675873 0.802734375 0.0033537186821858355 0.00390625
0 0.5721542710593805 0.801513671875 0.0022686920497139475 0.00244140625
0 0.22430459656737028 0.8017578125 0.0017754981258630894 0.0029296875
0 0.5339317419609391 0.801025390625 0.002170053264943776 0.00244140625
0 0.5794042217399882 0.80078125 0.003156441112645492 0.0029296875
0 0.5468041033734464 0.801025390625 0.001874136910633261 0.00341796875
0 0.6411027816137305 0.800048828125 0.003452357466956007 0.00244140625
0 0.5612546853422766 0.80322265625 0.004537384099427895 0.0087890625
0 0.5952850660879858 0.800048828125 0.005918327086210298 0.00341796875
0 0.577036890905504 0.799560546875 0.0013809429867824028 0.00244140625
0 0.6541724205957783 0.799072265625 0.0023673308344841193 0.00244140625
0 0.6445058196883015 0.7998046875 0.0039455513908068654 0.00390625
0 0.6314855000986388 0.798828125 0.0025646084040244622 0.001953125
0 0.6783389228644703 0.79931640625 0.005721049516669955 0.0048828125
0 0.60347208522391 0.7978515625 0.0013809429867824028 0.001953125
0 0.6836160978496745 0.79736328125 0.0030578023278753207 0.001953125
0 0.25226869204971397 0.79833984375 0.0030578023278753207 0.0048828125
0 0.6073189978299467 0.79833984375 0.004537384099427895 0.0068359375
0 0.6711382915762478 0.794921875 0.0017754981258630894 0.001953125
0 0.5641152101006116 0.794677734375 0.0017754981258630894 0.00244140625
0 0.6600414282896034 0.796142578125 0.004636022884198066 0.00634765625
0 0.5946932333793647 0.793701171875 0.004142828960347208 0.00341796875
0 0.22815150917340699 0.79443359375 0.0025646084040244622 0.005859375
0 0.6012033931741961 0.79248046875 0.0023673308344841193 0.0029296875
0 0.5894160583941606 0.793701171875 0.006214243440520813 0.00537109375
0 0.19303610179522587 0.79345703125 0.0039455513908068654 0.0048828125
0 0.616097849674492 0.79150390625 0.0009863878477017164 0.001953125
0 0.5801933320181495 0.7919921875 0.0013809429867824028 0.0029296875
0 0.2228250147958177 0.79248046875 0.007891102781613731 0.00390625
0 0.20102584336160978 0.79052734375 0.003156441112645492 0.001953125
0 0.4896922469915171 0.7900390625 0.0014795817715525744 0.001953125
0 0.6199447622805287 0.789794921875 0.001578220556322746 0.00244140625
0 0.24763266916551588 0.7900390625 0.0030578023278753207 0.00390625
0 0.2526632471887946 0.789794921875 0.002071414480173604 0.00439453125
0 0.1974748471098836 0.791015625 0.0025646084040244622 0.0078125
0 0.7146873150522786 0.787109375 0.002663247188794634 0.001953125
0 0.5515880844347998 0.78759765625 0.0027618859735648055 0.0029296875
0 0.513168277766818 0.78759765625 0.0028605247583349774 0.0029296875
0 0.19150720063128823 0.7880859375 0.002465969619254291 0.00390625
0 0.5950877885184455 0.786865234375 0.004340106529887552 0.00244140625
0 0.21498323140658906 0.78955078125 0.003255079897415664 0.0078125
0 0.5323042020122312 0.785888671875 0.003452357466956007 0.00244140625
0 0.4627145393568751 0.784423828125 0.0013809429867824028 0.00146484375
0 0.6101302031958966 0.78369140625 0.005030578023278753 0.0029296875
0 0.5518346813967252 0.782958984375 0.001874136910633261 0.00244140625
0 0.22016176760702308 0.78515625 0.004537384099427895 0.0068359375
0 0.6296606825803907 0.782470703125 0.001874136910633261 0.00244140625
0 0.6015486289208917 0.7822265625 0.0014795817715525744 0.001953125
0 0.2399388439534425 0.781982421875 0.002071414480173604 0.00244140625
0 0.2594693233379365 0.7802734375 0.001085026632471888 0.001953125
0 0.2059084632077333 0.7802734375 0.0036496350364963502 0.0029296875
0 0.2298283685144999 0.77880859375 0.0011836654172420597 0.001953125
0 0.2162655356086013 0.7783203125 0.0008877490629315447 0.001953125
0 0.5289998027224304 0.778076171875 0.0025646084040244622 0.00244140625
0 0.22538962319984218 0.77783203125 0.0009863878477017164 0.001953125
0 0.22154271059380548 0.77783203125 0.0011836654172420597 0.001953125
0 0.22336752811205365 0.778076171875 0.0022686920497139475 0.00341796875
0 0.2532550798974157 0.7763671875 0.0012823042020122311 0.001953125
0 0.667242059577826 0.77587890625 0.0022686920497139475 0.001953125
0 0.23939633063720656 0.775634765625 0.0009863878477017164 0.00244140625
0 0.23283685144999014 0.77587890625 0.002465969619254291 0.0029296875
0 0.3192444269086605 0.7763671875 0.003452357466956007 0.0048828125
0 0.30499112250937066 0.77490234375 0.001578220556322746 0.0048828125
0 0.6203886368119945 0.77294921875 0.0030578023278753207 0.0029296875
0 0.18553955415269283 0.7734375 0.0025646084040244622 0.00390625
0 0.3114519629118169 0.772216796875 0.002465969619254291 0.00244140625
0 0.5567173012428487 0.771728515625 0.0023673308344841193 0.00244140625
0 0.3013414874728743 0.771484375 0.0013809429867824028 0.0029296875
0 0.2116788321167883 0.772216796875 0.0019727756954034327 0.00439453125
0 0.20773328072598146 0.771484375 0.0025646084040244622 0.0029296875
0 0.18677253896232 0.77197265625 0.002071414480173604 0.00390625
0 0.20329453541132372 0.772216796875 0.003156441112645492 0.00634765625
0 0.2777174985204182 0.76953125 0.0008877490629315447 0.001953125
0 0.19515683566778458 0.770263671875 0.0022686920497139475 0.00341796875
0 0.5468534227658315 0.76904296875 0.0023673308344841193 0.0029296875
0 0.3060268297494575 0.768798828125 0.002071414480173604 0.00439453125
0 0.21044584730716118 0.76806640625 0.0030578023278753207 0.00390625
0 0.3093805484316433 0.768798828125 0.004044190175577037 0.00634765625
0 0.5882817123693036 0.765869140625 0.002170053264943776 0.00244140625
0 0.3244229631090945 0.768310546875 0.005326494377589268 0.00732421875
0 0.1853422765831525 0.765380859375 0.0009863878477017164 0.00341796875
0 0.09824422963109095 0.76611328125 0.0025646084040244622 0.0048828125
0 0.20245610574077727 0.7646484375 0.0016768593410929177 0.00390625
0 0.19002761885973565 0.767822265625 0.003452357466956007 0.01123046875
0 0.34819491023870586 0.76318359375 0.003156441112645492 0.0029296875
0 0.19412112842769777 0.762451171875 0.0019727756954034327 0.00341796875
0 0.09819491023870586 0.761962890625 0.0008877490629315447 0.00244140625
0 0.09346024856973761 0.763671875 0.002071414480173604 0.005859375
0 0.3108601302031959 0.761474609375 0.001085026632471888 0.00244140625
0 0.19732688893272834 0.76220703125 0.002663247188794634 0.00390625
0 0.31238903136713353 0.76123046875 0.001578220556322746 0.00390625
0 0.30513908068652595 0.76123046875 0.0030578023278753207 0.00390625
0 0.3622509370684553 0.760986328125 0.0012823042020122311 0.00439453125
0 0.15427105938054844 0.7607421875 0.0019727756954034327 0.00390625
0 0.3756164924048136 0.759765625 0.002959163543105149 0.0029296875
0 0.18687117774709017 0.76025390625 0.001085026632471888 0.00390625
0 0.5697376208325113 0.759765625 0.0017754981258630894 0.00390625
0 0.29783981061353326 0.7587890625 0.0014795817715525744 0.0029296875
0 0.30213059775103573 0.759033203125 0.0027618859735648055 0.00439453125
0 0.11141250739790885 0.7626953125 0.0030578023278753207 0.01171875
0 0.1404123101203393 0.7587890625 0.002663247188794634 0.005859375
0 0.1905208127835865 0.758544921875 0.0030578023278753207 0.00634765625
0 0.14371670941014006 0.7587890625 0.002959163543105149 0.0068359375
0 0.20378772933517458 0.76220703125 0.0061156046557506415 0.0146484375
0 0.3854310514894457 0.75634765625 0.003255079897415664 0.00390625
0 0.09760307753008483 0.757568359375 0.002465969619254291 0.00634765625
0 0.3710297889130006 0.75634765625 0.005622410731899783 0.0048828125
0 0.3500690471493391 0.755615234375 0.006510159794831328 0.00341796875
0 0.3427697770763464 0.758544921875 0.006312882225290984 0.00927734375
0 0.18795620437956204 0.75634765625 0.0016768593410929177 0.0048828125
0 0.3674294732688893 0.754638671875 0.000789110278161373 0.00244140625
0 0.15150917340698364 0.754638671875 0.0009863878477017164 0.00244140625
0 0.30908463207733283 0.7548828125 0.0016768593410929177 0.00390625
0 0.36032748076543697 0.755126953125 0.0019727756954034327 0.00537109375
0 0.19313474057999605 0.755615234375 0.0023673308344841193 0.00732421875
0 0.3048431643322154 0.754150390625 0.0022686920497139475 0.00537109375
0 0.2142434405208128 0.75244140625 0.0019727756954034327 0.001953125
0 0.33749260209114224 0.752197265625 0.001085026632471888 0.00244140625
0 0.3019333201814954 0.75244140625 0.0017754981258630894 0.0029296875
0 0.2969520615506017 0.751708984375 0.001085026632471888 0.00146484375
0 0.10963700927204577 0.757080078125 0.0044387453146577235 0.01318359375
0 0.15141053462221346 0.751953125 0.002170053264943776 0.00390625
0 0.23318208719668573 0.75048828125 0.0009863878477017164 0.001953125
0 0.3789702110869994 0.75 0.0013809429867824028 0.0029296875
0 0.11530873939633064 0.751953125 0.0027618859735648055 0.0068359375
0 0.41433221542710597 0.749267578125 0.0016768593410929177 0.00244140625
0 0.3935687512329848 0.750244140625 0.004734661668968239 0.00439453125
0 0.11284276977707634 0.749267578125 0.0013809429867824028 0.00341796875
0 0.191951075162754 0.748779296875 0.0017754981258630894 0.00341796875
0 0.1713848885381732 0.748779296875 0.001085026632471888 0.00341796875
0 0.3605740777273624 0.748779296875 0.0016768593410929177 0.00439453125
0 0.2959163543105149 0.748291015625 0.0011836654172420597 0.00439453125
0 0.2156243835075952 0.74755859375 0.0017754981258630894 0.0029296875
0 0.1891891891891892 0.748046875 0.0017754981258630894 0.00390625
0 0.15515880844347998 0.748779296875 0.0033537186821858355 0.00537109375
0 0.14657723416847504 0.7490234375 0.001578220556322746 0.005859375
0 0.12191753797593213 0.75 0.003748273821266522 0.0087890625
0 0.13395146971789307 0.75 0.004734661668968239 0.009765625
0 0.13390215032550798 0.746337890625 0.0008877490629315447 0.00244140625
0 0.10075951864273032 0.746826171875 0.002465969619254291 0.00341796875
0 0.3381830735845334 0.747314453125 0.0016768593410929177 0.00537109375
0 0.3304892483724601 0.748291015625 0.00424146774511738 0.00732421875
0 0.10998224501874138 0.7470703125 0.0033537186821858355 0.0048828125
0 0.3029197080291971 0.74658203125 0.001578220556322746 0.0048828125
0 0.39894456500295916 0.74658203125 0.005819688301440126 0.005859375
0 0.24146774511738014 0.7451171875 0.0009863878477017164 0.0029296875
0 0.3407476819885579 0.74755859375 0.003452357466956007 0.0087890625
0 0.12290392582363385 0.74462890625 0.0011836654172420597 0.0029296875
0 0.375863089366739 0.74755859375 0.003255079897415664 0.009765625
0 0.11846518050897613 0.744140625 0.0011836654172420597 0.0029296875
0 0.40432037877293353 0.74462890625 0.004142828960347208 0.0048828125
0 0.3605740777273624 0.742919921875 0.0012823042020122311 0.00244140625
0 0.30622410731899785 0.74755859375 0.004044190175577037 0.01171875
0 0.15392582363385282 0.7431640625 0.0022686920497139475 0.0029296875
0 0.18682185835470508 0.745849609375 0.0061156046557506415 0.00927734375
0 0.13927796409548235 0.742919921875 0.002959163543105149 0.00341796875
0 0.13444466364174393 0.742431640625 0.0011836654172420597 0.00244140625
0 0.1317814164529493 0.7421875 0.0011836654172420597 0.001953125
0 0.3793647662260801 0.74365234375 0.0039455513908068654 0.005859375
0 0.37112842769777077 0.742919921875 0.00483330045373841 0.00439453125
0 0.3478989938843953 0.7451171875 0.003550996251726179 0.0087890625
0 0.34375616492404815 0.742431640625 0.002170053264943776 0.00341796875
0 0.12093115012823041 0.742431640625 0.0023673308344841193 0.00341796875
0 0.3945551390806865 0.74169921875 0.001578220556322746 0.0029296875
0 0.2986289208916946 0.742919921875 0.002071414480173604 0.00537109375
0 0.2131584138883409 0.742431640625 0.001578220556322746 0.00439453125
0 0.2072400868021306 0.743896484375 0.002170053264943776 0.00732421875
0 0.4394851055434997 0.740478515625 0.0016768593410929177 0.00244140625
0 0.4185736831722233 0.7412109375 0.0022686920497139475 0.00390625
0 0.3455809824422963 0.740966796875 0.001085026632471888 0.00341796875
0 0.10687512329848096 0.741943359375 0.002465969619254291 0.00634765625
0 0.39928980074965476 0.7392578125 0.000789110278161373 0.001953125
0 0.3512033931741961 0.7392578125 0.001085026632471888 0.0029296875
0 0.19204971394752415 0.739990234375 0.0025646084040244622 0.00439453125
0 0.3665910435983429 0.744384765625 0.00483330045373841 0.01416015625
0 0.42814164529493 0.738037109375 0.002071414480173604 0.00244140625
0 0.3605247583349773 0.738037109375 0.0009863878477017164 0.00244140625
0 0.09612349575853225 0.738037109375 0.0008877490629315447 0.00244140625
0 0.3925823633852831 0.73828125 0.0017754981258630894 0.00390625
0 0.3773919905306767 0.73779296875 0.0023673308344841193 0.0029296875
0 0.4181791280331426 0.737060546875 0.0008877490629315447 0.00244140625
0 0.40515880844347996 0.737060546875 0.0014795817715525744 0.00244140625
0 0.39544288814361805 0.73681640625 0.0019727756954034327 0.0029296875
0 0.37250937068455314 0.737060546875 0.0012823042020122311 0.00341796875
0 0.4119648845926218 0.73681640625 0.0012823042020122311 0.00390625
0 0.291970802919708 0.73583984375 0.0011836654172420597 0.001953125
0 0.21468731505227856 0.736328125 0.003452357466956007 0.00390625
0 0.15062142434405207 0.737548828125 0.0023673308344841193 0.00634765625
0 0.30055237719471295 0.73681640625 0.003156441112645492 0.005859375
0 0.15466561451962912 0.736572265625 0.0025646084040244622 0.00732421875
0 0.14282896034720852 0.736328125 0.0023673308344841193 0.0068359375
0 0.36964884592621816 0.735595703125 0.003255079897415664 0.00634765625
0 0.19175379759321365 0.734619140625 0.0019727756954034327 0.00439453125
0 0.11629512724403235 0.733642578125 0.0009863878477017164 0.00244140625
0 0.10549418031169856 0.733642578125 0.0012823042020122311 0.00244140625
0 0.3418820280134149 0.733642578125 0.001578220556322746 0.00341796875
0 0.30849279936871177 0.7333984375 0.0008877490629315447 0.0029296875
0 0.30356086013020317 0.735595703125 0.001874136910633261 0.00732421875
0 0.38335963700927206 0.73486328125 0.003255079897415664 0.0068359375
0 0.3740875912408759 0.732666015625 0.0014795817715525744 0.00244140625
0 0.20950877885184455 0.733154296875 0.0009863878477017164 0.00341796875
0 0.09760307753008483 0.732666015625 0.0006904714933912014 0.00244140625
0 0.43277766817912805 0.7333984375 0.002465969619254291 0.005859375
0 0.4250345235746696 0.7333984375 0.001578220556322746 0.005859375
0 0.11945156835667785 0.732666015625 0.0017754981258630894 0.00439453125
0 0.3769481159992109 0.732177734375 0.0016768593410929177 0.00439453125
0 0.17473860722035905 0.7314453125 0.0014795817715525744 0.0029296875
0 0.10672716512132571 0.731201171875 0.0011836654172420597 0.00244140625
0 0.4305582955217992 0.73095703125 0.0011836654172420597 0.0029296875
0 0.3903629907279542 0.732177734375 0.0028605247583349774 0.00732421875
0 0.37985796014993095 0.7294921875 0.002170053264943776 0.001953125
0 0.33596370092720457 0.730712890625 0.001578220556322746 0.00439453125
0 0.4082166107713553 0.730712890625 0.002071414480173604 0.00537109375
0 0.36358256066285266 0.72900390625 0.0009863878477017164 0.001953125
0 0.33187019135924245 0.732666015625 0.00424146774511738 0.00927734375
0 0.30479384493983036 0.728515625 0.0009863878477017164 0.001953125
0 0.20699348984020516 0.7294921875 0.0016768593410929177 0.00390625
0 0.38345827579404224 0.7294921875 0.002465969619254291 0.0048828125
0 0.34410140067074374 0.72900390625 0.001085026632471888 0.00390625
0 0.12615900572104952 0.728759765625 0.0011836654172420597 0.00341796875
0 0.11373051884000789 0.728515625 0.0023673308344841193 0.0029296875
0 0.16541724205957783 0.73388671875 0.004931939238508582 0.0146484375
0 0.17158216610771354 0.730712890625 0.0036496350364963502 0.00927734375
0 0.09849082659301638 0.727783203125 0.0012823042020122311 0.00341796875
0 0.42725389623199844 0.727783203125 0.0016768593410929177 0.00439453125
0 0.39544288814361805 0.726806640625 0.0011836654172420597 0.00244140625
0 0.3370980469520615 0.726806640625 0.0008877490629315447 0.00244140625
0 0.29779049122114815 0.7265625 0.0009863878477017164 0.001953125
0 0.21133359637009272 0.72802734375 0.002663247188794634 0.0048828125
0 0.14509765239692246 0.727783203125 0.003156441112645492 0.00439453125
0 0.433320181495364 0.72705078125 0.0009863878477017164 0.00390625
0 0.13311304004734661 0.726806640625 0.002071414480173604 0.00341796875
0 0.4144801736042612 0.725830078125 0.0011836654172420597 0.00244140625
0 0.34854014598540145 0.72607421875 0.0012823042020122311 0.0029296875
0 0.12813178141645296 0.7265625 0.0013809429867824028 0.0048828125
0 0.38779838232392977 0.724853515625 0.002465969619254291 0.00341796875
0 0.36698559873742354 0.725341796875 0.0012823042020122311 0.00439453125
0 0.294831327678043 0.725341796875 0.0013809429867824028 0.00439453125
0 0.30341290195304793 0.724365234375 0.0011836654172420597 0.00341796875
0 0.18682185835470508 0.727294921875 0.0027618859735648055 0.01025390625
0 0.1578220556322746 0.723876953125 0.0017754981258630894 0.00341796875
0 0.38439534424935884 0.722900390625 0.0017754981258630894 0.00244140625
0 0.13710791083053855 0.72314453125 0.0011836654172420597 0.0029296875
0 0.11910633260998224 0.72265625 0.0008877490629315447 0.001953125
0 0.3473071611757743 0.722412109375 0.000789110278161373 0.00244140625
0 0.36955020714144804 0.722900390625 0.0022686920497139475 0.00537109375
0 0.1964391398697968 0.72119140625 0.001874136910633261 0.0029296875
0 0.16428289603472085 0.72412109375 0.0044387453146577235 0.0087890625
0 0.4246399684355889 0.720947265625 0.0009863878477017164 0.00341796875
0 0.4306569343065693 0.720458984375 0.0017754981258630894 0.00439453125
0 0.3874531465772342 0.719482421875 0.0013809429867824028 0.00244140625
0 0.14519629118169264 0.720458984375 0.0019727756954034327 0.00439453125
0 0.4197080291970803 0.71923828125 0.0019727756954034327 0.0029296875
0 0.30799960544486094 0.72265625 0.00483330045373841 0.009765625
0 0.208621029788913 0.71875 0.001578220556322746 0.0029296875
0 0.16428289603472085 0.71875 0.002071414480173604 0.00390625
0 0.11994476228052871 0.719970703125 0.0023673308344841193 0.00634765625
0 0.21429275991319788 0.719970703125 0.0028605247583349774 0.00732421875
0 0.1581672913789702 0.7177734375 0.0012823042020122311 0.0029296875
0 0.38962319984217797 0.71875 0.0017754981258630894 0.0068359375
0 0.12112842769777077 0.716796875 0.0017754981258630894 0.00390625
0 0.3043499704083646 0.715576171875 0.0012823042020122311 0.00244140625
0 0.15579996054448608 0.7158203125 0.0028605247583349774 0.0029296875
0 0.2959163543105149 0.71630859375 0.0019727756954034327 0.0078125
0 0.16600907476819884 0.714599609375 0.0019727756954034327 0.00439453125
0 0.4164036299072795 0.716064453125 0.0022686920497139475 0.00830078125
0 0.3341882028013415 0.719482421875 0.004931939238508582 0.01513671875
0 0.4318899191161965 0.714599609375 0.0016768593410929177 0.00634765625
0 0.42794436772538963 0.7138671875 0.002663247188794634 0.0048828125
0 0.2987275596764648 0.714111328125 0.001874136910633261 0.00537109375
0 0.22785559281909648 0.712158203125 0.000789110278161373 0.00244140625
0 0.21596961925429078 0.712158203125 0.0006904714933912014 0.00244140625
0 0.23278753205760505 0.71142578125 0.000789110278161373 0.001953125
0 0.4147267705661866 0.71142578125 0.001085026632471888 0.0029296875
0 0.23480962714539358 0.71044921875 0.0022686920497139475 0.0029296875
0 0.3355691457881239 0.710205078125 0.001578220556322746 0.00439453125
0 0.33009469323337937 0.709716796875 0.0016768593410929177 0.00537109375
0 0.14628131781416454 0.70849609375 0.0019727756954034327 0.0048828125
0 0.14223712763858748 0.707275390625 0.0011836654172420597 0.00341796875
0 0.33665417242059575 0.706298828125 0.0009863878477017164 0.00244140625
0 0.17611955020714146 0.70751953125 0.002071414480173604 0.0048828125
0 0.34400276188597356 0.70556640625 0.0012823042020122311 0.001953125
0 0.29507792463996846 0.7060546875 0.001085026632471888 0.0029296875
0 0.3052870388636812 0.708251953125 0.0023673308344841193 0.00927734375
0 0.23022292365358057 0.705322265625 0.0017754981258630894 0.00341796875
0 0.21542710593805484 0.71044921875 0.003748273821266522 0.013671875
0 0.162063523377392 0.70556640625 0.0009863878477017164 0.00390625
0 0.3284671532846715 0.70458984375 0.0013809429867824028 0.0029296875
0 0.3687610968632866 0.703125 0.0006904714933912014 0.001953125
0 0.30740777273623987 0.702880859375 0.0016768593410929177 0.00341796875
0 0.2993193923850858 0.70458984375 0.0028605247583349774 0.0078125
0 0.22317025054251333 0.7021484375 0.0008877490629315447 0.0029296875
0 0.3255573091339515 0.699951171875 0.0006904714933912014 0.00244140625
0 0.24136910633261 0.698974609375 0.000789110278161373 0.00244140625
0 0.17059577826001185 0.69970703125 0.0014795817715525744 0.00390625
0 0.16329650818701913 0.70068359375 0.0022686920497139475 0.005859375
0 0.4198559873742356 0.69921875 0.0012823042020122311 0.00390625
0 0.23263957388044978 0.699462890625 0.001085026632471888 0.00439453125
0 0.30750641152101005 0.6982421875 0.002071414480173604 0.0029296875
0 0.23387255869007695 0.697998046875 0.0009863878477017164 0.00244140625
0 0.2152791477608996 0.69677734375 0.001085026632471888 0.0029296875
0 0.2221838626948116 0.696044921875 0.0022686920497139475 0.00244140625
0 0.16566383902150325 0.6962890625 0.0014795817715525744 0.00390625
0 0.24950680607614914 0.69482421875 0.001085026632471888 0.0029296875
0 0.23806470704280924 0.6943359375 0.002071414480173604 0.0029296875
0 0.22435391595975537 0.693359375 0.0016768593410929177 0.00390625
0 0.23559873742355494 0.693115234375 0.002465969619254291 0.00537109375
0 0.23155454724797792 0.693359375 0.0038469126060366936 0.0068359375
0 0.29670546458867625 0.69189453125 0.0019727756954034327 0.005859375
0 0.3149043203787729 0.692626953125 0.003452357466956007 0.00830078125
0 0.1738508581574275 0.6953125 0.0038469126060366936 0.013671875
0 0.17676070230814755 0.69091796875 0.004340106529887552 0.0068359375
0 0.32560662852633654 0.688232421875 0.0011836654172420597 0.00244140625
0 0.2167094101400671 0.6904296875 0.003156441112645492 0.0068359375
0 0.18124876701519038 0.6875 0.0016768593410929177 0.0029296875
0 0.2311599921088972 0.6884765625 0.002071414480173604 0.0078125
0 0.20871966857368318 0.683837890625 0.002959163543105149 0.00341796875
0 0.30898599329256266 0.6826171875 0.0008877490629315447 0.0029296875
0 0.3077036890905504 0.682861328125 0.001085026632471888 0.00341796875
0 0.2433912014203985 0.681640625 0.0008877490629315447 0.001953125
0 0.23525350167685935 0.68505859375 0.003550996251726179 0.009765625
0 0.21542710593805484 0.6845703125 0.002170053264943776 0.0087890625
0 0.18238311304004734 0.688720703125 0.004142828960347208 0.01708984375
0 0.21404616295127243 0.681396484375 0.001578220556322746 0.00341796875
0 0.2200138094298678 0.681396484375 0.002663247188794634 0.00439453125
0 0.2339711974748471 0.678955078125 0.001578220556322746 0.00341796875
0 0.18889327283487867 0.679443359375 0.0013809429867824028 0.00537109375
0 0.24176366147169068 0.6787109375 0.0039455513908068654 0.0068359375
0 0.2222331820871967 0.6767578125 0.0013809429867824028 0.0029296875
0 0.29601499309528506 0.675048828125 0.0005918327086210298 0.00244140625
0 0.2166107713552969 0.676513671875 0.001578220556322746 0.00537109375
0 0.21320773328072598 0.676025390625 0.002465969619254291 0.00439453125
0 0.18963306372065497 0.674072265625 0.0008877490629315447 0.00341796875
