0 0.4255277174985204 0.99951171875 0.0019727756954034327 0.0009765625
0 0.34050108502663246 0.99853515625 0.0033537186821858355 0.0029296875
0 0.15555336358256067 0.99853515625 0.0009863878477017164 0.0029296875
0 0.5583941605839416 0.997802734375 0.0025646084040244622 0.00244140625
0 0.5327480765436969 0.998046875 0.003550996251726179 0.00390625
0 0.1470211086999408 0.998046875 0.002663247188794634 0.00390625
0 0.6424344052081279 0.99658203125 0.0013809429867824028 0.001953125
0 0.4641448017360426 0.997802734375 0.007003353718682186 0.00439453125
0 0.3369007693825212 0.99755859375 0.002465969619254291 0.0048828125
0 0.31914578812389033 0.9970703125 0.004044190175577037 0.00390625
0 0.7025054251331624 0.99658203125 0.005918327086210298 0.00390625
0 0.6113631880055238 0.99609375 0.005523771947129611 0.0029296875
0 0.09903333990925232 0.997314453125 0.003550996251726179 0.00537109375
0 0.5278161373051884 0.99560546875 0.0033537186821858355 0.0029296875
0 0.5119352929571908 0.996337890625 0.004734661668968239 0.00439453125
0 0.1856875123298481 0.9970703125 0.007397908857762872 0.005859375
0 0.1593016374038272 0.9970703125 0.003550996251726179 0.005859375
0 0.66669954626159 0.996337890625 0.00907476819885579 0.00732421875
0 0.30336358256066287 0.994873046875 0.0014795817715525744 0.00439453125
0 0.11022884198066679 0.996337890625 0.005227855592819097 0.00732421875
0 0.6398204774117183 0.994384765625 0.002071414480173604 0.00439453125
0 0.09015584927993688 0.993896484375 0.0017754981258630894 0.00341796875
0 0.6285263365555336 0.994140625 0.007891102781613731 0.0048828125
0 0.10194318405997238 0.993408203125 0.0028605247583349774 0.00341796875
0 0.6230518840007891 0.992919921875 0.003452357466956007 0.00341796875
0 0.48495758532254885 0.992431640625 0.002663247188794634 0.00244140625
0 0.45881830735845336 0.992919921875 0.005227855592819097 0.00341796875
0 0.5043401065298876 0.993408203125 0.0027618859735648055 0.00537109375
0 0.13261984612349575 0.995361328125 0.00424146774511738 0.00927734375
0 0.2987275596764648 0.993896484375 0.006016965870980469 0.00732421875
0 0.21256658117971985 0.99365234375 0.004734661668968239 0.0068359375
0 0.1950088774906293 0.99365234375 0.003156441112645492 0.0068359375
0 0.5811304004734662 0.99169921875 0.003452357466956007 0.00390625
0 0.4000789110278161 0.992431640625 0.002170053264943776 0.00537109375
0 0.2914776089958572 0.991943359375 0.005326494377589268 0.00439453125
0 0.1390313671335569 0.994873046875 0.005227855592819097 0.01025390625
0 0.42256855395541526 0.9912109375 0.002959163543105149 0.00390625
0 0.316679818504636 0.990234375 0.002071414480173604 0.001953125
0 0.150572104951667 0.99267578125 0.005227855592819097 0.0068359375
0 0.32669165515880844 0.99169921875 0.003156441112645492 0.005859375
0 0.1637403827184849 0.989990234375 0.0013809429867824028 0.00244140625
0 0.144259222726376 0.992431640625 0.0038469126060366936 0.00732421875
0 0.4312487670151904 0.9912109375 0.004734661668968239 0.0068359375
0 0.39006707437364374 0.98974609375 0.005030578023278753 0.00390625
0 0.1272933517459065 0.99267578125 0.005819688301440126 0.009765625
0 0.48111067271651214 0.98876953125 0.0038469126060366936 0.0029296875
0 0.3195896626553561 0.99169921875 0.003550996251726179 0.0087890625
0 0.22435391595975537 0.990966796875 0.010554349970408364 0.00732421875
0 0.20289998027224304 0.989990234375 0.004537384099427895 0.00537109375
0 0.1808542118761097 0.991943359375 0.00897612941408562 0.00927734375
0 0.6214736634444664 0.98828125 0.0028605247583349774 0.0029296875
0 0.5279147760899586 0.989501953125 0.005721049516669955 0.00537109375
0 0.5696389820477412 0.990234375 0.006904714933912014 0.0078125
0 0.42602091142237125 0.988525390625 0.004340106529887552 0.00439453125
0 0.1825310712172026 0.989501953125 0.0036496350364963502 0.00634765625
0 0.5177056618662458 0.98974609375 0.007003353718682186 0.0078125
0 0.12852633655553364 0.98828125 0.005326494377589268 0.0048828125
0 0.5357565594791872 0.986572265625 0.0014795817715525744 0.00244140625
0 0.7048727559676464 0.98828125 0.007693825212073387 0.0068359375
0 0.43440520812783584 0.98583984375 0.0027618859735648055 0.001953125
0 0.18751232984809627 0.989501953125 0.003748273821266522 0.00927734375
0 0.14514697178930755 0.987060546875 0.0016768593410929177 0.00439453125
0 0.4742059577826001 0.98779296875 0.012724403235352141 0.0068359375
0 0.32767804300651016 0.986083984375 0.004340106529887552 0.00341796875
0 0.2152298283685145 0.986572265625 0.0025646084040244622 0.00439453125
0 0.19565002959163544 0.986328125 0.0044387453146577235 0.0048828125
0 0.1912112842769777 0.989501953125 0.005622410731899783 0.01123046875
0 0.4544288814361807 0.984375 0.002959163543105149 0.0029296875
0 0.44392385085815744 0.986083984375 0.0044387453146577235 0.00634765625
0 0.3886861313868613 0.984130859375 0.001874136910633261 0.00244140625
0 0.7222825014795817 0.985595703125 0.010948905109489052 0.00634765625
0 0.5814263168277767 0.984619140625 0.007003353718682186 0.00537109375
0 0.21153087393963307 0.983642578125 0.00424146774511738 0.00341796875
0 0.1734563030183468 0.987548828125 0.0066087985796014995 0.01123046875
0 0.6772045768396133 0.984619140625 0.010357072400868021 0.00634765625
0 0.4218780824620241 0.984619140625 0.003156441112645492 0.00634765625
0 0.6522489642927599 0.982421875 0.0030578023278753207 0.0029296875
0 0.6565397514302623 0.982666015625 0.003748273821266522 0.00439453125
0 0.5210593805484316 0.982177734375 0.00483330045373841 0.00341796875
0 0.18341882028013415 0.982666015625 0.003452357466956007 0.00439453125
0 0.3532748076543697 0.981201171875 0.0012823042020122311 0.00244140625
0 0.6025350167685934 0.98291015625 0.00976523969224699 0.0068359375
0 0.5037975932136516 0.984130859375 0.00424146774511738 0.00927734375
0 0.7020615506016966 0.98193359375 0.010357072400868021 0.0078125
0 0.3275300848293549 0.978515625 0.0012823042020122311 0.001953125
0 0.5996251726178734 0.978515625 0.005326494377589268 0.0029296875
0 0.5016275399487078 0.978759765625 0.0028605247583349774 0.00341796875
0 0.25942000394555137 0.97998046875 0.004734661668968239 0.005859375
0 0.1645294929966463 0.979248046875 0.003748273821266522 0.00439453125
0 0.671828763069639 0.977783203125 0.0027618859735648055 0.00244140625
0 0.6302031958966265 0.978515625 0.002170053264943776 0.00390625
0 0.5131189583744328 0.98046875 0.006510159794831328 0.0078125
0 0.4648845926218189 0.97802734375 0.0027618859735648055 0.0029296875
0 0.4579798776879069 0.979248046875 0.004142828960347208 0.00537109375
0 0.42952258828171236 0.97802734375 0.0030578023278753207 0.0029296875
0 0.3020812783586506 0.980712890625 0.010554349970408364 0.00830078125
0 0.20556322746103767 0.980224609375 0.006707437364371671 0.00732421875
0 0.7060564213848886 0.9794921875 0.007693825212073387 0.0078125
0 0.6361215229828369 0.977294921875 0.0025646084040244622 0.00341796875
0 0.4678437561649241 0.976806640625 0.0019727756954034327 0.00244140625
0 0.4389425922272638 0.977783203125 0.004142828960347208 0.00439453125
0 0.09962517261787335 0.97900390625 0.003156441112645492 0.0068359375
0 0.5385677648451371 0.9794921875 0.006904714933912014 0.0087890625
0 0.6294634050108503 0.9755859375 0.0014795817715525744 0.0029296875
0 0.26519037285460645 0.97607421875 0.002663247188794634 0.00390625
0 0.24487078319195107 0.975341796875 0.001085026632471888 0.00244140625
0 0.2329848096271454 0.975830078125 0.0027618859735648055 0.00439453125
0 0.720704280923259 0.976318359375 0.0066087985796014995 0.00634765625
0 0.5272243045965673 0.9775390625 0.00966660090747682 0.0087890625
0 0.5078911027816138 0.974609375 0.0013809429867824028 0.0029296875
0 0.48382323929769183 0.974609375 0.0025646084040244622 0.0029296875
0 0.2020122312093115 0.97509765625 0.0011836654172420597 0.00390625
0 0.6364667587295324 0.97412109375 0.0044387453146577235 0.0029296875
0 0.6108206746892878 0.9755859375 0.010159794831327678 0.005859375
0 0.4900374827382127 0.9755859375 0.0033537186821858355 0.005859375
0 0.10717103965279148 0.973876953125 0.003452357466956007 0.00244140625
0 0.3020812783586506 0.974365234375 0.002465969619254291 0.00439453125
0 0.13804497928585518 0.9765625 0.005030578023278753 0.0087890625
0 0.6415959755375814 0.97607421875 0.007595186427303216 0.0087890625
0 0.5321069244426909 0.973876953125 0.0044387453146577235 0.00439453125
0 0.5127244032353522 0.97314453125 0.0025646084040244622 0.0029296875
0 0.25784178338922864 0.973388671875 0.0027618859735648055 0.00439453125
0 0.19160583941605838 0.972412109375 0.002071414480173604 0.00244140625
0 0.18618070625369895 0.97265625 0.0016768593410929177 0.0029296875
0 0.09780035509962517 0.974365234375 0.0030578023278753207 0.00634765625
0 0.5457190767409745 0.972900390625 0.007397908857762872 0.00439453125
0 0.5300355099625172 0.9716796875 0.0028605247583349774 0.001953125
0 0.1579206944170448 0.972412109375 0.0013809429867824028 0.00341796875
0 0.10302821069244426 0.972412109375 0.001874136910633261 0.00341796875
0 0.0932136516078122 0.972900390625 0.0019727756954034327 0.00439453125
0 0.14243440520812783 0.971435546875 0.0019727756954034327 0.00244140625
0 0.6694614322351549 0.973388671875 0.00848293549023476 0.00732421875
0 0.49610376800157824 0.972412109375 0.009370684553166305 0.00634765625
0 0.2378181100808838 0.971923828125 0.006510159794831328 0.00634765625
0 0.6619155652002368 0.96923828125 0.002071414480173604 0.001953125
0 0.6317814164529493 0.9716796875 0.003748273821266522 0.0068359375
0 0.7118761096863286 0.9736328125 0.012428486881041626 0.01171875
0 0.47055632274610376 0.96923828125 0.003452357466956007 0.0029296875
0 0.4408660485302821 0.96923828125 0.0022686920497139475 0.0029296875
0 0.16847504438745314 0.97314453125 0.009272045768396133 0.0107421875
0 0.6083053856776485 0.968994140625 0.0019727756954034327 0.00341796875
0 0.5220950877885184 0.968505859375 0.002170053264943776 0.00244140625
0 0.2041329650818702 0.970947265625 0.003255079897415664 0.00732421875
0 0.5073979088577629 0.969970703125 0.0039455513908068654 0.00634765625
0 0.2278062734267114 0.97119140625 0.006016965870980469 0.0087890625
0 0.6469717893075557 0.967529296875 0.002170053264943776 0.00244140625
0 0.5451765634247386 0.96728515625 0.0009863878477017164 0.001953125
0 0.45324521601893863 0.96728515625 0.001578220556322746 0.001953125
0 0.5332412704675479 0.96728515625 0.0019727756954034327 0.0029296875
0 0.46710396527914777 0.96728515625 0.0030578023278753207 0.0029296875
0 0.6378970211087 0.96826171875 0.003748273821266522 0.005859375
0 0.5997238114026435 0.967529296875 0.003550996251726179 0.00439453125
0 0.5404912211481555 0.96826171875 0.004044190175577037 0.005859375
0 0.6585618465180509 0.967041015625 0.005030578023278753 0.00439453125
0 0.4117182876306964 0.966796875 0.0019727756954034327 0.00390625
0 0.13819293746301045 0.968017578125 0.003748273821266522 0.00634765625
0 0.5519333201814953 0.965576171875 0.005030578023278753 0.00341796875
0 0.5012823042020123 0.9658203125 0.004340106529887552 0.00390625
0 0.4828368514499901 0.967041015625 0.0027618859735648055 0.00634765625
0 0.4475734858946538 0.9658203125 0.005030578023278753 0.00390625
0 0.18751232984809627 0.966796875 0.0019727756954034327 0.005859375
0 0.15456697573485895 0.96533203125 0.0011836654172420597 0.0029296875
0 0.4912211481554547 0.96533203125 0.0072992700729927005 0.00390625
0 0.38863681199447625 0.966064453125 0.004734661668968239 0.00537109375
0 0.3043006510159795 0.96728515625 0.006510159794831328 0.0078125
0 0.2691852436377984 0.9638671875 0.003156441112645492 0.001953125
0 0.26302031958966265 0.967529296875 0.014105346222134543 0.00927734375
0 0.23209706056421384 0.966064453125 0.002170053264943776 0.00634765625
0 0.42868415861116593 0.9638671875 0.0025646084040244622 0.0029296875
0 0.30439928980074965 0.963623046875 0.001578220556322746 0.00244140625
0 0.09720852239100414 0.96484375 0.002465969619254291 0.0048828125
0 0.44214835273229436 0.963134765625 0.001874136910633261 0.00244140625
0 0.34064904320378775 0.966796875 0.0066087985796014995 0.009765625
0 0.1414973367528112 0.964111328125 0.002071414480173604 0.00439453125
0 0.6209804695206155 0.962890625 0.001874136910633261 0.0029296875
0 0.3216117577431446 0.96435546875 0.005030578023278753 0.005859375
0 0.6166896823831131 0.962890625 0.005523771947129611 0.00390625
0 0.4781021897810219 0.962890625 0.006904714933912014 0.00390625
0 0.7223318208719669 0.963623046875 0.012625764450581969 0.00634765625
0 0.6531367133556915 0.963623046875 0.007200631288222529 0.00634765625
0 0.6321266521996449 0.965087890625 0.011146182679029394 0.00927734375
0 0.2253403038074571 0.9619140625 0.0016768593410929177 0.0029296875
0 0.6905208127835865 0.964111328125 0.006411521010061156 0.00830078125
0 0.5845827579404221 0.961181640625 0.0036496350364963502 0.00341796875
0 0.5091240875912408 0.9609375 0.005227855592819097 0.0029296875
0 0.4958078516472677 0.961181640625 0.003452357466956007 0.00341796875
0 0.4166009074768199 0.96240234375 0.007003353718682186 0.005859375
0 0.6423357664233577 0.96240234375 0.008877490629315447 0.0068359375
0 0.4363286644308542 0.961669921875 0.006214243440520813 0.00537109375
0 0.6806569343065694 0.96142578125 0.007397908857762872 0.005859375
0 0.5947425527717498 0.96142578125 0.0038469126060366936 0.005859375
0 0.2635135135135135 0.959716796875 0.0014795817715525744 0.00244140625
0 0.6473170250542514 0.959228515625 0.003452357466956007 0.00244140625
0 0.5303314263168277 0.958984375 0.0006904714933912014 0.001953125
0 0.5371375024659696 0.95947265625 0.005819688301440126 0.00390625
0 0.4545275202209509 0.959228515625 0.006510159794831328 0.00341796875
0 0.2469421976721247 0.958984375 0.0028605247583349774 0.0029296875
0 0.5807851647267706 0.958740234375 0.003156441112645492 0.00341796875
0 0.44140856184651805 0.958251953125 0.0013809429867824028 0.00244140625
0 0.2806273426711383 0.95849609375 0.000789110278161373 0.0029296875
0 0.30582955217991714 0.96142578125 0.00542513316235944 0.009765625
0 0.1164924048135727 0.9599609375 0.007101992503452358 0.0068359375
0 0.09543302426514105 0.958740234375 0.003255079897415664 0.00439453125
0 0.6575261392779641 0.9580078125 0.0061156046557506415 0.00390625
0 0.29636022884198066 0.9580078125 0.003255079897415664 0.00390625
0 0.5288025251528902 0.95703125 0.002170053264943776 0.0029296875
0 0.5009370684553166 0.958251953125 0.006016965870980469 0.00537109375
0 0.47479779049122117 0.9580078125 0.0028605247583349774 0.0048828125
0 0.4460445847307161 0.956787109375 0.003550996251726179 0.00244140625
0 0.6001183665417242 0.956787109375 0.004142828960347208 0.00341796875
0 0.5260406391793253 0.9560546875 0.0023673308344841193 0.001953125
0 0.44954626159005723 0.95751953125 0.00424146774511738 0.0048828125
0 0.17217399881633458 0.957275390625 0.002663247188794634 0.00439453125
0 0.5942000394555139 0.9560546875 0.002959163543105149 0.0029296875
0 0.4234563030183468 0.95703125 0.003156441112645492 0.0048828125
0 0.6626060366936279 0.955322265625 0.003452357466956007 0.00244140625
0 0.42015190372854605 0.955322265625 0.002465969619254291 0.00244140625
0 0.18174196093904124 0.9580078125 0.002071414480173604 0.0078125
0 0.1213750246596962 0.95556640625 0.0016768593410929177 0.0029296875
0 0.5187413691063326 0.955322265625 0.001578220556322746 0.00341796875
0 0.22075360031564412 0.95849609375 0.008877490629315447 0.009765625
0 0.7047247977904912 0.955322265625 0.005622410731899783 0.00439453125
0 0.6382915762477807 0.9560546875 0.004142828960347208 0.005859375
0 0.4826395738804498 0.955810546875 0.004931939238508582 0.00537109375
0 0.29058985993292563 0.955078125 0.0023673308344841193 0.00390625
0 0.2114322351548629 0.955810546875 0.002663247188794634 0.00537109375
0 0.15446833695008877 0.9560546875 0.004537384099427895 0.005859375
0 0.6467251923456303 0.953857421875 0.002071414480173604 0.00244140625
0 0.3361609784967449 0.957275390625 0.005918327086210298 0.00927734375
0 0.32728348786742945 0.957763671875 0.004734661668968239 0.01025390625
0 0.19777076346419412 0.958740234375 0.003748273821266522 0.01220703125
0 0.6319293746301046 0.954345703125 0.005030578023278753 0.00439453125
0 0.12704675478398106 0.955078125 0.004142828960347208 0.005859375
0 0.1022391004142829 0.95654296875 0.007397908857762872 0.0087890625
0 0.644259222726376 0.952392578125 0.0014795817715525744 0.00244140625
0 0.6036693627934504 0.953369140625 0.003550996251726179 0.00439453125
0 0.5895640165713159 0.95361328125 0.0023673308344841193 0.0048828125
0 0.43119944762280527 0.952392578125 0.001874136910633261 0.00244140625
0 0.41497336752811204 0.953857421875 0.005918327086210298 0.00537109375
0 0.19599526533833103 0.952880859375 0.0011836654172420597 0.00341796875
0 0.2933024265141053 0.952392578125 0.004044190175577037 0.00341796875
0 0.11451962911816926 0.95556640625 0.003748273821266522 0.009765625
0 0.6422371276385875 0.95166015625 0.002170053264943776 0.0029296875
0 0.7087196685736832 0.950927734375 0.003156441112645492 0.00244140625
0 0.7124186230025646 0.950439453125 0.003255079897415664 0.00244140625
0 0.6853915959755376 0.9521484375 0.004044190175577037 0.005859375
0 0.19796804103373447 0.94970703125 0.0011836654172420597 0.001953125
0 0.6066285263365555 0.94921875 0.0013809429867824028 0.001953125
0 0.42325902544880645 0.951171875 0.008088380351154074 0.005859375
0 0.6662556717301242 0.95068359375 0.006016965870980469 0.005859375
0 0.21927401854409154 0.951416015625 0.003156441112645492 0.00732421875
0 0.15150917340698364 0.95166015625 0.0033537186821858355 0.0078125
0 0.5307753008482935 0.948486328125 0.0039455513908068654 0.00244140625
0 0.2924639968435589 0.9482421875 0.004537384099427895 0.0029296875
0 0.6380449792858552 0.947265625 0.001085026632471888 0.001953125
0 0.5064608404024462 0.94873046875 0.0038469126060366936 0.0048828125
0 0.7193726573288617 0.947021484375 0.0023673308344841193 0.00244140625
0 0.5709706056421385 0.947265625 0.003255079897415664 0.0029296875
0 0.43105148944565 0.947509765625 0.0033537186821858355 0.00341796875
0 0.1554054054054054 0.947509765625 0.001874136910633261 0.00341796875
0 0.12142434405208127 0.949951171875 0.007693825212073387 0.00830078125
0 0.7312586308936674 0.9482421875 0.006214243440520813 0.005859375
0 0.25281120536594986 0.94970703125 0.006707437364371671 0.0087890625
0 0.24265141053462222 0.947265625 0.0023673308344841193 0.00390625
0 0.21685736831722233 0.947021484375 0.002071414480173604 0.00341796875
0 0.6769086604853028 0.946533203125 0.004044190175577037 0.00341796875
0 0.5487275596764648 0.946044921875 0.0013809429867824028 0.00244140625
0 0.5241665022686921 0.9462890625 0.0023673308344841193 0.0029296875
0 0.44076740974551193 0.946533203125 0.0016768593410929177 0.00341796875
0 0.2239593608206747 0.9482421875 0.005030578023278753 0.0068359375
0 0.602929571907674 0.946533203125 0.006806076149141842 0.00439453125
0 0.5593805484316433 0.946044921875 0.0039455513908068654 0.00341796875
0 0.48614125073979086 0.9462890625 0.007200631288222529 0.00390625
0 0.3135726967843756 0.94580078125 0.002170053264943776 0.0029296875
0 0.28980074965476427 0.945556640625 0.0019727756954034327 0.00244140625
0 0.5803412901953048 0.9453125 0.0030578023278753207 0.0029296875
0 0.5019727756954034 0.945068359375 0.0019727756954034327 0.00244140625
0 0.10825606628526337 0.948486328125 0.0044387453146577235 0.00927734375
0 0.7033931741960939 0.944580078125 0.0033537186821858355 0.00244140625
0 0.47795423160386663 0.946533203125 0.003255079897415664 0.00634765625
0 0.43376405602682977 0.9443359375 0.002465969619254291 0.001953125
0 0.2861511146182679 0.946044921875 0.0051292168080489245 0.00537109375
0 0.0987867429473269 0.94580078125 0.0028605247583349774 0.0048828125
0 0.7073880449792859 0.9443359375 0.002071414480173604 0.0029296875
0 0.5555336358256067 0.944091796875 0.0023673308344841193 0.00244140625
0 0.25715131189583745 0.9443359375 0.002170053264943776 0.0029296875
0 0.4543795620437956 0.94482421875 0.004636022884198066 0.0048828125
0 0.29192148352732294 0.943603515625 0.0008877490629315447 0.00244140625
0 0.12157230222923654 0.943603515625 0.002465969619254291 0.00244140625
0 0.7131090944959558 0.94482421875 0.007397908857762872 0.005859375
0 0.5292463996843559 0.9443359375 0.008187019135924246 0.0048828125
0 0.30089761294140854 0.943359375 0.001874136910633261 0.0029296875
0 0.2468928782797396 0.945068359375 0.004931939238508582 0.00634765625
0 0.14825409350956797 0.94384765625 0.0025646084040244622 0.00390625
0 0.12433418820280134 0.9453125 0.0028605247583349774 0.0068359375
0 0.6087492602091142 0.943115234375 0.0036496350364963502 0.00341796875
0 0.2796409548234366 0.94287109375 0.004142828960347208 0.0029296875
0 0.722381140264352 0.9423828125 0.0044387453146577235 0.0029296875
0 0.5243637798382323 0.94189453125 0.0009863878477017164 0.001953125
0 0.32728348786742945 0.942138671875 0.001578220556322746 0.00244140625
0 0.15451765634247386 0.944580078125 0.002465969619254291 0.00732421875
0 0.22055632274610376 0.942626953125 0.004340106529887552 0.00439453125
0 0.1523476030775301 0.943603515625 0.0016768593410929177 0.00634765625
0 0.6777964095482344 0.94091796875 0.0014795817715525744 0.001953125
0 0.6721246794239495 0.943359375 0.005523771947129611 0.0078125
0 0.572450187413691 0.941162109375 0.0036496350364963502 0.00341796875
0 0.4384493983034129 0.9453125 0.0051292168080489245 0.01171875
0 0.5114420990333399 0.94140625 0.0033537186821858355 0.0048828125
0 0.4256263562832906 0.940673828125 0.0033537186821858355 0.00341796875
0 0.31125468534227657 0.940673828125 0.0022686920497139475 0.00341796875
0 0.2555730913395147 0.9404296875 0.002170053264943776 0.0029296875
0 0.2500986387847702 0.940185546875 0.001874136910633261 0.00244140625
0 0.2075853225488262 0.941162109375 0.001085026632471888 0.00439453125
0 0.5608108108108109 0.93994140625 0.0028605247583349774 0.00390625
0 0.2628230420201223 0.940673828125 0.00424146774511738 0.00537109375
0 0.7118267902939436 0.938720703125 0.0022686920497139475 0.00244140625
0 0.6317320970605642 0.939453125 0.00424146774511738 0.00390625
0 0.5303807457092129 0.939208984375 0.002959163543105149 0.00341796875
0 0.5185934109291773 0.93896484375 0.0022686920497139475 0.0029296875
0 0.44905306766620634 0.93896484375 0.002465969619254291 0.0029296875
0 0.6647760899585717 0.9384765625 0.0036496350364963502 0.0029296875
0 0.4847109883606234 0.9384765625 0.002959163543105149 0.0029296875
0 0.4429867824028408 0.938232421875 0.0019727756954034327 0.00244140625
0 0.7180410337344644 0.938232421875 0.00424146774511738 0.00341796875
0 0.24590649043203788 0.93798828125 0.005326494377589268 0.0029296875
0 0.5845334385480371 0.93701171875 0.001578220556322746 0.001953125
0 0.45289998027224304 0.937255859375 0.0016768593410929177 0.00244140625
0 0.11363188005523772 0.93896484375 0.0017754981258630894 0.005859375
0 0.4784474255277175 0.93701171875 0.002663247188794634 0.0029296875
0 0.10869994081672914 0.938720703125 0.0023673308344841193 0.00634765625
0 0.5254981258630894 0.936279296875 0.0028605247583349774 0.00244140625
0 0.463207733280726 0.937255859375 0.0027618859735648055 0.00439453125
0 0.3973170250542513 0.9375 0.0019727756954034327 0.0048828125
0 0.1491911619648846 0.93798828125 0.0044387453146577235 0.005859375
0 0.10574077727362399 0.940673828125 0.0033537186821858355 0.01123046875
0 0.459212862497534 0.935791015625 0.002071414480173604 0.00244140625
0 0.6196488459262182 0.935546875 0.005918327086210298 0.0029296875
0 0.40629315446833697 0.935546875 0.0027618859735648055 0.0029296875
0 0.3055336358256066 0.935302734375 0.0008877490629315447 0.00244140625
0 0.1658611165910436 0.936767578125 0.002465969619254291 0.00537109375
0 0.7257841783389228 0.9365234375 0.009863878477017163 0.005859375
0 0.42242059577826 0.9345703125 0.0016768593410929177 0.001953125
0 0.6147169066877096 0.936279296875 0.0027618859735648055 0.00634765625
0 0.47583349773130795 0.93359375 0.0023673308344841193 0.001953125
0 0.27584336160978495 0.933837890625 0.001085026632471888 0.00244140625
0 0.2674097455119353 0.93408203125 0.0023673308344841193 0.0029296875
0 0.258039060958769 0.933837890625 0.0013809429867824028 0.00244140625
0 0.23288617084237523 0.93408203125 0.005326494377589268 0.0029296875
0 0.17217399881633458 0.934326171875 0.0016768593410929177 0.00341796875
0 0.7228743341882028 0.933349609375 0.003255079897415664 0.00244140625
0 0.6089958571710397 0.934326171875 0.005918327086210298 0.00537109375
0 0.5396034720852239 0.933349609375 0.003452357466956007 0.00341796875
0 0.48530282106924444 0.9326171875 0.0017754981258630894 0.001953125
0 0.4577826001183665 0.932861328125 0.002170053264943776 0.00244140625
0 0.4078713750246597 0.933349609375 0.003748273821266522 0.00341796875
0 0.4389425922272638 0.93310546875 0.0039455513908068654 0.00390625
0 0.2906391793253107 0.93359375 0.00483330045373841 0.0048828125
0 0.2814164529492997 0.936279296875 0.007496547642533044 0.01025390625
0 0.23988952456105742 0.935302734375 0.006510159794831328 0.01025390625
0 0.6582659301637404 0.931396484375 0.003452357466956007 0.00341796875
0 0.2458078516472677 0.93310546875 0.003550996251726179 0.0068359375
0 0.6784375616492405 0.93115234375 0.006904714933912014 0.00390625
0 0.6135825606628527 0.930419921875 0.0012823042020122311 0.00244140625
0 0.5949891497336752 0.931884765625 0.0051292168080489245 0.00537109375
0 0.44283882422568555 0.93115234375 0.0028605247583349774 0.00390625
0 0.18864667587295325 0.930908203125 0.0012823042020122311 0.00341796875
0 0.5869007693825212 0.93017578125 0.0023673308344841193 0.0029296875
0 0.552327875320576 0.9306640625 0.00542513316235944 0.00390625
0 0.48037088183073584 0.929931640625 0.0017754981258630894 0.00244140625
0 0.4744525547445255 0.9296875 0.0013809429867824028 0.001953125
0 0.7281021897810219 0.9306640625 0.007397908857762872 0.0048828125
0 0.42533043992898006 0.9306640625 0.0023673308344841193 0.0048828125
0 0.528161373051884 0.929931640625 0.0028605247583349774 0.00439453125
0 0.16965870980469522 0.929443359375 0.0027618859735648055 0.00341796875
0 0.10608601302031959 0.930908203125 0.006214243440520813 0.00634765625
0 0.6030775300848293 0.928955078125 0.004142828960347208 0.00341796875
0 0.3297494574866838 0.92919921875 0.0019727756954034327 0.00390625
0 0.15289011639376604 0.928955078125 0.0017754981258630894 0.00341796875
0 0.1508680213059775 0.931640625 0.005227855592819097 0.0087890625
0 0.09972381140264353 0.927978515625 0.0009863878477017164 0.00244140625
0 0.5359045176563425 0.9287109375 0.0051292168080489245 0.0048828125
0 0.12640560268297493 0.928955078125 0.0036496350364963502 0.00537109375
0 0.4447129611363188 0.92724609375 0.0030578023278753207 0.0029296875
0 0.2864470309725784 0.931884765625 0.010455711185638194 0.01220703125
0 0.27752022095087786 0.927978515625 0.003255079897415664 0.00439453125
0 0.26726178733478 0.927978515625 0.00424146774511738 0.00439453125
0 0.5177549812586308 0.928955078125 0.004340106529887552 0.00732421875
0 0.5078911027816138 0.927978515625 0.005918327086210298 0.00537109375
0 0.41112645492207534 0.927001953125 0.0023673308344841193 0.00341796875
0 0.27342671138291574 0.927734375 0.005918327086210298 0.0048828125
0 0.6186624580785165 0.927001953125 0.008877490629315447 0.00439453125
0 0.5926711382915762 0.92578125 0.0022686920497139475 0.001953125
0 0.3332511343460249 0.926025390625 0.0012823042020122311 0.00244140625
0 0.20985401459854014 0.92578125 0.0006904714933912014 0.001953125
0 0.5960248569737621 0.92578125 0.0030578023278753207 0.0029296875
0 0.43105148944565 0.926025390625 0.004340106529887552 0.00341796875
0 0.2955711185638193 0.92822265625 0.003452357466956007 0.0078125
0 0.4159104359834287 0.925537109375 0.006016965870980469 0.00341796875
0 0.400572104951667 0.92529296875 0.002959163543105149 0.0029296875
0 0.2851154073781811 0.925537109375 0.005030578023278753 0.00341796875
0 0.2332807259814559 0.92724609375 0.006904714933912014 0.0068359375
0 0.6632965081870191 0.924560546875 0.002465969619254291 0.00244140625
0 0.6007595186427304 0.9248046875 0.003452357466956007 0.0029296875
0 0.29887551785362004 0.9248046875 0.001578220556322746 0.0029296875
0 0.28077530084829355 0.926025390625 0.0028605247583349774 0.00537109375
0 0.21222134543302426 0.92724609375 0.004044190175577037 0.0078125
0 0.13049911225093708 0.92578125 0.0027618859735648055 0.0048828125
0 0.11146182679029394 0.927490234375 0.005326494377589268 0.00830078125
0 0.5618465180508976 0.924560546875 0.006312882225290984 0.00341796875
0 0.2489642927599132 0.924072265625 0.0013809429867824028 0.00244140625
0 0.11654172420595778 0.92919921875 0.003452357466956007 0.0126953125
0 0.5887255869007694 0.924560546875 0.004044190175577037 0.00439453125
0 0.27046754783981064 0.923583984375 0.0025646084040244622 0.00244140625
0 0.25330439928980075 0.92724609375 0.0051292168080489245 0.009765625
0 0.5273229433813376 0.923095703125 0.0019727756954034327 0.00244140625
0 0.08995857171039653 0.923095703125 0.0009863878477017164 0.00244140625
0 0.6699053067666206 0.92529296875 0.010357072400868021 0.0078125
0 0.2155750641152101 0.922607421875 0.0008877490629315447 0.00244140625
0 0.6276879068849872 0.922607421875 0.00424146774511738 0.00341796875
0 0.5184947721444072 0.92236328125 0.002071414480173604 0.0029296875
0 0.2937956204379562 0.9228515625 0.002071414480173604 0.00390625
0 0.25848293549023477 0.92333984375 0.0036496350364963502 0.0048828125
0 0.6317814164529493 0.92138671875 0.001578220556322746 0.001953125
0 0.4357368317222332 0.921630859375 0.001085026632471888 0.00244140625
0 0.42542907871375024 0.921875 0.003156441112645492 0.0029296875
0 0.32979877687906883 0.924560546875 0.00424146774511738 0.00830078125
0 0.45605642138488856 0.921142578125 0.002071414480173604 0.00244140625
0 0.2909844150720063 0.923583984375 0.004142828960347208 0.00732421875
0 0.23929769185243638 0.92431640625 0.004142828960347208 0.0087890625
0 0.5386170842375222 0.9208984375 0.002071414480173604 0.0029296875
0 0.4932925626356283 0.921142578125 0.003550996251726179 0.00341796875
0 0.2347109883606234 0.92041015625 0.0008877490629315447 0.001953125
0 0.19377589268100218 0.923095703125 0.0030578023278753207 0.00732421875
0 0.11269481159992109 0.92236328125 0.0038469126060366936 0.005859375
0 0.5325507989741567 0.919921875 0.001578220556322746 0.001953125
0 0.4680903531268495 0.920166015625 0.0066087985796014995 0.00341796875
0 0.28363582560662853 0.920166015625 0.0028605247583349774 0.00341796875
0 0.2603077530084829 0.920166015625 0.0033537186821858355 0.00341796875
0 0.2291872164134938 0.9228515625 0.006411521010061156 0.0087890625
0 0.1755770368909055 0.921142578125 0.002959163543105149 0.00537109375
0 0.5222923653580588 0.91943359375 0.000789110278161373 0.0029296875
0 0.24496942197672125 0.9208984375 0.001874136910633261 0.005859375
0 0.17261787334780035 0.920166015625 0.0025646084040244622 0.00537109375
0 0.6112645492207536 0.9189453125 0.0033537186821858355 0.00390625
0 0.42888143618070623 0.91796875 0.002170053264943776 0.001953125
0 0.19880647070428092 0.91845703125 0.0016768593410929177 0.0029296875
0 0.6933813375419214 0.91796875 0.0028605247583349774 0.0029296875
0 0.6399684355888735 0.918701171875 0.0039455513908068654 0.00439453125
0 0.3002564608404025 0.91796875 0.0025646084040244622 0.0029296875
0 0.2681002170053265 0.91845703125 0.0033537186821858355 0.00390625
0 0.18800552377194713 0.921630859375 0.007101992503452358 0.01025390625
0 0.16038666403629906 0.920166015625 0.0023673308344841193 0.00732421875
0 0.09794831327678043 0.918701171875 0.001578220556322746 0.00439453125
0 0.6455415269283883 0.91796875 0.007200631288222529 0.00390625
0 0.3184553166304991 0.91796875 0.0038469126060366936 0.00390625
0 0.10815742750049319 0.91845703125 0.001874136910633261 0.0048828125
0 0.5053264943775893 0.917236328125 0.0033537186821858355 0.00341796875
0 0.6341487472874334 0.917236328125 0.007891102781613731 0.00439453125
0 0.4324817518248175 0.91650390625 0.003452357466956007 0.0029296875
0 0.42089169461432235 0.91650390625 0.003748273821266522 0.0029296875
0 0.41260603669362794 0.91796875 0.005721049516669955 0.005859375
0 0.2552771749852042 0.918212890625 0.009863878477017163 0.00732421875
0 0.11668968238311304 0.915771484375 0.0017754981258630894 0.00244140625
0 0.6882521207338725 0.9150390625 0.002071414480173604 0.001953125
0 0.5223416847504438 0.9150390625 0.003452357466956007 0.0029296875
0 0.27140461629512724 0.916748046875 0.0022686920497139475 0.00634765625
0 0.22859538370487276 0.9150390625 0.0012823042020122311 0.0029296875
0 0.11156046557506412 0.914794921875 0.0017754981258630894 0.00244140625
0 0.10539554152692839 0.91552734375 0.0014795817715525744 0.00390625
0 0.10233773919905306 0.915771484375 0.001874136910633261 0.00439453125
0 0.09637009272045768 0.915283203125 0.0013809429867824028 0.00341796875
0 0.4595580982442296 0.914306640625 0.0033537186821858355 0.00244140625
0 0.29374630104557115 0.914306640625 0.0013809429867824028 0.00244140625
0 0.23273821266521996 0.914306640625 0.001085026632471888 0.00244140625
0 0.7028506608798579 0.91455078125 0.006214243440520813 0.00390625
0 0.6917537975932136 0.9140625 0.001578220556322746 0.0029296875
0 0.26341487472874336 0.916259765625 0.004636022884198066 0.00732421875
0 0.23860722035904516 0.9150390625 0.0039455513908068654 0.0048828125
0 0.2354014598540146 0.9140625 0.001874136910633261 0.0029296875
0 0.11387847701716315 0.9150390625 0.002465969619254291 0.0048828125
0 0.48870585914381537 0.9130859375 0.003452357466956007 0.001953125
0 0.3118958374432827 0.91552734375 0.004734661668968239 0.0068359375
0 0.14544288814361808 0.9130859375 0.001085026632471888 0.001953125
0 0.6861313868613139 0.9130859375 0.002170053264943776 0.0029296875
0 0.6523969224699152 0.9130859375 0.003550996251726179 0.0029296875
0 0.6474156638390215 0.912841796875 0.002663247188794634 0.00244140625
0 0.30060169658709807 0.91259765625 0.0012823042020122311 0.001953125
0 0.22622805287038864 0.91455078125 0.003255079897415664 0.005859375
0 0.17163148550009863 0.912841796875 0.0019727756954034327 0.00244140625
0 0.4783981061353324 0.91259765625 0.0027618859735648055 0.0029296875
0 0.3076050503057802 0.914306640625 0.0030578023278753207 0.00634765625
0 0.15565200236733084 0.915283203125 0.005721049516669955 0.00830078125
0 0.5612053659498915 0.9130859375 0.0044387453146577235 0.0048828125
0 0.5183468139672519 0.911865234375 0.002170053264943776 0.00244140625
0 0.31480568159400274 0.91259765625 0.003452357466956007 0.00390625
0 0.2520714144801736 0.912353515625 0.003452357466956007 0.00439453125
0 0.6047543894259223 0.9130859375 0.008285657920694417 0.0068359375
0 0.7085717103965279 0.910400390625 0.00424146774511738 0.00244140625
0 0.639080686525942 0.910888671875 0.004142828960347208 0.00341796875
0 0.30573091339514696 0.91064453125 0.0022686920497139475 0.0029296875
0 0.12369303610179523 0.910400390625 0.002170053264943776 0.00244140625
0 0.5357072400868022 0.91015625 0.0025646084040244622 0.0029296875
0 0.5225882817123693 0.91015625 0.000789110278161373 0.0029296875
0 0.6590550404419018 0.91015625 0.00483330045373841 0.00390625
0 0.5963700927204577 0.909912109375 0.004142828960347208 0.00341796875
0 0.23165318603274807 0.909423828125 0.001874136910633261 0.00244140625
0 0.5094693233379365 0.91064453125 0.0023673308344841193 0.005859375
0 0.41739001775498125 0.910888671875 0.007595186427303216 0.00634765625
0 0.3313769974353916 0.90869140625 0.0014795817715525744 0.001953125
0 0.21675872953245215 0.910888671875 0.0036496350364963502 0.00634765625
0 0.1213750246596962 0.91357421875 0.006016965870980469 0.01171875
0 0.7133556914578812 0.908935546875 0.004931939238508582 0.00341796875
0 0.579848096271454 0.909423828125 0.005622410731899783 0.00439453125
0 0.09346024856973761 0.909423828125 0.0014795817715525744 0.00439453125
0 0.5123298480962715 0.908203125 0.0009863878477017164 0.0029296875
0 0.496547642533044 0.90771484375 0.0009863878477017164 0.001953125
0 0.48135726967843756 0.90771484375 0.0025646084040244622 0.0029296875
0 0.4364273032156244 0.9072265625 0.0014795817715525744 0.001953125
0 0.3577135529690274 0.908447265625 0.002663247188794634 0.00439453125
0 0.2583842967054646 0.90771484375 0.0014795817715525744 0.0029296875
0 0.22479779049122114 0.907958984375 0.0033537186821858355 0.00341796875
0 0.470704280923259 0.906982421875 0.0017754981258630894 0.00244140625
0 0.4220260406391793 0.906982421875 0.002465969619254291 0.00244140625
0 0.33571710396527915 0.908935546875 0.0066087985796014995 0.00634765625
0 0.5724995068060762 0.906982421875 0.006510159794831328 0.00341796875
0 0.5387650424146775 0.90625 0.0019727756954034327 0.001953125
0 0.32743144604458474 0.90771484375 0.0030578023278753207 0.0048828125
0 0.28112053659498915 0.90771484375 0.003748273821266522 0.0048828125
0 0.21404616295127243 0.90673828125 0.0019727756954034327 0.0029296875
0 0.7023574669560071 0.906982421875 0.008187019135924246 0.00439453125
0 0.6248767015190373 0.906494140625 0.004734661668968239 0.00341796875
0 0.5228841980666799 0.906005859375 0.0027618859735648055 0.00244140625
0 0.2870881830735845 0.906005859375 0.0016768593410929177 0.00244140625
0 0.2444762280528704 0.907470703125 0.003452357466956007 0.00537109375
0 0.23382323929769186 0.907470703125 0.002465969619254291 0.00537109375
0 0.3136220161767607 0.90576171875 0.0014795817715525744 0.0029296875
0 0.6917537975932136 0.905517578125 0.004142828960347208 0.00341796875
0 0.5360031564411126 0.9052734375 0.003156441112645492 0.0029296875
0 0.5202702702702703 0.905029296875 0.0022686920497139475 0.00244140625
0 0.5134148747287434 0.905029296875 0.0019727756954034327 0.00244140625
0 0.23165318603274807 0.9052734375 0.0012823042020122311 0.0029296875
0 0.10677648451371079 0.906005859375 0.002465969619254291 0.00439453125
0 0.589070822647465 0.9052734375 0.0051292168080489245 0.00390625
0 0.44249358847898995 0.905029296875 0.005326494377589268 0.00341796875
0 0.19520615506016967 0.906494140625 0.0039455513908068654 0.00634765625
0 0.1647760899585717 0.904296875 0.0008877490629315447 0.001953125
0 0.1630992306174788 0.905517578125 0.002663247188794634 0.00439453125
0 0.10080883803511541 0.906005859375 0.0019727756954034327 0.00537109375
0 0.665565200236733 0.90478515625 0.007200631288222529 0.0048828125
0 0.49013612152298286 0.905029296875 0.007496547642533044 0.00537109375
0 0.4184257249950681 0.906005859375 0.004537384099427895 0.00732421875
0 0.31544683369500887 0.904052734375 0.0011836654172420597 0.00341796875
0 0.3111560465575064 0.903564453125 0.001874136910633261 0.00244140625
0 0.1373051884000789 0.903564453125 0.0009863878477017164 0.00244140625
0 0.10337344643913987 0.9052734375 0.002170053264943776 0.005859375
0 0.6848490826593017 0.9033203125 0.003550996251726179 0.0029296875
0 0.6771059380548432 0.9033203125 0.00424146774511738 0.0029296875
0 0.5569638982047741 0.904052734375 0.003452357466956007 0.00439453125
0 0.44801736042611956 0.9033203125 0.004537384099427895 0.0029296875
0 0.4088084434799763 0.905029296875 0.007595186427303216 0.00634765625
0 0.2547839810613533 0.9033203125 0.0019727756954034327 0.0029296875
0 0.23860722035904516 0.904052734375 0.0033537186821858355 0.00439453125
0 0.6704478200828565 0.902587890625 0.0017754981258630894 0.00244140625
0 0.645393568751233 0.905029296875 0.007496547642533044 0.00732421875
0 0.45842375221937265 0.90234375 0.0012823042020122311 0.001953125
0 0.2503945551390807 0.905029296875 0.0036496350364963502 0.00732421875
0 0.12734267113829156 0.904296875 0.0025646084040244622 0.005859375
0 0.11432235154862892 0.90576171875 0.003550996251726179 0.0087890625
0 0.3031169855987374 0.9033203125 0.004734661668968239 0.0048828125
0 0.2225290984415072 0.90283203125 0.002959163543105149 0.00390625
0 0.5427105938054844 0.90185546875 0.0023673308344841193 0.0029296875
0 0.32772736239889527 0.901611328125 0.0014795817715525744 0.00244140625
0 0.11289208916946143 0.902099609375 0.0022686920497139475 0.00341796875
0 0.5033043992898008 0.9013671875 0.00424146774511738 0.0029296875
0 0.423554941803117 0.90185546875 0.005918327086210298 0.00390625
0 0.21739988163345828 0.901123046875 0.002170053264943776 0.00244140625
0 0.12334780035509962 0.9033203125 0.004044190175577037 0.0068359375
0 0.6404616295127245 0.9013671875 0.0033537186821858355 0.00390625
0 0.516127441309923 0.900146484375 0.0022686920497139475 0.00244140625
0 0.10233773919905306 0.900146484375 0.003255079897415664 0.00244140625
0 0.391941211284277 0.90087890625 0.00424146774511738 0.0048828125
0 0.37852633655553364 0.900146484375 0.00483330045373841 0.00341796875
0 0.27885184454527523 0.900146484375 0.004734661668968239 0.00341796875
0 0.27066482540935094 0.8994140625 0.0019727756954034327 0.001953125
0 0.20595778260011838 0.90234375 0.004734661668968239 0.0078125
0 0.17128624975340304 0.902099609375 0.0044387453146577235 0.00732421875
0 0.7106924442690866 0.899658203125 0.004537384099427895 0.00341796875
0 0.4871769579798777 0.89892578125 0.0019727756954034327 0.001953125
0 0.4641448017360426 0.899169921875 0.002071414480173604 0.00244140625
0 0.28906095876898796 0.8994140625 0.001874136910633261 0.0029296875
0 0.22923653580587888 0.89990234375 0.003156441112645492 0.00390625
0 0.1310909449595581 0.90283203125 0.004142828960347208 0.009765625
0 0.6878082462024068 0.898681640625 0.0025646084040244622 0.00244140625
0 0.6415959755375814 0.8984375 0.0016768593410929177 0.001953125
0 0.4715920299861906 0.89892578125 0.002959163543105149 0.0029296875
0 0.1975241665022687 0.89990234375 0.0030578023278753207 0.0048828125
0 0.6236437167094101 0.899658203125 0.007595186427303216 0.00537109375
0 0.5238212665219965 0.900634765625 0.004044190175577037 0.00732421875
0 0.23530282106924444 0.89990234375 0.003255079897415664 0.005859375
0 0.17774709015584927 0.90087890625 0.0033537186821858355 0.0078125
0 0.5507989741566384 0.8974609375 0.0023673308344841193 0.0029296875
0 0.512033931741961 0.89697265625 0.001578220556322746 0.001953125
0 0.20985401459854014 0.8984375 0.004636022884198066 0.0048828125
0 0.13819293746301045 0.89697265625 0.0009863878477017164 0.001953125
0 0.1140264351943184 0.897216796875 0.001578220556322746 0.00244140625
0 0.10796014993095285 0.901611328125 0.004636022884198066 0.01123046875
0 0.5963207733280727 0.897705078125 0.003255079897415664 0.00439453125
0 0.46818899191161967 0.896728515625 0.001874136910633261 0.00244140625
0 0.40589859932925626 0.897216796875 0.0019727756954034327 0.00341796875
0 0.35539554152692837 0.89794921875 0.0033537186821858355 0.0048828125
0 0.3107121720260406 0.89697265625 0.0027618859735648055 0.0029296875
0 0.5346222134543303 0.896240234375 0.001578220556322746 0.00244140625
0 0.4983231406589071 0.896240234375 0.001578220556322746 0.00244140625
0 0.42888143618070623 0.897216796875 0.004340106529887552 0.00439453125
0 0.32693825212073385 0.89697265625 0.0022686920497139475 0.00390625
0 0.29285855198263955 0.8974609375 0.004340106529887552 0.0048828125
0 0.1721246794239495 0.896728515625 0.002170053264943776 0.00341796875
0 0.6370092720457684 0.89599609375 0.004931939238508582 0.0029296875
0 0.5904024462418623 0.897216796875 0.005622410731899783 0.00537109375
0 0.1947622805287039 0.8974609375 0.0044387453146577235 0.005859375
0 0.13444466364174393 0.89697265625 0.0033537186821858355 0.0048828125
0 0.6623594397317025 0.8955078125 0.0027618859735648055 0.0029296875
0 0.25843361609784965 0.896484375 0.005918327086210298 0.0048828125
0 0.24043203787729336 0.89599609375 0.0022686920497139475 0.00390625
0 0.4151706450976524 0.89892578125 0.010061156046557506 0.0107421875
0 0.6992996646281318 0.89453125 0.0028605247583349774 0.0029296875
0 0.5327480765436969 0.894287109375 0.0019727756954034327 0.00244140625
0 0.4522588281712369 0.89404296875 0.001578220556322746 0.001953125
0 0.3055336358256066 0.8994140625 0.005819688301440126 0.0126953125
0 0.18075557309133952 0.896484375 0.00424146774511738 0.0068359375
0 0.7039356875123298 0.89404296875 0.004636022884198066 0.0029296875
0 0.6544190175577037 0.894287109375 0.005819688301440126 0.00341796875
0 0.6031268494772144 0.894287109375 0.0066087985796014995 0.00341796875
0 0.5211580193332018 0.89404296875 0.0022686920497139475 0.0029296875
0 0.5093706845531663 0.8935546875 0.001578220556322746 0.001953125
0 0.4283389228644703 0.89404296875 0.002071414480173604 0.0029296875
0 0.22312093115012824 0.893798828125 0.002170053264943776 0.00244140625
0 0.6294634050108503 0.89404296875 0.007595186427303216 0.00390625
0 0.3128822252909844 0.893798828125 0.0017754981258630894 0.00341796875
0 0.24950680607614914 0.89501953125 0.0030578023278753207 0.005859375
0 0.19915170645097652 0.893798828125 0.0011836654172420597 0.00341796875
0 0.10865062142434405 0.893310546875 0.0014795817715525744 0.00341796875
0 0.69540343262971 0.892333984375 0.003550996251726179 0.00244140625
0 0.2882718484908266 0.892333984375 0.0016768593410929177 0.00244140625
0 0.21088972183862695 0.892578125 0.003156441112645492 0.0029296875
0 0.5127244032353522 0.8916015625 0.0019727756954034327 0.001953125
0 0.47701716314855 0.891845703125 0.0025646084040244622 0.00244140625
0 0.44382521207338727 0.89208984375 0.002071414480173604 0.0029296875
0 0.32970013809429866 0.894287109375 0.005622410731899783 0.00732421875
0 0.5750641152101006 0.89208984375 0.0039455513908068654 0.00390625
0 0.21838626948116 0.891357421875 0.0013809429867824028 0.00244140625
0 0.6078615111461827 0.890869140625 0.00424146774511738 0.00244140625
0 0.4978299467350562 0.890625 0.0017754981258630894 0.001953125
0 0.2305188400078911 0.89111328125 0.0025646084040244622 0.0029296875
0 0.20783191951075164 0.892578125 0.002170053264943776 0.005859375
0 0.6144703097257842 0.89111328125 0.0030578023278753207 0.00390625
0 0.4265634247386072 0.890380859375 0.0014795817715525744 0.00244140625
0 0.5415762477806273 0.889892578125 0.002663247188794634 0.00244140625
0 0.345383704872756 0.890625 0.0028605247583349774 0.00390625
0 0.2447721444071809 0.890380859375 0.002465969619254291 0.00341796875
0 0.23732491615703294 0.889892578125 0.0019727756954034327 0.00244140625
0 0.23392187808246204 0.890625 0.00424146774511738 0.00390625
0 0.20294929966462813 0.890869140625 0.004044190175577037 0.00439453125
0 0.5710692444269087 0.8896484375 0.0016768593410929177 0.0029296875
0 0.461481554547248 0.889404296875 0.001874136910633261 0.00244140625
0 0.30632274610376803 0.89013671875 0.0030578023278753207 0.00390625
0 0.17197672124679425 0.889892578125 0.001874136910633261 0.00341796875
0 0.7121720260406392 0.889404296875 0.004142828960347208 0.00341796875
0 0.6299072795423161 0.888671875 0.0019727756954034327 0.001953125
0 0.3146577234168475 0.889404296875 0.002959163543105149 0.00341796875
0 0.2767804300651016 0.888671875 0.003156441112645492 0.001953125
0 0.2656835667784573 0.8896484375 0.005030578023278753 0.00390625
0 0.12132570526731111 0.890625 0.004340106529887552 0.0068359375
0 0.6008088380351154 0.88818359375 0.0023673308344841193 0.0029296875
0 0.4195107516275399 0.8896484375 0.00907476819885579 0.005859375
0 0.31880055237719473 0.88818359375 0.002170053264943776 0.0029296875
0 0.09395344249358847 0.889404296875 0.0036496350364963502 0.00537109375
0 0.5455217991714342 0.88818359375 0.00483330045373841 0.00390625
0 0.5241665022686921 0.887451171875 0.004734661668968239 0.00244140625
0 0.39795817715525744 0.887939453125 0.00542513316235944 0.00341796875
0 0.38646675872953246 0.88818359375 0.006312882225290984 0.00390625
0 0.34888538173209704 0.887451171875 0.0027618859735648055 0.00244140625
0 0.21014993095285067 0.887451171875 0.001874136910633261 0.00244140625
0 0.35263365555336357 0.890380859375 0.006707437364371671 0.00927734375
0 0.2266719274018544 0.887451171875 0.0051292168080489245 0.00341796875
0 0.7019135924245413 0.8876953125 0.006904714933912014 0.0048828125
0 0.2742158216610771 0.886474609375 0.0019727756954034327 0.00244140625
0 0.10810810810810811 0.887451171875 0.0011836654172420597 0.00439453125
0 0.7065989347011244 0.887939453125 0.006214243440520813 0.00634765625
0 0.6432235154862892 0.8876953125 0.01144209903333991 0.005859375
0 0.6267508384296705 0.8857421875 0.0025646084040244622 0.001953125
0 0.341388834089564 0.887451171875 0.0033537186821858355 0.00537109375
0 0.18277766817912802 0.88671875 0.003550996251726179 0.00390625
0 0.635036496350365 0.887451171875 0.006707437364371671 0.00634765625
0 0.45911422371276384 0.885986328125 0.0028605247583349774 0.00341796875
0 0.24038271848490828 0.88671875 0.0039455513908068654 0.0048828125
0 0.47257841783389226 0.884765625 0.002170053264943776 0.001953125
0 0.5750147958177155 0.88525390625 0.0028605247583349774 0.00390625
0 0.21227066482540935 0.884521484375 0.0027618859735648055 0.00244140625
0 0.6626060366936279 0.884765625 0.006016965870980469 0.00390625
0 0.5556815940027618 0.8837890625 0.0012823042020122311 0.001953125
0 0.4197573485894654 0.884033203125 0.0030578023278753207 0.00244140625
0 0.2561156046557506 0.884033203125 0.002071414480173604 0.00244140625
0 0.17715525744722824 0.889404296875 0.004142828960347208 0.01318359375
0 0.5944959558098244 0.882568359375 0.003748273821266522 0.00244140625
0 0.18174196093904124 0.882568359375 0.001085026632471888 0.00244140625
0 0.6783882422568553 0.88232421875 0.002663247188794634 0.0029296875
0 0.38168277766817915 0.883056640625 0.006411521010061156 0.00439453125
0 0.6032254882619846 0.88134765625 0.002465969619254291 0.001953125
0 0.31303018346813966 0.881591796875 0.001874136910633261 0.00244140625
0 0.26790293943578614 0.8818359375 0.004537384099427895 0.0029296875
0 0.25355099625172617 0.882080078125 0.002071414480173604 0.00341796875
0 0.19880647070428092 0.88330078125 0.0030578023278753207 0.005859375
0 0.23170250542513315 0.88330078125 0.004931939238508582 0.0068359375
0 0.6537285460643125 0.88037109375 0.001874136910633261 0.001953125
0 0.5154862892089169 0.880859375 0.0019727756954034327 0.0029296875
0 0.28171236930361016 0.881103515625 0.0017754981258630894 0.00341796875
0 0.27885184454527523 0.88037109375 0.0013809429867824028 0.001953125
0 0.4155652002367331 0.881591796875 0.0017754981258630894 0.00537109375
0 0.3953442493588479 0.881591796875 0.007101992503452358 0.00537109375
0 0.1864273032156244 0.880615234375 0.0023673308344841193 0.00341796875
0 0.11373051884000789 0.880615234375 0.0017754981258630894 0.00341796875
0 0.686180706253699 0.88232421875 0.012921680804892484 0.0078125
0 0.5480370881830736 0.8798828125 0.005721049516669955 0.0029296875
0 0.3199348984020517 0.88037109375 0.002663247188794634 0.00390625
0 0.6593509567962123 0.87939453125 0.00424146774511738 0.0029296875
0 0.6081574275004932 0.87890625 0.0022686920497139475 0.001953125
0 0.22198658512527125 0.8828125 0.00424146774511738 0.009765625
0 0.09503846912606037 0.87890625 0.0012823042020122311 0.001953125
0 0.33990925231801145 0.88037109375 0.005326494377589268 0.005859375
0 0.7253403038074571 0.878173828125 0.0036496350364963502 0.00244140625
0 0.37882225290984417 0.878173828125 0.0022686920497139475 0.00244140625
0 0.3463207733280726 0.87890625 0.0019727756954034327 0.00390625
0 0.19569934898402053 0.879638671875 0.003550996251726179 0.00537109375
0 0.6730617478792661 0.8798828125 0.0077924639968435586 0.0068359375
0 0.46286249753403036 0.87744140625 0.002663247188794634 0.001953125
0 0.2559183270862103 0.876953125 0.0012823042020122311 0.001953125
0 0.09720852239100414 0.878662109375 0.002071414480173604 0.00634765625
0 0.5617971986585125 0.876708984375 0.0016768593410929177 0.00341796875
0 0.5376800157822056 0.876220703125 0.0019727756954034327 0.00244140625
0 0.41033734464391397 0.880615234375 0.014006707437364372 0.01123046875
0 0.18445452752022096 0.879150390625 0.004142828960347208 0.00830078125
0 0.6543696981653186 0.875732421875 0.0019727756954034327 0.00244140625
0 0.6221148155454724 0.875732421875 0.002959163543105149 0.00244140625
0 0.6126948115999211 0.87548828125 0.0016768593410929177 0.001953125
0 0.5241665022686921 0.8759765625 0.003550996251726179 0.0029296875
0 0.14386466758729533 0.87646484375 0.002465969619254291 0.00390625
0 0.6185638192937463 0.875244140625 0.003748273821266522 0.00244140625
0 0.2058098244229631 0.879638671875 0.011146182679029394 0.01123046875
0 0.17967054645886762 0.875 0.0012823042020122311 0.001953125
0 0.10371868218583546 0.876220703125 0.003452357466956007 0.00439453125
0 0.6291181692641546 0.875732421875 0.006312882225290984 0.00439453125
0 0.5576050503057802 0.875244140625 0.003550996251726179 0.00341796875
0 0.223564805681594 0.875 0.0008877490629315447 0.0029296875
0 0.09311501282304202 0.875732421875 0.0017754981258630894 0.00439453125
0 0.43519431840599726 0.8740234375 0.0017754981258630894 0.001953125
0 0.3400572104951667 0.874755859375 0.001085026632471888 0.00341796875
0 0.31870191359242456 0.874267578125 0.0011836654172420597 0.00244140625
0 0.2593706845531663 0.8740234375 0.0038469126060366936 0.001953125
0 0.1687216413493786 0.87451171875 0.0016768593410929177 0.0029296875
0 0.6783389228644703 0.873779296875 0.001578220556322746 0.00244140625
0 0.18894259222726376 0.873779296875 0.001085026632471888 0.00244140625
0 0.24763266916551588 0.87353515625 0.003452357466956007 0.0029296875
0 0.14628131781416454 0.873291015625 0.0017754981258630894 0.00341796875
0 0.1098836062339712 0.8779296875 0.007496547642533044 0.0126953125
0 0.10746695600710199 0.873046875 0.0008877490629315447 0.0029296875
0 0.5327973959360821 0.87255859375 0.002465969619254291 0.0029296875
0 0.24329256263562832 0.873046875 0.0038469126060366936 0.00390625
0 0.6627046754783981 0.8720703125 0.003255079897415664 0.0029296875
0 0.4875221937265733 0.872314453125 0.002465969619254291 0.00341796875
0 0.21656145196291182 0.872314453125 0.0022686920497139475 0.00341796875
0 0.1951075162753995 0.873291015625 0.003748273821266522 0.00537109375
0 0.11599921088972184 0.875 0.0023673308344841193 0.0087890625
0 0.45975537581376996 0.87109375 0.0009863878477017164 0.001953125
0 0.41886959952653385 0.8720703125 0.0036496350364963502 0.00390625
0 0.7245018741369106 0.87158203125 0.006312882225290984 0.00390625
0 0.3917932531071217 0.872314453125 0.005326494377589268 0.00537109375
0 0.17740185440915368 0.877197265625 0.007397908857762872 0.01513671875
0 0.7084237522193727 0.87060546875 0.0023673308344841193 0.0029296875
0 0.635628329058986 0.870361328125 0.0025646084040244622 0.00244140625
0 0.5397514302623792 0.87060546875 0.0033537186821858355 0.0029296875
0 0.45714144801736045 0.870361328125 0.0036496350364963502 0.00244140625
0 0.3380351154073782 0.872802734375 0.0033537186821858355 0.00732421875
0 0.32708621029788915 0.870361328125 0.0025646084040244622 0.00244140625
0 0.5634740579996055 0.86962890625 0.001874136910633261 0.001953125
0 0.5485302821069244 0.870849609375 0.0017754981258630894 0.00439453125
0 0.23732491615703294 0.870849609375 0.002959163543105149 0.00439453125
0 0.18312290392582364 0.872802734375 0.0028605247583349774 0.00830078125
0 0.494821463799566 0.869384765625 0.002071414480173604 0.00244140625
0 0.32935490234760306 0.869873046875 0.0013809429867824028 0.00341796875
0 0.42404813572696787 0.868896484375 0.0039455513908068654 0.00244140625
0 0.26780430065101596 0.869384765625 0.0033537186821858355 0.00341796875
0 0.19175379759321365 0.87060546875 0.0023673308344841193 0.0068359375
0 0.10100611560465575 0.869384765625 0.002170053264943776 0.00439453125
0 0.20842375221937265 0.87255859375 0.004340106529887552 0.01171875
0 0.09829354902347603 0.872314453125 0.0030578023278753207 0.01123046875
0 0.25054251331623595 0.867431640625 0.0013809429867824028 0.00244140625
0 0.2555237719471296 0.867919921875 0.002465969619254291 0.00439453125
0 0.21084040244624186 0.866943359375 0.0016768593410929177 0.00244140625
0 0.5937068455316631 0.866455078125 0.003156441112645492 0.00244140625
0 0.34755375813769973 0.867431640625 0.0022686920497139475 0.00439453125
0 0.19777076346419412 0.868408203125 0.005523771947129611 0.00634765625
0 0.6973268889327283 0.86572265625 0.002663247188794634 0.001953125
0 0.6707437364371671 0.86572265625 0.0025646084040244622 0.001953125
0 0.1895344249358848 0.865966796875 0.002663247188794634 0.00244140625
0 0.7165614519629118 0.865478515625 0.001874136910633261 0.00244140625
0 0.6642335766423357 0.866455078125 0.006904714933912014 0.00439453125
0 0.5768889327283487 0.86572265625 0.0030578023278753207 0.0029296875
0 0.49738607220359043 0.865478515625 0.0016768593410929177 0.00244140625
0 0.21883014401262577 0.86572265625 0.002465969619254291 0.00390625
0 0.20674689287827974 0.864990234375 0.001578220556322746 0.00244140625
0 0.5820181495363977 0.865478515625 0.0038469126060366936 0.00439453125
0 0.528753205760505 0.8642578125 0.0028605247583349774 0.001953125
0 0.44969421976721247 0.86474609375 0.003748273821266522 0.0029296875
0 0.11501282304202012 0.864501953125 0.0017754981258630894 0.00244140625
0 0.20428092325902544 0.86572265625 0.001578220556322746 0.005859375
0 0.20151903728546064 0.863525390625 0.0009863878477017164 0.00244140625
0 0.6101302031958966 0.8642578125 0.005819688301440126 0.0048828125
0 0.5696883014401263 0.86328125 0.001874136910633261 0.0029296875
0 0.3502663247188795 0.86376953125 0.002170053264943776 0.00390625
0 0.21458867626750838 0.865234375 0.005622410731899783 0.0068359375
0 0.22317025054251333 0.864501953125 0.00483330045373841 0.00634765625
0 0.11259617281515091 0.86279296875 0.0008877490629315447 0.0029296875
0 0.555188400078911 0.862060546875 0.0014795817715525744 0.00244140625
0 0.4578812389031367 0.863037109375 0.004340106529887552 0.00439453125
0 0.7008285657920694 0.862060546875 0.004142828960347208 0.00341796875
0 0.5445847307161176 0.861572265625 0.0033537186821858355 0.00244140625
0 0.43070625369895443 0.861572265625 0.0016768593410929177 0.00244140625
0 0.3147563622016177 0.86181640625 0.0025646084040244622 0.0029296875
0 0.6514598540145985 0.861572265625 0.00483330045373841 0.00341796875
0 0.4044190175577037 0.862060546875 0.004340106529887552 0.00439453125
0 0.2696784375616492 0.861083984375 0.0025646084040244622 0.00244140625
0 0.2242552771749852 0.861083984375 0.0030578023278753207 0.00244140625
0 0.4527520220950878 0.860595703125 0.0017754981258630894 0.00244140625
0 0.4112250937068455 0.86279296875 0.007693825212073387 0.0068359375
0 0.3459262181889919 0.861572265625 0.004931939238508582 0.00439453125
0 0.20354113237324917 0.8603515625 0.0008877490629315447 0.001953125
0 0.12334780035509962 0.861083984375 0.0012823042020122311 0.00341796875
0 0.1098836062339712 0.86279296875 0.0033537186821858355 0.0068359375
0 0.1015486289208917 0.8623046875 0.0030578023278753207 0.005859375
0 0.7095087788518445 0.860595703125 0.0027618859735648055 0.00341796875
0 0.5241665022686921 0.8603515625 0.003550996251726179 0.0029296875
0 0.180459656737029 0.865234375 0.007989741566383901 0.0126953125
0 0.574718879463405 0.859619140625 0.0030578023278753207 0.00244140625
0 0.5475438942592227 0.860107421875 0.001578220556322746 0.00341796875
0 0.20906490432037877 0.8603515625 0.0038469126060366936 0.00390625
0 0.17848688104162558 0.860595703125 0.0030578023278753207 0.00439453125
0 0.23170250542513315 0.85986328125 0.003156441112645492 0.00390625
0 0.6926908660485303 0.8603515625 0.00424146774511738 0.005859375
0 0.4550207141448017 0.858642578125 0.002170053264943776 0.00244140625
0 0.6708423752219372 0.8583984375 0.004340106529887552 0.0029296875
0 0.4878181100808838 0.858154296875 0.0036496350364963502 0.00244140625
0 0.40841388834089565 0.858642578125 0.0022686920497139475 0.00341796875
0 0.5514894456500296 0.857666015625 0.0027618859735648055 0.00244140625
0 0.46019925034523573 0.857666015625 0.0022686920497139475 0.00244140625
0 0.34952653383310317 0.858154296875 0.0016768593410929177 0.00341796875
0 0.32624778062734267 0.85791015625 0.002465969619254291 0.0029296875
0 0.1808542118761097 0.858154296875 0.001085026632471888 0.00341796875
0 0.7196685736831723 0.857177734375 0.003550996251726179 0.00244140625
0 0.6352830933122904 0.85791015625 0.006214243440520813 0.00390625
0 0.3222035904517656 0.857177734375 0.002071414480173604 0.00244140625
0 0.1960939041231012 0.857666015625 0.0013809429867824028 0.00341796875
0 0.6582166107713553 0.856201171875 0.0019727756954034327 0.00244140625
0 0.655208127835865 0.856201171875 0.002071414480173604 0.00244140625
0 0.18302426514105347 0.855712890625 0.0014795817715525744 0.00244140625
0 0.11289208916946143 0.857666015625 0.002071414480173604 0.00634765625
0 0.4047642533043993 0.855224609375 0.002071414480173604 0.00244140625
0 0.681594002761886 0.854248046875 0.0019727756954034327 0.00244140625
0 0.6078121917537976 0.854736328125 0.0051292168080489245 0.00341796875
0 0.5266817912803314 0.85400390625 0.0016768593410929177 0.001953125
0 0.19934898402051687 0.85595703125 0.002170053264943776 0.005859375
0 0.5067074373643716 0.853759765625 0.0027618859735648055 0.00244140625
0 0.3355691457881239 0.8544921875 0.0033537186821858355 0.00390625
0 0.17715525744722824 0.853515625 0.0013809429867824028 0.001953125
0 0.5613040047346617 0.853515625 0.0022686920497139475 0.0029296875
0 0.4926514105346222 0.85302734375 0.0014795817715525744 0.001953125
0 0.17927599131978694 0.853515625 0.0022686920497139475 0.0029296875
0 0.42296310909449597 0.85302734375 0.0033537186821858355 0.0029296875
0 0.7016176760702308 0.8525390625 0.004734661668968239 0.0029296875
0 0.4732195699348984 0.852294921875 0.004636022884198066 0.00244140625
0 0.18904123101203393 0.85302734375 0.0028605247583349774 0.0048828125
0 0.38197869402248963 0.853759765625 0.0077924639968435586 0.00732421875
0 0.20378772933517458 0.85302734375 0.0025646084040244622 0.005859375
0 0.35756559479187217 0.851318359375 0.0027618859735648055 0.00341796875
0 0.5022193726573289 0.850341796875 0.002071414480173604 0.00244140625
0 0.4238015387650424 0.849853515625 0.001874136910633261 0.00146484375
0 0.24018544091536792 0.85009765625 0.0011836654172420597 0.001953125
0 0.2278062734267114 0.8505859375 0.0014795817715525744 0.0029296875
0 0.34868810416255674 0.853271484375 0.007496547642533044 0.00927734375
0 0.6649240481357269 0.849365234375 0.0025646084040244622 0.00244140625
0 0.6599921088972184 0.849609375 0.005918327086210298 0.0029296875
0 0.3265436969816532 0.850341796875 0.001874136910633261 0.00439453125
0 0.09055040441901756 0.850830078125 0.0017754981258630894 0.00634765625
0 0.5324521601893865 0.848388671875 0.0017754981258630894 0.00244140625
0 0.6382915762477807 0.84716796875 0.0051292168080489245 0.0029296875
0 0.4075261392779641 0.84814453125 0.00424146774511738 0.0048828125
0 0.40037482738212665 0.849609375 0.007496547642533044 0.0078125
0 0.6668475044387453 0.84619140625 0.0022686920497139475 0.001953125
0 0.613779838232393 0.846435546875 0.002663247188794634 0.00244140625
0 0.41709410140067077 0.847412109375 0.0044387453146577235 0.00439453125
0 0.20423160386664035 0.847900390625 0.001874136910633261 0.00634765625
0 0.2020122312093115 0.846435546875 0.0017754981258630894 0.00341796875
0 0.5483330045373841 0.845458984375 0.002170053264943776 0.00244140625
0 0.35001972775695406 0.84619140625 0.00424146774511738 0.00390625
0 0.17932531071217203 0.846923828125 0.005523771947129611 0.00537109375
0 0.4763760110475439 0.845458984375 0.002663247188794634 0.00341796875
0 0.36126454922075363 0.84619140625 0.004636022884198066 0.0048828125
0 0.5656441112645492 0.84521484375 0.0030578023278753207 0.00390625
0 0.4317419609390412 0.845458984375 0.002170053264943776 0.00439453125
0 0.42483724600512923 0.84423828125 0.002170053264943776 0.001953125
0 0.19283882422568555 0.8447265625 0.0025646084040244622 0.0029296875
0 0.16852436377983823 0.845458984375 0.002071414480173604 0.00439453125
0 0.6670447820082857 0.84228515625 0.0012823042020122311 0.001953125
0 0.31317814164529495 0.84228515625 0.0013809429867824028 0.0029296875
0 0.6830735845334386 0.84130859375 0.0011836654172420597 0.001953125
0 0.5611067271651213 0.841796875 0.001874136910633261 0.0029296875
0 0.23101203393174197 0.841796875 0.002170053264943776 0.0029296875
0 0.2194219767212468 0.84326171875 0.0036496350364963502 0.005859375
0 0.5005425133162359 0.84033203125 0.001085026632471888 0.001953125
0 0.6704971394752417 0.84033203125 0.003452357466956007 0.0029296875
0 0.33532254882619844 0.84130859375 0.0028605247583349774 0.0048828125
0 0.5245117380153876 0.839599609375 0.0022686920497139475 0.00244140625
0 0.1922963109094496 0.840087890625 0.0028605247583349774 0.00341796875
0 0.6095383704872755 0.839111328125 0.001874136910633261 0.00244140625
0 0.4169954626159006 0.83984375 0.004636022884198066 0.0048828125
0 0.21956993489840204 0.83837890625 0.0019727756954034327 0.0029296875
0 0.5763957388044979 0.837890625 0.005227855592819097 0.0029296875
0 0.18662458078516472 0.838134765625 0.003550996251726179 0.00341796875
0 0.6826790293943579 0.8369140625 0.001578220556322746 0.001953125
0 0.5458670349181298 0.837158203125 0.002170053264943776 0.00244140625
0 0.3550009863878477 0.84130859375 0.007891102781613731 0.0107421875
0 0.5022193726573289 0.836669921875 0.004044190175577037 0.00244140625
0 0.4248865653975143 0.837890625 0.004636022884198066 0.0048828125
0 0.41018938646675873 0.8369140625 0.001874136910633261 0.0029296875
0 0.20516867232195699 0.83837890625 0.002170053264943776 0.005859375
0 0.6171335569145788 0.835693359375 0.004044190175577037 0.00244140625
0 0.5638686131386861 0.83544921875 0.002465969619254291 0.0029296875
0 0.44752416650226867 0.835205078125 0.0011836654172420597 0.00244140625
0 0.5286545669757349 0.834228515625 0.005227855592819097 0.00341796875
0 0.6276879068849872 0.833251953125 0.003255079897415664 0.00244140625
0 0.4108798579601499 0.8330078125 0.002663247188794634 0.001953125
0 0.35347208522391005 0.833251953125 0.0016768593410929177 0.00244140625
0 0.22622805287038864 0.83349609375 0.0012823042020122311 0.0029296875
0 0.20186427303215623 0.83349609375 0.00424146774511738 0.0029296875
0 0.2507397908857763 0.8330078125 0.0019727756954034327 0.0029296875
0 0.19347997632669164 0.832763671875 0.0014795817715525744 0.00244140625
0 0.18065693430656934 0.832763671875 0.003452357466956007 0.00244140625
0 0.4637502465969619 0.83203125 0.002071414480173604 0.001953125
0 0.40525744722825013 0.83203125 0.0022686920497139475 0.001953125
0 0.1759715920299862 0.83251953125 0.0051292168080489245 0.0029296875
0 0.42685934109291773 0.8310546875 0.0022686920497139475 0.001953125
0 0.652890116393766 0.830810546875 0.003748273821266522 0.00244140625
0 0.5048333004537384 0.830810546875 0.0017754981258630894 0.00244140625
0 0.4815052278555928 0.8310546875 0.00483330045373841 0.0029296875
0 0.253452357466956 0.83203125 0.002663247188794634 0.0048828125
0 0.44461432235154863 0.830078125 0.0016768593410929177 0.001953125
0 0.6981159992108897 0.829345703125 0.001874136910633261 0.00244140625
0 0.18583547050700336 0.82958984375 0.006312882225290984 0.0048828125
0 0.37527125665811795 0.827880859375 0.00483330045373841 0.00341796875
0 0.36003156441112644 0.8310546875 0.0051292168080489245 0.009765625
0 0.41092917735253504 0.8271484375 0.0011836654172420597 0.0029296875
0 0.20319589662655357 0.825927734375 0.000789110278161373 0.00244140625
0 0.6673900177549813 0.825439453125 0.0033537186821858355 0.00244140625
0 0.6407575458670349 0.8251953125 0.0027618859735648055 0.0029296875
0 0.2874334188202801 0.82421875 0.000789110278161373 0.001953125
0 0.20645097652396924 0.826904296875 0.0051292168080489245 0.00732421875
0 0.5632767804300651 0.8251953125 0.002663247188794634 0.0048828125
0 0.42483724600512923 0.823974609375 0.0011836654172420597 0.00244140625
0 0.3630400473466167 0.8271484375 0.006214243440520813 0.0087890625
0 0.41872164134937856 0.82373046875 0.004734661668968239 0.0029296875
0 0.4875221937265733 0.82275390625 0.0016768593410929177 0.001953125
0 0.4486585125271257 0.822998046875 0.0022686920497139475 0.00244140625
0 0.4090550404419018 0.822998046875 0.0019727756954034327 0.00244140625
0 0.6842079305582955 0.822265625 0.002663247188794634 0.001953125
0 0.5159794831327678 0.82275390625 0.0025646084040244622 0.0029296875
0 0.47642533043992896 0.82177734375 0.0011836654172420597 0.001953125
0 0.5790096666009075 0.821533203125 0.0011836654172420597 0.00244140625
0 0.5210593805484316 0.82177734375 0.002465969619254291 0.0029296875
0 0.4060958768987966 0.822021484375 0.0027618859735648055 0.00341796875
0 0.3727559676464786 0.822265625 0.005326494377589268 0.0048828125
0 0.21360228841980666 0.82080078125 0.0012823042020122311 0.001953125
0 0.4914677451173802 0.82080078125 0.002663247188794634 0.0029296875
0 0.6973762083251135 0.820556640625 0.004340106529887552 0.00341796875
0 0.22716512132570527 0.82080078125 0.002959163543105149 0.00390625
0 0.36846518050897614 0.82177734375 0.004044190175577037 0.0068359375
0 0.40096666009074766 0.8203125 0.0072992700729927005 0.0048828125
0 0.46779443677253896 0.818603515625 0.00424146774511738 0.00244140625
0 0.6748865653975143 0.818115234375 0.004537384099427895 0.00244140625
0 0.31579206944170446 0.818603515625 0.0016768593410929177 0.00341796875
0 0.4721838626948116 0.817138671875 0.0013809429867824028 0.00146484375
0 0.3124876701519037 0.8173828125 0.001578220556322746 0.0029296875
0 0.5500591832708621 0.8173828125 0.0044387453146577235 0.00390625
0 0.4187709607417637 0.818115234375 0.00424146774511738 0.00537109375
0 0.44032353521404616 0.81591796875 0.0013809429867824028 0.001953125
0 0.3069638982047741 0.815185546875 0.0017754981258630894 0.00244140625
0 0.17084237522193726 0.816650390625 0.003156441112645492 0.00634765625
0 0.3171730124284869 0.81591796875 0.0022686920497139475 0.005859375
0 0.2058098244229631 0.8134765625 0.002663247188794634 0.001953125
0 0.5454724797790491 0.81298828125 0.0019727756954034327 0.0029296875
0 0.2947326888932728 0.8134765625 0.0011836654172420597 0.00390625
0 0.31036693627934503 0.81201171875 0.0008877490629315447 0.001953125
0 0.49383507595186427 0.811279296875 0.0016768593410929177 0.00244140625
0 0.26898796606825803 0.8115234375 0.0019727756954034327 0.0029296875
0 0.29325310712172026 0.8095703125 0.0009863878477017164 0.0029296875
0 0.31939238508581574 0.809326171875 0.0027618859735648055 0.00341796875
0 0.25049319392385083 0.809326171875 0.0014795817715525744 0.00341796875
0 0.5491714342079306 0.807861328125 0.0006904714933912014 0.00244140625
0 0.4346518050897613 0.80712890625 0.001085026632471888 0.001953125
0 0.3043499704083646 0.811279296875 0.0044387453146577235 0.01025390625
0 0.4874728743341882 0.806640625 0.001578220556322746 0.001953125
0 0.19032353521404616 0.806640625 0.0014795817715525744 0.001953125
0 0.49970408364568947 0.806396484375 0.002170053264943776 0.00244140625
0 0.23416847504438745 0.8056640625 0.0011836654172420597 0.001953125
0 0.26504241467745115 0.804931640625 0.0011836654172420597 0.00244140625
0 0.24353915959755376 0.805908203125 0.0033537186821858355 0.00537109375
0 0.2807259814559085 0.803955078125 0.0017754981258630894 0.00244140625
0 0.20176563424738608 0.803466796875 0.0016768593410929177 0.00439453125
0 0.18682185835470508 0.80419921875 0.004734661668968239 0.005859375
0 0.43549023476030774 0.80224609375 0.0013809429867824028 0.0029296875
0 0.30652002367330833 0.8017578125 0.0016768593410929177 0.001953125
0 0.5368415861116591 0.80224609375 0.00424146774511738 0.00390625
0 0.2614420990333399 0.801513671875 0.001085026632471888 0.00244140625
0 0.6713355691457881 0.801025390625 0.003550996251726179 0.00244140625
0 0.4334188202801342 0.80126953125 0.0023673308344841193 0.0029296875
0 0.5479877687906884 0.79931640625 0.0012823042020122311 0.001953125
0 0.19140856184651805 0.79931640625 0.002465969619254291 0.0029296875
0 0.18312290392582364 0.799560546875 0.002465969619254291 0.00341796875
0 0.47617873347800355 0.79833984375 0.0014795817715525744 0.001953125
0 0.3002564608404025 0.802734375 0.0061156046557506415 0.01171875
0 0.288518445452752 0.800048828125 0.002959163543105149 0.00634765625
0 0.3071118563819294 0.79833984375 0.002465969619254291 0.00390625
0 0.43386269481159995 0.796875 0.0028605247583349774 0.001953125
0 0.2616393766028802 0.79736328125 0.0022686920497139475 0.0029296875
0 0.44461432235154863 0.796630859375 0.002071414480173604 0.00341796875
0 0.4547741171828763 0.79541015625 0.0012823042020122311 0.001953125
0 0.440224896429276 0.795654296875 0.002170053264943776 0.00244140625
0 0.652298283685145 0.79541015625 0.003748273821266522 0.0029296875
0 0.43346813967251924 0.79345703125 0.0014795817715525744 0.001953125
0 0.18060761491418426 0.797119140625 0.003156441112645492 0.00927734375
0 0.29922075360031564 0.794677734375 0.0038469126060366936 0.00537109375
0 0.29443677253896233 0.794921875 0.0017754981258630894 0.005859375
0 0.456894851055435 0.792724609375 0.001578220556322746 0.00244140625
0 0.27322943381337544 0.792724609375 0.0009863878477017164 0.00244140625
0 0.25221937265732886 0.794677734375 0.0039455513908068654 0.00634765625
0 0.24186230025646083 0.79248046875 0.000789110278161373 0.001953125
0 0.47928585519826394 0.79248046875 0.0027618859735648055 0.0029296875
0 0.4377589268100217 0.79296875 0.0019727756954034327 0.00390625
0 0.24324324324324326 0.79248046875 0.001578220556322746 0.0029296875
0 0.43613138686131386 0.791259765625 0.0012823042020122311 0.00244140625
0 0.30306766620635234 0.792724609375 0.002663247188794634 0.00634765625
0 0.23352732294338133 0.790771484375 0.001874136910633261 0.00244140625
0 0.18307358453343855 0.791259765625 0.0025646084040244622 0.00341796875
0 0.5005918327086211 0.7900390625 0.0013809429867824028 0.001953125
0 0.4922075360031564 0.790283203125 0.0019727756954034327 0.00244140625
0 0.23836062339711975 0.79052734375 0.002071414480173604 0.0029296875
0 0.442542907871375 0.789794921875 0.0014795817715525744 0.00244140625
0 0.2423554941803117 0.78955078125 0.0009863878477017164 0.001953125
0 0.2036890905504044 0.790771484375 0.0027618859735648055 0.00439453125
0 0.2009765239692247 0.79052734375 0.0016768593410929177 0.00390625
0 0.44629118169264154 0.79052734375 0.0036496350364963502 0.005859375
0 0.42868415861116593 0.788330078125 0.003550996251726179 0.00244140625
0 0.28985006904714933 0.787353515625 0.001085026632471888 0.00244140625
0 0.24930952850660879 0.787109375 0.0008877490629315447 0.001953125
0 0.3013414874728743 0.788330078125 0.002170053264943776 0.00537109375
0 0.43874531465772343 0.786376953125 0.0013809429867824028 0.00244140625
0 0.2519234563030183 0.78564453125 0.000789110278161373 0.001953125
0 0.6886959952653383 0.78515625 0.002170053264943776 0.001953125
0 0.3109587689879661 0.78564453125 0.002071414480173604 0.0029296875
0 0.21651213257052673 0.78515625 0.0011836654172420597 0.00390625
0 0.3036101795225883 0.78662109375 0.0033537186821858355 0.0078125
0 0.2921187610968633 0.78564453125 0.001874136910633261 0.005859375
0 0.266078121917538 0.783447265625 0.0012823042020122311 0.00244140625
0 0.43519431840599726 0.783203125 0.001578220556322746 0.0029296875
0 0.2780627342671138 0.783203125 0.0013809429867824028 0.0029296875
0 0.23648648648648649 0.783935546875 0.003255079897415664 0.00439453125
0 0.22178930755573092 0.783203125 0.002071414480173604 0.0029296875
0 0.24136910633261 0.781494140625 0.0009863878477017164 0.00146484375
0 0.21878082462024068 0.78271484375 0.0019727756954034327 0.00390625
0 0.4433813375419215 0.78125 0.000789110278161373 0.001953125
0 0.43716709410140064 0.784423828125 0.0023673308344841193 0.00830078125
0 0.2983330045373841 0.784912109375 0.0036496350364963502 0.00927734375
0 0.2983823239297692 0.78076171875 0.0011836654172420597 0.001953125
0 0.23905109489051096 0.781982421875 0.0012823042020122311 0.00439453125
0 0.21567370289998028 0.7822265625 0.0012823042020122311 0.0048828125
0 0.19022489642927598 0.78173828125 0.001085026632471888 0.00390625
0 0.43238311304004734 0.782470703125 0.0038469126060366936 0.00634765625
0 0.27382126652199645 0.7802734375 0.0017754981258630894 0.001953125
0 0.29552179917143423 0.783447265625 0.003748273821266522 0.00927734375
0 0.20107516275399487 0.781494140625 0.0028605247583349774 0.00537109375
0 0.24383507595186427 0.7802734375 0.0023673308344841193 0.00390625
0 0.2173012428486881 0.77978515625 0.0009863878477017164 0.0029296875
0 0.513168277766818 0.77880859375 0.001874136910633261 0.001953125
0 0.2051193529295719 0.781005859375 0.004044190175577037 0.00634765625
0 0.22800355099625172 0.77685546875 0.002071414480173604 0.001953125
0 0.4492503452357467 0.777099609375 0.0014795817715525744 0.00341796875
0 0.4444663641743934 0.779296875 0.004340106529887552 0.0078125
0 0.24279936871177746 0.77685546875 0.0016768593410929177 0.0029296875
0 0.2625271256658118 0.776123046875 0.001085026632471888 0.00244140625
0 0.2590747681988558 0.77587890625 0.0016768593410929177 0.001953125
0 0.2399388439534425 0.77734375 0.0014795817715525744 0.0048828125
0 0.1933813375419215 0.7783203125 0.0028605247583349774 0.0068359375
0 0.2854113237324916 0.775390625 0.0008877490629315447 0.0029296875
0 0.20738804497928587 0.775146484375 0.0014795817715525744 0.00244140625
0 0.2771256658117972 0.774658203125 0.0014795817715525744 0.00244140625
0 0.21044584730716118 0.775146484375 0.0016768593410929177 0.00341796875
0 0.2946340501085027 0.774169921875 0.0011836654172420597 0.00244140625
0 0.24817518248175183 0.7744140625 0.0027618859735648055 0.0029296875
0 0.4631584138883409 0.77294921875 0.0008877490629315447 0.001953125
0 0.1815446833695009 0.7734375 0.0016768593410929177 0.00390625
0 0.46779443677253896 0.77197265625 0.001085026632471888 0.001953125
0 0.18573683172223318 0.7734375 0.0051292168080489245 0.0048828125
0 0.2521207338725587 0.7734375 0.0033537186821858355 0.005859375
0 0.23155454724797792 0.771484375 0.0030578023278753207 0.0029296875
0 0.2750542513316236 0.769775390625 0.0012823042020122311 0.00244140625
0 0.26617676070230817 0.76953125 0.0008877490629315447 0.001953125
0 0.20975537581376996 0.77001953125 0.002465969619254291 0.0029296875
0 0.4439731702505425 0.76904296875 0.0013809429867824028 0.001953125
0 0.22701716314855 0.769287109375 0.001874136910633261 0.00244140625
0 0.2170053264943776 0.769287109375 0.000789110278161373 0.00244140625
0 0.2635628329058986 0.768798828125 0.002170053264943776 0.00341796875
0 0.18026237916748866 0.769775390625 0.0022686920497139475 0.00537109375
0 0.18549023476030777 0.767822265625 0.0012823042020122311 0.00244140625
0 0.24960544486091932 0.767333984375 0.002663247188794634 0.00244140625
0 0.2461037680015782 0.767333984375 0.0013809429867824028 0.00244140625
0 0.29996054448609194 0.768310546875 0.003748273821266522 0.00634765625
0 0.18943578615111462 0.76708984375 0.002071414480173604 0.0048828125
0 0.20743736437167093 0.76513671875 0.0013809429867824028 0.001953125
0 0.17365358058788716 0.765869140625 0.0030578023278753207 0.00537109375
0 0.44663641743933713 0.76318359375 0.000789110278161373 0.001953125
0 0.24053067666206351 0.764404296875 0.003452357466956007 0.00439453125
0 0.19180311698559874 0.764404296875 0.0016768593410929177 0.00439453125
0 0.43756164924048135 0.764404296875 0.0023673308344841193 0.00537109375
0 0.2461037680015782 0.762939453125 0.0013809429867824028 0.00244140625
0 0.5713158413888341 0.76220703125 0.0017754981258630894 0.001953125
0 0.29744525547445255 0.76220703125 0.0012823042020122311 0.001953125
0 0.24930952850660879 0.761962890625 0.0006904714933912014 0.00244140625
0 0.5043894259222726 0.76123046875 0.001085026632471888 0.001953125
0 0.4412606036693628 0.76123046875 0.0014795817715525744 0.001953125
0 0.2665713158413888 0.76123046875 0.0008877490629315447 0.0029296875
0 0.1870191359242454 0.761962890625 0.002170053264943776 0.00439453125
0 0.2503945551390807 0.759765625 0.0006904714933912014 0.001953125
0 0.2962615900572105 0.759521484375 0.001085026632471888 0.00244140625
0 0.2899487078319195 0.759033203125 0.001085026632471888 0.00244140625
0 0.2156243835075952 0.760498046875 0.0017754981258630894 0.00537109375
0 0.4347011244821464 0.7587890625 0.003156441112645492 0.0029296875
0 0.2602091142237128 0.758056640625 0.000789110278161373 0.00244140625
0 0.23801538765042415 0.759033203125 0.003156441112645492 0.00537109375
0 0.2329848096271454 0.7568359375 0.0009863878477017164 0.001953125
0 0.22992700729927007 0.760009765625 0.0027618859735648055 0.00830078125
0 0.23495758532254882 0.756591796875 0.002170053264943776 0.00244140625
0 0.2757940422173999 0.755859375 0.002170053264943776 0.0029296875
0 0.24205957782600118 0.75537109375 0.0009863878477017164 0.001953125
0 0.4394357861511146 0.7568359375 0.003550996251726179 0.005859375
0 0.22055632274610376 0.75634765625 0.004931939238508582 0.005859375
0 0.11846518050897613 0.75732421875 0.002959163543105149 0.0078125
0 0.4940816729137897 0.75390625 0.000789110278161373 0.001953125
0 0.2960643124876702 0.75390625 0.0016768593410929177 0.001953125
0 0.4349970408364569 0.753173828125 0.0009863878477017164 0.00244140625
0 0.21744920102584336 0.7529296875 0.0012823042020122311 0.001953125
0 0.2131090944959558 0.754150390625 0.005227855592819097 0.00439453125
0 0.20280134148747286 0.753173828125 0.002170053264943776 0.00244140625
0 0.23865653975143025 0.751708984375 0.001085026632471888 0.00244140625
0 0.27885184454527523 0.750732421875 0.000789110278161373 0.00244140625
0 0.23165318603274807 0.750732421875 0.0014795817715525744 0.00244140625
0 0.1981159992108897 0.752685546875 0.0016768593410929177 0.00634765625
0 0.30548431643322155 0.7509765625 0.0013809429867824028 0.00390625
0 0.19175379759321365 0.7509765625 0.0017754981258630894 0.00390625
0 0.24492010258433616 0.749755859375 0.001578220556322746 0.00244140625
0 0.21444071809035312 0.75 0.000789110278161373 0.0029296875
0 0.1720753600315644 0.74951171875 0.0016768593410929177 0.001953125
0 0.44367725389623197 0.7490234375 0.0011836654172420597 0.001953125
0 0.30864075754586706 0.751220703125 0.004142828960347208 0.00732421875
0 0.2409252318011442 0.748046875 0.001874136910633261 0.001953125
0 0.2166107713552969 0.74755859375 0.0017754981258630894 0.0029296875
0 0.2044782008285658 0.74853515625 0.0027618859735648055 0.0048828125
0 0.5230814756362202 0.74658203125 0.0009863878477017164 0.001953125
0 0.22701716314855 0.74658203125 0.0014795817715525744 0.0029296875
0 0.29645886762675083 0.74658203125 0.0016768593410929177 0.00390625
0 0.2912803314263168 0.74609375 0.002959163543105149 0.0029296875
0 0.19826395738804498 0.745849609375 0.0013809429867824028 0.00244140625
0 0.17547839810613533 0.746826171875 0.002170053264943776 0.00634765625
0 0.22090155849279938 0.74462890625 0.001085026632471888 0.0029296875
0 0.20102584336160978 0.74462890625 0.0013809429867824028 0.0029296875
0 0.3755178536200434 0.74609375 0.0025646084040244622 0.0068359375
0 0.18021305977510357 0.74560546875 0.003550996251726179 0.005859375
0 0.2166107713552969 0.742431640625 0.001578220556322746 0.00244140625
0 0.15624383507595185 0.74169921875 0.0017754981258630894 0.0029296875
0 0.46123495758532257 0.74072265625 0.000789110278161373 0.001953125
0 0.2371276385874926 0.742919921875 0.0017754981258630894 0.00634765625
0 0.09957585322548826 0.740966796875 0.0014795817715525744 0.00244140625
0 0.30755573091339516 0.740478515625 0.0011836654172420597 0.00244140625
0 0.2128131781416453 0.741455078125 0.0022686920497139475 0.00439453125
0 0.20507003353718684 0.7421875 0.004142828960347208 0.005859375
0 0.4349970408364569 0.7431640625 0.004537384099427895 0.0087890625
0 0.2090155849279937 0.74072265625 0.0033537186821858355 0.005859375
0 0.16916551588084436 0.73974609375 0.003550996251726179 0.00390625
0 0.10090747681988559 0.739013671875 0.0009863878477017164 0.00244140625
0 0.4318899191161965 0.738037109375 0.0016768593410929177 0.00244140625
0 0.3156441112645492 0.738525390625 0.0017754981258630894 0.00341796875
0 0.31140264351943187 0.73779296875 0.001578220556322746 0.0029296875
0 0.15150917340698364 0.738525390625 0.0027618859735648055 0.00439453125
0 0.4291280331426317 0.73779296875 0.0012823042020122311 0.00390625
0 0.3015880844347998 0.73876953125 0.002663247188794634 0.005859375
0 0.14914184257249952 0.7373046875 0.0009863878477017164 0.0029296875
0 0.11456894851055435 0.73779296875 0.0016768593410929177 0.00390625
0 0.15935095679621228 0.736328125 0.001874136910633261 0.001953125
0 0.11234957585322548 0.736572265625 0.0009863878477017164 0.00244140625
0 0.10948905109489052 0.738037109375 0.003156441112645492 0.00537109375
0 0.10509962517261787 0.738525390625 0.0038469126060366936 0.00634765625
0 0.37181889919116196 0.736083984375 0.0016768593410929177 0.00244140625
0 0.3997336752811205 0.73583984375 0.0016768593410929177 0.0029296875
0 0.1564904320378773 0.736083984375 0.0028605247583349774 0.00341796875
0 0.5644604458473071 0.735107421875 0.0014795817715525744 0.00244140625
0 0.4346518050897613 0.735107421875 0.001085026632471888 0.00244140625
0 0.3736930361017952 0.7373046875 0.0038469126060366936 0.0087890625
0 0.1717301242848688 0.734375 0.003156441112645492 0.00390625
0 0.0945945945945946 0.73681640625 0.007891102781613731 0.009765625
0 0.17493588478989938 0.7314453125 0.0022686920497139475 0.001953125
0 0.12014203985006905 0.7353515625 0.007101992503452358 0.009765625
0 0.30124284868810414 0.730712890625 0.002170053264943776 0.00341796875
0 0.12186821858354704 0.729736328125 0.0016768593410929177 0.00244140625
0 0.30681594002761886 0.732177734375 0.006806076149141842 0.00830078125
0 0.5613040047346617 0.728759765625 0.001085026632471888 0.00244140625
0 0.31135332412704675 0.730712890625 0.0016768593410929177 0.00634765625
0 0.4272045768396133 0.732177734375 0.003156441112645492 0.01025390625
0 0.4335174590649043 0.7275390625 0.0013809429867824028 0.001953125
0 0.31268494772144406 0.728515625 0.0009863878477017164 0.00390625
0 0.09232590254488064 0.72900390625 0.0013809429867824028 0.0048828125
0 0.1551094890510949 0.728271484375 0.003255079897415664 0.00439453125
0 0.4312487670151904 0.73046875 0.004931939238508582 0.009765625
0 0.3894259222726376 0.726806640625 0.0017754981258630894 0.00341796875
0 0.37359439731702504 0.728515625 0.005227855592819097 0.0087890625
0 0.30153876504241467 0.726318359375 0.0025646084040244622 0.00537109375
0 0.31973762083251134 0.728271484375 0.00424146774511738 0.01318359375
0 0.31135332412704675 0.722900390625 0.002071414480173604 0.00341796875
0 0.3848885381732097 0.7216796875 0.0017754981258630894 0.0029296875
0 0.3762083251134346 0.721923828125 0.0023673308344841193 0.00341796875
0 0.2249457486683764 0.722412109375 0.0012823042020122311 0.00439453125
0 0.3081475636220162 0.72509765625 0.003550996251726179 0.0107421875
0 0.36244821463799565 0.7216796875 0.002663247188794634 0.0048828125
0 0.38217597159203 0.721923828125 0.0028605247583349774 0.00634765625
0 0.40106529887551784 0.719970703125 0.0011836654172420597 0.00341796875
0 0.38686131386861317 0.7197265625 0.0017754981258630894 0.0048828125
0 0.3777372262773723 0.71923828125 0.0012823042020122311 0.0048828125
0 0.3717202604063918 0.72021484375 0.004636022884198066 0.0068359375
0 0.3153975143026238 0.721435546875 0.0044387453146577235 0.01025390625
0 0.41882028013414874 0.72021484375 0.0025646084040244622 0.0087890625
0 0.39199053067666206 0.71728515625 0.0023673308344841193 0.0029296875
0 0.21907674097455118 0.71728515625 0.0025646084040244622 0.00390625
0 0.37892089169461435 0.716064453125 0.0022686920497139475 0.00341796875
0 0.3813375419214835 0.715087890625 0.0023673308344841193 0.00244140625
0 0.41645294929966464 0.71484375 0.000789110278161373 0.0029296875
0 0.4249358847898994 0.714111328125 0.0011836654172420597 0.00244140625
0 0.22785559281909648 0.71533203125 0.001578220556322746 0.0048828125
0 0.37576445058196883 0.714111328125 0.002071414480173604 0.00341796875
0 0.32802327875320575 0.715576171875 0.0016768593410929177 0.00634765625
0 0.38848885381732096 0.71484375 0.0028605247583349774 0.005859375
0 0.37186821858354707 0.71533203125 0.002959163543105149 0.0078125
0 0.31041625567173015 0.713134765625 0.0019727756954034327 0.00439453125
0 0.3845926218188992 0.714111328125 0.0025646084040244622 0.00927734375
0 0.316087985796015 0.710693359375 0.0008877490629315447 0.00341796875
0 0.4159104359834287 0.710205078125 0.0014795817715525744 0.00439453125
0 0.40141053462221343 0.70947265625 0.0008877490629315447 0.0029296875
0 0.33364568948510553 0.709228515625 0.0012823042020122311 0.00244140625
0 0.32175971592029984 0.709228515625 0.001578220556322746 0.00244140625
0 0.3267902939435786 0.710205078125 0.002170053264943776 0.00537109375
0 0.4257249950680608 0.70849609375 0.0011836654172420597 0.0029296875
0 0.4197573485894654 0.70703125 0.0016768593410929177 0.001953125
0 0.387946340501085 0.708251953125 0.0011836654172420597 0.00439453125
0 0.3313769974353916 0.70751953125 0.0022686920497139475 0.0029296875
0 0.39016571315841386 0.709716796875 0.002663247188794634 0.00830078125
0 0.40935095679621225 0.706298828125 0.000789110278161373 0.00244140625
0 0.4213848885381732 0.70849609375 0.005326494377589268 0.0087890625
0 0.4125567173012428 0.709228515625 0.005030578023278753 0.01123046875
0 0.3856776484513711 0.703125 0.0013809429867824028 0.001953125
0 0.36733083448411913 0.702880859375 0.001578220556322746 0.00244140625
0 0.39800749654764256 0.701416015625 0.0025646084040244622 0.00537109375
0 0.35894653777865454 0.699951171875 0.003156441112645492 0.00341796875
0 0.4278950483330045 0.69775390625 0.000789110278161373 0.001953125
0 0.36555533635825604 0.705078125 0.004931939238508582 0.0166015625
0 0.35519826395738807 0.69970703125 0.0017754981258630894 0.0068359375
0 0.35342276583152493 0.6982421875 0.0025646084040244622 0.00390625
0 0.34637009272045766 0.69921875 0.003255079897415664 0.005859375
0 0.4158611165910436 0.6982421875 0.0033537186821858355 0.0068359375
0 0.4096468731505228 0.699951171875 0.0039455513908068654 0.01025390625
0 0.20669757348589465 0.696044921875 0.0008877490629315447 0.00244140625
0 0.3729532452160189 0.696044921875 0.0009863878477017164 0.00341796875
0 0.3610672716512133 0.6943359375 0.0008877490629315447 0.0029296875
