0 0.6946636417439337 0.998779296875 0.0036496350364963502 0.00244140625
0 0.6485006904714934 0.998046875 0.004044190175577037 0.00390625
0 0.22903925823633853 0.998046875 0.0019727756954034327 0.00390625
0 0.688498717695798 0.997802734375 0.004537384099427895 0.00439453125
0 0.5257940422173999 0.997802734375 0.006214243440520813 0.00439453125
0 0.7068455316630499 0.996826171875 0.0023673308344841193 0.00341796875
0 0.6524955612546853 0.996337890625 0.0023673308344841193 0.00244140625
0 0.1814460445847307 0.996337890625 0.006214243440520813 0.00537109375
0 0.17113829157624777 0.99560546875 0.0023673308344841193 0.0048828125
0 0.6100315644111265 0.994384765625 0.005819688301440126 0.00439453125
0 0.3236338528309331 0.993408203125 0.0033537186821858355 0.00341796875
0 0.27391990530676663 0.9912109375 0.000789110278161373 0.0029296875
0 0.685638192937463 0.9912109375 0.006707437364371671 0.0068359375
0 0.6189090550404419 0.989013671875 0.006411521010061156 0.00341796875
0 0.5431544683369501 0.991455078125 0.0077924639968435586 0.00830078125
0 0.5777273623988952 0.98828125 0.0027618859735648055 0.0029296875
0 0.4305582955217992 0.98876953125 0.0017754981258630894 0.0048828125
0 0.30341290195304793 0.987060546875 0.004537384099427895 0.00341796875
0 0.690224896429276 0.98583984375 0.002465969619254291 0.001953125
0 0.645442888143618 0.98876953125 0.011738015387650425 0.0087890625
0 0.6570329453541133 0.985107421875 0.004340106529887552 0.00439453125
0 0.636811994476228 0.98486328125 0.006904714933912014 0.00390625
0 0.6943184059972382 0.984375 0.004734661668968239 0.00390625
0 0.6157526139277965 0.98388671875 0.0066087985796014995 0.00390625
0 0.6696093904123102 0.986572265625 0.005819688301440126 0.01025390625
0 0.34341092917735255 0.98486328125 0.007595186427303216 0.0068359375
0 0.6987571513118959 0.982666015625 0.003748273821266522 0.00341796875
0 0.33675281120536593 0.98291015625 0.005918327086210298 0.00390625
0 0.7074373643716709 0.982666015625 0.0023673308344841193 0.00439453125
0 0.6738015387650425 0.985595703125 0.006904714933912014 0.01025390625
0 0.6216709410140067 0.981689453125 0.005030578023278753 0.00341796875
0 0.6564904320378773 0.98193359375 0.008778851844545275 0.0068359375
0 0.5892681002170054 0.980224609375 0.0025646084040244622 0.00341796875
0 0.7156737028999802 0.978515625 0.003255079897415664 0.0029296875
0 0.26099822450187415 0.97705078125 0.002959163543105149 0.001953125
0 0.16581179719865852 0.97802734375 0.002170053264943776 0.00390625
0 0.6814460445847307 0.978271484375 0.00542513316235944 0.00537109375
0 0.6934306569343066 0.977783203125 0.007693825212073387 0.00537109375
0 0.6558492799368711 0.9765625 0.004734661668968239 0.0048828125
0 0.28388242256855395 0.974853515625 0.0051292168080489245 0.00341796875
0 0.6205365949891497 0.974853515625 0.005326494377589268 0.00439453125
0 0.6888439534424936 0.972900390625 0.005030578023278753 0.00341796875
0 0.6456401657131584 0.9765625 0.007595186427303216 0.0107421875
0 0.6814460445847307 0.97216796875 0.003255079897415664 0.0029296875
0 0.33117971986585126 0.971923828125 0.0028605247583349774 0.00244140625
0 0.6082067468928782 0.97216796875 0.007101992503452358 0.00390625
0 0.17582363385283092 0.970947265625 0.0016768593410929177 0.00439453125
0 0.5035509962517262 0.97216796875 0.008877490629315447 0.0087890625
0 0.7059577826001183 0.968017578125 0.004734661668968239 0.00244140625
0 0.6534326297100019 0.968017578125 0.001874136910633261 0.00244140625
0 0.26035707240086803 0.9677734375 0.0022686920497139475 0.001953125
0 0.518938646675873 0.9677734375 0.004340106529887552 0.0029296875
0 0.5947425527717498 0.967041015625 0.00424146774511738 0.00244140625
0 0.6766620635233774 0.967529296875 0.006510159794831328 0.00537109375
0 0.2225784178338923 0.964111328125 0.002071414480173604 0.00244140625
0 0.16443085421187612 0.963623046875 0.001578220556322746 0.00244140625
0 0.6332609982245019 0.963623046875 0.004340106529887552 0.00439453125
0 0.18711777470901558 0.963134765625 0.0027618859735648055 0.00341796875
0 0.3417340698362596 0.965087890625 0.0066087985796014995 0.00830078125
0 0.7001874136910633 0.96630859375 0.014302623791674886 0.01171875
0 0.58621029788913 0.961181640625 0.0025646084040244622 0.00244140625
0 0.16946143223515486 0.96240234375 0.0023673308344841193 0.0048828125
0 0.6913592424541329 0.960693359375 0.0027618859735648055 0.00341796875
0 0.09972381140264353 0.96044921875 0.0013809429867824028 0.0029296875
0 0.6220654961530874 0.95947265625 0.007397908857762872 0.005859375
0 0.18277766817912802 0.958251953125 0.0009863878477017164 0.00341796875
0 0.668425724995068 0.9580078125 0.003452357466956007 0.00390625
0 0.21912606036693627 0.957763671875 0.005819688301440126 0.00439453125
0 0.6892385085815743 0.95849609375 0.0038469126060366936 0.0068359375
0 0.1951075162753995 0.95751953125 0.006904714933912014 0.0048828125
0 0.2524166502268692 0.956787109375 0.008285657920694417 0.00439453125
0 0.559232590254488 0.95703125 0.007200631288222529 0.0068359375
0 0.6148155454724797 0.954833984375 0.0023673308344841193 0.00341796875
0 0.5328467153284672 0.954833984375 0.0027618859735648055 0.00341796875
0 0.1853422765831525 0.953857421875 0.003156441112645492 0.00244140625
0 0.7107417636614717 0.954833984375 0.006016965870980469 0.00537109375
0 0.7006806076149141 0.95458984375 0.004044190175577037 0.0048828125
0 0.1950088774906293 0.953369140625 0.0017754981258630894 0.00244140625
0 0.2809725784178339 0.952880859375 0.001874136910633261 0.00244140625
0 0.6101302031958966 0.95263671875 0.00424146774511738 0.00390625
0 0.6460347208522391 0.952880859375 0.007595186427303216 0.00537109375
0 0.6343460248569738 0.9521484375 0.005918327086210298 0.0048828125
0 0.5847800355099625 0.951171875 0.0038469126060366936 0.0029296875
0 0.4207930558295522 0.953369140625 0.005523771947129611 0.00732421875
0 0.1467745117380154 0.951171875 0.0025646084040244622 0.0029296875
0 0.1892385085815743 0.9501953125 0.002465969619254291 0.0029296875
0 0.6720753600315644 0.950927734375 0.00483330045373841 0.00537109375
0 0.2652890116393766 0.9501953125 0.007200631288222529 0.0048828125
0 0.6580193332018149 0.94873046875 0.002959163543105149 0.0029296875
0 0.44259222726376013 0.947265625 0.0033537186821858355 0.001953125
0 0.2318997829946735 0.947265625 0.0011836654172420597 0.001953125
0 0.5990333399092523 0.947265625 0.002170053264943776 0.0029296875
0 0.6077628723614125 0.9482421875 0.007397908857762872 0.005859375
0 0.5467054645886763 0.9453125 0.006411521010061156 0.00390625
0 0.5133655553363583 0.94482421875 0.0038469126060366936 0.0029296875
0 0.6717301242848688 0.943359375 0.002170053264943776 0.001953125
0 0.5722529098441507 0.94580078125 0.013513513513513514 0.0068359375
0 0.1839613335963701 0.944580078125 0.0051292168080489245 0.00439453125
0 0.65515880844348 0.944580078125 0.012231209311501283 0.00634765625
0 0.6909153679226672 0.945556640625 0.017261787334780034 0.00927734375
0 0.6186624580785165 0.945068359375 0.009272045768396133 0.00830078125
0 0.1766620635233774 0.941162109375 0.0009863878477017164 0.00244140625
0 0.31973762083251134 0.9404296875 0.006806076149141842 0.005859375
0 0.6159498914973367 0.94091796875 0.008778851844545275 0.0078125
0 0.16152101006115605 0.938720703125 0.001085026632471888 0.00341796875
0 0.61491418425725 0.93701171875 0.005721049516669955 0.0029296875
0 0.5381732097060564 0.937255859375 0.005721049516669955 0.00341796875
0 0.5164233576642335 0.936767578125 0.0036496350364963502 0.00244140625
0 0.16635431051489447 0.937255859375 0.0028605247583349774 0.00341796875
0 0.19722825014795817 0.93603515625 0.0022686920497139475 0.0029296875
0 0.5887255869007694 0.9384765625 0.00424146774511738 0.0087890625
0 0.6277865456697573 0.93896484375 0.009173406983625962 0.0107421875
0 0.580439928980075 0.9345703125 0.002071414480173604 0.001953125
0 0.18682185835470508 0.9345703125 0.002170053264943776 0.0029296875
0 0.2870881830735845 0.935546875 0.004044190175577037 0.005859375
0 0.5355592819096469 0.933349609375 0.0038469126060366936 0.00244140625
0 0.44796804103373444 0.9326171875 0.008384296705464589 0.0048828125
0 0.21340501085026634 0.93212890625 0.006016965870980469 0.00390625
0 0.41635431051489447 0.9306640625 0.001578220556322746 0.001953125
0 0.19574866837640562 0.93310546875 0.003452357466956007 0.0068359375
0 0.6676859341092918 0.930908203125 0.0061156046557506415 0.00341796875
0 0.3393667390017755 0.93115234375 0.00424146774511738 0.00390625
0 0.44451568356677845 0.929443359375 0.004044190175577037 0.00439453125
0 0.349427895048333 0.929443359375 0.006016965870980469 0.00439453125
0 0.3108601302031959 0.9296875 0.004636022884198066 0.005859375
0 0.2617873347800355 0.9287109375 0.004734661668968239 0.00390625
0 0.2263760110475439 0.92919921875 0.005918327086210298 0.0048828125
0 0.45566186624580785 0.929443359375 0.011935292957190768 0.00927734375
0 0.6588577628723614 0.925537109375 0.00483330045373841 0.00341796875
0 0.639672519234563 0.924072265625 0.0023673308344841193 0.00244140625
0 0.40540540540540543 0.927490234375 0.012823042020122312 0.00927734375
0 0.1939731702505425 0.924072265625 0.008384296705464589 0.00634765625
0 0.3198362596172815 0.92236328125 0.002465969619254291 0.00390625
0 0.6687216413493786 0.919921875 0.0036496350364963502 0.0029296875
0 0.6271453935687512 0.92041015625 0.003550996251726179 0.00390625
0 0.33103176168869597 0.918212890625 0.0027618859735648055 0.00244140625
0 0.2929571907674097 0.922607421875 0.011047543894259222 0.01123046875
0 0.6050503057802328 0.919921875 0.011047543894259222 0.0068359375
0 0.18489840205168673 0.917724609375 0.006806076149141842 0.00341796875
0 0.1672913789702111 0.918701171875 0.0039455513908068654 0.00537109375
0 0.531021897810219 0.91748046875 0.0036496350364963502 0.00390625
0 0.33611165910435986 0.917724609375 0.006411521010061156 0.00439453125
0 0.6792759913197869 0.9150390625 0.00483330045373841 0.0029296875
0 0.6526928388242257 0.913818359375 0.003156441112645492 0.00341796875
0 0.43277766817912805 0.912841796875 0.0022686920497139475 0.00244140625
0 0.31436180706253697 0.912841796875 0.0019727756954034327 0.00244140625
0 0.4355888735450779 0.912109375 0.0019727756954034327 0.001953125
0 0.6908660485302821 0.912109375 0.003748273821266522 0.0029296875
0 0.5661866245807852 0.912109375 0.0039455513908068654 0.00390625
0 0.3262971000197278 0.910888671875 0.006707437364371671 0.00537109375
0 0.49852041822844745 0.910888671875 0.00966660090747682 0.00634765625
0 0.23702899980272243 0.909912109375 0.004142828960347208 0.00439453125
0 0.2959656737029 0.90869140625 0.0012823042020122311 0.0029296875
0 0.5450779246399684 0.908447265625 0.005918327086210298 0.00439453125
0 0.2756460840402446 0.9091796875 0.007200631288222529 0.0068359375
0 0.20645097652396924 0.907958984375 0.0051292168080489245 0.00732421875
0 0.3582067468928783 0.90576171875 0.006016965870980469 0.005859375
0 0.28491812980864073 0.90380859375 0.0012823042020122311 0.001953125
0 0.6917044782008286 0.904541015625 0.008187019135924246 0.00537109375
0 0.629315446833695 0.90234375 0.004142828960347208 0.0029296875
0 0.42508384296705465 0.90185546875 0.0028605247583349774 0.0029296875
0 0.34267113829157625 0.90087890625 0.004142828960347208 0.0029296875
0 0.20950877885184455 0.900634765625 0.002959163543105149 0.00341796875
0 0.25774314460445846 0.901123046875 0.0039455513908068654 0.00537109375
0 0.26479581771552574 0.8994140625 0.0038469126060366936 0.0048828125
0 0.5893174196093904 0.89892578125 0.006411521010061156 0.0048828125
0 0.2711086999408167 0.8994140625 0.0066087985796014995 0.0068359375
0 0.20428092325902544 0.900146484375 0.007693825212073387 0.01123046875
0 0.22588281712369304 0.896728515625 0.0033537186821858355 0.00537109375
0 0.437364371670941 0.895263671875 0.006904714933912014 0.00341796875
0 0.24541329650818702 0.89453125 0.0025646084040244622 0.0048828125
0 0.34193134740579995 0.89404296875 0.0077924639968435586 0.005859375
0 0.5895146971789308 0.892578125 0.0038469126060366936 0.0048828125
0 0.6481061353324127 0.890869140625 0.005030578023278753 0.00439453125
0 0.4267113829157625 0.889892578125 0.001578220556322746 0.00244140625
0 0.3349279936871178 0.890869140625 0.005030578023278753 0.00439453125
0 0.6607318997829946 0.89013671875 0.0066087985796014995 0.00390625
0 0.2870881830735845 0.889404296875 0.007397908857762872 0.00732421875
0 0.32156243835075954 0.887451171875 0.007101992503452358 0.00634765625
0 0.677599131978694 0.887451171875 0.011738015387650425 0.00732421875
0 0.29552179917143423 0.888427734375 0.007101992503452358 0.00927734375
0 0.253452357466956 0.8876953125 0.012329848096271454 0.0078125
0 0.3309824422963109 0.884765625 0.004044190175577037 0.0029296875
0 0.30094693233379366 0.885009765625 0.0027618859735648055 0.00341796875
0 0.4164036299072795 0.884765625 0.004044190175577037 0.00390625
0 0.3139179325310712 0.88427734375 0.0044387453146577235 0.0029296875
0 0.3335963700927205 0.88330078125 0.005523771947129611 0.00390625
0 0.24363779838232394 0.884765625 0.004340106529887552 0.0068359375
0 0.20645097652396924 0.885009765625 0.003748273821266522 0.00732421875
0 0.337936476622608 0.8818359375 0.0017754981258630894 0.0029296875
0 0.45053264943775895 0.88037109375 0.0008877490629315447 0.001953125
0 0.31722233182087195 0.88134765625 0.006312882225290984 0.0048828125
0 0.32560662852633654 0.879150390625 0.004142828960347208 0.00341796875
0 0.3428684158611166 0.879150390625 0.006904714933912014 0.00439453125
0 0.32156243835075954 0.87841796875 0.003748273821266522 0.0029296875
0 0.4357368317222332 0.876953125 0.0012823042020122311 0.001953125
0 0.25675675675675674 0.87744140625 0.009272045768396133 0.0068359375
0 0.24935884789899387 0.874755859375 0.0025646084040244622 0.00244140625
0 0.20906490432037877 0.875 0.0028605247583349774 0.0029296875
0 0.286200434010653 0.873291015625 0.002071414480173604 0.00341796875
0 0.25246596961925427 0.872802734375 0.0036496350364963502 0.00341796875
0 0.2918721641349379 0.8720703125 0.007891102781613731 0.00390625
0 0.5884296705464589 0.871826171875 0.006411521010061156 0.00439453125
0 0.6708916946143223 0.87548828125 0.011738015387650425 0.0126953125
0 0.6259124087591241 0.87060546875 0.005819688301440126 0.0029296875
0 0.31830735845334385 0.86962890625 0.003748273821266522 0.00390625
0 0.31520023673308345 0.86865234375 0.002663247188794634 0.0029296875
0 0.34755375813769973 0.869384765625 0.007200631288222529 0.00634765625
0 0.2718978102189781 0.869140625 0.010159794831327678 0.0068359375
0 0.40634247386072203 0.866943359375 0.0022686920497139475 0.00341796875
0 0.22829946735056225 0.866455078125 0.003255079897415664 0.00244140625
0 0.28565792069441703 0.866455078125 0.008285657920694417 0.00439453125
0 0.2138982047741172 0.8662109375 0.0030578023278753207 0.00390625
0 0.6847504438745314 0.86474609375 0.0051292168080489245 0.0029296875
0 0.6585618465180509 0.865966796875 0.007200631288222529 0.00732421875
0 0.2998125863089367 0.863525390625 0.001874136910633261 0.00244140625
0 0.33611165910435986 0.866943359375 0.013513513513513514 0.01025390625
0 0.19421976721246795 0.8623046875 0.006510159794831328 0.0048828125
0 0.4882619846123496 0.860595703125 0.0027618859735648055 0.00244140625
0 0.42814164529493 0.863525390625 0.01154073781811008 0.00830078125
0 0.26888932728348786 0.862060546875 0.006904714933912014 0.00537109375
0 0.18716709410140067 0.86181640625 0.005622410731899783 0.005859375
0 0.583892286447031 0.859619140625 0.002663247188794634 0.00244140625
0 0.3507595186427303 0.860107421875 0.003550996251726179 0.00341796875
0 0.4443677253896232 0.859619140625 0.004142828960347208 0.00341796875
0 0.599427895048333 0.857177734375 0.0017754981258630894 0.00244140625
0 0.32979877687906883 0.85888671875 0.005819688301440126 0.0068359375
0 0.2768790688498718 0.85888671875 0.005523771947129611 0.0078125
0 0.18479976326691655 0.856201171875 0.002663247188794634 0.00244140625
0 0.22538962319984218 0.85693359375 0.005523771947129611 0.0048828125
0 0.25680607614914186 0.85400390625 0.0022686920497139475 0.001953125
0 0.2305188400078911 0.854248046875 0.0019727756954034327 0.00341796875
0 0.3236338528309331 0.853271484375 0.003156441112645492 0.00341796875
0 0.23623988952456107 0.85400390625 0.006510159794831328 0.005859375
0 0.6213257052673111 0.85107421875 0.005721049516669955 0.0029296875
0 0.3338429670546459 0.851806640625 0.006016965870980469 0.00439453125
0 0.4366739001775498 0.851318359375 0.004931939238508582 0.00439453125
0 0.342523180114421 0.851806640625 0.006806076149141842 0.00537109375
0 0.5426612744130992 0.850341796875 0.006411521010061156 0.00341796875
0 0.35130203195896625 0.8505859375 0.00424146774511738 0.00390625
0 0.3151015979483133 0.849609375 0.005819688301440126 0.0029296875
0 0.2860031564411126 0.849365234375 0.0028605247583349774 0.00244140625
0 0.5873939633063721 0.8486328125 0.002959163543105149 0.0029296875
0 0.44116196488459264 0.849365234375 0.00424146774511738 0.00439453125
0 0.425281120536595 0.85107421875 0.01154073781811008 0.0078125
0 0.2812191753797593 0.848388671875 0.0039455513908068654 0.00244140625
0 0.3094791872164135 0.8486328125 0.0044387453146577235 0.00390625
0 0.5553363582560663 0.847900390625 0.003748273821266522 0.00341796875
0 0.661471690668771 0.84521484375 0.0025646084040244622 0.0029296875
0 0.43036101795225884 0.845703125 0.005523771947129611 0.00390625
0 0.2576938252120734 0.846435546875 0.005030578023278753 0.00537109375
0 0.4015091734069836 0.844482421875 0.004044190175577037 0.00244140625
0 0.47657328861708426 0.84423828125 0.003255079897415664 0.0029296875
0 0.6292168080489249 0.843505859375 0.002170053264943776 0.00244140625
0 0.6880548431643322 0.842529296875 0.0077924639968435586 0.00439453125
0 0.6205365949891497 0.842041015625 0.003748273821266522 0.00341796875
0 0.4678437561649241 0.842529296875 0.004537384099427895 0.00439453125
0 0.29877687906884987 0.84228515625 0.004340106529887552 0.00390625
0 0.28531268494772144 0.841064453125 0.003452357466956007 0.00537109375
0 0.4141349378575656 0.839599609375 0.0044387453146577235 0.00341796875
0 0.6382422568553956 0.840087890625 0.007200631288222529 0.00537109375
0 0.42533043992898006 0.83837890625 0.004734661668968239 0.00390625
0 0.26361215229828366 0.838623046875 0.008581574275004932 0.00439453125
0 0.43899191161964884 0.837890625 0.0044387453146577235 0.005859375
0 0.6777470901558493 0.835693359375 0.002170053264943776 0.00244140625
0 0.27909844150720065 0.8359375 0.00424146774511738 0.00390625
0 0.2883704872755968 0.8349609375 0.006214243440520813 0.0048828125
0 0.5065594791872164 0.833251953125 0.0036496350364963502 0.00244140625
0 0.5000493193923851 0.834228515625 0.008778851844545275 0.00439453125
0 0.33364568948510553 0.8330078125 0.0016768593410929177 0.001953125
0 0.28245216018938646 0.83544921875 0.00542513316235944 0.0078125
0 0.4297691852436378 0.83251953125 0.003748273821266522 0.0029296875
0 0.24980272243045964 0.832275390625 0.001874136910633261 0.00244140625
0 0.4224699151706451 0.832275390625 0.003550996251726179 0.00341796875
0 0.22233182087196685 0.832275390625 0.0025646084040244622 0.00341796875
0 0.6374038271848491 0.833251953125 0.010652988755178536 0.00634765625
0 0.48254093509567964 0.8310546875 0.004734661668968239 0.0029296875
0 0.3375912408759124 0.834228515625 0.008187019135924246 0.00927734375
0 0.2652396922469915 0.8310546875 0.004537384099427895 0.00390625
0 0.32703689090550403 0.829833984375 0.0022686920497139475 0.00244140625
0 0.49225685539554154 0.829345703125 0.0038469126060366936 0.00341796875
0 0.2798382323929769 0.82958984375 0.0051292168080489245 0.0048828125
0 0.550601696587098 0.8271484375 0.001578220556322746 0.001953125
0 0.29123101203393176 0.8271484375 0.0022686920497139475 0.0029296875
0 0.4221739988163346 0.826171875 0.0017754981258630894 0.001953125
0 0.2194712961136319 0.8271484375 0.004734661668968239 0.00390625
0 0.4244426908660485 0.825927734375 0.0017754981258630894 0.00244140625
0 0.45255474452554745 0.825439453125 0.0023673308344841193 0.00244140625
0 0.4377589268100217 0.82568359375 0.0023673308344841193 0.0029296875
0 0.6596468731505228 0.824951171875 0.0028605247583349774 0.00244140625
0 0.6288715723022292 0.824462890625 0.00542513316235944 0.00341796875
0 0.27727362398895244 0.82470703125 0.003550996251726179 0.00390625
0 0.5055730913395147 0.82373046875 0.004636022884198066 0.00390625
0 0.6704478200828565 0.8232421875 0.003550996251726179 0.00390625
0 0.28689090550404417 0.8232421875 0.0022686920497139475 0.00390625
0 0.6022391004142829 0.822265625 0.005227855592819097 0.0029296875
0 0.4450581968830144 0.822509765625 0.005523771947129611 0.00341796875
0 0.3345334385480371 0.822265625 0.0022686920497139475 0.00390625
0 0.6173801538765042 0.822021484375 0.00966660090747682 0.00537109375
0 0.6681298086407575 0.81787109375 0.003452357466956007 0.0029296875
0 0.5018248175182481 0.818603515625 0.007003353718682186 0.00439453125
0 0.28136713355691456 0.8173828125 0.001874136910633261 0.001953125
0 0.622361412507398 0.818115234375 0.008384296705464589 0.00439453125
0 0.47376208325113434 0.81689453125 0.005721049516669955 0.0029296875
0 0.41186624580785164 0.817626953125 0.004044190175577037 0.00439453125
0 0.6385381732097061 0.8154296875 0.008187019135924246 0.005859375
0 0.4360327480765437 0.8154296875 0.0044387453146577235 0.0068359375
0 0.2906884987176958 0.813720703125 0.001578220556322746 0.00341796875
0 0.6715328467153284 0.813232421875 0.0072992700729927005 0.00439453125
0 0.31209311501282305 0.81103515625 0.0011836654172420597 0.001953125
0 0.5312191753797593 0.811279296875 0.006016965870980469 0.00341796875
0 0.658611165910436 0.81103515625 0.00907476819885579 0.0048828125
0 0.4372657328861708 0.80810546875 0.001578220556322746 0.001953125
0 0.4267113829157625 0.8076171875 0.0013809429867824028 0.001953125
0 0.2791477608995857 0.807373046875 0.0019727756954034327 0.00244140625
0 0.3233379364766226 0.805908203125 0.002170053264943776 0.00244140625
0 0.44584730716117577 0.806640625 0.008285657920694417 0.0068359375
0 0.5056717301242849 0.803955078125 0.0028605247583349774 0.00244140625
0 0.7025054251331624 0.80322265625 0.004931939238508582 0.00390625
0 0.6843065693430657 0.80419921875 0.008581574275004932 0.005859375
0 0.47030972578417835 0.8037109375 0.008680213059775104 0.0048828125
0 0.32284474255277174 0.802734375 0.0027618859735648055 0.0029296875
0 0.34059972381140263 0.799072265625 0.002959163543105149 0.00341796875
0 0.7023574669560071 0.797607421875 0.0038469126060366936 0.00244140625
0 0.43445452752022096 0.7998046875 0.006806076149141842 0.0087890625
0 0.45635233773919903 0.79638671875 0.005819688301440126 0.0029296875
0 0.49837246005129215 0.796875 0.007595186427303216 0.0048828125
0 0.34365752613927797 0.79541015625 0.0025646084040244622 0.0029296875
0 0.6731110672716513 0.7939453125 0.004537384099427895 0.00390625
0 0.4402742158216611 0.79248046875 0.0016768593410929177 0.001953125
0 0.3286151114618268 0.79345703125 0.0036496350364963502 0.0048828125
0 0.3543598342868416 0.7919921875 0.00483330045373841 0.0029296875
0 0.6361215229828369 0.791748046875 0.006510159794831328 0.00341796875
0 0.4309035312684948 0.7900390625 0.0014795817715525744 0.001953125
0 0.4836752811205366 0.78857421875 0.00483330045373841 0.0048828125
0 0.44456500295916357 0.787109375 0.0023673308344841193 0.001953125
0 0.7140954823436575 0.788330078125 0.008384296705464589 0.00537109375
0 0.6557999605444861 0.7880859375 0.0077924639968435586 0.0048828125
0 0.6185638192937463 0.78759765625 0.007891102781613731 0.0048828125
0 0.41176760702308146 0.785400390625 0.005227855592819097 0.00341796875
0 0.7056125468534228 0.782958984375 0.005622410731899783 0.00341796875
0 0.542513316235944 0.781982421875 0.003748273821266522 0.00244140625
0 0.10347208522391003 0.7861328125 0.003156441112645492 0.01171875
0 0.11392779640954824 0.78466796875 0.003550996251726179 0.009765625
0 0.6058394160583942 0.780517578125 0.0019727756954034327 0.00244140625
0 0.631041625567173 0.7802734375 0.00424146774511738 0.0029296875
0 0.44224699151706454 0.776611328125 0.003255079897415664 0.00341796875
0 0.43539159597553756 0.77734375 0.005523771947129611 0.0048828125
0 0.3333990925231801 0.77294921875 0.005918327086210298 0.0029296875
0 0.43578615111461827 0.771484375 0.003550996251726179 0.00390625
0 0.4256263562832906 0.771240234375 0.002959163543105149 0.00634765625
0 0.4294239494969422 0.76806640625 0.004044190175577037 0.00390625
0 0.6820871966857368 0.764892578125 0.002959163543105149 0.00244140625
0 0.6475143026237917 0.763671875 0.0044387453146577235 0.0029296875
0 0.492552771749852 0.76318359375 0.0028605247583349774 0.001953125
0 0.4419017557703689 0.761474609375 0.001578220556322746 0.00341796875
0 0.4372657328861708 0.760498046875 0.003156441112645492 0.00244140625
0 0.42710593805484315 0.761962890625 0.009272045768396133 0.00634765625
0 0.6972282501479582 0.759521484375 0.005622410731899783 0.00341796875
0 0.4245413296508187 0.759033203125 0.0009863878477017164 0.00244140625
0 0.4203491812980864 0.760498046875 0.006214243440520813 0.00927734375
0 0.433320181495364 0.7568359375 0.0025646084040244622 0.0029296875
0 0.4136417439337147 0.7529296875 0.0022686920497139475 0.001953125
0 0.4456993489840205 0.751220703125 0.0006904714933912014 0.00244140625
0 0.4213355691457881 0.751953125 0.0036496350364963502 0.00390625
0 0.4349970408364569 0.749267578125 0.0025646084040244622 0.00244140625
0 0.4392878279739594 0.7490234375 0.0030578023278753207 0.005859375
0 0.4176859341092918 0.745361328125 0.0030578023278753207 0.00244140625
0 0.42483724600512923 0.74560546875 0.003550996251726179 0.00390625
0 0.41645294929966464 0.739990234375 0.005523771947129611 0.00341796875
0 0.44076740974551193 0.735595703125 0.003452357466956007 0.00439453125
0 0.41882028013414874 0.731201171875 0.0009863878477017164 0.00146484375
0 0.4253797593213652 0.73046875 0.001874136910633261 0.001953125
0 0.4382028013414875 0.731689453125 0.005030578023278753 0.00634765625
0 0.4381041625567173 0.726318359375 0.006016965870980469 0.00732421875
0 0.471838626948116 0.648681640625 0.0028605247583349774 0.00341796875
0 0.2159202998619057 0.648681640625 0.0017754981258630894 0.00341796875
